   0.0000000e+00   1.0202643e+01
   1.0000000e+00   1.0197235e+01
   2.0000000e+00   1.0195471e+01
   3.0000000e+00   1.0194445e+01
   4.0000000e+00   1.0193769e+01
   5.0000000e+00   1.0193580e+01
   6.0000000e+00   1.0193166e+01
   7.0000000e+00   1.0192660e+01
   8.0000000e+00   1.0192272e+01
   9.0000000e+00   1.0191925e+01
   1.0000000e+01   1.0191783e+01
   1.1000000e+01   1.0191483e+01
   1.2000000e+01   1.0191418e+01
   1.3000000e+01   1.0190857e+01
   1.4000000e+01   1.0190547e+01
   1.5000000e+01   1.0190312e+01
   1.6000000e+01   1.0189817e+01
   1.7000000e+01   1.0189864e+01
   1.8000000e+01   1.0189678e+01
   1.9000000e+01   1.0189372e+01
   2.0000000e+01   1.0189328e+01
   2.1000000e+01   1.0189289e+01
   2.2000000e+01   1.0189118e+01
   2.3000000e+01   1.0188874e+01
   2.4000000e+01   1.0188682e+01
   2.5000000e+01   1.0188656e+01
   2.6000000e+01   1.0188664e+01
   2.7000000e+01   1.0188232e+01
   2.8000000e+01   1.0188316e+01
   2.9000000e+01   1.0187816e+01
   3.0000000e+01   1.0187633e+01
   3.1000000e+01   1.0187828e+01
   3.2000000e+01   1.0187405e+01
   3.3000000e+01   1.0187410e+01
   3.4000000e+01   1.0187227e+01
   3.5000000e+01   1.0187300e+01
   3.6000000e+01   1.0187140e+01
   3.7000000e+01   1.0186792e+01
   3.8000000e+01   1.0186879e+01
   3.9000000e+01   1.0186626e+01
   4.0000000e+01   1.0186526e+01
   4.1000000e+01   1.0186475e+01
   4.2000000e+01   1.0186249e+01
   4.3000000e+01   1.0186445e+01
   4.4000000e+01   1.0186086e+01
   4.5000000e+01   1.0186031e+01
   4.6000000e+01   1.0186163e+01
   4.7000000e+01   1.0185980e+01
   4.8000000e+01   1.0185834e+01
   4.9000000e+01   1.0185832e+01
   5.0000000e+01   1.0185544e+01
   5.1000000e+01   1.0185333e+01
   5.2000000e+01   1.0185288e+01
   5.3000000e+01   1.0185290e+01
   5.4000000e+01   1.0185131e+01
   5.5000000e+01   1.0185040e+01
   5.6000000e+01   1.0185001e+01
   5.7000000e+01   1.0184765e+01
   5.8000000e+01   1.0184545e+01
   5.9000000e+01   1.0184603e+01
   6.0000000e+01   1.0184431e+01
   6.1000000e+01   1.0184440e+01
   6.2000000e+01   1.0184570e+01
   6.3000000e+01   1.0184031e+01
   6.4000000e+01   1.0184225e+01
   6.5000000e+01   1.0183984e+01
   6.6000000e+01   1.0183832e+01
   6.7000000e+01   1.0183899e+01
   6.8000000e+01   1.0183883e+01
   6.9000000e+01   1.0183817e+01
   7.0000000e+01   1.0183659e+01
   7.1000000e+01   1.0183530e+01
   7.2000000e+01   1.0183595e+01
   7.3000000e+01   1.0183502e+01
   7.4000000e+01   1.0183337e+01
   7.5000000e+01   1.0183214e+01
   7.6000000e+01   1.0183139e+01
   7.7000000e+01   1.0182958e+01
   7.8000000e+01   1.0183021e+01
   7.9000000e+01   1.0182633e+01
   8.0000000e+01   1.0183049e+01
   8.1000000e+01   1.0182868e+01
   8.2000000e+01   1.0182884e+01
   8.3000000e+01   1.0182971e+01
   8.4000000e+01   1.0182641e+01
   8.5000000e+01   1.0182480e+01
   8.6000000e+01   1.0182719e+01
   8.7000000e+01   1.0182349e+01
   8.8000000e+01   1.0182561e+01
   8.9000000e+01   1.0182078e+01
   9.0000000e+01   1.0182384e+01
   9.1000000e+01   1.0182063e+01
   9.2000000e+01   1.0181869e+01
   9.3000000e+01   1.0181795e+01
   9.4000000e+01   1.0181992e+01
   9.5000000e+01   1.0181920e+01
   9.6000000e+01   1.0181762e+01
   9.7000000e+01   1.0181738e+01
   9.8000000e+01   1.0181529e+01
   9.9000000e+01   1.0181841e+01
   1.0000000e+02   1.0181594e+01
   1.0100000e+02   1.0181530e+01
   1.0200000e+02   1.0181341e+01
   1.0300000e+02   1.0181327e+01
   1.0400000e+02   1.0181471e+01
   1.0500000e+02   1.0180996e+01
   1.0600000e+02   1.0181143e+01
   1.0700000e+02   1.0180951e+01
   1.0800000e+02   1.0181079e+01
   1.0900000e+02   1.0180918e+01
   1.1000000e+02   1.0181053e+01
   1.1100000e+02   1.0180896e+01
   1.1200000e+02   1.0181053e+01
   1.1300000e+02   1.0180686e+01
   1.1400000e+02   1.0180840e+01
   1.1500000e+02   1.0180849e+01
   1.1600000e+02   1.0180868e+01
   1.1700000e+02   1.0180489e+01
   1.1800000e+02   1.0180522e+01
   1.1900000e+02   1.0180337e+01
   1.2000000e+02   1.0180311e+01
   1.2100000e+02   1.0179849e+01
   1.2200000e+02   1.0180145e+01
   1.2300000e+02   1.0180076e+01
   1.2400000e+02   1.0180058e+01
   1.2500000e+02   1.0179810e+01
   1.2600000e+02   1.0179881e+01
   1.2700000e+02   1.0179906e+01
   1.2800000e+02   1.0180038e+01
   1.2900000e+02   1.0179862e+01
   1.3000000e+02   1.0179761e+01
   1.3100000e+02   1.0179790e+01
   1.3200000e+02   1.0179717e+01
   1.3300000e+02   1.0179679e+01
   1.3400000e+02   1.0179833e+01
   1.3500000e+02   1.0179461e+01
   1.3600000e+02   1.0179302e+01
   1.3700000e+02   1.0179218e+01
   1.3800000e+02   1.0179466e+01
   1.3900000e+02   1.0179257e+01
   1.4000000e+02   1.0179153e+01
   1.4100000e+02   1.0179320e+01
   1.4200000e+02   1.0179348e+01
   1.4300000e+02   1.0178987e+01
   1.4400000e+02   1.0179306e+01
   1.4500000e+02   1.0179207e+01
   1.4600000e+02   1.0179005e+01
   1.4700000e+02   1.0179011e+01
   1.4800000e+02   1.0178770e+01
   1.4900000e+02   1.0178825e+01
   1.5000000e+02   1.0178701e+01
   1.5100000e+02   1.0178776e+01
   1.5200000e+02   1.0178556e+01
   1.5300000e+02   1.0178467e+01
   1.5400000e+02   1.0178192e+01
   1.5500000e+02   1.0178449e+01
   1.5600000e+02   1.0178417e+01
   1.5700000e+02   1.0178346e+01
   1.5800000e+02   1.0178056e+01
   1.5900000e+02   1.0178268e+01
   1.6000000e+02   1.0178119e+01
   1.6100000e+02   1.0178326e+01
   1.6200000e+02   1.0178259e+01
   1.6300000e+02   1.0178053e+01
   1.6400000e+02   1.0178297e+01
   1.6500000e+02   1.0178200e+01
   1.6600000e+02   1.0178082e+01
   1.6700000e+02   1.0177289e+01
   1.6800000e+02   1.0172642e+01
   1.6900000e+02   1.0162080e+01
   1.7000000e+02   1.0160755e+01
   1.7100000e+02   1.0168052e+01
   1.7200000e+02   1.0173118e+01
   1.7300000e+02   1.0175498e+01
   1.7400000e+02   1.0176256e+01
   1.7500000e+02   1.0176754e+01
   1.7600000e+02   1.0177206e+01
   1.7700000e+02   1.0177172e+01
   1.7800000e+02   1.0177564e+01
   1.7900000e+02   1.0176954e+01
   1.8000000e+02   1.0168471e+01
   1.8100000e+02   1.0145707e+01
   1.8200000e+02   1.0134318e+01
   1.8300000e+02   1.0137669e+01
   1.8400000e+02   1.0148257e+01
   1.8500000e+02   1.0153348e+01
   1.8600000e+02   1.0156063e+01
   1.8700000e+02   1.0158972e+01
   1.8800000e+02   1.0161320e+01
   1.8900000e+02   1.0164780e+01
   1.9000000e+02   1.0168597e+01
   1.9100000e+02   1.0172170e+01
   1.9200000e+02   1.0174200e+01
   1.9300000e+02   1.0174880e+01
   1.9400000e+02   1.0175528e+01
   1.9500000e+02   1.0175702e+01
   1.9600000e+02   1.0175962e+01
   1.9700000e+02   1.0176014e+01
   1.9800000e+02   1.0175731e+01
   1.9900000e+02   1.0175812e+01
   2.0000000e+02   1.0175915e+01
   2.0100000e+02   1.0175734e+01
   2.0200000e+02   1.0175933e+01
   2.0300000e+02   1.0175630e+01
   2.0400000e+02   1.0175675e+01
   2.0500000e+02   1.0176092e+01
   2.0600000e+02   1.0175876e+01
   2.0700000e+02   1.0176010e+01
   2.0800000e+02   1.0175817e+01
   2.0900000e+02   1.0175751e+01
   2.1000000e+02   1.0175838e+01
   2.1100000e+02   1.0175720e+01
   2.1200000e+02   1.0175660e+01
   2.1300000e+02   1.0175510e+01
   2.1400000e+02   1.0175746e+01
   2.1500000e+02   1.0175724e+01
   2.1600000e+02   1.0175600e+01
   2.1700000e+02   1.0175400e+01
   2.1800000e+02   1.0175466e+01
   2.1900000e+02   1.0175488e+01
   2.2000000e+02   1.0175403e+01
   2.2100000e+02   1.0175400e+01
   2.2200000e+02   1.0175376e+01
   2.2300000e+02   1.0175236e+01
   2.2400000e+02   1.0174855e+01
   2.2500000e+02   1.0174395e+01
   2.2600000e+02   1.0174072e+01
   2.2700000e+02   1.0173423e+01
   2.2800000e+02   1.0172876e+01
   2.2900000e+02   1.0172693e+01
   2.3000000e+02   1.0172883e+01
   2.3100000e+02   1.0172794e+01
   2.3200000e+02   1.0172950e+01
   2.3300000e+02   1.0173206e+01
   2.3400000e+02   1.0173423e+01
   2.3500000e+02   1.0173891e+01
   2.3600000e+02   1.0174008e+01
   2.3700000e+02   1.0174149e+01
   2.3800000e+02   1.0174336e+01
   2.3900000e+02   1.0174272e+01
   2.4000000e+02   1.0174080e+01
   2.4100000e+02   1.0173867e+01
   2.4200000e+02   1.0173939e+01
   2.4300000e+02   1.0173796e+01
   2.4400000e+02   1.0173803e+01
   2.4500000e+02   1.0173603e+01
   2.4600000e+02   1.0173369e+01
   2.4700000e+02   1.0172437e+01
   2.4800000e+02   1.0170320e+01
   2.4900000e+02   1.0167538e+01
   2.5000000e+02   1.0163171e+01
   2.5100000e+02   1.0159001e+01
   2.5200000e+02   1.0155880e+01
   2.5300000e+02   1.0154988e+01
   2.5400000e+02   1.0156401e+01
   2.5500000e+02   1.0158964e+01
   2.5600000e+02   1.0161664e+01
   2.5700000e+02   1.0163796e+01
   2.5800000e+02   1.0164479e+01
   2.5900000e+02   1.0164381e+01
   2.6000000e+02   1.0163170e+01
   2.6100000e+02   1.0161878e+01
   2.6200000e+02   1.0160602e+01
   2.6300000e+02   1.0159555e+01
   2.6400000e+02   1.0158474e+01
   2.6500000e+02   1.0157624e+01
   2.6600000e+02   1.0156578e+01
   2.6700000e+02   1.0156305e+01
   2.6800000e+02   1.0156458e+01
   2.6900000e+02   1.0158339e+01
   2.7000000e+02   1.0160635e+01
   2.7100000e+02   1.0163080e+01
   2.7200000e+02   1.0165008e+01
   2.7300000e+02   1.0167021e+01
   2.7400000e+02   1.0168293e+01
   2.7500000e+02   1.0168982e+01
   2.7600000e+02   1.0169024e+01
   2.7700000e+02   1.0168307e+01
   2.7800000e+02   1.0168327e+01
   2.7900000e+02   1.0168082e+01
   2.8000000e+02   1.0168283e+01
   2.8100000e+02   1.0168903e+01
   2.8200000e+02   1.0169067e+01
   2.8300000e+02   1.0169280e+01
   2.8400000e+02   1.0169820e+01
   2.8500000e+02   1.0169695e+01
   2.8600000e+02   1.0169820e+01
   2.8700000e+02   1.0169720e+01
   2.8800000e+02   1.0170082e+01
   2.8900000e+02   1.0170287e+01
   2.9000000e+02   1.0170412e+01
   2.9100000e+02   1.0170896e+01
   2.9200000e+02   1.0171112e+01
   2.9300000e+02   1.0171396e+01
   2.9400000e+02   1.0171288e+01
   2.9500000e+02   1.0171347e+01
   2.9600000e+02   1.0171225e+01
   2.9700000e+02   1.0171602e+01
   2.9800000e+02   1.0171763e+01
   2.9900000e+02   1.0171600e+01
   3.0000000e+02   1.0171660e+01
   3.0100000e+02   1.0172033e+01
   3.0200000e+02   1.0171952e+01
   3.0300000e+02   1.0171716e+01
   3.0400000e+02   1.0171408e+01
   3.0500000e+02   1.0171134e+01
   3.0600000e+02   1.0170741e+01
   3.0700000e+02   1.0169794e+01
   3.0800000e+02   1.0168720e+01
   3.0900000e+02   1.0167640e+01
   3.1000000e+02   1.0165736e+01
   3.1100000e+02   1.0163738e+01
   3.1200000e+02   1.0160794e+01
   3.1300000e+02   1.0157429e+01
   3.1400000e+02   1.0154309e+01
   3.1500000e+02   1.0152108e+01
   3.1600000e+02   1.0151027e+01
   3.1700000e+02   1.0151649e+01
   3.1800000e+02   1.0153024e+01
   3.1900000e+02   1.0153830e+01
   3.2000000e+02   1.0153371e+01
   3.2100000e+02   1.0150987e+01
   3.2200000e+02   1.0147078e+01
   3.2300000e+02   1.0142702e+01
   3.2400000e+02   1.0138143e+01
   3.2500000e+02   1.0135571e+01
   3.2600000e+02   1.0134664e+01
   3.2700000e+02   1.0135424e+01
   3.2800000e+02   1.0137600e+01
   3.2900000e+02   1.0140678e+01
   3.3000000e+02   1.0144150e+01
   3.3100000e+02   1.0148457e+01
   3.3200000e+02   1.0152379e+01
   3.3300000e+02   1.0156602e+01
   3.3400000e+02   1.0160198e+01
   3.3500000e+02   1.0162868e+01
   3.3600000e+02   1.0164819e+01
   3.3700000e+02   1.0165850e+01
   3.3800000e+02   1.0165808e+01
   3.3900000e+02   1.0165458e+01
   3.4000000e+02   1.0164111e+01
   3.4100000e+02   1.0162436e+01
   3.4200000e+02   1.0160999e+01
   3.4300000e+02   1.0160385e+01
   3.4400000e+02   1.0160204e+01
   3.4500000e+02   1.0160883e+01
   3.4600000e+02   1.0161936e+01
   3.4700000e+02   1.0163441e+01
   3.4800000e+02   1.0165032e+01
   3.4900000e+02   1.0166332e+01
   3.5000000e+02   1.0167450e+01
   3.5100000e+02   1.0167935e+01
   3.5200000e+02   1.0168689e+01
   3.5300000e+02   1.0169220e+01
   3.5400000e+02   1.0169561e+01
   3.5500000e+02   1.0169762e+01
   3.5600000e+02   1.0169646e+01
   3.5700000e+02   1.0169816e+01
   3.5800000e+02   1.0169678e+01
   3.5900000e+02   1.0169717e+01
   3.6000000e+02   1.0169540e+01
   3.6100000e+02   1.0169492e+01
   3.6200000e+02   1.0169173e+01
   3.6300000e+02   1.0168930e+01
   3.6400000e+02   1.0168579e+01
   3.6500000e+02   1.0167982e+01
   3.6600000e+02   1.0167506e+01
   3.6700000e+02   1.0167763e+01
   3.6800000e+02   1.0167779e+01
   3.6900000e+02   1.0168016e+01
   3.7000000e+02   1.0168158e+01
   3.7100000e+02   1.0168632e+01
   3.7200000e+02   1.0169036e+01
   3.7300000e+02   1.0169138e+01
   3.7400000e+02   1.0169543e+01
   3.7500000e+02   1.0169485e+01
   3.7600000e+02   1.0169623e+01
   3.7700000e+02   1.0169906e+01
   3.7800000e+02   1.0169889e+01
   3.7900000e+02   1.0169906e+01
   3.8000000e+02   1.0170125e+01
   3.8100000e+02   1.0169976e+01
   3.8200000e+02   1.0169894e+01
   3.8300000e+02   1.0170039e+01
   3.8400000e+02   1.0169828e+01
   3.8500000e+02   1.0169784e+01
   3.8600000e+02   1.0169854e+01
   3.8700000e+02   1.0169655e+01
   3.8800000e+02   1.0169479e+01
   3.8900000e+02   1.0169251e+01
   3.9000000e+02   1.0168872e+01
   3.9100000e+02   1.0168279e+01
   3.9200000e+02   1.0168168e+01
   3.9300000e+02   1.0167989e+01
   3.9400000e+02   1.0167303e+01
   3.9500000e+02   1.0167414e+01
   3.9600000e+02   1.0167182e+01
   3.9700000e+02   1.0167494e+01
   3.9800000e+02   1.0167602e+01
   3.9900000e+02   1.0167730e+01
   4.0000000e+02   1.0168202e+01
   4.0100000e+02   1.0168648e+01
   4.0200000e+02   1.0168485e+01
   4.0300000e+02   1.0168971e+01
   4.0400000e+02   1.0168824e+01
   4.0500000e+02   1.0169104e+01
   4.0600000e+02   1.0169291e+01
   4.0700000e+02   1.0169028e+01
   4.0800000e+02   1.0169224e+01
   4.0900000e+02   1.0169126e+01
   4.1000000e+02   1.0169148e+01
   4.1100000e+02   1.0169094e+01
   4.1200000e+02   1.0169153e+01
   4.1300000e+02   1.0169015e+01
   4.1400000e+02   1.0169063e+01
   4.1500000e+02   1.0169201e+01
   4.1600000e+02   1.0169220e+01
   4.1700000e+02   1.0169229e+01
   4.1800000e+02   1.0168988e+01
   4.1900000e+02   1.0168995e+01
   4.2000000e+02   1.0168818e+01
   4.2100000e+02   1.0169156e+01
   4.2200000e+02   1.0168552e+01
   4.2300000e+02   1.0168833e+01
   4.2400000e+02   1.0168508e+01
   4.2500000e+02   1.0168474e+01
   4.2600000e+02   1.0168760e+01
   4.2700000e+02   1.0168685e+01
   4.2800000e+02   1.0168554e+01
   4.2900000e+02   1.0168299e+01
   4.3000000e+02   1.0168391e+01
   4.3100000e+02   1.0168509e+01
   4.3200000e+02   1.0168624e+01
   4.3300000e+02   1.0168315e+01
   4.3400000e+02   1.0168312e+01
   4.3500000e+02   1.0168286e+01
   4.3600000e+02   1.0168395e+01
   4.3700000e+02   1.0168209e+01
   4.3800000e+02   1.0168179e+01
   4.3900000e+02   1.0168181e+01
   4.4000000e+02   1.0168291e+01
   4.4100000e+02   1.0168107e+01
   4.4200000e+02   1.0167995e+01
   4.4300000e+02   1.0167835e+01
   4.4400000e+02   1.0167820e+01
   4.4500000e+02   1.0167593e+01
   4.4600000e+02   1.0167095e+01
   4.4700000e+02   1.0166074e+01
   4.4800000e+02   1.0165241e+01
   4.4900000e+02   1.0163770e+01
   4.5000000e+02   1.0162360e+01
   4.5100000e+02   1.0160677e+01
   4.5200000e+02   1.0159472e+01
   4.5300000e+02   1.0158732e+01
   4.5400000e+02   1.0157955e+01
   4.5500000e+02   1.0157975e+01
   4.5600000e+02   1.0158634e+01
   4.5700000e+02   1.0159212e+01
   4.5800000e+02   1.0160643e+01
   4.5900000e+02   1.0161811e+01
   4.6000000e+02   1.0163089e+01
   4.6100000e+02   1.0164332e+01
   4.6200000e+02   1.0165181e+01
   4.6300000e+02   1.0165945e+01
   4.6400000e+02   1.0166022e+01
   4.6500000e+02   1.0166846e+01
   4.6600000e+02   1.0167079e+01
   4.6700000e+02   1.0167023e+01
   4.6800000e+02   1.0167126e+01
   4.6900000e+02   1.0167482e+01
   4.7000000e+02   1.0167427e+01
   4.7100000e+02   1.0167383e+01
   4.7200000e+02   1.0167479e+01
   4.7300000e+02   1.0167658e+01
   4.7400000e+02   1.0167556e+01
   4.7500000e+02   1.0167709e+01
   4.7600000e+02   1.0167620e+01
   4.7700000e+02   1.0167421e+01
   4.7800000e+02   1.0167347e+01
   4.7900000e+02   1.0167491e+01
   4.8000000e+02   1.0167477e+01
   4.8100000e+02   1.0167566e+01
   4.8200000e+02   1.0167457e+01
   4.8300000e+02   1.0167403e+01
   4.8400000e+02   1.0167494e+01
   4.8500000e+02   1.0167603e+01
   4.8600000e+02   1.0167456e+01
   4.8700000e+02   1.0167583e+01
   4.8800000e+02   1.0167429e+01
   4.8900000e+02   1.0167096e+01
   4.9000000e+02   1.0167324e+01
   4.9100000e+02   1.0167441e+01
   4.9200000e+02   1.0167164e+01
   4.9300000e+02   1.0167173e+01
   4.9400000e+02   1.0167210e+01
   4.9500000e+02   1.0167347e+01
   4.9600000e+02   1.0167362e+01
   4.9700000e+02   1.0167296e+01
   4.9800000e+02   1.0167069e+01
   4.9900000e+02   1.0167086e+01
   5.0000000e+02   1.0167137e+01
   5.0100000e+02   1.0166783e+01
   5.0200000e+02   1.0167141e+01
   5.0300000e+02   1.0167151e+01
   5.0400000e+02   1.0167304e+01
   5.0500000e+02   1.0167073e+01
   5.0600000e+02   1.0166619e+01
   5.0700000e+02   1.0166817e+01
   5.0800000e+02   1.0166942e+01
   5.0900000e+02   1.0166781e+01
   5.1000000e+02   1.0167040e+01
   5.1100000e+02   1.0166939e+01
   5.1200000e+02   1.0166916e+01
   5.1300000e+02   1.0167023e+01
   5.1400000e+02   1.0166817e+01
   5.1500000e+02   1.0167130e+01
   5.1600000e+02   1.0167066e+01
   5.1700000e+02   1.0166982e+01
   5.1800000e+02   1.0166827e+01
   5.1900000e+02   1.0166691e+01
   5.2000000e+02   1.0166842e+01
   5.2100000e+02   1.0166985e+01
   5.2200000e+02   1.0166787e+01
   5.2300000e+02   1.0166757e+01
   5.2400000e+02   1.0166511e+01
   5.2500000e+02   1.0166912e+01
   5.2600000e+02   1.0166550e+01
   5.2700000e+02   1.0166191e+01
   5.2800000e+02   1.0166522e+01
   5.2900000e+02   1.0166846e+01
   5.3000000e+02   1.0166339e+01
   5.3100000e+02   1.0166763e+01
   5.3200000e+02   1.0166670e+01
   5.3300000e+02   1.0166547e+01
   5.3400000e+02   1.0166541e+01
   5.3500000e+02   1.0166639e+01
   5.3600000e+02   1.0166528e+01
   5.3700000e+02   1.0166396e+01
   5.3800000e+02   1.0166432e+01
   5.3900000e+02   1.0166429e+01
   5.4000000e+02   1.0166373e+01
   5.4100000e+02   1.0166607e+01
   5.4200000e+02   1.0166282e+01
   5.4300000e+02   1.0166359e+01
   5.4400000e+02   1.0166509e+01
   5.4500000e+02   1.0166203e+01
   5.4600000e+02   1.0166405e+01
   5.4700000e+02   1.0166611e+01
   5.4800000e+02   1.0166249e+01
   5.4900000e+02   1.0166340e+01
   5.5000000e+02   1.0166304e+01
   5.5100000e+02   1.0166273e+01
   5.5200000e+02   1.0166104e+01
   5.5300000e+02   1.0166171e+01
   5.5400000e+02   1.0166637e+01
   5.5500000e+02   1.0165998e+01
   5.5600000e+02   1.0165831e+01
   5.5700000e+02   1.0166236e+01
   5.5800000e+02   1.0166217e+01
   5.5900000e+02   1.0166044e+01
   5.6000000e+02   1.0166021e+01
   5.6100000e+02   1.0166207e+01
   5.6200000e+02   1.0166484e+01
   5.6300000e+02   1.0166205e+01
   5.6400000e+02   1.0166122e+01
   5.6500000e+02   1.0166137e+01
   5.6600000e+02   1.0165804e+01
   5.6700000e+02   1.0165821e+01
   5.6800000e+02   1.0165872e+01
   5.6900000e+02   1.0165649e+01
   5.7000000e+02   1.0165860e+01
   5.7100000e+02   1.0165873e+01
   5.7200000e+02   1.0165711e+01
   5.7300000e+02   1.0165866e+01
   5.7400000e+02   1.0165666e+01
   5.7500000e+02   1.0165677e+01
   5.7600000e+02   1.0165799e+01
   5.7700000e+02   1.0165597e+01
   5.7800000e+02   1.0166027e+01
   5.7900000e+02   1.0166002e+01
   5.8000000e+02   1.0165921e+01
   5.8100000e+02   1.0165758e+01
   5.8200000e+02   1.0165915e+01
   5.8300000e+02   1.0165510e+01
   5.8400000e+02   1.0165228e+01
   5.8500000e+02   1.0165735e+01
   5.8600000e+02   1.0165399e+01
   5.8700000e+02   1.0165792e+01
   5.8800000e+02   1.0165605e+01
   5.8900000e+02   1.0165351e+01
   5.9000000e+02   1.0165362e+01
   5.9100000e+02   1.0165439e+01
   5.9200000e+02   1.0165445e+01
   5.9300000e+02   1.0165224e+01
   5.9400000e+02   1.0165764e+01
   5.9500000e+02   1.0165361e+01
   5.9600000e+02   1.0165292e+01
   5.9700000e+02   1.0165594e+01
   5.9800000e+02   1.0165259e+01
   5.9900000e+02   1.0165331e+01
   6.0000000e+02   1.0165505e+01
   6.0100000e+02   1.0165317e+01
   6.0200000e+02   1.0165560e+01
   6.0300000e+02   1.0165512e+01
   6.0400000e+02   1.0165170e+01
   6.0500000e+02   1.0165359e+01
   6.0600000e+02   1.0165251e+01
   6.0700000e+02   1.0165219e+01
   6.0800000e+02   1.0165001e+01
   6.0900000e+02   1.0165117e+01
   6.1000000e+02   1.0165104e+01
   6.1100000e+02   1.0164892e+01
   6.1200000e+02   1.0164993e+01
   6.1300000e+02   1.0165099e+01
   6.1400000e+02   1.0164981e+01
   6.1500000e+02   1.0165142e+01
   6.1600000e+02   1.0164908e+01
   6.1700000e+02   1.0164794e+01
   6.1800000e+02   1.0165126e+01
   6.1900000e+02   1.0164784e+01
   6.2000000e+02   1.0164937e+01
   6.2100000e+02   1.0165158e+01
   6.2200000e+02   1.0165022e+01
   6.2300000e+02   1.0164682e+01
   6.2400000e+02   1.0164971e+01
   6.2500000e+02   1.0164891e+01
   6.2600000e+02   1.0164335e+01
   6.2700000e+02   1.0164906e+01
   6.2800000e+02   1.0165003e+01
   6.2900000e+02   1.0164763e+01
   6.3000000e+02   1.0164799e+01
   6.3100000e+02   1.0164922e+01
   6.3200000e+02   1.0164634e+01
   6.3300000e+02   1.0164634e+01
   6.3400000e+02   1.0164342e+01
   6.3500000e+02   1.0164801e+01
   6.3600000e+02   1.0164555e+01
   6.3700000e+02   1.0164757e+01
   6.3800000e+02   1.0164705e+01
   6.3900000e+02   1.0164505e+01
   6.4000000e+02   1.0164429e+01
   6.4100000e+02   1.0164578e+01
   6.4200000e+02   1.0164651e+01
   6.4300000e+02   1.0164327e+01
   6.4400000e+02   1.0164622e+01
   6.4500000e+02   1.0164590e+01
   6.4600000e+02   1.0164457e+01
   6.4700000e+02   1.0164292e+01
   6.4800000e+02   1.0164489e+01
   6.4900000e+02   1.0164654e+01
   6.5000000e+02   1.0164416e+01
   6.5100000e+02   1.0164376e+01
   6.5200000e+02   1.0164515e+01
   6.5300000e+02   1.0164264e+01
   6.5400000e+02   1.0164346e+01
   6.5500000e+02   1.0164500e+01
   6.5600000e+02   1.0164111e+01
   6.5700000e+02   1.0164312e+01
   6.5800000e+02   1.0164229e+01
   6.5900000e+02   1.0164257e+01
   6.6000000e+02   1.0164266e+01
   6.6100000e+02   1.0164367e+01
   6.6200000e+02   1.0164437e+01
   6.6300000e+02   1.0164495e+01
   6.6400000e+02   1.0164341e+01
   6.6500000e+02   1.0164224e+01
   6.6600000e+02   1.0164213e+01
   6.6700000e+02   1.0164217e+01
   6.6800000e+02   1.0164142e+01
   6.6900000e+02   1.0164269e+01
   6.7000000e+02   1.0164275e+01
   6.7100000e+02   1.0164209e+01
   6.7200000e+02   1.0163921e+01
   6.7300000e+02   1.0164359e+01
   6.7400000e+02   1.0164068e+01
   6.7500000e+02   1.0164056e+01
   6.7600000e+02   1.0164143e+01
   6.7700000e+02   1.0164175e+01
   6.7800000e+02   1.0164134e+01
   6.7900000e+02   1.0163956e+01
   6.8000000e+02   1.0163980e+01
   6.8100000e+02   1.0163956e+01
   6.8200000e+02   1.0163886e+01
   6.8300000e+02   1.0164184e+01
   6.8400000e+02   1.0163430e+01
   6.8500000e+02   1.0163921e+01
   6.8600000e+02   1.0163446e+01
   6.8700000e+02   1.0163885e+01
   6.8800000e+02   1.0163481e+01
   6.8900000e+02   1.0163725e+01
   6.9000000e+02   1.0163724e+01
   6.9100000e+02   1.0163563e+01
   6.9200000e+02   1.0163434e+01
   6.9300000e+02   1.0163382e+01
   6.9400000e+02   1.0163374e+01
   6.9500000e+02   1.0163668e+01
   6.9600000e+02   1.0163493e+01
   6.9700000e+02   1.0163540e+01
   6.9800000e+02   1.0163471e+01
   6.9900000e+02   1.0163154e+01
   7.0000000e+02   1.0163344e+01
   7.0100000e+02   1.0163677e+01
   7.0200000e+02   1.0163379e+01
   7.0300000e+02   1.0163447e+01
   7.0400000e+02   1.0163409e+01
   7.0500000e+02   1.0163296e+01
   7.0600000e+02   1.0163411e+01
   7.0700000e+02   1.0163366e+01
   7.0800000e+02   1.0163252e+01
   7.0900000e+02   1.0163181e+01
   7.1000000e+02   1.0163558e+01
   7.1100000e+02   1.0163285e+01
   7.1200000e+02   1.0163224e+01
   7.1300000e+02   1.0163244e+01
   7.1400000e+02   1.0163197e+01
   7.1500000e+02   1.0163230e+01
   7.1600000e+02   1.0163267e+01
   7.1700000e+02   1.0163026e+01
   7.1800000e+02   1.0163186e+01
   7.1900000e+02   1.0162959e+01
   7.2000000e+02   1.0163207e+01
   7.2100000e+02   1.0162928e+01
   7.2200000e+02   1.0163040e+01
   7.2300000e+02   1.0163091e+01
   7.2400000e+02   1.0163100e+01
   7.2500000e+02   1.0163280e+01
   7.2600000e+02   1.0163403e+01
   7.2700000e+02   1.0163210e+01
   7.2800000e+02   1.0163107e+01
   7.2900000e+02   1.0163224e+01
   7.3000000e+02   1.0162896e+01
   7.3100000e+02   1.0163024e+01
   7.3200000e+02   1.0162605e+01
   7.3300000e+02   1.0163036e+01
   7.3400000e+02   1.0162960e+01
   7.3500000e+02   1.0162743e+01
   7.3600000e+02   1.0163214e+01
   7.3700000e+02   1.0162716e+01
   7.3800000e+02   1.0162914e+01
   7.3900000e+02   1.0162830e+01
   7.4000000e+02   1.0163088e+01
   7.4100000e+02   1.0162586e+01
   7.4200000e+02   1.0162773e+01
   7.4300000e+02   1.0163183e+01
   7.4400000e+02   1.0163001e+01
   7.4500000e+02   1.0163034e+01
   7.4600000e+02   1.0163021e+01
   7.4700000e+02   1.0162957e+01
   7.4800000e+02   1.0162791e+01
   7.4900000e+02   1.0162775e+01
   7.5000000e+02   1.0162578e+01
   7.5100000e+02   1.0162637e+01
   7.5200000e+02   1.0162522e+01
   7.5300000e+02   1.0162707e+01
   7.5400000e+02   1.0162525e+01
   7.5500000e+02   1.0162562e+01
   7.5600000e+02   1.0162519e+01
   7.5700000e+02   1.0162057e+01
   7.5800000e+02   1.0162571e+01
   7.5900000e+02   1.0162354e+01
   7.6000000e+02   1.0162303e+01
   7.6100000e+02   1.0162472e+01
   7.6200000e+02   1.0162248e+01
   7.6300000e+02   1.0162242e+01
   7.6400000e+02   1.0162018e+01
   7.6500000e+02   1.0162171e+01
   7.6600000e+02   1.0162244e+01
   7.6700000e+02   1.0162527e+01
   7.6800000e+02   1.0162439e+01
   7.6900000e+02   1.0162250e+01
   7.7000000e+02   1.0162410e+01
   7.7100000e+02   1.0162555e+01
   7.7200000e+02   1.0162286e+01
   7.7300000e+02   1.0162460e+01
   7.7400000e+02   1.0162280e+01
   7.7500000e+02   1.0162308e+01
   7.7600000e+02   1.0162210e+01
   7.7700000e+02   1.0162376e+01
   7.7800000e+02   1.0162391e+01
   7.7900000e+02   1.0162430e+01
   7.8000000e+02   1.0162707e+01
