   0.0000000e+00   1.0137289e+01
   1.0000000e+00   1.0131930e+01
   2.0000000e+00   1.0130454e+01
   3.0000000e+00   1.0129811e+01
   4.0000000e+00   1.0129119e+01
   5.0000000e+00   1.0128854e+01
   6.0000000e+00   1.0128391e+01
   7.0000000e+00   1.0127858e+01
   8.0000000e+00   1.0127360e+01
   9.0000000e+00   1.0126810e+01
   1.0000000e+01   1.0126770e+01
   1.1000000e+01   1.0126648e+01
   1.2000000e+01   1.0126144e+01
   1.3000000e+01   1.0125950e+01
   1.4000000e+01   1.0126004e+01
   1.5000000e+01   1.0125558e+01
   1.6000000e+01   1.0125535e+01
   1.7000000e+01   1.0125194e+01
   1.8000000e+01   1.0124837e+01
   1.9000000e+01   1.0124621e+01
   2.0000000e+01   1.0124223e+01
   2.1000000e+01   1.0124562e+01
   2.2000000e+01   1.0124277e+01
   2.3000000e+01   1.0124243e+01
   2.4000000e+01   1.0124045e+01
   2.5000000e+01   1.0123655e+01
   2.6000000e+01   1.0123763e+01
   2.7000000e+01   1.0123345e+01
   2.8000000e+01   1.0123505e+01
   2.9000000e+01   1.0123375e+01
   3.0000000e+01   1.0123000e+01
   3.1000000e+01   1.0123086e+01
   3.2000000e+01   1.0122825e+01
   3.3000000e+01   1.0122786e+01
   3.4000000e+01   1.0122648e+01
   3.5000000e+01   1.0122554e+01
   3.6000000e+01   1.0122278e+01
   3.7000000e+01   1.0122327e+01
   3.8000000e+01   1.0122264e+01
   3.9000000e+01   1.0121940e+01
   4.0000000e+01   1.0121728e+01
   4.1000000e+01   1.0122197e+01
   4.2000000e+01   1.0121711e+01
   4.3000000e+01   1.0121455e+01
   4.4000000e+01   1.0121516e+01
   4.5000000e+01   1.0121254e+01
   4.6000000e+01   1.0121404e+01
   4.7000000e+01   1.0121403e+01
   4.8000000e+01   1.0121072e+01
   4.9000000e+01   1.0120759e+01
   5.0000000e+01   1.0120864e+01
   5.1000000e+01   1.0120723e+01
   5.2000000e+01   1.0120699e+01
   5.3000000e+01   1.0120643e+01
   5.4000000e+01   1.0120464e+01
   5.5000000e+01   1.0120523e+01
   5.6000000e+01   1.0120321e+01
   5.7000000e+01   1.0120271e+01
   5.8000000e+01   1.0120132e+01
   5.9000000e+01   1.0120242e+01
   6.0000000e+01   1.0120138e+01
   6.1000000e+01   1.0119794e+01
   6.2000000e+01   1.0119846e+01
   6.3000000e+01   1.0119618e+01
   6.4000000e+01   1.0119586e+01
   6.5000000e+01   1.0119691e+01
   6.6000000e+01   1.0119325e+01
   6.7000000e+01   1.0119122e+01
   6.8000000e+01   1.0119195e+01
   6.9000000e+01   1.0119128e+01
   7.0000000e+01   1.0119084e+01
   7.1000000e+01   1.0119304e+01
   7.2000000e+01   1.0119051e+01
   7.3000000e+01   1.0119022e+01
   7.4000000e+01   1.0118834e+01
   7.5000000e+01   1.0119005e+01
   7.6000000e+01   1.0118729e+01
   7.7000000e+01   1.0118729e+01
   7.8000000e+01   1.0118721e+01
   7.9000000e+01   1.0118491e+01
   8.0000000e+01   1.0118575e+01
   8.1000000e+01   1.0118408e+01
   8.2000000e+01   1.0118552e+01
   8.3000000e+01   1.0118477e+01
   8.4000000e+01   1.0118001e+01
   8.5000000e+01   1.0118113e+01
   8.6000000e+01   1.0118178e+01
   8.7000000e+01   1.0118249e+01
   8.8000000e+01   1.0117886e+01
   8.9000000e+01   1.0118000e+01
   9.0000000e+01   1.0117688e+01
   9.1000000e+01   1.0117624e+01
   9.2000000e+01   1.0117637e+01
   9.3000000e+01   1.0117435e+01
   9.4000000e+01   1.0117372e+01
   9.5000000e+01   1.0117720e+01
   9.6000000e+01   1.0117460e+01
   9.7000000e+01   1.0117532e+01
   9.8000000e+01   1.0117408e+01
   9.9000000e+01   1.0117136e+01
   1.0000000e+02   1.0117116e+01
   1.0100000e+02   1.0116838e+01
   1.0200000e+02   1.0116993e+01
   1.0300000e+02   1.0117109e+01
   1.0400000e+02   1.0116893e+01
   1.0500000e+02   1.0117037e+01
   1.0600000e+02   1.0116908e+01
   1.0700000e+02   1.0116634e+01
   1.0800000e+02   1.0116547e+01
   1.0900000e+02   1.0116558e+01
   1.1000000e+02   1.0116576e+01
   1.1100000e+02   1.0116543e+01
   1.1200000e+02   1.0116451e+01
   1.1300000e+02   1.0116384e+01
   1.1400000e+02   1.0116170e+01
   1.1500000e+02   1.0116212e+01
   1.1600000e+02   1.0116284e+01
   1.1700000e+02   1.0116200e+01
   1.1800000e+02   1.0116205e+01
   1.1900000e+02   1.0116076e+01
   1.2000000e+02   1.0116063e+01
   1.2100000e+02   1.0115575e+01
   1.2200000e+02   1.0115941e+01
   1.2300000e+02   1.0115824e+01
   1.2400000e+02   1.0115791e+01
   1.2500000e+02   1.0115580e+01
   1.2600000e+02   1.0115650e+01
   1.2700000e+02   1.0115427e+01
   1.2800000e+02   1.0115551e+01
   1.2900000e+02   1.0115447e+01
   1.3000000e+02   1.0115749e+01
   1.3100000e+02   1.0115205e+01
   1.3200000e+02   1.0115365e+01
   1.3300000e+02   1.0115398e+01
   1.3400000e+02   1.0115305e+01
   1.3500000e+02   1.0115153e+01
   1.3600000e+02   1.0115282e+01
   1.3700000e+02   1.0115136e+01
   1.3800000e+02   1.0115154e+01
   1.3900000e+02   1.0115005e+01
   1.4000000e+02   1.0114681e+01
   1.4100000e+02   1.0114732e+01
   1.4200000e+02   1.0115141e+01
   1.4300000e+02   1.0114797e+01
   1.4400000e+02   1.0114940e+01
   1.4500000e+02   1.0114563e+01
   1.4600000e+02   1.0114653e+01
   1.4700000e+02   1.0114580e+01
   1.4800000e+02   1.0114548e+01
   1.4900000e+02   1.0114474e+01
   1.5000000e+02   1.0114522e+01
   1.5100000e+02   1.0114504e+01
   1.5200000e+02   1.0114185e+01
   1.5300000e+02   1.0114316e+01
   1.5400000e+02   1.0114240e+01
   1.5500000e+02   1.0114077e+01
   1.5600000e+02   1.0114170e+01
   1.5700000e+02   1.0113829e+01
   1.5800000e+02   1.0113639e+01
   1.5900000e+02   1.0114066e+01
   1.6000000e+02   1.0113810e+01
   1.6100000e+02   1.0113809e+01
   1.6200000e+02   1.0113722e+01
   1.6300000e+02   1.0113911e+01
   1.6400000e+02   1.0113803e+01
   1.6500000e+02   1.0113691e+01
   1.6600000e+02   1.0113239e+01
   1.6700000e+02   1.0111393e+01
   1.6800000e+02   1.0103289e+01
   1.6900000e+02   1.0094973e+01
   1.7000000e+02   1.0099236e+01
   1.7100000e+02   1.0106438e+01
   1.7200000e+02   1.0110118e+01
   1.7300000e+02   1.0111690e+01
   1.7400000e+02   1.0112254e+01
   1.7500000e+02   1.0112863e+01
   1.7600000e+02   1.0112764e+01
   1.7700000e+02   1.0112997e+01
   1.7800000e+02   1.0112862e+01
   1.7900000e+02   1.0110741e+01
   1.8000000e+02   1.0091703e+01
   1.8100000e+02   1.0066369e+01
   1.8200000e+02   1.0067382e+01
   1.8300000e+02   1.0079853e+01
   1.8400000e+02   1.0089925e+01
   1.8500000e+02   1.0091796e+01
   1.8600000e+02   1.0091256e+01
   1.8700000e+02   1.0093916e+01
   1.8800000e+02   1.0098847e+01
   1.8900000e+02   1.0103217e+01
   1.9000000e+02   1.0107004e+01
   1.9100000e+02   1.0108941e+01
   1.9200000e+02   1.0110000e+01
   1.9300000e+02   1.0110400e+01
   1.9400000e+02   1.0110852e+01
   1.9500000e+02   1.0111227e+01
   1.9600000e+02   1.0111264e+01
   1.9700000e+02   1.0111278e+01
   1.9800000e+02   1.0111611e+01
   1.9900000e+02   1.0111481e+01
   2.0000000e+02   1.0111541e+01
   2.0100000e+02   1.0111417e+01
   2.0200000e+02   1.0111465e+01
   2.0300000e+02   1.0111456e+01
   2.0400000e+02   1.0111675e+01
   2.0500000e+02   1.0111549e+01
   2.0600000e+02   1.0111376e+01
   2.0700000e+02   1.0111324e+01
   2.0800000e+02   1.0111510e+01
   2.0900000e+02   1.0111484e+01
   2.1000000e+02   1.0111264e+01
   2.1100000e+02   1.0111303e+01
   2.1200000e+02   1.0111405e+01
   2.1300000e+02   1.0110665e+01
   2.1400000e+02   1.0111151e+01
   2.1500000e+02   1.0111417e+01
   2.1600000e+02   1.0111256e+01
   2.1700000e+02   1.0111187e+01
   2.1800000e+02   1.0111343e+01
   2.1900000e+02   1.0111122e+01
   2.2000000e+02   1.0110686e+01
   2.2100000e+02   1.0110864e+01
   2.2200000e+02   1.0110576e+01
   2.2300000e+02   1.0110374e+01
   2.2400000e+02   1.0109971e+01
   2.2500000e+02   1.0109476e+01
   2.2600000e+02   1.0109211e+01
   2.2700000e+02   1.0109065e+01
   2.2800000e+02   1.0108470e+01
   2.2900000e+02   1.0108491e+01
   2.3000000e+02   1.0108335e+01
   2.3100000e+02   1.0108820e+01
   2.3200000e+02   1.0109060e+01
   2.3300000e+02   1.0109277e+01
   2.3400000e+02   1.0109441e+01
   2.3500000e+02   1.0109591e+01
   2.3600000e+02   1.0109965e+01
   2.3700000e+02   1.0109933e+01
   2.3800000e+02   1.0109641e+01
   2.3900000e+02   1.0109784e+01
   2.4000000e+02   1.0109637e+01
   2.4100000e+02   1.0109550e+01
   2.4200000e+02   1.0109601e+01
   2.4300000e+02   1.0109608e+01
   2.4400000e+02   1.0109671e+01
   2.4500000e+02   1.0109279e+01
   2.4600000e+02   1.0108321e+01
   2.4700000e+02   1.0107103e+01
   2.4800000e+02   1.0104424e+01
   2.4900000e+02   1.0100964e+01
   2.5000000e+02   1.0096473e+01
   2.5100000e+02   1.0093203e+01
   2.5200000e+02   1.0091532e+01
   2.5300000e+02   1.0091906e+01
   2.5400000e+02   1.0094101e+01
   2.5500000e+02   1.0096912e+01
   2.5600000e+02   1.0099061e+01
   2.5700000e+02   1.0100561e+01
   2.5800000e+02   1.0100554e+01
   2.5900000e+02   1.0099912e+01
   2.6000000e+02   1.0098521e+01
   2.6100000e+02   1.0097253e+01
   2.6200000e+02   1.0096276e+01
   2.6300000e+02   1.0095578e+01
   2.6400000e+02   1.0094238e+01
   2.6500000e+02   1.0093511e+01
   2.6600000e+02   1.0093271e+01
   2.6700000e+02   1.0093214e+01
   2.6800000e+02   1.0094129e+01
   2.6900000e+02   1.0095797e+01
   2.7000000e+02   1.0098216e+01
   2.7100000e+02   1.0100505e+01
   2.7200000e+02   1.0102462e+01
   2.7300000e+02   1.0103990e+01
   2.7400000e+02   1.0104625e+01
   2.7500000e+02   1.0104810e+01
   2.7600000e+02   1.0104595e+01
   2.7700000e+02   1.0104351e+01
   2.7800000e+02   1.0104397e+01
   2.7900000e+02   1.0104880e+01
   2.8000000e+02   1.0104703e+01
   2.8100000e+02   1.0105028e+01
   2.8200000e+02   1.0105457e+01
   2.8300000e+02   1.0105779e+01
   2.8400000e+02   1.0105742e+01
   2.8500000e+02   1.0105509e+01
   2.8600000e+02   1.0105425e+01
   2.8700000e+02   1.0105699e+01
   2.8800000e+02   1.0106020e+01
   2.8900000e+02   1.0105911e+01
   2.9000000e+02   1.0106368e+01
   2.9100000e+02   1.0106357e+01
   2.9200000e+02   1.0106654e+01
   2.9300000e+02   1.0106621e+01
   2.9400000e+02   1.0106843e+01
   2.9500000e+02   1.0106912e+01
   2.9600000e+02   1.0106940e+01
   2.9700000e+02   1.0106996e+01
   2.9800000e+02   1.0107308e+01
   2.9900000e+02   1.0107209e+01
   3.0000000e+02   1.0107077e+01
   3.0100000e+02   1.0107163e+01
   3.0200000e+02   1.0106912e+01
   3.0300000e+02   1.0106775e+01
   3.0400000e+02   1.0106611e+01
   3.0500000e+02   1.0105947e+01
   3.0600000e+02   1.0105653e+01
   3.0700000e+02   1.0104710e+01
   3.0800000e+02   1.0104095e+01
   3.0900000e+02   1.0102928e+01
   3.1000000e+02   1.0101147e+01
   3.1100000e+02   1.0099513e+01
   3.1200000e+02   1.0096693e+01
   3.1300000e+02   1.0093894e+01
   3.1400000e+02   1.0091564e+01
   3.1500000e+02   1.0090222e+01
   3.1600000e+02   1.0090179e+01
   3.1700000e+02   1.0090432e+01
   3.1800000e+02   1.0091478e+01
   3.1900000e+02   1.0091968e+01
   3.2000000e+02   1.0090761e+01
   3.2100000e+02   1.0088424e+01
   3.2200000e+02   1.0084500e+01
   3.2300000e+02   1.0080281e+01
   3.2400000e+02   1.0077557e+01
   3.2500000e+02   1.0075841e+01
   3.2600000e+02   1.0075974e+01
   3.2700000e+02   1.0077199e+01
   3.2800000e+02   1.0079434e+01
   3.2900000e+02   1.0081947e+01
   3.3000000e+02   1.0085450e+01
   3.3100000e+02   1.0088933e+01
   3.3200000e+02   1.0092350e+01
   3.3300000e+02   1.0095313e+01
   3.3400000e+02   1.0098490e+01
   3.3500000e+02   1.0100327e+01
   3.3600000e+02   1.0101425e+01
   3.3700000e+02   1.0102061e+01
   3.3800000e+02   1.0101966e+01
   3.3900000e+02   1.0101172e+01
   3.4000000e+02   1.0099837e+01
   3.4100000e+02   1.0098843e+01
   3.4200000e+02   1.0098059e+01
   3.4300000e+02   1.0097502e+01
   3.4400000e+02   1.0097695e+01
   3.4500000e+02   1.0098534e+01
   3.4600000e+02   1.0099147e+01
   3.4700000e+02   1.0100906e+01
   3.4800000e+02   1.0101945e+01
   3.4900000e+02   1.0102718e+01
   3.5000000e+02   1.0103418e+01
   3.5100000e+02   1.0104113e+01
   3.5200000e+02   1.0104167e+01
   3.5300000e+02   1.0104987e+01
   3.5400000e+02   1.0104874e+01
   3.5500000e+02   1.0104950e+01
   3.5600000e+02   1.0104853e+01
   3.5700000e+02   1.0105093e+01
   3.5800000e+02   1.0105028e+01
   3.5900000e+02   1.0105132e+01
   3.6000000e+02   1.0104976e+01
   3.6100000e+02   1.0104891e+01
   3.6200000e+02   1.0104676e+01
   3.6300000e+02   1.0104347e+01
   3.6400000e+02   1.0104406e+01
   3.6500000e+02   1.0104080e+01
   3.6600000e+02   1.0103917e+01
   3.6700000e+02   1.0103809e+01
   3.6800000e+02   1.0103860e+01
   3.6900000e+02   1.0103929e+01
   3.7000000e+02   1.0104123e+01
   3.7100000e+02   1.0104287e+01
   3.7200000e+02   1.0104526e+01
   3.7300000e+02   1.0104694e+01
   3.7400000e+02   1.0104995e+01
   3.7500000e+02   1.0104854e+01
   3.7600000e+02   1.0105187e+01
   3.7700000e+02   1.0105263e+01
   3.7800000e+02   1.0105145e+01
   3.7900000e+02   1.0105214e+01
   3.8000000e+02   1.0105214e+01
   3.8100000e+02   1.0105070e+01
   3.8200000e+02   1.0105194e+01
   3.8300000e+02   1.0104913e+01
   3.8400000e+02   1.0105038e+01
   3.8500000e+02   1.0105043e+01
   3.8600000e+02   1.0104682e+01
   3.8700000e+02   1.0104461e+01
   3.8800000e+02   1.0104286e+01
   3.8900000e+02   1.0104511e+01
   3.9000000e+02   1.0104279e+01
   3.9100000e+02   1.0103809e+01
   3.9200000e+02   1.0103942e+01
   3.9300000e+02   1.0103813e+01
   3.9400000e+02   1.0103336e+01
   3.9500000e+02   1.0103111e+01
   3.9600000e+02   1.0103363e+01
   3.9700000e+02   1.0103263e+01
   3.9800000e+02   1.0103508e+01
   3.9900000e+02   1.0103595e+01
   4.0000000e+02   1.0103630e+01
   4.0100000e+02   1.0104041e+01
   4.0200000e+02   1.0103897e+01
   4.0300000e+02   1.0104023e+01
   4.0400000e+02   1.0104138e+01
   4.0500000e+02   1.0104443e+01
   4.0600000e+02   1.0104241e+01
   4.0700000e+02   1.0104233e+01
   4.0800000e+02   1.0104250e+01
   4.0900000e+02   1.0104170e+01
   4.1000000e+02   1.0104372e+01
   4.1100000e+02   1.0104431e+01
   4.1200000e+02   1.0104056e+01
   4.1300000e+02   1.0104353e+01
   4.1400000e+02   1.0103959e+01
   4.1500000e+02   1.0104321e+01
   4.1600000e+02   1.0104219e+01
   4.1700000e+02   1.0104177e+01
   4.1800000e+02   1.0104214e+01
   4.1900000e+02   1.0104020e+01
   4.2000000e+02   1.0104190e+01
   4.2100000e+02   1.0103985e+01
   4.2200000e+02   1.0103990e+01
   4.2300000e+02   1.0103959e+01
   4.2400000e+02   1.0104322e+01
   4.2500000e+02   1.0104174e+01
   4.2600000e+02   1.0104113e+01
   4.2700000e+02   1.0104172e+01
   4.2800000e+02   1.0104179e+01
   4.2900000e+02   1.0104193e+01
   4.3000000e+02   1.0104027e+01
   4.3100000e+02   1.0103882e+01
   4.3200000e+02   1.0103682e+01
   4.3300000e+02   1.0103693e+01
   4.3400000e+02   1.0103647e+01
   4.3500000e+02   1.0103618e+01
   4.3600000e+02   1.0103790e+01
   4.3700000e+02   1.0103751e+01
   4.3800000e+02   1.0103674e+01
   4.3900000e+02   1.0103876e+01
   4.4000000e+02   1.0103616e+01
   4.4100000e+02   1.0103598e+01
   4.4200000e+02   1.0103569e+01
   4.4300000e+02   1.0103457e+01
   4.4400000e+02   1.0103331e+01
   4.4500000e+02   1.0103177e+01
   4.4600000e+02   1.0102632e+01
   4.4700000e+02   1.0102093e+01
   4.4800000e+02   1.0101466e+01
   4.4900000e+02   1.0100875e+01
   4.5000000e+02   1.0100478e+01
   4.5100000e+02   1.0099740e+01
   4.5200000e+02   1.0099275e+01
   4.5300000e+02   1.0098328e+01
   4.5400000e+02   1.0098216e+01
   4.5500000e+02   1.0098230e+01
   4.5600000e+02   1.0098682e+01
   4.5700000e+02   1.0099039e+01
   4.5800000e+02   1.0099367e+01
   4.5900000e+02   1.0100372e+01
   4.6000000e+02   1.0100878e+01
   4.6100000e+02   1.0101509e+01
   4.6200000e+02   1.0101942e+01
   4.6300000e+02   1.0102186e+01
   4.6400000e+02   1.0102384e+01
   4.6500000e+02   1.0102520e+01
   4.6600000e+02   1.0102594e+01
   4.6700000e+02   1.0102877e+01
   4.6800000e+02   1.0102950e+01
   4.6900000e+02   1.0103023e+01
   4.7000000e+02   1.0102724e+01
   4.7100000e+02   1.0102687e+01
   4.7200000e+02   1.0102657e+01
   4.7300000e+02   1.0102770e+01
   4.7400000e+02   1.0102717e+01
   4.7500000e+02   1.0102573e+01
   4.7600000e+02   1.0102672e+01
   4.7700000e+02   1.0102557e+01
   4.7800000e+02   1.0102675e+01
   4.7900000e+02   1.0102307e+01
   4.8000000e+02   1.0102699e+01
   4.8100000e+02   1.0102701e+01
   4.8200000e+02   1.0102647e+01
   4.8300000e+02   1.0102588e+01
   4.8400000e+02   1.0102609e+01
   4.8500000e+02   1.0102729e+01
   4.8600000e+02   1.0102625e+01
   4.8700000e+02   1.0102499e+01
   4.8800000e+02   1.0102654e+01
   4.8900000e+02   1.0102417e+01
   4.9000000e+02   1.0102355e+01
   4.9100000e+02   1.0102280e+01
   4.9200000e+02   1.0102583e+01
   4.9300000e+02   1.0102264e+01
   4.9400000e+02   1.0102359e+01
   4.9500000e+02   1.0102172e+01
   4.9600000e+02   1.0102547e+01
   4.9700000e+02   1.0102462e+01
   4.9800000e+02   1.0102388e+01
   4.9900000e+02   1.0102357e+01
   5.0000000e+02   1.0102235e+01
   5.0100000e+02   1.0102111e+01
   5.0200000e+02   1.0102235e+01
   5.0300000e+02   1.0102081e+01
   5.0400000e+02   1.0101887e+01
   5.0500000e+02   1.0101889e+01
   5.0600000e+02   1.0102153e+01
   5.0700000e+02   1.0101844e+01
   5.0800000e+02   1.0101938e+01
   5.0900000e+02   1.0101964e+01
   5.1000000e+02   1.0101991e+01
   5.1100000e+02   1.0102024e+01
   5.1200000e+02   1.0101953e+01
   5.1300000e+02   1.0101793e+01
   5.1400000e+02   1.0101756e+01
   5.1500000e+02   1.0102147e+01
   5.1600000e+02   1.0101822e+01
   5.1700000e+02   1.0102060e+01
   5.1800000e+02   1.0101812e+01
   5.1900000e+02   1.0101835e+01
   5.2000000e+02   1.0101979e+01
   5.2100000e+02   1.0101801e+01
   5.2200000e+02   1.0101888e+01
   5.2300000e+02   1.0101719e+01
   5.2400000e+02   1.0101712e+01
   5.2500000e+02   1.0101975e+01
   5.2600000e+02   1.0101852e+01
   5.2700000e+02   1.0101806e+01
   5.2800000e+02   1.0101644e+01
   5.2900000e+02   1.0101583e+01
   5.3000000e+02   1.0101583e+01
   5.3100000e+02   1.0101340e+01
   5.3200000e+02   1.0101593e+01
   5.3300000e+02   1.0101422e+01
   5.3400000e+02   1.0101510e+01
   5.3500000e+02   1.0101538e+01
   5.3600000e+02   1.0101497e+01
   5.3700000e+02   1.0101481e+01
   5.3800000e+02   1.0101521e+01
   5.3900000e+02   1.0101191e+01
   5.4000000e+02   1.0101224e+01
   5.4100000e+02   1.0101354e+01
   5.4200000e+02   1.0101315e+01
   5.4300000e+02   1.0101416e+01
   5.4400000e+02   1.0101347e+01
   5.4500000e+02   1.0101385e+01
   5.4600000e+02   1.0101053e+01
   5.4700000e+02   1.0101103e+01
   5.4800000e+02   1.0101186e+01
   5.4900000e+02   1.0101232e+01
   5.5000000e+02   1.0101099e+01
   5.5100000e+02   1.0101124e+01
   5.5200000e+02   1.0100964e+01
   5.5300000e+02   1.0101090e+01
   5.5400000e+02   1.0100992e+01
   5.5500000e+02   1.0100858e+01
   5.5600000e+02   1.0100785e+01
   5.5700000e+02   1.0100833e+01
   5.5800000e+02   1.0101016e+01
   5.5900000e+02   1.0100692e+01
   5.6000000e+02   1.0100878e+01
   5.6100000e+02   1.0101066e+01
   5.6200000e+02   1.0100862e+01
   5.6300000e+02   1.0100745e+01
   5.6400000e+02   1.0100842e+01
   5.6500000e+02   1.0100972e+01
   5.6600000e+02   1.0100917e+01
   5.6700000e+02   1.0100909e+01
   5.6800000e+02   1.0100541e+01
   5.6900000e+02   1.0100886e+01
   5.7000000e+02   1.0100988e+01
   5.7100000e+02   1.0100873e+01
   5.7200000e+02   1.0100921e+01
   5.7300000e+02   1.0101090e+01
   5.7400000e+02   1.0100727e+01
   5.7500000e+02   1.0100544e+01
   5.7600000e+02   1.0100601e+01
   5.7700000e+02   1.0100904e+01
   5.7800000e+02   1.0100605e+01
   5.7900000e+02   1.0100432e+01
   5.8000000e+02   1.0100571e+01
   5.8100000e+02   1.0100527e+01
   5.8200000e+02   1.0100707e+01
   5.8300000e+02   1.0100437e+01
   5.8400000e+02   1.0100554e+01
   5.8500000e+02   1.0100664e+01
   5.8600000e+02   1.0100469e+01
   5.8700000e+02   1.0100358e+01
   5.8800000e+02   1.0100344e+01
   5.8900000e+02   1.0100173e+01
   5.9000000e+02   1.0100340e+01
   5.9100000e+02   1.0100465e+01
   5.9200000e+02   1.0100292e+01
   5.9300000e+02   1.0100234e+01
   5.9400000e+02   1.0100285e+01
   5.9500000e+02   1.0100096e+01
   5.9600000e+02   1.0100304e+01
   5.9700000e+02   1.0100079e+01
   5.9800000e+02   1.0100150e+01
   5.9900000e+02   1.0100230e+01
   6.0000000e+02   1.0100071e+01
   6.0100000e+02   1.0100084e+01
   6.0200000e+02   1.0099849e+01
   6.0300000e+02   1.0100185e+01
   6.0400000e+02   1.0100111e+01
   6.0500000e+02   1.0100046e+01
   6.0600000e+02   1.0100008e+01
   6.0700000e+02   1.0099936e+01
   6.0800000e+02   1.0099975e+01
   6.0900000e+02   1.0099985e+01
   6.1000000e+02   1.0099705e+01
   6.1100000e+02   1.0100168e+01
   6.1200000e+02   1.0099895e+01
   6.1300000e+02   1.0099659e+01
   6.1400000e+02   1.0100115e+01
   6.1500000e+02   1.0099776e+01
   6.1600000e+02   1.0099673e+01
   6.1700000e+02   1.0099765e+01
   6.1800000e+02   1.0099869e+01
   6.1900000e+02   1.0099766e+01
   6.2000000e+02   1.0099718e+01
   6.2100000e+02   1.0099825e+01
   6.2200000e+02   1.0099886e+01
   6.2300000e+02   1.0099904e+01
   6.2400000e+02   1.0099750e+01
   6.2500000e+02   1.0099653e+01
   6.2600000e+02   1.0099575e+01
   6.2700000e+02   1.0099700e+01
   6.2800000e+02   1.0099692e+01
   6.2900000e+02   1.0099728e+01
   6.3000000e+02   1.0099683e+01
   6.3100000e+02   1.0099677e+01
   6.3200000e+02   1.0099593e+01
   6.3300000e+02   1.0099563e+01
   6.3400000e+02   1.0099816e+01
   6.3500000e+02   1.0099692e+01
   6.3600000e+02   1.0099526e+01
   6.3700000e+02   1.0099558e+01
   6.3800000e+02   1.0099472e+01
   6.3900000e+02   1.0099685e+01
   6.4000000e+02   1.0099622e+01
   6.4100000e+02   1.0099609e+01
   6.4200000e+02   1.0099548e+01
   6.4300000e+02   1.0099511e+01
   6.4400000e+02   1.0099563e+01
   6.4500000e+02   1.0099279e+01
   6.4600000e+02   1.0099350e+01
   6.4700000e+02   1.0099363e+01
   6.4800000e+02   1.0099275e+01
   6.4900000e+02   1.0099169e+01
   6.5000000e+02   1.0099434e+01
   6.5100000e+02   1.0099581e+01
   6.5200000e+02   1.0099473e+01
   6.5300000e+02   1.0099094e+01
   6.5400000e+02   1.0098958e+01
   6.5500000e+02   1.0099073e+01
   6.5600000e+02   1.0099109e+01
   6.5700000e+02   1.0099377e+01
   6.5800000e+02   1.0099254e+01
   6.5900000e+02   1.0099140e+01
   6.6000000e+02   1.0099180e+01
   6.6100000e+02   1.0098900e+01
   6.6200000e+02   1.0098745e+01
   6.6300000e+02   1.0099000e+01
   6.6400000e+02   1.0099332e+01
   6.6500000e+02   1.0098960e+01
   6.6600000e+02   1.0098841e+01
   6.6700000e+02   1.0098747e+01
   6.6800000e+02   1.0098654e+01
   6.6900000e+02   1.0098859e+01
   6.7000000e+02   1.0099168e+01
   6.7100000e+02   1.0098799e+01
   6.7200000e+02   1.0098805e+01
   6.7300000e+02   1.0098560e+01
   6.7400000e+02   1.0098812e+01
   6.7500000e+02   1.0098627e+01
   6.7600000e+02   1.0098652e+01
   6.7700000e+02   1.0098737e+01
   6.7800000e+02   1.0098517e+01
   6.7900000e+02   1.0098710e+01
   6.8000000e+02   1.0098531e+01
   6.8100000e+02   1.0098663e+01
   6.8200000e+02   1.0098864e+01
   6.8300000e+02   1.0098800e+01
   6.8400000e+02   1.0098541e+01
   6.8500000e+02   1.0098873e+01
   6.8600000e+02   1.0098401e+01
   6.8700000e+02   1.0098307e+01
   6.8800000e+02   1.0098419e+01
   6.8900000e+02   1.0098372e+01
   6.9000000e+02   1.0098474e+01
   6.9100000e+02   1.0098661e+01
   6.9200000e+02   1.0098502e+01
   6.9300000e+02   1.0098267e+01
   6.9400000e+02   1.0098441e+01
   6.9500000e+02   1.0098398e+01
   6.9600000e+02   1.0098344e+01
   6.9700000e+02   1.0098338e+01
   6.9800000e+02   1.0098452e+01
   6.9900000e+02   1.0098299e+01
   7.0000000e+02   1.0098163e+01
   7.0100000e+02   1.0098250e+01
   7.0200000e+02   1.0098583e+01
   7.0300000e+02   1.0098219e+01
   7.0400000e+02   1.0098122e+01
   7.0500000e+02   1.0098464e+01
   7.0600000e+02   1.0098194e+01
   7.0700000e+02   1.0098220e+01
   7.0800000e+02   1.0098321e+01
   7.0900000e+02   1.0098199e+01
   7.1000000e+02   1.0098104e+01
   7.1100000e+02   1.0098080e+01
   7.1200000e+02   1.0098167e+01
   7.1300000e+02   1.0097937e+01
   7.1400000e+02   1.0098112e+01
   7.1500000e+02   1.0098112e+01
   7.1600000e+02   1.0098110e+01
   7.1700000e+02   1.0097996e+01
   7.1800000e+02   1.0097758e+01
   7.1900000e+02   1.0098316e+01
   7.2000000e+02   1.0098115e+01
   7.2100000e+02   1.0098037e+01
   7.2200000e+02   1.0097955e+01
   7.2300000e+02   1.0098272e+01
   7.2400000e+02   1.0097623e+01
   7.2500000e+02   1.0097756e+01
   7.2600000e+02   1.0097703e+01
   7.2700000e+02   1.0097934e+01
   7.2800000e+02   1.0097926e+01
   7.2900000e+02   1.0097750e+01
   7.3000000e+02   1.0097885e+01
   7.3100000e+02   1.0097821e+01
   7.3200000e+02   1.0097670e+01
   7.3300000e+02   1.0098086e+01
   7.3400000e+02   1.0097728e+01
   7.3500000e+02   1.0097917e+01
   7.3600000e+02   1.0097758e+01
   7.3700000e+02   1.0097591e+01
   7.3800000e+02   1.0097713e+01
   7.3900000e+02   1.0097813e+01
   7.4000000e+02   1.0097510e+01
   7.4100000e+02   1.0097731e+01
   7.4200000e+02   1.0097597e+01
   7.4300000e+02   1.0097611e+01
   7.4400000e+02   1.0097553e+01
   7.4500000e+02   1.0097475e+01
   7.4600000e+02   1.0097624e+01
   7.4700000e+02   1.0097542e+01
   7.4800000e+02   1.0097570e+01
   7.4900000e+02   1.0097396e+01
   7.5000000e+02   1.0097804e+01
   7.5100000e+02   1.0097725e+01
   7.5200000e+02   1.0097198e+01
   7.5300000e+02   1.0097311e+01
   7.5400000e+02   1.0097376e+01
   7.5500000e+02   1.0097420e+01
   7.5600000e+02   1.0097434e+01
   7.5700000e+02   1.0097138e+01
   7.5800000e+02   1.0097202e+01
   7.5900000e+02   1.0097215e+01
   7.6000000e+02   1.0097195e+01
   7.6100000e+02   1.0096929e+01
   7.6200000e+02   1.0097332e+01
   7.6300000e+02   1.0097255e+01
   7.6400000e+02   1.0097302e+01
   7.6500000e+02   1.0097291e+01
   7.6600000e+02   1.0097225e+01
   7.6700000e+02   1.0097337e+01
   7.6800000e+02   1.0097172e+01
   7.6900000e+02   1.0097369e+01
   7.7000000e+02   1.0097327e+01
   7.7100000e+02   1.0097096e+01
   7.7200000e+02   1.0097192e+01
   7.7300000e+02   1.0097297e+01
   7.7400000e+02   1.0097079e+01
   7.7500000e+02   1.0097167e+01
   7.7600000e+02   1.0097161e+01
   7.7700000e+02   1.0097108e+01
   7.7800000e+02   1.0096979e+01
   7.7900000e+02   1.0097020e+01
   7.8000000e+02   1.0097082e+01
