   0.0000000e+00   1.0141354e+01
   1.0000000e+00   1.0136003e+01
   2.0000000e+00   1.0134996e+01
   3.0000000e+00   1.0133780e+01
   4.0000000e+00   1.0133343e+01
   5.0000000e+00   1.0132668e+01
   6.0000000e+00   1.0132455e+01
   7.0000000e+00   1.0132057e+01
   8.0000000e+00   1.0131598e+01
   9.0000000e+00   1.0131682e+01
   1.0000000e+01   1.0131318e+01
   1.1000000e+01   1.0130926e+01
   1.2000000e+01   1.0130874e+01
   1.3000000e+01   1.0130371e+01
   1.4000000e+01   1.0130496e+01
   1.5000000e+01   1.0130668e+01
   1.6000000e+01   1.0130225e+01
   1.7000000e+01   1.0130056e+01
   1.8000000e+01   1.0129705e+01
   1.9000000e+01   1.0129711e+01
   2.0000000e+01   1.0129610e+01
   2.1000000e+01   1.0129214e+01
   2.2000000e+01   1.0129093e+01
   2.3000000e+01   1.0129007e+01
   2.4000000e+01   1.0128797e+01
   2.5000000e+01   1.0128950e+01
   2.6000000e+01   1.0128586e+01
   2.7000000e+01   1.0128796e+01
   2.8000000e+01   1.0128590e+01
   2.9000000e+01   1.0128618e+01
   3.0000000e+01   1.0128269e+01
   3.1000000e+01   1.0128271e+01
   3.2000000e+01   1.0128183e+01
   3.3000000e+01   1.0128090e+01
   3.4000000e+01   1.0127612e+01
   3.5000000e+01   1.0127620e+01
   3.6000000e+01   1.0127787e+01
   3.7000000e+01   1.0127573e+01
   3.8000000e+01   1.0127628e+01
   3.9000000e+01   1.0127451e+01
   4.0000000e+01   1.0127433e+01
   4.1000000e+01   1.0127332e+01
   4.2000000e+01   1.0127446e+01
   4.3000000e+01   1.0127302e+01
   4.4000000e+01   1.0127060e+01
   4.5000000e+01   1.0127186e+01
   4.6000000e+01   1.0127074e+01
   4.7000000e+01   1.0126870e+01
   4.8000000e+01   1.0126751e+01
   4.9000000e+01   1.0126641e+01
   5.0000000e+01   1.0126793e+01
   5.1000000e+01   1.0126740e+01
   5.2000000e+01   1.0126756e+01
   5.3000000e+01   1.0126328e+01
   5.4000000e+01   1.0126182e+01
   5.5000000e+01   1.0125879e+01
   5.6000000e+01   1.0125960e+01
   5.7000000e+01   1.0125989e+01
   5.8000000e+01   1.0126390e+01
   5.9000000e+01   1.0125969e+01
   6.0000000e+01   1.0125862e+01
   6.1000000e+01   1.0125785e+01
   6.2000000e+01   1.0125831e+01
   6.3000000e+01   1.0125860e+01
   6.4000000e+01   1.0125636e+01
   6.5000000e+01   1.0125514e+01
   6.6000000e+01   1.0125370e+01
   6.7000000e+01   1.0125507e+01
   6.8000000e+01   1.0125652e+01
   6.9000000e+01   1.0125110e+01
   7.0000000e+01   1.0125676e+01
   7.1000000e+01   1.0125261e+01
   7.2000000e+01   1.0124898e+01
   7.3000000e+01   1.0125034e+01
   7.4000000e+01   1.0125348e+01
   7.5000000e+01   1.0125519e+01
   7.6000000e+01   1.0124866e+01
   7.7000000e+01   1.0125047e+01
   7.8000000e+01   1.0125126e+01
   7.9000000e+01   1.0125191e+01
   8.0000000e+01   1.0124663e+01
   8.1000000e+01   1.0124780e+01
   8.2000000e+01   1.0124549e+01
   8.3000000e+01   1.0124567e+01
   8.4000000e+01   1.0124445e+01
   8.5000000e+01   1.0124787e+01
   8.6000000e+01   1.0124491e+01
   8.7000000e+01   1.0124378e+01
   8.8000000e+01   1.0124712e+01
   8.9000000e+01   1.0124626e+01
   9.0000000e+01   1.0124583e+01
   9.1000000e+01   1.0124657e+01
   9.2000000e+01   1.0124134e+01
   9.3000000e+01   1.0124140e+01
   9.4000000e+01   1.0124423e+01
   9.5000000e+01   1.0124312e+01
   9.6000000e+01   1.0124282e+01
   9.7000000e+01   1.0124284e+01
   9.8000000e+01   1.0124082e+01
   9.9000000e+01   1.0123970e+01
   1.0000000e+02   1.0124023e+01
   1.0100000e+02   1.0123671e+01
   1.0200000e+02   1.0124012e+01
   1.0300000e+02   1.0123678e+01
   1.0400000e+02   1.0123488e+01
   1.0500000e+02   1.0123719e+01
   1.0600000e+02   1.0123673e+01
   1.0700000e+02   1.0123661e+01
   1.0800000e+02   1.0123491e+01
   1.0900000e+02   1.0123617e+01
   1.1000000e+02   1.0123282e+01
   1.1100000e+02   1.0123289e+01
   1.1200000e+02   1.0123154e+01
   1.1300000e+02   1.0123020e+01
   1.1400000e+02   1.0123003e+01
   1.1500000e+02   1.0122865e+01
   1.1600000e+02   1.0122842e+01
   1.1700000e+02   1.0123015e+01
   1.1800000e+02   1.0122517e+01
   1.1900000e+02   1.0123036e+01
   1.2000000e+02   1.0122993e+01
   1.2100000e+02   1.0122875e+01
   1.2200000e+02   1.0122814e+01
   1.2300000e+02   1.0123023e+01
   1.2400000e+02   1.0122960e+01
   1.2500000e+02   1.0122759e+01
   1.2600000e+02   1.0122791e+01
   1.2700000e+02   1.0122855e+01
   1.2800000e+02   1.0122828e+01
   1.2900000e+02   1.0122712e+01
   1.3000000e+02   1.0122585e+01
   1.3100000e+02   1.0122613e+01
   1.3200000e+02   1.0122506e+01
   1.3300000e+02   1.0122445e+01
   1.3400000e+02   1.0122642e+01
   1.3500000e+02   1.0122625e+01
   1.3600000e+02   1.0122694e+01
   1.3700000e+02   1.0122506e+01
   1.3800000e+02   1.0122351e+01
   1.3900000e+02   1.0122225e+01
   1.4000000e+02   1.0122170e+01
   1.4100000e+02   1.0122418e+01
   1.4200000e+02   1.0122267e+01
   1.4300000e+02   1.0122369e+01
   1.4400000e+02   1.0122345e+01
   1.4500000e+02   1.0122227e+01
   1.4600000e+02   1.0122301e+01
   1.4700000e+02   1.0122070e+01
   1.4800000e+02   1.0122154e+01
   1.4900000e+02   1.0122075e+01
   1.5000000e+02   1.0122070e+01
   1.5100000e+02   1.0121954e+01
   1.5200000e+02   1.0121843e+01
   1.5300000e+02   1.0122124e+01
   1.5400000e+02   1.0121929e+01
   1.5500000e+02   1.0121734e+01
   1.5600000e+02   1.0121873e+01
   1.5700000e+02   1.0121737e+01
   1.5800000e+02   1.0121692e+01
   1.5900000e+02   1.0121961e+01
   1.6000000e+02   1.0121573e+01
   1.6100000e+02   1.0121674e+01
   1.6200000e+02   1.0121572e+01
   1.6300000e+02   1.0121558e+01
   1.6400000e+02   1.0121650e+01
   1.6500000e+02   1.0121683e+01
   1.6600000e+02   1.0121089e+01
   1.6700000e+02   1.0119949e+01
   1.6800000e+02   1.0111922e+01
   1.6900000e+02   1.0103197e+01
   1.7000000e+02   1.0106560e+01
   1.7100000e+02   1.0114100e+01
   1.7200000e+02   1.0117856e+01
   1.7300000e+02   1.0119575e+01
   1.7400000e+02   1.0120203e+01
   1.7500000e+02   1.0120611e+01
   1.7600000e+02   1.0121052e+01
   1.7700000e+02   1.0121044e+01
   1.7800000e+02   1.0120759e+01
   1.7900000e+02   1.0119509e+01
   1.8000000e+02   1.0101736e+01
   1.8100000e+02   1.0072510e+01
   1.8200000e+02   1.0076453e+01
   1.8300000e+02   1.0086696e+01
   1.8400000e+02   1.0096090e+01
   1.8500000e+02   1.0099314e+01
   1.8600000e+02   1.0100741e+01
   1.8700000e+02   1.0102359e+01
   1.8800000e+02   1.0106654e+01
   1.8900000e+02   1.0112275e+01
   1.9000000e+02   1.0115725e+01
   1.9100000e+02   1.0117625e+01
   1.9200000e+02   1.0118461e+01
   1.9300000e+02   1.0119215e+01
   1.9400000e+02   1.0119635e+01
   1.9500000e+02   1.0119470e+01
   1.9600000e+02   1.0119573e+01
   1.9700000e+02   1.0120156e+01
   1.9800000e+02   1.0119870e+01
   1.9900000e+02   1.0119982e+01
   2.0000000e+02   1.0119887e+01
   2.0100000e+02   1.0119968e+01
   2.0200000e+02   1.0119773e+01
   2.0300000e+02   1.0120006e+01
   2.0400000e+02   1.0119601e+01
   2.0500000e+02   1.0119887e+01
   2.0600000e+02   1.0120007e+01
   2.0700000e+02   1.0119910e+01
   2.0800000e+02   1.0119988e+01
   2.0900000e+02   1.0119991e+01
   2.1000000e+02   1.0119938e+01
   2.1100000e+02   1.0119880e+01
   2.1200000e+02   1.0119996e+01
   2.1300000e+02   1.0120166e+01
   2.1400000e+02   1.0119696e+01
   2.1500000e+02   1.0119849e+01
   2.1600000e+02   1.0119637e+01
   2.1700000e+02   1.0119858e+01
   2.1800000e+02   1.0119768e+01
   2.1900000e+02   1.0119447e+01
   2.2000000e+02   1.0119762e+01
   2.2100000e+02   1.0119661e+01
   2.2200000e+02   1.0119812e+01
   2.2300000e+02   1.0119483e+01
   2.2400000e+02   1.0119769e+01
   2.2500000e+02   1.0119752e+01
   2.2600000e+02   1.0119676e+01
   2.2700000e+02   1.0119701e+01
   2.2800000e+02   1.0119136e+01
   2.2900000e+02   1.0119162e+01
   2.3000000e+02   1.0119198e+01
   2.3100000e+02   1.0119385e+01
   2.3200000e+02   1.0119568e+01
   2.3300000e+02   1.0119633e+01
   2.3400000e+02   1.0119709e+01
   2.3500000e+02   1.0119502e+01
   2.3600000e+02   1.0119264e+01
   2.3700000e+02   1.0119239e+01
   2.3800000e+02   1.0119304e+01
   2.3900000e+02   1.0119550e+01
   2.4000000e+02   1.0119044e+01
   2.4100000e+02   1.0119175e+01
   2.4200000e+02   1.0119293e+01
   2.4300000e+02   1.0119207e+01
   2.4400000e+02   1.0119519e+01
   2.4500000e+02   1.0119280e+01
   2.4600000e+02   1.0119239e+01
   2.4700000e+02   1.0118932e+01
   2.4800000e+02   1.0118803e+01
   2.4900000e+02   1.0118721e+01
   2.5000000e+02   1.0118396e+01
   2.5100000e+02   1.0118293e+01
   2.5200000e+02   1.0118345e+01
   2.5300000e+02   1.0118448e+01
   2.5400000e+02   1.0118363e+01
   2.5500000e+02   1.0118194e+01
   2.5600000e+02   1.0118260e+01
   2.5700000e+02   1.0118502e+01
   2.5800000e+02   1.0118489e+01
   2.5900000e+02   1.0118310e+01
   2.6000000e+02   1.0118513e+01
   2.6100000e+02   1.0118495e+01
   2.6200000e+02   1.0118137e+01
   2.6300000e+02   1.0117976e+01
   2.6400000e+02   1.0117967e+01
   2.6500000e+02   1.0117814e+01
   2.6600000e+02   1.0118040e+01
   2.6700000e+02   1.0117832e+01
   2.6800000e+02   1.0117923e+01
   2.6900000e+02   1.0118243e+01
   2.7000000e+02   1.0118143e+01
   2.7100000e+02   1.0118169e+01
   2.7200000e+02   1.0118290e+01
   2.7300000e+02   1.0118470e+01
   2.7400000e+02   1.0118494e+01
   2.7500000e+02   1.0118220e+01
   2.7600000e+02   1.0118405e+01
   2.7700000e+02   1.0118414e+01
   2.7800000e+02   1.0118178e+01
   2.7900000e+02   1.0118243e+01
   2.8000000e+02   1.0117837e+01
   2.8100000e+02   1.0117963e+01
   2.8200000e+02   1.0117906e+01
   2.8300000e+02   1.0118190e+01
   2.8400000e+02   1.0117991e+01
   2.8500000e+02   1.0118307e+01
   2.8600000e+02   1.0118053e+01
   2.8700000e+02   1.0117973e+01
   2.8800000e+02   1.0118152e+01
   2.8900000e+02   1.0117971e+01
   2.9000000e+02   1.0117823e+01
   2.9100000e+02   1.0118132e+01
   2.9200000e+02   1.0117972e+01
   2.9300000e+02   1.0117768e+01
   2.9400000e+02   1.0117949e+01
   2.9500000e+02   1.0117748e+01
   2.9600000e+02   1.0117758e+01
   2.9700000e+02   1.0117840e+01
   2.9800000e+02   1.0117927e+01
   2.9900000e+02   1.0117996e+01
   3.0000000e+02   1.0117706e+01
   3.0100000e+02   1.0117556e+01
   3.0200000e+02   1.0117819e+01
   3.0300000e+02   1.0117712e+01
   3.0400000e+02   1.0117867e+01
   3.0500000e+02   1.0117654e+01
   3.0600000e+02   1.0117280e+01
   3.0700000e+02   1.0116696e+01
   3.0800000e+02   1.0116485e+01
   3.0900000e+02   1.0115632e+01
   3.1000000e+02   1.0115349e+01
   3.1100000e+02   1.0114015e+01
   3.1200000e+02   1.0112954e+01
   3.1300000e+02   1.0111918e+01
   3.1400000e+02   1.0110308e+01
   3.1500000e+02   1.0109304e+01
   3.1600000e+02   1.0109015e+01
   3.1700000e+02   1.0109486e+01
   3.1800000e+02   1.0109761e+01
   3.1900000e+02   1.0110164e+01
   3.2000000e+02   1.0109820e+01
   3.2100000e+02   1.0108588e+01
   3.2200000e+02   1.0106591e+01
   3.2300000e+02   1.0104197e+01
   3.2400000e+02   1.0102172e+01
   3.2500000e+02   1.0101201e+01
   3.2600000e+02   1.0100951e+01
   3.2700000e+02   1.0101508e+01
   3.2800000e+02   1.0102239e+01
   3.2900000e+02   1.0103547e+01
   3.3000000e+02   1.0105225e+01
   3.3100000e+02   1.0107069e+01
   3.3200000e+02   1.0108980e+01
   3.3300000e+02   1.0110650e+01
   3.3400000e+02   1.0112311e+01
   3.3500000e+02   1.0113526e+01
   3.3600000e+02   1.0114327e+01
   3.3700000e+02   1.0114571e+01
   3.3800000e+02   1.0114754e+01
   3.3900000e+02   1.0114412e+01
   3.4000000e+02   1.0113788e+01
   3.4100000e+02   1.0113352e+01
   3.4200000e+02   1.0112495e+01
   3.4300000e+02   1.0112517e+01
   3.4400000e+02   1.0112084e+01
   3.4500000e+02   1.0112367e+01
   3.4600000e+02   1.0113070e+01
   3.4700000e+02   1.0113670e+01
   3.4800000e+02   1.0114104e+01
   3.4900000e+02   1.0114916e+01
   3.5000000e+02   1.0115287e+01
   3.5100000e+02   1.0115899e+01
   3.5200000e+02   1.0115757e+01
   3.5300000e+02   1.0115822e+01
   3.5400000e+02   1.0116165e+01
   3.5500000e+02   1.0116265e+01
   3.5600000e+02   1.0116322e+01
   3.5700000e+02   1.0116343e+01
   3.5800000e+02   1.0116150e+01
   3.5900000e+02   1.0116272e+01
   3.6000000e+02   1.0116290e+01
   3.6100000e+02   1.0116083e+01
   3.6200000e+02   1.0116082e+01
   3.6300000e+02   1.0115778e+01
   3.6400000e+02   1.0115883e+01
   3.6500000e+02   1.0115381e+01
   3.6600000e+02   1.0115623e+01
   3.6700000e+02   1.0115607e+01
   3.6800000e+02   1.0115466e+01
   3.6900000e+02   1.0115742e+01
   3.7000000e+02   1.0115539e+01
   3.7100000e+02   1.0115883e+01
   3.7200000e+02   1.0116008e+01
   3.7300000e+02   1.0115928e+01
   3.7400000e+02   1.0115872e+01
   3.7500000e+02   1.0116408e+01
   3.7600000e+02   1.0116080e+01
   3.7700000e+02   1.0116352e+01
   3.7800000e+02   1.0116320e+01
   3.7900000e+02   1.0116120e+01
   3.8000000e+02   1.0116059e+01
   3.8100000e+02   1.0116221e+01
   3.8200000e+02   1.0116409e+01
   3.8300000e+02   1.0115831e+01
   3.8400000e+02   1.0116384e+01
   3.8500000e+02   1.0116279e+01
   3.8600000e+02   1.0115862e+01
   3.8700000e+02   1.0116011e+01
   3.8800000e+02   1.0116363e+01
   3.8900000e+02   1.0115810e+01
   3.9000000e+02   1.0115790e+01
   3.9100000e+02   1.0115932e+01
   3.9200000e+02   1.0115415e+01
   3.9300000e+02   1.0115348e+01
   3.9400000e+02   1.0115343e+01
   3.9500000e+02   1.0115201e+01
   3.9600000e+02   1.0115058e+01
   3.9700000e+02   1.0115063e+01
   3.9800000e+02   1.0115157e+01
   3.9900000e+02   1.0115491e+01
   4.0000000e+02   1.0115236e+01
   4.0100000e+02   1.0115457e+01
   4.0200000e+02   1.0115427e+01
   4.0300000e+02   1.0115616e+01
   4.0400000e+02   1.0115900e+01
   4.0500000e+02   1.0115736e+01
   4.0600000e+02   1.0115882e+01
   4.0700000e+02   1.0115487e+01
   4.0800000e+02   1.0115935e+01
   4.0900000e+02   1.0116016e+01
   4.1000000e+02   1.0115675e+01
   4.1100000e+02   1.0115857e+01
   4.1200000e+02   1.0115796e+01
   4.1300000e+02   1.0115735e+01
   4.1400000e+02   1.0115857e+01
   4.1500000e+02   1.0115742e+01
   4.1600000e+02   1.0115671e+01
   4.1700000e+02   1.0115725e+01
   4.1800000e+02   1.0115506e+01
   4.1900000e+02   1.0115670e+01
   4.2000000e+02   1.0115594e+01
   4.2100000e+02   1.0115565e+01
   4.2200000e+02   1.0115353e+01
   4.2300000e+02   1.0115442e+01
   4.2400000e+02   1.0115522e+01
   4.2500000e+02   1.0115209e+01
   4.2600000e+02   1.0115165e+01
   4.2700000e+02   1.0115384e+01
   4.2800000e+02   1.0115320e+01
   4.2900000e+02   1.0115333e+01
   4.3000000e+02   1.0115461e+01
   4.3100000e+02   1.0115162e+01
   4.3200000e+02   1.0115359e+01
   4.3300000e+02   1.0115384e+01
   4.3400000e+02   1.0115172e+01
   4.3500000e+02   1.0115293e+01
   4.3600000e+02   1.0115341e+01
   4.3700000e+02   1.0115410e+01
   4.3800000e+02   1.0115252e+01
   4.3900000e+02   1.0115221e+01
   4.4000000e+02   1.0115000e+01
   4.4100000e+02   1.0114541e+01
   4.4200000e+02   1.0113921e+01
   4.4300000e+02   1.0112855e+01
   4.4400000e+02   1.0110892e+01
   4.4500000e+02   1.0107734e+01
   4.4600000e+02   1.0103424e+01
   4.4700000e+02   1.0097100e+01
   4.4800000e+02   1.0088797e+01
   4.4900000e+02   1.0078911e+01
   4.5000000e+02   1.0067941e+01
   4.5100000e+02   1.0057101e+01
   4.5200000e+02   1.0047475e+01
   4.5300000e+02   1.0040755e+01
   4.5400000e+02   1.0037357e+01
   4.5500000e+02   1.0037944e+01
   4.5600000e+02   1.0042124e+01
   4.5700000e+02   1.0049460e+01
   4.5800000e+02   1.0058560e+01
   4.5900000e+02   1.0067887e+01
   4.6000000e+02   1.0077635e+01
   4.6100000e+02   1.0086140e+01
   4.6200000e+02   1.0093016e+01
   4.6300000e+02   1.0098585e+01
   4.6400000e+02   1.0103099e+01
   4.6500000e+02   1.0106144e+01
   4.6600000e+02   1.0108095e+01
   4.6700000e+02   1.0109825e+01
   4.6800000e+02   1.0110653e+01
   4.6900000e+02   1.0111401e+01
   4.7000000e+02   1.0111724e+01
   4.7100000e+02   1.0112446e+01
   4.7200000e+02   1.0112338e+01
   4.7300000e+02   1.0112462e+01
   4.7400000e+02   1.0112960e+01
   4.7500000e+02   1.0113140e+01
   4.7600000e+02   1.0112943e+01
   4.7700000e+02   1.0112910e+01
   4.7800000e+02   1.0112905e+01
   4.7900000e+02   1.0113033e+01
   4.8000000e+02   1.0113027e+01
   4.8100000e+02   1.0113617e+01
   4.8200000e+02   1.0113345e+01
   4.8300000e+02   1.0113410e+01
   4.8400000e+02   1.0113501e+01
   4.8500000e+02   1.0113555e+01
   4.8600000e+02   1.0113409e+01
   4.8700000e+02   1.0113431e+01
   4.8800000e+02   1.0113692e+01
   4.8900000e+02   1.0113913e+01
   4.9000000e+02   1.0113428e+01
   4.9100000e+02   1.0113862e+01
   4.9200000e+02   1.0113955e+01
   4.9300000e+02   1.0113735e+01
   4.9400000e+02   1.0113951e+01
   4.9500000e+02   1.0114087e+01
   4.9600000e+02   1.0113681e+01
   4.9700000e+02   1.0113988e+01
   4.9800000e+02   1.0114118e+01
   4.9900000e+02   1.0113990e+01
   5.0000000e+02   1.0113938e+01
   5.0100000e+02   1.0113813e+01
   5.0200000e+02   1.0113688e+01
   5.0300000e+02   1.0113611e+01
   5.0400000e+02   1.0113683e+01
   5.0500000e+02   1.0113856e+01
   5.0600000e+02   1.0113946e+01
   5.0700000e+02   1.0113942e+01
   5.0800000e+02   1.0113760e+01
   5.0900000e+02   1.0113947e+01
   5.1000000e+02   1.0113853e+01
   5.1100000e+02   1.0113897e+01
   5.1200000e+02   1.0113936e+01
   5.1300000e+02   1.0113523e+01
   5.1400000e+02   1.0113677e+01
   5.1500000e+02   1.0113625e+01
   5.1600000e+02   1.0113725e+01
   5.1700000e+02   1.0113792e+01
   5.1800000e+02   1.0113653e+01
   5.1900000e+02   1.0113559e+01
   5.2000000e+02   1.0113456e+01
   5.2100000e+02   1.0113692e+01
   5.2200000e+02   1.0114121e+01
   5.2300000e+02   1.0113789e+01
   5.2400000e+02   1.0113317e+01
   5.2500000e+02   1.0113309e+01
   5.2600000e+02   1.0113430e+01
   5.2700000e+02   1.0113812e+01
   5.2800000e+02   1.0113295e+01
   5.2900000e+02   1.0113584e+01
   5.3000000e+02   1.0113501e+01
   5.3100000e+02   1.0113469e+01
   5.3200000e+02   1.0113598e+01
   5.3300000e+02   1.0113584e+01
   5.3400000e+02   1.0113533e+01
   5.3500000e+02   1.0113406e+01
   5.3600000e+02   1.0113436e+01
   5.3700000e+02   1.0113526e+01
   5.3800000e+02   1.0113478e+01
   5.3900000e+02   1.0113492e+01
   5.4000000e+02   1.0113473e+01
   5.4100000e+02   1.0113332e+01
   5.4200000e+02   1.0113602e+01
   5.4300000e+02   1.0113504e+01
   5.4400000e+02   1.0113673e+01
   5.4500000e+02   1.0113321e+01
   5.4600000e+02   1.0113484e+01
   5.4700000e+02   1.0113447e+01
   5.4800000e+02   1.0113353e+01
   5.4900000e+02   1.0113243e+01
   5.5000000e+02   1.0113536e+01
   5.5100000e+02   1.0113315e+01
   5.5200000e+02   1.0113159e+01
   5.5300000e+02   1.0113365e+01
   5.5400000e+02   1.0113372e+01
   5.5500000e+02   1.0113036e+01
   5.5600000e+02   1.0113335e+01
   5.5700000e+02   1.0113183e+01
   5.5800000e+02   1.0113310e+01
   5.5900000e+02   1.0113137e+01
   5.6000000e+02   1.0112986e+01
   5.6100000e+02   1.0113303e+01
   5.6200000e+02   1.0113292e+01
   5.6300000e+02   1.0112986e+01
   5.6400000e+02   1.0113188e+01
   5.6500000e+02   1.0113272e+01
   5.6600000e+02   1.0113118e+01
   5.6700000e+02   1.0113137e+01
   5.6800000e+02   1.0112810e+01
   5.6900000e+02   1.0112848e+01
   5.7000000e+02   1.0113011e+01
   5.7100000e+02   1.0112715e+01
   5.7200000e+02   1.0112863e+01
   5.7300000e+02   1.0112780e+01
   5.7400000e+02   1.0112956e+01
   5.7500000e+02   1.0112753e+01
   5.7600000e+02   1.0112827e+01
   5.7700000e+02   1.0112998e+01
   5.7800000e+02   1.0112480e+01
   5.7900000e+02   1.0112947e+01
   5.8000000e+02   1.0112825e+01
   5.8100000e+02   1.0112662e+01
   5.8200000e+02   1.0112612e+01
   5.8300000e+02   1.0112690e+01
   5.8400000e+02   1.0112739e+01
   5.8500000e+02   1.0112667e+01
   5.8600000e+02   1.0112849e+01
   5.8700000e+02   1.0112925e+01
   5.8800000e+02   1.0112720e+01
   5.8900000e+02   1.0112568e+01
   5.9000000e+02   1.0112860e+01
   5.9100000e+02   1.0113033e+01
   5.9200000e+02   1.0112925e+01
   5.9300000e+02   1.0113096e+01
   5.9400000e+02   1.0112479e+01
   5.9500000e+02   1.0112790e+01
   5.9600000e+02   1.0112525e+01
   5.9700000e+02   1.0112749e+01
   5.9800000e+02   1.0112645e+01
   5.9900000e+02   1.0112703e+01
   6.0000000e+02   1.0112695e+01
   6.0100000e+02   1.0112347e+01
   6.0200000e+02   1.0112695e+01
   6.0300000e+02   1.0112620e+01
   6.0400000e+02   1.0112331e+01
   6.0500000e+02   1.0112758e+01
   6.0600000e+02   1.0112605e+01
   6.0700000e+02   1.0112696e+01
   6.0800000e+02   1.0112644e+01
   6.0900000e+02   1.0112528e+01
   6.1000000e+02   1.0112624e+01
   6.1100000e+02   1.0112735e+01
   6.1200000e+02   1.0112518e+01
   6.1300000e+02   1.0112318e+01
   6.1400000e+02   1.0112540e+01
   6.1500000e+02   1.0112542e+01
   6.1600000e+02   1.0112650e+01
   6.1700000e+02   1.0112585e+01
   6.1800000e+02   1.0112385e+01
   6.1900000e+02   1.0112849e+01
   6.2000000e+02   1.0112343e+01
   6.2100000e+02   1.0112494e+01
   6.2200000e+02   1.0112376e+01
   6.2300000e+02   1.0112519e+01
   6.2400000e+02   1.0112458e+01
   6.2500000e+02   1.0112354e+01
   6.2600000e+02   1.0112354e+01
   6.2700000e+02   1.0112191e+01
   6.2800000e+02   1.0112729e+01
   6.2900000e+02   1.0112628e+01
   6.3000000e+02   1.0112387e+01
   6.3100000e+02   1.0112421e+01
   6.3200000e+02   1.0112361e+01
   6.3300000e+02   1.0112198e+01
   6.3400000e+02   1.0112278e+01
   6.3500000e+02   1.0112225e+01
   6.3600000e+02   1.0112136e+01
   6.3700000e+02   1.0111929e+01
   6.3800000e+02   1.0112184e+01
   6.3900000e+02   1.0111954e+01
   6.4000000e+02   1.0112080e+01
   6.4100000e+02   1.0112104e+01
   6.4200000e+02   1.0112318e+01
   6.4300000e+02   1.0112153e+01
   6.4400000e+02   1.0112109e+01
   6.4500000e+02   1.0111941e+01
   6.4600000e+02   1.0111852e+01
   6.4700000e+02   1.0112100e+01
   6.4800000e+02   1.0111994e+01
   6.4900000e+02   1.0112150e+01
   6.5000000e+02   1.0112093e+01
   6.5100000e+02   1.0112197e+01
   6.5200000e+02   1.0112191e+01
   6.5300000e+02   1.0112042e+01
   6.5400000e+02   1.0111941e+01
   6.5500000e+02   1.0112070e+01
   6.5600000e+02   1.0112173e+01
   6.5700000e+02   1.0112014e+01
   6.5800000e+02   1.0112172e+01
   6.5900000e+02   1.0112141e+01
   6.6000000e+02   1.0111786e+01
   6.6100000e+02   1.0112236e+01
   6.6200000e+02   1.0111896e+01
   6.6300000e+02   1.0112074e+01
   6.6400000e+02   1.0111869e+01
   6.6500000e+02   1.0111946e+01
   6.6600000e+02   1.0111831e+01
   6.6700000e+02   1.0111887e+01
   6.6800000e+02   1.0112259e+01
   6.6900000e+02   1.0112168e+01
   6.7000000e+02   1.0111939e+01
   6.7100000e+02   1.0111996e+01
   6.7200000e+02   1.0111598e+01
   6.7300000e+02   1.0111709e+01
   6.7400000e+02   1.0111564e+01
   6.7500000e+02   1.0111446e+01
   6.7600000e+02   1.0111542e+01
   6.7700000e+02   1.0111513e+01
   6.7800000e+02   1.0111014e+01
   6.7900000e+02   1.0110522e+01
   6.8000000e+02   1.0109834e+01
   6.8100000e+02   1.0109512e+01
   6.8200000e+02   1.0108551e+01
   6.8300000e+02   1.0107682e+01
   6.8400000e+02   1.0106763e+01
   6.8500000e+02   1.0105361e+01
   6.8600000e+02   1.0104276e+01
   6.8700000e+02   1.0102554e+01
   6.8800000e+02   1.0101127e+01
   6.8900000e+02   1.0099920e+01
   6.9000000e+02   1.0098465e+01
   6.9100000e+02   1.0098012e+01
   6.9200000e+02   1.0096793e+01
   6.9300000e+02   1.0096817e+01
   6.9400000e+02   1.0096458e+01
   6.9500000e+02   1.0097086e+01
   6.9600000e+02   1.0097538e+01
   6.9700000e+02   1.0098676e+01
   6.9800000e+02   1.0099472e+01
   6.9900000e+02   1.0100698e+01
   7.0000000e+02   1.0102111e+01
   7.0100000e+02   1.0103189e+01
   7.0200000e+02   1.0104213e+01
   7.0300000e+02   1.0105589e+01
   7.0400000e+02   1.0106348e+01
   7.0500000e+02   1.0107149e+01
   7.0600000e+02   1.0107766e+01
   7.0700000e+02   1.0108787e+01
   7.0800000e+02   1.0109020e+01
   7.0900000e+02   1.0109450e+01
   7.1000000e+02   1.0109876e+01
   7.1100000e+02   1.0110239e+01
   7.1200000e+02   1.0110419e+01
   7.1300000e+02   1.0110486e+01
   7.1400000e+02   1.0110508e+01
   7.1500000e+02   1.0110644e+01
   7.1600000e+02   1.0110740e+01
   7.1700000e+02   1.0110621e+01
   7.1800000e+02   1.0110822e+01
   7.1900000e+02   1.0111077e+01
   7.2000000e+02   1.0110978e+01
   7.2100000e+02   1.0110833e+01
   7.2200000e+02   1.0111151e+01
   7.2300000e+02   1.0111179e+01
   7.2400000e+02   1.0111110e+01
   7.2500000e+02   1.0111057e+01
   7.2600000e+02   1.0110817e+01
   7.2700000e+02   1.0110788e+01
   7.2800000e+02   1.0111022e+01
   7.2900000e+02   1.0111123e+01
   7.3000000e+02   1.0110721e+01
   7.3100000e+02   1.0110896e+01
   7.3200000e+02   1.0111139e+01
   7.3300000e+02   1.0111319e+01
   7.3400000e+02   1.0111047e+01
   7.3500000e+02   1.0111064e+01
   7.3600000e+02   1.0111204e+01
   7.3700000e+02   1.0111163e+01
   7.3800000e+02   1.0110877e+01
   7.3900000e+02   1.0110950e+01
   7.4000000e+02   1.0110862e+01
   7.4100000e+02   1.0110921e+01
   7.4200000e+02   1.0110920e+01
   7.4300000e+02   1.0110851e+01
   7.4400000e+02   1.0111052e+01
   7.4500000e+02   1.0111302e+01
   7.4600000e+02   1.0110851e+01
   7.4700000e+02   1.0110824e+01
   7.4800000e+02   1.0110923e+01
   7.4900000e+02   1.0111026e+01
   7.5000000e+02   1.0111181e+01
   7.5100000e+02   1.0110881e+01
   7.5200000e+02   1.0111064e+01
   7.5300000e+02   1.0110993e+01
   7.5400000e+02   1.0110977e+01
   7.5500000e+02   1.0111015e+01
   7.5600000e+02   1.0110853e+01
   7.5700000e+02   1.0110826e+01
   7.5800000e+02   1.0110951e+01
   7.5900000e+02   1.0110790e+01
   7.6000000e+02   1.0111018e+01
   7.6100000e+02   1.0110899e+01
   7.6200000e+02   1.0110737e+01
   7.6300000e+02   1.0110795e+01
   7.6400000e+02   1.0110782e+01
   7.6500000e+02   1.0110739e+01
   7.6600000e+02   1.0110904e+01
   7.6700000e+02   1.0110947e+01
   7.6800000e+02   1.0110811e+01
   7.6900000e+02   1.0110584e+01
   7.7000000e+02   1.0110766e+01
   7.7100000e+02   1.0110668e+01
   7.7200000e+02   1.0110800e+01
   7.7300000e+02   1.0111032e+01
   7.7400000e+02   1.0110747e+01
   7.7500000e+02   1.0110730e+01
   7.7600000e+02   1.0110439e+01
   7.7700000e+02   1.0110776e+01
   7.7800000e+02   1.0110667e+01
   7.7900000e+02   1.0110542e+01
   7.8000000e+02   1.0110708e+01
