   0.0000000e+00   1.0110894e+01
   1.0000000e+00   1.0105600e+01
   2.0000000e+00   1.0104635e+01
   3.0000000e+00   1.0103769e+01
   4.0000000e+00   1.0103061e+01
   5.0000000e+00   1.0102526e+01
   6.0000000e+00   1.0102235e+01
   7.0000000e+00   1.0102108e+01
   8.0000000e+00   1.0101650e+01
   9.0000000e+00   1.0101440e+01
   1.0000000e+01   1.0101223e+01
   1.1000000e+01   1.0101104e+01
   1.2000000e+01   1.0100922e+01
   1.3000000e+01   1.0100708e+01
   1.4000000e+01   1.0100674e+01
   1.5000000e+01   1.0100493e+01
   1.6000000e+01   1.0100313e+01
   1.7000000e+01   1.0100226e+01
   1.8000000e+01   1.0100150e+01
   1.9000000e+01   1.0099785e+01
   2.0000000e+01   1.0099484e+01
   2.1000000e+01   1.0099904e+01
   2.2000000e+01   1.0099523e+01
   2.3000000e+01   1.0099132e+01
   2.4000000e+01   1.0099228e+01
   2.5000000e+01   1.0098941e+01
   2.6000000e+01   1.0098950e+01
   2.7000000e+01   1.0098786e+01
   2.8000000e+01   1.0098477e+01
   2.9000000e+01   1.0098598e+01
   3.0000000e+01   1.0098577e+01
   3.1000000e+01   1.0098370e+01
   3.2000000e+01   1.0098441e+01
   3.3000000e+01   1.0098036e+01
   3.4000000e+01   1.0098236e+01
   3.5000000e+01   1.0098134e+01
   3.6000000e+01   1.0097939e+01
   3.7000000e+01   1.0097617e+01
   3.8000000e+01   1.0097590e+01
   3.9000000e+01   1.0097906e+01
   4.0000000e+01   1.0097642e+01
   4.1000000e+01   1.0097330e+01
   4.2000000e+01   1.0097374e+01
   4.3000000e+01   1.0097436e+01
   4.4000000e+01   1.0097403e+01
   4.5000000e+01   1.0097344e+01
   4.6000000e+01   1.0097098e+01
   4.7000000e+01   1.0097155e+01
   4.8000000e+01   1.0097310e+01
   4.9000000e+01   1.0097176e+01
   5.0000000e+01   1.0096964e+01
   5.1000000e+01   1.0096877e+01
   5.2000000e+01   1.0096870e+01
   5.3000000e+01   1.0096821e+01
   5.4000000e+01   1.0096866e+01
   5.5000000e+01   1.0096456e+01
   5.6000000e+01   1.0096663e+01
   5.7000000e+01   1.0096789e+01
   5.8000000e+01   1.0096281e+01
   5.9000000e+01   1.0096453e+01
   6.0000000e+01   1.0096575e+01
   6.1000000e+01   1.0096485e+01
   6.2000000e+01   1.0096226e+01
   6.3000000e+01   1.0096390e+01
   6.4000000e+01   1.0096037e+01
   6.5000000e+01   1.0096111e+01
   6.6000000e+01   1.0095989e+01
   6.7000000e+01   1.0095750e+01
   6.8000000e+01   1.0096105e+01
   6.9000000e+01   1.0095986e+01
   7.0000000e+01   1.0095836e+01
   7.1000000e+01   1.0095762e+01
   7.2000000e+01   1.0095489e+01
   7.3000000e+01   1.0095677e+01
   7.4000000e+01   1.0095709e+01
   7.5000000e+01   1.0095549e+01
   7.6000000e+01   1.0095828e+01
   7.7000000e+01   1.0095530e+01
   7.8000000e+01   1.0095547e+01
   7.9000000e+01   1.0095389e+01
   8.0000000e+01   1.0095511e+01
   8.1000000e+01   1.0095336e+01
   8.2000000e+01   1.0095352e+01
   8.3000000e+01   1.0095283e+01
   8.4000000e+01   1.0095322e+01
   8.5000000e+01   1.0095061e+01
   8.6000000e+01   1.0095247e+01
   8.7000000e+01   1.0095029e+01
   8.8000000e+01   1.0095200e+01
   8.9000000e+01   1.0094910e+01
   9.0000000e+01   1.0094716e+01
   9.1000000e+01   1.0094985e+01
   9.2000000e+01   1.0094831e+01
   9.3000000e+01   1.0094854e+01
   9.4000000e+01   1.0094843e+01
   9.5000000e+01   1.0094511e+01
   9.6000000e+01   1.0094746e+01
   9.7000000e+01   1.0094398e+01
   9.8000000e+01   1.0094345e+01
   9.9000000e+01   1.0094752e+01
   1.0000000e+02   1.0094175e+01
   1.0100000e+02   1.0094336e+01
   1.0200000e+02   1.0094385e+01
   1.0300000e+02   1.0094376e+01
   1.0400000e+02   1.0094366e+01
   1.0500000e+02   1.0094393e+01
   1.0600000e+02   1.0094208e+01
   1.0700000e+02   1.0094105e+01
   1.0800000e+02   1.0094273e+01
   1.0900000e+02   1.0094430e+01
   1.1000000e+02   1.0094225e+01
   1.1100000e+02   1.0093776e+01
   1.1200000e+02   1.0094134e+01
   1.1300000e+02   1.0094003e+01
   1.1400000e+02   1.0094128e+01
   1.1500000e+02   1.0093949e+01
   1.1600000e+02   1.0093829e+01
   1.1700000e+02   1.0093786e+01
   1.1800000e+02   1.0093578e+01
   1.1900000e+02   1.0093576e+01
   1.2000000e+02   1.0093583e+01
   1.2100000e+02   1.0093472e+01
   1.2200000e+02   1.0093603e+01
   1.2300000e+02   1.0093478e+01
   1.2400000e+02   1.0093403e+01
   1.2500000e+02   1.0093239e+01
   1.2600000e+02   1.0093556e+01
   1.2700000e+02   1.0093396e+01
   1.2800000e+02   1.0093196e+01
   1.2900000e+02   1.0093254e+01
   1.3000000e+02   1.0093337e+01
   1.3100000e+02   1.0093598e+01
   1.3200000e+02   1.0093611e+01
   1.3300000e+02   1.0093379e+01
   1.3400000e+02   1.0093090e+01
   1.3500000e+02   1.0093581e+01
   1.3600000e+02   1.0093086e+01
   1.3700000e+02   1.0093360e+01
   1.3800000e+02   1.0093276e+01
   1.3900000e+02   1.0093157e+01
   1.4000000e+02   1.0093187e+01
   1.4100000e+02   1.0093266e+01
   1.4200000e+02   1.0092981e+01
   1.4300000e+02   1.0092928e+01
   1.4400000e+02   1.0092877e+01
   1.4500000e+02   1.0092892e+01
   1.4600000e+02   1.0092841e+01
   1.4700000e+02   1.0092935e+01
   1.4800000e+02   1.0092863e+01
   1.4900000e+02   1.0093174e+01
   1.5000000e+02   1.0092893e+01
   1.5100000e+02   1.0092925e+01
   1.5200000e+02   1.0092965e+01
   1.5300000e+02   1.0092953e+01
   1.5400000e+02   1.0092804e+01
   1.5500000e+02   1.0092980e+01
   1.5600000e+02   1.0092764e+01
   1.5700000e+02   1.0092820e+01
   1.5800000e+02   1.0092529e+01
   1.5900000e+02   1.0092443e+01
   1.6000000e+02   1.0092736e+01
   1.6100000e+02   1.0092763e+01
   1.6200000e+02   1.0092478e+01
   1.6300000e+02   1.0092648e+01
   1.6400000e+02   1.0092371e+01
   1.6500000e+02   1.0092645e+01
   1.6600000e+02   1.0092160e+01
   1.6700000e+02   1.0090176e+01
   1.6800000e+02   1.0082119e+01
   1.6900000e+02   1.0073871e+01
   1.7000000e+02   1.0078552e+01
   1.7100000e+02   1.0085427e+01
   1.7200000e+02   1.0089191e+01
   1.7300000e+02   1.0090719e+01
   1.7400000e+02   1.0091466e+01
   1.7500000e+02   1.0091766e+01
   1.7600000e+02   1.0092015e+01
   1.7700000e+02   1.0092239e+01
   1.7800000e+02   1.0091463e+01
   1.7900000e+02   1.0089985e+01
   1.8000000e+02   1.0071517e+01
   1.8100000e+02   1.0048618e+01
   1.8200000e+02   1.0046804e+01
   1.8300000e+02   1.0057615e+01
   1.8400000e+02   1.0068190e+01
   1.8500000e+02   1.0070885e+01
   1.8600000e+02   1.0071213e+01
   1.8700000e+02   1.0074787e+01
   1.8800000e+02   1.0078966e+01
   1.8900000e+02   1.0082797e+01
   1.9000000e+02   1.0086387e+01
   1.9100000e+02   1.0088526e+01
   1.9200000e+02   1.0089671e+01
   1.9300000e+02   1.0090288e+01
   1.9400000e+02   1.0090603e+01
   1.9500000e+02   1.0090741e+01
   1.9600000e+02   1.0090977e+01
   1.9700000e+02   1.0090815e+01
   1.9800000e+02   1.0090909e+01
   1.9900000e+02   1.0091076e+01
   2.0000000e+02   1.0091097e+01
   2.0100000e+02   1.0091053e+01
   2.0200000e+02   1.0091085e+01
   2.0300000e+02   1.0091037e+01
   2.0400000e+02   1.0091016e+01
   2.0500000e+02   1.0090990e+01
   2.0600000e+02   1.0091145e+01
   2.0700000e+02   1.0091157e+01
   2.0800000e+02   1.0091032e+01
   2.0900000e+02   1.0090911e+01
   2.1000000e+02   1.0090885e+01
   2.1100000e+02   1.0091102e+01
   2.1200000e+02   1.0090945e+01
   2.1300000e+02   1.0090968e+01
   2.1400000e+02   1.0091141e+01
   2.1500000e+02   1.0090675e+01
   2.1600000e+02   1.0091030e+01
   2.1700000e+02   1.0090880e+01
   2.1800000e+02   1.0090797e+01
   2.1900000e+02   1.0090661e+01
   2.2000000e+02   1.0090705e+01
   2.2100000e+02   1.0090635e+01
   2.2200000e+02   1.0090668e+01
   2.2300000e+02   1.0090546e+01
   2.2400000e+02   1.0090122e+01
   2.2500000e+02   1.0089533e+01
   2.2600000e+02   1.0089384e+01
   2.2700000e+02   1.0088596e+01
   2.2800000e+02   1.0088255e+01
   2.2900000e+02   1.0088349e+01
   2.3000000e+02   1.0088336e+01
   2.3100000e+02   1.0088530e+01
   2.3200000e+02   1.0088809e+01
   2.3300000e+02   1.0089287e+01
   2.3400000e+02   1.0089177e+01
   2.3500000e+02   1.0089829e+01
   2.3600000e+02   1.0089924e+01
   2.3700000e+02   1.0090048e+01
   2.3800000e+02   1.0089962e+01
   2.3900000e+02   1.0089911e+01
   2.4000000e+02   1.0089622e+01
   2.4100000e+02   1.0089580e+01
   2.4200000e+02   1.0089900e+01
   2.4300000e+02   1.0089618e+01
   2.4400000e+02   1.0089771e+01
   2.4500000e+02   1.0089591e+01
   2.4600000e+02   1.0089018e+01
   2.4700000e+02   1.0087602e+01
   2.4800000e+02   1.0085221e+01
   2.4900000e+02   1.0081815e+01
   2.5000000e+02   1.0077524e+01
   2.5100000e+02   1.0074110e+01
   2.5200000e+02   1.0072031e+01
   2.5300000e+02   1.0072638e+01
   2.5400000e+02   1.0074705e+01
   2.5500000e+02   1.0077405e+01
   2.5600000e+02   1.0079825e+01
   2.5700000e+02   1.0081088e+01
   2.5800000e+02   1.0081373e+01
   2.5900000e+02   1.0080728e+01
   2.6000000e+02   1.0079199e+01
   2.6100000e+02   1.0078171e+01
   2.6200000e+02   1.0076861e+01
   2.6300000e+02   1.0076035e+01
   2.6400000e+02   1.0075248e+01
   2.6500000e+02   1.0074719e+01
   2.6600000e+02   1.0073763e+01
   2.6700000e+02   1.0073662e+01
   2.6800000e+02   1.0074162e+01
   2.6900000e+02   1.0075878e+01
   2.7000000e+02   1.0078244e+01
   2.7100000e+02   1.0080689e+01
   2.7200000e+02   1.0082848e+01
   2.7300000e+02   1.0084249e+01
   2.7400000e+02   1.0085057e+01
   2.7500000e+02   1.0085500e+01
   2.7600000e+02   1.0085656e+01
   2.7700000e+02   1.0085253e+01
   2.7800000e+02   1.0085049e+01
   2.7900000e+02   1.0085039e+01
   2.8000000e+02   1.0085027e+01
   2.8100000e+02   1.0085703e+01
   2.8200000e+02   1.0086054e+01
   2.8300000e+02   1.0086850e+01
   2.8400000e+02   1.0086513e+01
   2.8500000e+02   1.0086855e+01
   2.8600000e+02   1.0086719e+01
   2.8700000e+02   1.0086735e+01
   2.8800000e+02   1.0086819e+01
   2.8900000e+02   1.0087226e+01
   2.9000000e+02   1.0087419e+01
   2.9100000e+02   1.0087732e+01
   2.9200000e+02   1.0087885e+01
   2.9300000e+02   1.0088176e+01
   2.9400000e+02   1.0088475e+01
   2.9500000e+02   1.0088573e+01
   2.9600000e+02   1.0088520e+01
   2.9700000e+02   1.0088535e+01
   2.9800000e+02   1.0088700e+01
   2.9900000e+02   1.0088905e+01
   3.0000000e+02   1.0088806e+01
   3.0100000e+02   1.0088424e+01
   3.0200000e+02   1.0088602e+01
   3.0300000e+02   1.0088728e+01
   3.0400000e+02   1.0088278e+01
   3.0500000e+02   1.0087998e+01
   3.0600000e+02   1.0087189e+01
   3.0700000e+02   1.0086387e+01
   3.0800000e+02   1.0085686e+01
   3.0900000e+02   1.0084263e+01
   3.1000000e+02   1.0082713e+01
   3.1100000e+02   1.0080789e+01
   3.1200000e+02   1.0078133e+01
   3.1300000e+02   1.0074740e+01
   3.1400000e+02   1.0071942e+01
   3.1500000e+02   1.0069635e+01
   3.1600000e+02   1.0069049e+01
   3.1700000e+02   1.0069637e+01
   3.1800000e+02   1.0070815e+01
   3.1900000e+02   1.0071685e+01
   3.2000000e+02   1.0070969e+01
   3.2100000e+02   1.0069143e+01
   3.2200000e+02   1.0065042e+01
   3.2300000e+02   1.0060639e+01
   3.2400000e+02   1.0056856e+01
   3.2500000e+02   1.0054012e+01
   3.2600000e+02   1.0053353e+01
   3.2700000e+02   1.0054064e+01
   3.2800000e+02   1.0056349e+01
   3.2900000e+02   1.0058993e+01
   3.3000000e+02   1.0062457e+01
   3.3100000e+02   1.0066169e+01
   3.3200000e+02   1.0070263e+01
   3.3300000e+02   1.0074238e+01
   3.3400000e+02   1.0077492e+01
   3.3500000e+02   1.0080220e+01
   3.3600000e+02   1.0082210e+01
   3.3700000e+02   1.0083105e+01
   3.3800000e+02   1.0083709e+01
   3.3900000e+02   1.0083179e+01
   3.4000000e+02   1.0082228e+01
   3.4100000e+02   1.0080798e+01
   3.4200000e+02   1.0079467e+01
   3.4300000e+02   1.0078243e+01
   3.4400000e+02   1.0078152e+01
   3.4500000e+02   1.0078476e+01
   3.4600000e+02   1.0079393e+01
   3.4700000e+02   1.0080688e+01
   3.4800000e+02   1.0082249e+01
   3.4900000e+02   1.0083459e+01
   3.5000000e+02   1.0084811e+01
   3.5100000e+02   1.0085298e+01
   3.5200000e+02   1.0086129e+01
   3.5300000e+02   1.0086584e+01
   3.5400000e+02   1.0086945e+01
   3.5500000e+02   1.0087088e+01
   3.5600000e+02   1.0087182e+01
   3.5700000e+02   1.0087564e+01
   3.5800000e+02   1.0087451e+01
   3.5900000e+02   1.0087632e+01
   3.6000000e+02   1.0087480e+01
   3.6100000e+02   1.0087331e+01
   3.6200000e+02   1.0087202e+01
   3.6300000e+02   1.0086792e+01
   3.6400000e+02   1.0086483e+01
   3.6500000e+02   1.0086217e+01
   3.6600000e+02   1.0086127e+01
   3.6700000e+02   1.0086018e+01
   3.6800000e+02   1.0085870e+01
   3.6900000e+02   1.0086153e+01
   3.7000000e+02   1.0086533e+01
   3.7100000e+02   1.0086532e+01
   3.7200000e+02   1.0086981e+01
   3.7300000e+02   1.0086833e+01
   3.7400000e+02   1.0087337e+01
   3.7500000e+02   1.0087417e+01
   3.7600000e+02   1.0087323e+01
   3.7700000e+02   1.0087700e+01
   3.7800000e+02   1.0087840e+01
   3.7900000e+02   1.0087812e+01
   3.8000000e+02   1.0087799e+01
   3.8100000e+02   1.0087704e+01
   3.8200000e+02   1.0087946e+01
   3.8300000e+02   1.0087831e+01
   3.8400000e+02   1.0087659e+01
   3.8500000e+02   1.0087795e+01
   3.8600000e+02   1.0087906e+01
   3.8700000e+02   1.0087920e+01
   3.8800000e+02   1.0087741e+01
   3.8900000e+02   1.0087407e+01
   3.9000000e+02   1.0087474e+01
   3.9100000e+02   1.0087080e+01
   3.9200000e+02   1.0086765e+01
   3.9300000e+02   1.0086264e+01
   3.9400000e+02   1.0086327e+01
   3.9500000e+02   1.0086175e+01
   3.9600000e+02   1.0085855e+01
   3.9700000e+02   1.0085885e+01
   3.9800000e+02   1.0085953e+01
   3.9900000e+02   1.0086005e+01
   4.0000000e+02   1.0086152e+01
   4.0100000e+02   1.0086638e+01
   4.0200000e+02   1.0086481e+01
   4.0300000e+02   1.0086812e+01
   4.0400000e+02   1.0087086e+01
   4.0500000e+02   1.0087233e+01
   4.0600000e+02   1.0087264e+01
   4.0700000e+02   1.0087367e+01
   4.0800000e+02   1.0087303e+01
   4.0900000e+02   1.0087611e+01
   4.1000000e+02   1.0087245e+01
   4.1100000e+02   1.0087079e+01
   4.1200000e+02   1.0087261e+01
   4.1300000e+02   1.0087326e+01
   4.1400000e+02   1.0087406e+01
   4.1500000e+02   1.0087210e+01
   4.1600000e+02   1.0087313e+01
   4.1700000e+02   1.0087336e+01
   4.1800000e+02   1.0087096e+01
   4.1900000e+02   1.0087125e+01
   4.2000000e+02   1.0087320e+01
   4.2100000e+02   1.0086960e+01
   4.2200000e+02   1.0087278e+01
   4.2300000e+02   1.0087385e+01
   4.2400000e+02   1.0087349e+01
   4.2500000e+02   1.0087548e+01
   4.2600000e+02   1.0087327e+01
   4.2700000e+02   1.0087310e+01
   4.2800000e+02   1.0087247e+01
   4.2900000e+02   1.0087473e+01
   4.3000000e+02   1.0087194e+01
   4.3100000e+02   1.0087243e+01
   4.3200000e+02   1.0087186e+01
   4.3300000e+02   1.0087303e+01
   4.3400000e+02   1.0087152e+01
   4.3500000e+02   1.0087278e+01
   4.3600000e+02   1.0087262e+01
   4.3700000e+02   1.0087233e+01
   4.3800000e+02   1.0087129e+01
   4.3900000e+02   1.0087302e+01
   4.4000000e+02   1.0086975e+01
   4.4100000e+02   1.0086814e+01
   4.4200000e+02   1.0086999e+01
   4.4300000e+02   1.0086930e+01
   4.4400000e+02   1.0086489e+01
   4.4500000e+02   1.0086479e+01
   4.4600000e+02   1.0085670e+01
   4.4700000e+02   1.0085130e+01
   4.4800000e+02   1.0084242e+01
   4.4900000e+02   1.0082915e+01
   4.5000000e+02   1.0081788e+01
   4.5100000e+02   1.0080273e+01
   4.5200000e+02   1.0078705e+01
   4.5300000e+02   1.0077492e+01
   4.5400000e+02   1.0076157e+01
   4.5500000e+02   1.0075937e+01
   4.5600000e+02   1.0075834e+01
   4.5700000e+02   1.0076215e+01
   4.5800000e+02   1.0077011e+01
   4.5900000e+02   1.0078681e+01
   4.6000000e+02   1.0080085e+01
   4.6100000e+02   1.0081149e+01
   4.6200000e+02   1.0082495e+01
   4.6300000e+02   1.0083531e+01
   4.6400000e+02   1.0084335e+01
   4.6500000e+02   1.0085172e+01
   4.6600000e+02   1.0085468e+01
   4.6700000e+02   1.0085634e+01
   4.6800000e+02   1.0085994e+01
   4.6900000e+02   1.0086101e+01
   4.7000000e+02   1.0086325e+01
   4.7100000e+02   1.0086231e+01
   4.7200000e+02   1.0086361e+01
   4.7300000e+02   1.0086309e+01
   4.7400000e+02   1.0086093e+01
   4.7500000e+02   1.0086453e+01
   4.7600000e+02   1.0086390e+01
   4.7700000e+02   1.0086514e+01
   4.7800000e+02   1.0086533e+01
   4.7900000e+02   1.0086506e+01
   4.8000000e+02   1.0086469e+01
   4.8100000e+02   1.0086508e+01
   4.8200000e+02   1.0086546e+01
   4.8300000e+02   1.0086502e+01
   4.8400000e+02   1.0086446e+01
   4.8500000e+02   1.0086524e+01
   4.8600000e+02   1.0086489e+01
   4.8700000e+02   1.0086392e+01
   4.8800000e+02   1.0086550e+01
   4.8900000e+02   1.0086550e+01
   4.9000000e+02   1.0086634e+01
   4.9100000e+02   1.0086623e+01
   4.9200000e+02   1.0086275e+01
   4.9300000e+02   1.0086162e+01
   4.9400000e+02   1.0086149e+01
   4.9500000e+02   1.0086271e+01
   4.9600000e+02   1.0086229e+01
   4.9700000e+02   1.0086182e+01
   4.9800000e+02   1.0086094e+01
   4.9900000e+02   1.0086269e+01
   5.0000000e+02   1.0085716e+01
   5.0100000e+02   1.0085915e+01
   5.0200000e+02   1.0086012e+01
   5.0300000e+02   1.0086150e+01
   5.0400000e+02   1.0086147e+01
   5.0500000e+02   1.0086063e+01
   5.0600000e+02   1.0085956e+01
   5.0700000e+02   1.0086101e+01
   5.0800000e+02   1.0085934e+01
   5.0900000e+02   1.0085948e+01
   5.1000000e+02   1.0085710e+01
   5.1100000e+02   1.0085795e+01
   5.1200000e+02   1.0085927e+01
   5.1300000e+02   1.0085901e+01
   5.1400000e+02   1.0085817e+01
   5.1500000e+02   1.0085929e+01
   5.1600000e+02   1.0085742e+01
   5.1700000e+02   1.0085901e+01
   5.1800000e+02   1.0085707e+01
   5.1900000e+02   1.0085851e+01
   5.2000000e+02   1.0085789e+01
   5.2100000e+02   1.0085798e+01
   5.2200000e+02   1.0085544e+01
   5.2300000e+02   1.0085953e+01
   5.2400000e+02   1.0085720e+01
   5.2500000e+02   1.0085945e+01
   5.2600000e+02   1.0085849e+01
   5.2700000e+02   1.0085921e+01
   5.2800000e+02   1.0085716e+01
   5.2900000e+02   1.0086143e+01
   5.3000000e+02   1.0085799e+01
   5.3100000e+02   1.0085937e+01
   5.3200000e+02   1.0086001e+01
   5.3300000e+02   1.0085743e+01
   5.3400000e+02   1.0085518e+01
   5.3500000e+02   1.0085693e+01
   5.3600000e+02   1.0085901e+01
   5.3700000e+02   1.0085806e+01
   5.3800000e+02   1.0085644e+01
   5.3900000e+02   1.0085811e+01
   5.4000000e+02   1.0085546e+01
   5.4100000e+02   1.0085825e+01
   5.4200000e+02   1.0085781e+01
   5.4300000e+02   1.0085676e+01
   5.4400000e+02   1.0085538e+01
   5.4500000e+02   1.0085409e+01
   5.4600000e+02   1.0085647e+01
   5.4700000e+02   1.0085833e+01
   5.4800000e+02   1.0085509e+01
   5.4900000e+02   1.0085540e+01
   5.5000000e+02   1.0085488e+01
   5.5100000e+02   1.0085512e+01
   5.5200000e+02   1.0085670e+01
   5.5300000e+02   1.0085289e+01
   5.5400000e+02   1.0085231e+01
   5.5500000e+02   1.0085246e+01
   5.5600000e+02   1.0085318e+01
   5.5700000e+02   1.0085557e+01
   5.5800000e+02   1.0085444e+01
   5.5900000e+02   1.0085615e+01
   5.6000000e+02   1.0085141e+01
   5.6100000e+02   1.0085441e+01
   5.6200000e+02   1.0085486e+01
   5.6300000e+02   1.0085401e+01
   5.6400000e+02   1.0085287e+01
   5.6500000e+02   1.0085655e+01
   5.6600000e+02   1.0085342e+01
   5.6700000e+02   1.0085238e+01
   5.6800000e+02   1.0085560e+01
   5.6900000e+02   1.0085274e+01
   5.7000000e+02   1.0085107e+01
   5.7100000e+02   1.0085313e+01
   5.7200000e+02   1.0085510e+01
   5.7300000e+02   1.0085096e+01
   5.7400000e+02   1.0085138e+01
   5.7500000e+02   1.0085095e+01
   5.7600000e+02   1.0085267e+01
   5.7700000e+02   1.0085231e+01
   5.7800000e+02   1.0085187e+01
   5.7900000e+02   1.0085156e+01
   5.8000000e+02   1.0085001e+01
   5.8100000e+02   1.0085058e+01
   5.8200000e+02   1.0084995e+01
   5.8300000e+02   1.0084997e+01
   5.8400000e+02   1.0084945e+01
   5.8500000e+02   1.0084888e+01
   5.8600000e+02   1.0084804e+01
   5.8700000e+02   1.0084887e+01
   5.8800000e+02   1.0084889e+01
   5.8900000e+02   1.0084942e+01
   5.9000000e+02   1.0085169e+01
   5.9100000e+02   1.0084861e+01
   5.9200000e+02   1.0084938e+01
   5.9300000e+02   1.0084918e+01
   5.9400000e+02   1.0084746e+01
   5.9500000e+02   1.0084859e+01
   5.9600000e+02   1.0085123e+01
   5.9700000e+02   1.0085006e+01
   5.9800000e+02   1.0084837e+01
   5.9900000e+02   1.0084916e+01
   6.0000000e+02   1.0085153e+01
   6.0100000e+02   1.0084762e+01
   6.0200000e+02   1.0084856e+01
   6.0300000e+02   1.0084860e+01
   6.0400000e+02   1.0084991e+01
   6.0500000e+02   1.0084602e+01
   6.0600000e+02   1.0085117e+01
   6.0700000e+02   1.0084909e+01
   6.0800000e+02   1.0084939e+01
   6.0900000e+02   1.0085125e+01
   6.1000000e+02   1.0085098e+01
   6.1100000e+02   1.0084950e+01
   6.1200000e+02   1.0084916e+01
   6.1300000e+02   1.0084909e+01
   6.1400000e+02   1.0085002e+01
   6.1500000e+02   1.0084972e+01
   6.1600000e+02   1.0084703e+01
   6.1700000e+02   1.0084631e+01
   6.1800000e+02   1.0084610e+01
   6.1900000e+02   1.0084823e+01
   6.2000000e+02   1.0084421e+01
   6.2100000e+02   1.0084693e+01
   6.2200000e+02   1.0084645e+01
   6.2300000e+02   1.0084627e+01
   6.2400000e+02   1.0084743e+01
   6.2500000e+02   1.0084404e+01
   6.2600000e+02   1.0084556e+01
   6.2700000e+02   1.0084361e+01
   6.2800000e+02   1.0084656e+01
   6.2900000e+02   1.0084396e+01
   6.3000000e+02   1.0084573e+01
   6.3100000e+02   1.0084362e+01
   6.3200000e+02   1.0084536e+01
   6.3300000e+02   1.0084464e+01
   6.3400000e+02   1.0084541e+01
   6.3500000e+02   1.0084375e+01
   6.3600000e+02   1.0084405e+01
   6.3700000e+02   1.0084335e+01
   6.3800000e+02   1.0084631e+01
   6.3900000e+02   1.0084441e+01
   6.4000000e+02   1.0084525e+01
   6.4100000e+02   1.0084364e+01
   6.4200000e+02   1.0084672e+01
   6.4300000e+02   1.0084419e+01
   6.4400000e+02   1.0084280e+01
   6.4500000e+02   1.0084820e+01
   6.4600000e+02   1.0084686e+01
   6.4700000e+02   1.0084222e+01
   6.4800000e+02   1.0084377e+01
   6.4900000e+02   1.0084607e+01
   6.5000000e+02   1.0084412e+01
   6.5100000e+02   1.0084427e+01
   6.5200000e+02   1.0084434e+01
   6.5300000e+02   1.0084414e+01
   6.5400000e+02   1.0084554e+01
   6.5500000e+02   1.0084618e+01
   6.5600000e+02   1.0084319e+01
   6.5700000e+02   1.0084348e+01
   6.5800000e+02   1.0084461e+01
   6.5900000e+02   1.0084267e+01
   6.6000000e+02   1.0084301e+01
   6.6100000e+02   1.0084517e+01
   6.6200000e+02   1.0084000e+01
   6.6300000e+02   1.0084147e+01
   6.6400000e+02   1.0084010e+01
   6.6500000e+02   1.0084325e+01
   6.6600000e+02   1.0084245e+01
   6.6700000e+02   1.0084142e+01
   6.6800000e+02   1.0083861e+01
   6.6900000e+02   1.0083934e+01
   6.7000000e+02   1.0084068e+01
   6.7100000e+02   1.0084093e+01
   6.7200000e+02   1.0083951e+01
   6.7300000e+02   1.0084060e+01
   6.7400000e+02   1.0084006e+01
   6.7500000e+02   1.0084064e+01
   6.7600000e+02   1.0083908e+01
   6.7700000e+02   1.0083680e+01
   6.7800000e+02   1.0084053e+01
   6.7900000e+02   1.0083969e+01
   6.8000000e+02   1.0083977e+01
   6.8100000e+02   1.0084030e+01
   6.8200000e+02   1.0083852e+01
   6.8300000e+02   1.0084055e+01
   6.8400000e+02   1.0083776e+01
   6.8500000e+02   1.0083947e+01
   6.8600000e+02   1.0083799e+01
   6.8700000e+02   1.0083829e+01
   6.8800000e+02   1.0083979e+01
   6.8900000e+02   1.0083912e+01
   6.9000000e+02   1.0083562e+01
   6.9100000e+02   1.0083676e+01
   6.9200000e+02   1.0083833e+01
   6.9300000e+02   1.0083355e+01
   6.9400000e+02   1.0083770e+01
   6.9500000e+02   1.0083618e+01
   6.9600000e+02   1.0083494e+01
   6.9700000e+02   1.0083710e+01
   6.9800000e+02   1.0083650e+01
   6.9900000e+02   1.0083771e+01
   7.0000000e+02   1.0084038e+01
   7.0100000e+02   1.0083569e+01
   7.0200000e+02   1.0083778e+01
   7.0300000e+02   1.0083932e+01
   7.0400000e+02   1.0083867e+01
   7.0500000e+02   1.0083781e+01
   7.0600000e+02   1.0083772e+01
   7.0700000e+02   1.0083930e+01
   7.0800000e+02   1.0083462e+01
   7.0900000e+02   1.0083633e+01
   7.1000000e+02   1.0083305e+01
   7.1100000e+02   1.0083602e+01
   7.1200000e+02   1.0083577e+01
   7.1300000e+02   1.0083797e+01
   7.1400000e+02   1.0083449e+01
   7.1500000e+02   1.0083644e+01
   7.1600000e+02   1.0083464e+01
   7.1700000e+02   1.0083349e+01
   7.1800000e+02   1.0083304e+01
   7.1900000e+02   1.0083538e+01
   7.2000000e+02   1.0083339e+01
   7.2100000e+02   1.0083427e+01
   7.2200000e+02   1.0083358e+01
   7.2300000e+02   1.0083221e+01
   7.2400000e+02   1.0083424e+01
   7.2500000e+02   1.0083317e+01
   7.2600000e+02   1.0083232e+01
   7.2700000e+02   1.0083364e+01
   7.2800000e+02   1.0083371e+01
   7.2900000e+02   1.0083233e+01
   7.3000000e+02   1.0083313e+01
   7.3100000e+02   1.0083243e+01
   7.3200000e+02   1.0083319e+01
   7.3300000e+02   1.0083488e+01
   7.3400000e+02   1.0083263e+01
   7.3500000e+02   1.0083287e+01
   7.3600000e+02   1.0083298e+01
   7.3700000e+02   1.0083520e+01
   7.3800000e+02   1.0083025e+01
   7.3900000e+02   1.0083329e+01
   7.4000000e+02   1.0083274e+01
   7.4100000e+02   1.0083138e+01
   7.4200000e+02   1.0083032e+01
   7.4300000e+02   1.0083147e+01
   7.4400000e+02   1.0082955e+01
   7.4500000e+02   1.0082902e+01
   7.4600000e+02   1.0083216e+01
   7.4700000e+02   1.0083229e+01
   7.4800000e+02   1.0083198e+01
   7.4900000e+02   1.0083226e+01
   7.5000000e+02   1.0083111e+01
   7.5100000e+02   1.0082975e+01
   7.5200000e+02   1.0082804e+01
   7.5300000e+02   1.0082902e+01
   7.5400000e+02   1.0083083e+01
   7.5500000e+02   1.0082958e+01
   7.5600000e+02   1.0083233e+01
   7.5700000e+02   1.0082804e+01
   7.5800000e+02   1.0083220e+01
   7.5900000e+02   1.0083033e+01
   7.6000000e+02   1.0083140e+01
   7.6100000e+02   1.0083113e+01
   7.6200000e+02   1.0082997e+01
   7.6300000e+02   1.0082997e+01
   7.6400000e+02   1.0082974e+01
   7.6500000e+02   1.0082987e+01
   7.6600000e+02   1.0082755e+01
   7.6700000e+02   1.0083223e+01
   7.6800000e+02   1.0082730e+01
   7.6900000e+02   1.0082955e+01
   7.7000000e+02   1.0082932e+01
   7.7100000e+02   1.0082959e+01
   7.7200000e+02   1.0082675e+01
   7.7300000e+02   1.0082775e+01
   7.7400000e+02   1.0082859e+01
   7.7500000e+02   1.0082630e+01
   7.7600000e+02   1.0082639e+01
   7.7700000e+02   1.0082665e+01
   7.7800000e+02   1.0082727e+01
   7.7900000e+02   1.0082643e+01
   7.8000000e+02   1.0082691e+01
