   0.0000000e+00   1.0102179e+01
   1.0000000e+00   1.0097376e+01
   2.0000000e+00   1.0095684e+01
   3.0000000e+00   1.0094899e+01
   4.0000000e+00   1.0094402e+01
   5.0000000e+00   1.0093731e+01
   6.0000000e+00   1.0093640e+01
   7.0000000e+00   1.0093094e+01
   8.0000000e+00   1.0092696e+01
   9.0000000e+00   1.0092142e+01
   1.0000000e+01   1.0092033e+01
   1.1000000e+01   1.0092003e+01
   1.2000000e+01   1.0091681e+01
   1.3000000e+01   1.0091544e+01
   1.4000000e+01   1.0090999e+01
   1.5000000e+01   1.0090823e+01
   1.6000000e+01   1.0090990e+01
   1.7000000e+01   1.0090623e+01
   1.8000000e+01   1.0090598e+01
   1.9000000e+01   1.0090432e+01
   2.0000000e+01   1.0090277e+01
   2.1000000e+01   1.0090017e+01
   2.2000000e+01   1.0090042e+01
   2.3000000e+01   1.0089699e+01
   2.4000000e+01   1.0089857e+01
   2.5000000e+01   1.0089607e+01
   2.6000000e+01   1.0089426e+01
   2.7000000e+01   1.0089312e+01
   2.8000000e+01   1.0089356e+01
   2.9000000e+01   1.0089161e+01
   3.0000000e+01   1.0089177e+01
   3.1000000e+01   1.0088713e+01
   3.2000000e+01   1.0088761e+01
   3.3000000e+01   1.0088689e+01
   3.4000000e+01   1.0088830e+01
   3.5000000e+01   1.0088318e+01
   3.6000000e+01   1.0088436e+01
   3.7000000e+01   1.0088323e+01
   3.8000000e+01   1.0088478e+01
   3.9000000e+01   1.0088435e+01
   4.0000000e+01   1.0088162e+01
   4.1000000e+01   1.0088207e+01
   4.2000000e+01   1.0088064e+01
   4.3000000e+01   1.0088018e+01
   4.4000000e+01   1.0087878e+01
   4.5000000e+01   1.0088020e+01
   4.6000000e+01   1.0087802e+01
   4.7000000e+01   1.0087731e+01
   4.8000000e+01   1.0087341e+01
   4.9000000e+01   1.0087346e+01
   5.0000000e+01   1.0087281e+01
   5.1000000e+01   1.0087339e+01
   5.2000000e+01   1.0087308e+01
   5.3000000e+01   1.0087027e+01
   5.4000000e+01   1.0086940e+01
   5.5000000e+01   1.0087131e+01
   5.6000000e+01   1.0087072e+01
   5.7000000e+01   1.0086775e+01
   5.8000000e+01   1.0086984e+01
   5.9000000e+01   1.0086766e+01
   6.0000000e+01   1.0086542e+01
   6.1000000e+01   1.0086594e+01
   6.2000000e+01   1.0086764e+01
   6.3000000e+01   1.0086513e+01
   6.4000000e+01   1.0086329e+01
   6.5000000e+01   1.0086313e+01
   6.6000000e+01   1.0086417e+01
   6.7000000e+01   1.0086559e+01
   6.8000000e+01   1.0086351e+01
   6.9000000e+01   1.0086126e+01
   7.0000000e+01   1.0086155e+01
   7.1000000e+01   1.0085995e+01
   7.2000000e+01   1.0086087e+01
   7.3000000e+01   1.0085995e+01
   7.4000000e+01   1.0085780e+01
   7.5000000e+01   1.0085871e+01
   7.6000000e+01   1.0085807e+01
   7.7000000e+01   1.0085765e+01
   7.8000000e+01   1.0085703e+01
   7.9000000e+01   1.0085756e+01
   8.0000000e+01   1.0085759e+01
   8.1000000e+01   1.0085520e+01
   8.2000000e+01   1.0085695e+01
   8.3000000e+01   1.0085408e+01
   8.4000000e+01   1.0085489e+01
   8.5000000e+01   1.0085575e+01
   8.6000000e+01   1.0085362e+01
   8.7000000e+01   1.0085297e+01
   8.8000000e+01   1.0084990e+01
   8.9000000e+01   1.0085209e+01
   9.0000000e+01   1.0085052e+01
   9.1000000e+01   1.0085111e+01
   9.2000000e+01   1.0085130e+01
   9.3000000e+01   1.0084887e+01
   9.4000000e+01   1.0085000e+01
   9.5000000e+01   1.0084881e+01
   9.6000000e+01   1.0084687e+01
   9.7000000e+01   1.0084783e+01
   9.8000000e+01   1.0084697e+01
   9.9000000e+01   1.0084802e+01
   1.0000000e+02   1.0084301e+01
   1.0100000e+02   1.0084611e+01
   1.0200000e+02   1.0084491e+01
   1.0300000e+02   1.0084345e+01
   1.0400000e+02   1.0084433e+01
   1.0500000e+02   1.0084595e+01
   1.0600000e+02   1.0084409e+01
   1.0700000e+02   1.0084532e+01
   1.0800000e+02   1.0084327e+01
   1.0900000e+02   1.0084227e+01
   1.1000000e+02   1.0084070e+01
   1.1100000e+02   1.0084146e+01
   1.1200000e+02   1.0084289e+01
   1.1300000e+02   1.0084186e+01
   1.1400000e+02   1.0083994e+01
   1.1500000e+02   1.0083906e+01
   1.1600000e+02   1.0084146e+01
   1.1700000e+02   1.0083918e+01
   1.1800000e+02   1.0084028e+01
   1.1900000e+02   1.0083932e+01
   1.2000000e+02   1.0083814e+01
   1.2100000e+02   1.0083789e+01
   1.2200000e+02   1.0083645e+01
   1.2300000e+02   1.0083665e+01
   1.2400000e+02   1.0083620e+01
   1.2500000e+02   1.0083908e+01
   1.2600000e+02   1.0083635e+01
   1.2700000e+02   1.0083297e+01
   1.2800000e+02   1.0083388e+01
   1.2900000e+02   1.0083505e+01
   1.3000000e+02   1.0083606e+01
   1.3100000e+02   1.0083640e+01
   1.3200000e+02   1.0083501e+01
   1.3300000e+02   1.0082960e+01
   1.3400000e+02   1.0083446e+01
   1.3500000e+02   1.0083383e+01
   1.3600000e+02   1.0083140e+01
   1.3700000e+02   1.0083149e+01
   1.3800000e+02   1.0083403e+01
   1.3900000e+02   1.0083248e+01
   1.4000000e+02   1.0083154e+01
   1.4100000e+02   1.0083054e+01
   1.4200000e+02   1.0083315e+01
   1.4300000e+02   1.0083319e+01
   1.4400000e+02   1.0083238e+01
   1.4500000e+02   1.0083296e+01
   1.4600000e+02   1.0082968e+01
   1.4700000e+02   1.0083046e+01
   1.4800000e+02   1.0082999e+01
   1.4900000e+02   1.0082751e+01
   1.5000000e+02   1.0082891e+01
   1.5100000e+02   1.0082780e+01
   1.5200000e+02   1.0083009e+01
   1.5300000e+02   1.0082861e+01
   1.5400000e+02   1.0082564e+01
   1.5500000e+02   1.0082895e+01
   1.5600000e+02   1.0082589e+01
   1.5700000e+02   1.0082816e+01
   1.5800000e+02   1.0082620e+01
   1.5900000e+02   1.0082772e+01
   1.6000000e+02   1.0082757e+01
   1.6100000e+02   1.0082439e+01
   1.6200000e+02   1.0082717e+01
   1.6300000e+02   1.0082607e+01
   1.6400000e+02   1.0082570e+01
   1.6500000e+02   1.0082531e+01
   1.6600000e+02   1.0082582e+01
   1.6700000e+02   1.0080190e+01
   1.6800000e+02   1.0071927e+01
   1.6900000e+02   1.0063771e+01
   1.7000000e+02   1.0068470e+01
   1.7100000e+02   1.0075806e+01
   1.7200000e+02   1.0079383e+01
   1.7300000e+02   1.0081063e+01
   1.7400000e+02   1.0081380e+01
   1.7500000e+02   1.0081672e+01
   1.7600000e+02   1.0082078e+01
   1.7700000e+02   1.0082338e+01
   1.7800000e+02   1.0081991e+01
   1.7900000e+02   1.0079705e+01
   1.8000000e+02   1.0056389e+01
   1.8100000e+02   1.0033850e+01
   1.8200000e+02   1.0040679e+01
   1.8300000e+02   1.0052444e+01
   1.8400000e+02   1.0059094e+01
   1.8500000e+02   1.0061833e+01
   1.8600000e+02   1.0063167e+01
   1.8700000e+02   1.0064468e+01
   1.8800000e+02   1.0066958e+01
   1.8900000e+02   1.0071871e+01
   1.9000000e+02   1.0075811e+01
   1.9100000e+02   1.0078453e+01
   1.9200000e+02   1.0079263e+01
   1.9300000e+02   1.0080029e+01
   1.9400000e+02   1.0080776e+01
   1.9500000e+02   1.0080553e+01
   1.9600000e+02   1.0080730e+01
   1.9700000e+02   1.0080885e+01
   1.9800000e+02   1.0081096e+01
   1.9900000e+02   1.0080963e+01
   2.0000000e+02   1.0080987e+01
   2.0100000e+02   1.0081016e+01
   2.0200000e+02   1.0080812e+01
   2.0300000e+02   1.0081009e+01
   2.0400000e+02   1.0081142e+01
   2.0500000e+02   1.0081158e+01
   2.0600000e+02   1.0080951e+01
   2.0700000e+02   1.0080991e+01
   2.0800000e+02   1.0081138e+01
   2.0900000e+02   1.0080925e+01
   2.1000000e+02   1.0080960e+01
   2.1100000e+02   1.0081024e+01
   2.1200000e+02   1.0080907e+01
   2.1300000e+02   1.0080897e+01
   2.1400000e+02   1.0080862e+01
   2.1500000e+02   1.0080926e+01
   2.1600000e+02   1.0080904e+01
   2.1700000e+02   1.0080856e+01
   2.1800000e+02   1.0080879e+01
   2.1900000e+02   1.0080754e+01
   2.2000000e+02   1.0080651e+01
   2.2100000e+02   1.0080762e+01
   2.2200000e+02   1.0080830e+01
   2.2300000e+02   1.0080769e+01
   2.2400000e+02   1.0080440e+01
   2.2500000e+02   1.0080203e+01
   2.2600000e+02   1.0080101e+01
   2.2700000e+02   1.0080016e+01
   2.2800000e+02   1.0080126e+01
   2.2900000e+02   1.0079945e+01
   2.3000000e+02   1.0080013e+01
   2.3100000e+02   1.0079897e+01
   2.3200000e+02   1.0079827e+01
   2.3300000e+02   1.0080300e+01
   2.3400000e+02   1.0080255e+01
   2.3500000e+02   1.0080074e+01
   2.3600000e+02   1.0080205e+01
   2.3700000e+02   1.0080129e+01
   2.3800000e+02   1.0080128e+01
   2.3900000e+02   1.0080217e+01
   2.4000000e+02   1.0079958e+01
   2.4100000e+02   1.0080045e+01
   2.4200000e+02   1.0079807e+01
   2.4300000e+02   1.0080176e+01
   2.4400000e+02   1.0080169e+01
   2.4500000e+02   1.0079504e+01
   2.4600000e+02   1.0079529e+01
   2.4700000e+02   1.0078604e+01
   2.4800000e+02   1.0077526e+01
   2.4900000e+02   1.0075765e+01
   2.5000000e+02   1.0073604e+01
   2.5100000e+02   1.0072135e+01
   2.5200000e+02   1.0071324e+01
   2.5300000e+02   1.0071463e+01
   2.5400000e+02   1.0072360e+01
   2.5500000e+02   1.0073652e+01
   2.5600000e+02   1.0074738e+01
   2.5700000e+02   1.0075486e+01
   2.5800000e+02   1.0075403e+01
   2.5900000e+02   1.0075128e+01
   2.6000000e+02   1.0074539e+01
   2.6100000e+02   1.0073893e+01
   2.6200000e+02   1.0073177e+01
   2.6300000e+02   1.0072903e+01
   2.6400000e+02   1.0072412e+01
   2.6500000e+02   1.0071958e+01
   2.6600000e+02   1.0071661e+01
   2.6700000e+02   1.0071325e+01
   2.6800000e+02   1.0071689e+01
   2.6900000e+02   1.0072442e+01
   2.7000000e+02   1.0073885e+01
   2.7100000e+02   1.0074981e+01
   2.7200000e+02   1.0075872e+01
   2.7300000e+02   1.0076586e+01
   2.7400000e+02   1.0077075e+01
   2.7500000e+02   1.0077140e+01
   2.7600000e+02   1.0077003e+01
   2.7700000e+02   1.0077106e+01
   2.7800000e+02   1.0077021e+01
   2.7900000e+02   1.0076890e+01
   2.8000000e+02   1.0077076e+01
   2.8100000e+02   1.0077333e+01
   2.8200000e+02   1.0077199e+01
   2.8300000e+02   1.0077553e+01
   2.8400000e+02   1.0077566e+01
   2.8500000e+02   1.0077495e+01
   2.8600000e+02   1.0077636e+01
   2.8700000e+02   1.0077677e+01
   2.8800000e+02   1.0077538e+01
   2.8900000e+02   1.0077904e+01
   2.9000000e+02   1.0077880e+01
   2.9100000e+02   1.0077974e+01
   2.9200000e+02   1.0077794e+01
   2.9300000e+02   1.0077717e+01
   2.9400000e+02   1.0078152e+01
   2.9500000e+02   1.0077865e+01
   2.9600000e+02   1.0078097e+01
   2.9700000e+02   1.0078334e+01
   2.9800000e+02   1.0078270e+01
   2.9900000e+02   1.0078194e+01
   3.0000000e+02   1.0078431e+01
   3.0100000e+02   1.0078302e+01
   3.0200000e+02   1.0078068e+01
   3.0300000e+02   1.0078183e+01
   3.0400000e+02   1.0078209e+01
   3.0500000e+02   1.0077764e+01
   3.0600000e+02   1.0077127e+01
   3.0700000e+02   1.0076335e+01
   3.0800000e+02   1.0075365e+01
   3.0900000e+02   1.0074616e+01
   3.1000000e+02   1.0073083e+01
   3.1100000e+02   1.0071506e+01
   3.1200000e+02   1.0069162e+01
   3.1300000e+02   1.0066370e+01
   3.1400000e+02   1.0063817e+01
   3.1500000e+02   1.0061988e+01
   3.1600000e+02   1.0061656e+01
   3.1700000e+02   1.0061737e+01
   3.1800000e+02   1.0063102e+01
   3.1900000e+02   1.0063504e+01
   3.2000000e+02   1.0062989e+01
   3.2100000e+02   1.0060754e+01
   3.2200000e+02   1.0057240e+01
   3.2300000e+02   1.0053263e+01
   3.2400000e+02   1.0049976e+01
   3.2500000e+02   1.0047886e+01
   3.2600000e+02   1.0047377e+01
   3.2700000e+02   1.0047703e+01
   3.2800000e+02   1.0049490e+01
   3.2900000e+02   1.0052001e+01
   3.3000000e+02   1.0054957e+01
   3.3100000e+02   1.0058491e+01
   3.3200000e+02   1.0062036e+01
   3.3300000e+02   1.0064870e+01
   3.3400000e+02   1.0068031e+01
   3.3500000e+02   1.0070502e+01
   3.3600000e+02   1.0072232e+01
   3.3700000e+02   1.0073035e+01
   3.3800000e+02   1.0073118e+01
   3.3900000e+02   1.0072962e+01
   3.4000000e+02   1.0071777e+01
   3.4100000e+02   1.0070769e+01
   3.4200000e+02   1.0069312e+01
   3.4300000e+02   1.0068580e+01
   3.4400000e+02   1.0068543e+01
   3.4500000e+02   1.0068875e+01
   3.4600000e+02   1.0069878e+01
   3.4700000e+02   1.0070958e+01
   3.4800000e+02   1.0072068e+01
   3.4900000e+02   1.0073479e+01
   3.5000000e+02   1.0074356e+01
   3.5100000e+02   1.0075176e+01
   3.5200000e+02   1.0075469e+01
   3.5300000e+02   1.0075746e+01
   3.5400000e+02   1.0076029e+01
   3.5500000e+02   1.0076395e+01
   3.5600000e+02   1.0076525e+01
   3.5700000e+02   1.0076580e+01
   3.5800000e+02   1.0076621e+01
   3.5900000e+02   1.0076609e+01
   3.6000000e+02   1.0076589e+01
   3.6100000e+02   1.0076638e+01
   3.6200000e+02   1.0076144e+01
   3.6300000e+02   1.0075927e+01
   3.6400000e+02   1.0075840e+01
   3.6500000e+02   1.0075417e+01
   3.6600000e+02   1.0075167e+01
   3.6700000e+02   1.0075414e+01
   3.6800000e+02   1.0075473e+01
   3.6900000e+02   1.0075284e+01
   3.7000000e+02   1.0075726e+01
   3.7100000e+02   1.0075670e+01
   3.7200000e+02   1.0075944e+01
   3.7300000e+02   1.0076196e+01
   3.7400000e+02   1.0076490e+01
   3.7500000e+02   1.0076377e+01
   3.7600000e+02   1.0076453e+01
   3.7700000e+02   1.0076657e+01
   3.7800000e+02   1.0076693e+01
   3.7900000e+02   1.0076517e+01
   3.8000000e+02   1.0076533e+01
   3.8100000e+02   1.0076627e+01
   3.8200000e+02   1.0076618e+01
   3.8300000e+02   1.0076638e+01
   3.8400000e+02   1.0076647e+01
   3.8500000e+02   1.0076329e+01
   3.8600000e+02   1.0076778e+01
   3.8700000e+02   1.0076667e+01
   3.8800000e+02   1.0076595e+01
   3.8900000e+02   1.0076598e+01
   3.9000000e+02   1.0076157e+01
   3.9100000e+02   1.0075757e+01
   3.9200000e+02   1.0075739e+01
   3.9300000e+02   1.0075277e+01
   3.9400000e+02   1.0075167e+01
   3.9500000e+02   1.0074901e+01
   3.9600000e+02   1.0074743e+01
   3.9700000e+02   1.0075053e+01
   3.9800000e+02   1.0074994e+01
   3.9900000e+02   1.0075030e+01
   4.0000000e+02   1.0075266e+01
   4.0100000e+02   1.0075326e+01
   4.0200000e+02   1.0075550e+01
   4.0300000e+02   1.0075617e+01
   4.0400000e+02   1.0075803e+01
   4.0500000e+02   1.0076048e+01
   4.0600000e+02   1.0075921e+01
   4.0700000e+02   1.0075900e+01
   4.0800000e+02   1.0075923e+01
   4.0900000e+02   1.0075798e+01
   4.1000000e+02   1.0076086e+01
   4.1100000e+02   1.0076030e+01
   4.1200000e+02   1.0076009e+01
   4.1300000e+02   1.0076016e+01
   4.1400000e+02   1.0075911e+01
   4.1500000e+02   1.0075788e+01
   4.1600000e+02   1.0076118e+01
   4.1700000e+02   1.0076249e+01
   4.1800000e+02   1.0076073e+01
   4.1900000e+02   1.0075948e+01
   4.2000000e+02   1.0075839e+01
   4.2100000e+02   1.0075981e+01
   4.2200000e+02   1.0075983e+01
   4.2300000e+02   1.0075973e+01
   4.2400000e+02   1.0076098e+01
   4.2500000e+02   1.0075979e+01
   4.2600000e+02   1.0075968e+01
   4.2700000e+02   1.0075958e+01
   4.2800000e+02   1.0075832e+01
   4.2900000e+02   1.0076147e+01
   4.3000000e+02   1.0076030e+01
   4.3100000e+02   1.0075972e+01
   4.3200000e+02   1.0076049e+01
   4.3300000e+02   1.0075830e+01
   4.3400000e+02   1.0075895e+01
   4.3500000e+02   1.0075999e+01
   4.3600000e+02   1.0076006e+01
   4.3700000e+02   1.0075714e+01
   4.3800000e+02   1.0075834e+01
   4.3900000e+02   1.0075639e+01
   4.4000000e+02   1.0075607e+01
   4.4100000e+02   1.0075434e+01
   4.4200000e+02   1.0075116e+01
   4.4300000e+02   1.0074962e+01
   4.4400000e+02   1.0074552e+01
   4.4500000e+02   1.0074459e+01
   4.4600000e+02   1.0073440e+01
   4.4700000e+02   1.0072433e+01
   4.4800000e+02   1.0071253e+01
   4.4900000e+02   1.0069374e+01
   4.5000000e+02   1.0066987e+01
   4.5100000e+02   1.0064855e+01
   4.5200000e+02   1.0062349e+01
   4.5300000e+02   1.0060288e+01
   4.5400000e+02   1.0058968e+01
   4.5500000e+02   1.0058127e+01
   4.5600000e+02   1.0058357e+01
   4.5700000e+02   1.0059300e+01
   4.5800000e+02   1.0060765e+01
   4.5900000e+02   1.0062876e+01
   4.6000000e+02   1.0065139e+01
   4.6100000e+02   1.0067137e+01
   4.6200000e+02   1.0068967e+01
   4.6300000e+02   1.0070705e+01
   4.6400000e+02   1.0071745e+01
   4.6500000e+02   1.0072522e+01
   4.6600000e+02   1.0073197e+01
   4.6700000e+02   1.0073703e+01
   4.6800000e+02   1.0074073e+01
   4.6900000e+02   1.0074362e+01
   4.7000000e+02   1.0074178e+01
   4.7100000e+02   1.0074635e+01
   4.7200000e+02   1.0074600e+01
   4.7300000e+02   1.0074661e+01
   4.7400000e+02   1.0074722e+01
   4.7500000e+02   1.0074517e+01
   4.7600000e+02   1.0074760e+01
   4.7700000e+02   1.0075070e+01
   4.7800000e+02   1.0074744e+01
   4.7900000e+02   1.0074549e+01
   4.8000000e+02   1.0074958e+01
   4.8100000e+02   1.0074643e+01
   4.8200000e+02   1.0074648e+01
   4.8300000e+02   1.0074506e+01
   4.8400000e+02   1.0074637e+01
   4.8500000e+02   1.0074415e+01
   4.8600000e+02   1.0074304e+01
   4.8700000e+02   1.0074174e+01
   4.8800000e+02   1.0074751e+01
   4.8900000e+02   1.0074847e+01
   4.9000000e+02   1.0074250e+01
   4.9100000e+02   1.0074397e+01
   4.9200000e+02   1.0074544e+01
   4.9300000e+02   1.0074600e+01
   4.9400000e+02   1.0074605e+01
   4.9500000e+02   1.0074522e+01
   4.9600000e+02   1.0074686e+01
   4.9700000e+02   1.0074653e+01
   4.9800000e+02   1.0074796e+01
   4.9900000e+02   1.0074645e+01
   5.0000000e+02   1.0074603e+01
   5.0100000e+02   1.0074604e+01
   5.0200000e+02   1.0074480e+01
   5.0300000e+02   1.0074757e+01
   5.0400000e+02   1.0074725e+01
   5.0500000e+02   1.0074517e+01
   5.0600000e+02   1.0074423e+01
   5.0700000e+02   1.0074281e+01
   5.0800000e+02   1.0074904e+01
   5.0900000e+02   1.0074749e+01
   5.1000000e+02   1.0074825e+01
   5.1100000e+02   1.0074564e+01
   5.1200000e+02   1.0074728e+01
   5.1300000e+02   1.0074711e+01
   5.1400000e+02   1.0074507e+01
   5.1500000e+02   1.0074543e+01
   5.1600000e+02   1.0074613e+01
   5.1700000e+02   1.0074703e+01
   5.1800000e+02   1.0074464e+01
   5.1900000e+02   1.0074552e+01
   5.2000000e+02   1.0074580e+01
   5.2100000e+02   1.0074309e+01
   5.2200000e+02   1.0074311e+01
   5.2300000e+02   1.0074622e+01
   5.2400000e+02   1.0074576e+01
   5.2500000e+02   1.0074316e+01
   5.2600000e+02   1.0074540e+01
   5.2700000e+02   1.0074472e+01
   5.2800000e+02   1.0074274e+01
   5.2900000e+02   1.0074204e+01
   5.3000000e+02   1.0074236e+01
   5.3100000e+02   1.0074193e+01
   5.3200000e+02   1.0073917e+01
   5.3300000e+02   1.0073892e+01
   5.3400000e+02   1.0074369e+01
   5.3500000e+02   1.0073898e+01
   5.3600000e+02   1.0074234e+01
   5.3700000e+02   1.0074248e+01
   5.3800000e+02   1.0073831e+01
   5.3900000e+02   1.0074105e+01
   5.4000000e+02   1.0073874e+01
   5.4100000e+02   1.0073987e+01
   5.4200000e+02   1.0073827e+01
   5.4300000e+02   1.0073938e+01
   5.4400000e+02   1.0073625e+01
   5.4500000e+02   1.0074040e+01
   5.4600000e+02   1.0073855e+01
   5.4700000e+02   1.0073903e+01
   5.4800000e+02   1.0073903e+01
   5.4900000e+02   1.0073746e+01
   5.5000000e+02   1.0073612e+01
   5.5100000e+02   1.0074016e+01
   5.5200000e+02   1.0073858e+01
   5.5300000e+02   1.0073678e+01
   5.5400000e+02   1.0073885e+01
   5.5500000e+02   1.0073813e+01
   5.5600000e+02   1.0073870e+01
   5.5700000e+02   1.0073884e+01
   5.5800000e+02   1.0073998e+01
   5.5900000e+02   1.0073564e+01
   5.6000000e+02   1.0073794e+01
   5.6100000e+02   1.0073932e+01
   5.6200000e+02   1.0073869e+01
   5.6300000e+02   1.0073806e+01
   5.6400000e+02   1.0073781e+01
   5.6500000e+02   1.0073858e+01
   5.6600000e+02   1.0073901e+01
   5.6700000e+02   1.0074050e+01
   5.6800000e+02   1.0073688e+01
   5.6900000e+02   1.0073804e+01
   5.7000000e+02   1.0073547e+01
   5.7100000e+02   1.0073629e+01
   5.7200000e+02   1.0073867e+01
   5.7300000e+02   1.0073617e+01
   5.7400000e+02   1.0073841e+01
   5.7500000e+02   1.0073597e+01
   5.7600000e+02   1.0073620e+01
   5.7700000e+02   1.0073589e+01
   5.7800000e+02   1.0073459e+01
   5.7900000e+02   1.0073755e+01
   5.8000000e+02   1.0073531e+01
   5.8100000e+02   1.0073955e+01
   5.8200000e+02   1.0073600e+01
   5.8300000e+02   1.0073446e+01
   5.8400000e+02   1.0073671e+01
   5.8500000e+02   1.0073603e+01
   5.8600000e+02   1.0073629e+01
   5.8700000e+02   1.0073346e+01
   5.8800000e+02   1.0073432e+01
   5.8900000e+02   1.0073380e+01
   5.9000000e+02   1.0073395e+01
   5.9100000e+02   1.0073513e+01
   5.9200000e+02   1.0073470e+01
   5.9300000e+02   1.0073345e+01
   5.9400000e+02   1.0073552e+01
   5.9500000e+02   1.0073475e+01
   5.9600000e+02   1.0073253e+01
   5.9700000e+02   1.0073625e+01
   5.9800000e+02   1.0073458e+01
   5.9900000e+02   1.0073475e+01
   6.0000000e+02   1.0073318e+01
   6.0100000e+02   1.0073261e+01
   6.0200000e+02   1.0073213e+01
   6.0300000e+02   1.0073180e+01
   6.0400000e+02   1.0073276e+01
   6.0500000e+02   1.0073095e+01
   6.0600000e+02   1.0073173e+01
   6.0700000e+02   1.0073217e+01
   6.0800000e+02   1.0073062e+01
   6.0900000e+02   1.0073199e+01
   6.1000000e+02   1.0072902e+01
   6.1100000e+02   1.0073210e+01
   6.1200000e+02   1.0072851e+01
   6.1300000e+02   1.0072945e+01
   6.1400000e+02   1.0073303e+01
   6.1500000e+02   1.0073003e+01
   6.1600000e+02   1.0073017e+01
   6.1700000e+02   1.0073232e+01
   6.1800000e+02   1.0072931e+01
   6.1900000e+02   1.0073318e+01
   6.2000000e+02   1.0073145e+01
   6.2100000e+02   1.0072956e+01
   6.2200000e+02   1.0073116e+01
   6.2300000e+02   1.0072907e+01
   6.2400000e+02   1.0072879e+01
   6.2500000e+02   1.0072885e+01
   6.2600000e+02   1.0072966e+01
   6.2700000e+02   1.0072768e+01
   6.2800000e+02   1.0073068e+01
   6.2900000e+02   1.0072788e+01
   6.3000000e+02   1.0072748e+01
   6.3100000e+02   1.0072977e+01
   6.3200000e+02   1.0073219e+01
   6.3300000e+02   1.0072978e+01
   6.3400000e+02   1.0073012e+01
   6.3500000e+02   1.0072959e+01
   6.3600000e+02   1.0072843e+01
   6.3700000e+02   1.0072899e+01
   6.3800000e+02   1.0072861e+01
   6.3900000e+02   1.0072937e+01
   6.4000000e+02   1.0073265e+01
   6.4100000e+02   1.0073005e+01
   6.4200000e+02   1.0072923e+01
   6.4300000e+02   1.0072770e+01
   6.4400000e+02   1.0073176e+01
   6.4500000e+02   1.0073135e+01
   6.4600000e+02   1.0072846e+01
   6.4700000e+02   1.0072950e+01
   6.4800000e+02   1.0072611e+01
   6.4900000e+02   1.0072727e+01
   6.5000000e+02   1.0072703e+01
   6.5100000e+02   1.0072635e+01
   6.5200000e+02   1.0072562e+01
   6.5300000e+02   1.0072870e+01
   6.5400000e+02   1.0072784e+01
   6.5500000e+02   1.0072719e+01
   6.5600000e+02   1.0072627e+01
   6.5700000e+02   1.0072907e+01
   6.5800000e+02   1.0072937e+01
   6.5900000e+02   1.0072625e+01
   6.6000000e+02   1.0072757e+01
   6.6100000e+02   1.0072439e+01
   6.6200000e+02   1.0072379e+01
   6.6300000e+02   1.0072675e+01
   6.6400000e+02   1.0072759e+01
   6.6500000e+02   1.0072589e+01
   6.6600000e+02   1.0072369e+01
   6.6700000e+02   1.0072693e+01
   6.6800000e+02   1.0072581e+01
   6.6900000e+02   1.0072618e+01
   6.7000000e+02   1.0072617e+01
   6.7100000e+02   1.0072320e+01
   6.7200000e+02   1.0072196e+01
   6.7300000e+02   1.0072450e+01
   6.7400000e+02   1.0072376e+01
   6.7500000e+02   1.0072674e+01
   6.7600000e+02   1.0072514e+01
   6.7700000e+02   1.0072643e+01
   6.7800000e+02   1.0072599e+01
   6.7900000e+02   1.0072401e+01
   6.8000000e+02   1.0072277e+01
   6.8100000e+02   1.0072280e+01
   6.8200000e+02   1.0072489e+01
   6.8300000e+02   1.0072302e+01
   6.8400000e+02   1.0072229e+01
   6.8500000e+02   1.0072257e+01
   6.8600000e+02   1.0072259e+01
   6.8700000e+02   1.0072233e+01
   6.8800000e+02   1.0072234e+01
   6.8900000e+02   1.0071981e+01
   6.9000000e+02   1.0071686e+01
   6.9100000e+02   1.0072000e+01
   6.9200000e+02   1.0071978e+01
   6.9300000e+02   1.0071988e+01
   6.9400000e+02   1.0071795e+01
   6.9500000e+02   1.0071992e+01
   6.9600000e+02   1.0071915e+01
   6.9700000e+02   1.0072038e+01
   6.9800000e+02   1.0071698e+01
   6.9900000e+02   1.0071911e+01
   7.0000000e+02   1.0072152e+01
   7.0100000e+02   1.0071788e+01
   7.0200000e+02   1.0072120e+01
   7.0300000e+02   1.0072041e+01
   7.0400000e+02   1.0071875e+01
   7.0500000e+02   1.0072113e+01
   7.0600000e+02   1.0072212e+01
   7.0700000e+02   1.0071891e+01
   7.0800000e+02   1.0071808e+01
   7.0900000e+02   1.0071949e+01
   7.1000000e+02   1.0071670e+01
   7.1100000e+02   1.0072127e+01
   7.1200000e+02   1.0072081e+01
   7.1300000e+02   1.0071961e+01
   7.1400000e+02   1.0072041e+01
   7.1500000e+02   1.0071930e+01
   7.1600000e+02   1.0072300e+01
   7.1700000e+02   1.0071948e+01
   7.1800000e+02   1.0071991e+01
   7.1900000e+02   1.0071405e+01
   7.2000000e+02   1.0071549e+01
   7.2100000e+02   1.0071950e+01
   7.2200000e+02   1.0071698e+01
   7.2300000e+02   1.0071700e+01
   7.2400000e+02   1.0071656e+01
   7.2500000e+02   1.0071558e+01
   7.2600000e+02   1.0071690e+01
   7.2700000e+02   1.0071904e+01
   7.2800000e+02   1.0071341e+01
   7.2900000e+02   1.0072125e+01
   7.3000000e+02   1.0071435e+01
   7.3100000e+02   1.0071861e+01
   7.3200000e+02   1.0071819e+01
   7.3300000e+02   1.0071768e+01
   7.3400000e+02   1.0071527e+01
   7.3500000e+02   1.0071385e+01
   7.3600000e+02   1.0071603e+01
   7.3700000e+02   1.0071635e+01
   7.3800000e+02   1.0071496e+01
   7.3900000e+02   1.0071760e+01
   7.4000000e+02   1.0071249e+01
   7.4100000e+02   1.0071673e+01
   7.4200000e+02   1.0071716e+01
   7.4300000e+02   1.0071527e+01
   7.4400000e+02   1.0071459e+01
   7.4500000e+02   1.0071479e+01
   7.4600000e+02   1.0071557e+01
   7.4700000e+02   1.0071556e+01
   7.4800000e+02   1.0071418e+01
   7.4900000e+02   1.0071055e+01
   7.5000000e+02   1.0071609e+01
   7.5100000e+02   1.0071330e+01
   7.5200000e+02   1.0071442e+01
   7.5300000e+02   1.0071762e+01
   7.5400000e+02   1.0071735e+01
   7.5500000e+02   1.0071519e+01
   7.5600000e+02   1.0071638e+01
   7.5700000e+02   1.0071259e+01
   7.5800000e+02   1.0071272e+01
   7.5900000e+02   1.0071578e+01
   7.6000000e+02   1.0071370e+01
   7.6100000e+02   1.0071773e+01
   7.6200000e+02   1.0071342e+01
   7.6300000e+02   1.0071623e+01
   7.6400000e+02   1.0071501e+01
   7.6500000e+02   1.0071282e+01
   7.6600000e+02   1.0071499e+01
   7.6700000e+02   1.0071326e+01
   7.6800000e+02   1.0071436e+01
   7.6900000e+02   1.0070988e+01
   7.7000000e+02   1.0071255e+01
   7.7100000e+02   1.0071380e+01
   7.7200000e+02   1.0071454e+01
   7.7300000e+02   1.0071475e+01
   7.7400000e+02   1.0071222e+01
   7.7500000e+02   1.0071020e+01
   7.7600000e+02   1.0071465e+01
   7.7700000e+02   1.0071286e+01
   7.7800000e+02   1.0071057e+01
   7.7900000e+02   1.0071051e+01
   7.8000000e+02   1.0071242e+01
