   0.0000000e+00   1.0139328e+01
   1.0000000e+00   1.0133710e+01
   2.0000000e+00   1.0132241e+01
   3.0000000e+00   1.0131469e+01
   4.0000000e+00   1.0130769e+01
   5.0000000e+00   1.0130612e+01
   6.0000000e+00   1.0130050e+01
   7.0000000e+00   1.0129692e+01
   8.0000000e+00   1.0129203e+01
   9.0000000e+00   1.0129066e+01
   1.0000000e+01   1.0128590e+01
   1.1000000e+01   1.0128494e+01
   1.2000000e+01   1.0127925e+01
   1.3000000e+01   1.0127803e+01
   1.4000000e+01   1.0127789e+01
   1.5000000e+01   1.0127317e+01
   1.6000000e+01   1.0127292e+01
   1.7000000e+01   1.0126804e+01
   1.8000000e+01   1.0126767e+01
   1.9000000e+01   1.0126504e+01
   2.0000000e+01   1.0126535e+01
   2.1000000e+01   1.0126668e+01
   2.2000000e+01   1.0126336e+01
   2.3000000e+01   1.0125983e+01
   2.4000000e+01   1.0125974e+01
   2.5000000e+01   1.0125956e+01
   2.6000000e+01   1.0125827e+01
   2.7000000e+01   1.0125684e+01
   2.8000000e+01   1.0125612e+01
   2.9000000e+01   1.0125527e+01
   3.0000000e+01   1.0125397e+01
   3.1000000e+01   1.0125337e+01
   3.2000000e+01   1.0124977e+01
   3.3000000e+01   1.0125024e+01
   3.4000000e+01   1.0124821e+01
   3.5000000e+01   1.0124680e+01
   3.6000000e+01   1.0124284e+01
   3.7000000e+01   1.0124430e+01
   3.8000000e+01   1.0124469e+01
   3.9000000e+01   1.0124384e+01
   4.0000000e+01   1.0124131e+01
   4.1000000e+01   1.0124020e+01
   4.2000000e+01   1.0123859e+01
   4.3000000e+01   1.0123827e+01
   4.4000000e+01   1.0123714e+01
   4.5000000e+01   1.0123814e+01
   4.6000000e+01   1.0123701e+01
   4.7000000e+01   1.0123675e+01
   4.8000000e+01   1.0123394e+01
   4.9000000e+01   1.0123545e+01
   5.0000000e+01   1.0123344e+01
   5.1000000e+01   1.0123233e+01
   5.2000000e+01   1.0123011e+01
   5.3000000e+01   1.0123191e+01
   5.4000000e+01   1.0122929e+01
   5.5000000e+01   1.0122816e+01
   5.6000000e+01   1.0122523e+01
   5.7000000e+01   1.0122823e+01
   5.8000000e+01   1.0122484e+01
   5.9000000e+01   1.0122319e+01
   6.0000000e+01   1.0122523e+01
   6.1000000e+01   1.0122135e+01
   6.2000000e+01   1.0122140e+01
   6.3000000e+01   1.0121915e+01
   6.4000000e+01   1.0122299e+01
   6.5000000e+01   1.0121895e+01
   6.6000000e+01   1.0121892e+01
   6.7000000e+01   1.0121820e+01
   6.8000000e+01   1.0121652e+01
   6.9000000e+01   1.0121738e+01
   7.0000000e+01   1.0121808e+01
   7.1000000e+01   1.0121662e+01
   7.2000000e+01   1.0121487e+01
   7.3000000e+01   1.0121559e+01
   7.4000000e+01   1.0121298e+01
   7.5000000e+01   1.0121265e+01
   7.6000000e+01   1.0121326e+01
   7.7000000e+01   1.0121271e+01
   7.8000000e+01   1.0121214e+01
   7.9000000e+01   1.0120831e+01
   8.0000000e+01   1.0120817e+01
   8.1000000e+01   1.0120617e+01
   8.2000000e+01   1.0120492e+01
   8.3000000e+01   1.0120356e+01
   8.4000000e+01   1.0120551e+01
   8.5000000e+01   1.0120432e+01
   8.6000000e+01   1.0120223e+01
   8.7000000e+01   1.0120565e+01
   8.8000000e+01   1.0120354e+01
   8.9000000e+01   1.0120137e+01
   9.0000000e+01   1.0120251e+01
   9.1000000e+01   1.0120281e+01
   9.2000000e+01   1.0120062e+01
   9.3000000e+01   1.0120154e+01
   9.4000000e+01   1.0119973e+01
   9.5000000e+01   1.0119937e+01
   9.6000000e+01   1.0119693e+01
   9.7000000e+01   1.0119439e+01
   9.8000000e+01   1.0119449e+01
   9.9000000e+01   1.0119582e+01
   1.0000000e+02   1.0119423e+01
   1.0100000e+02   1.0119582e+01
   1.0200000e+02   1.0119243e+01
   1.0300000e+02   1.0119321e+01
   1.0400000e+02   1.0119153e+01
   1.0500000e+02   1.0119123e+01
   1.0600000e+02   1.0119045e+01
   1.0700000e+02   1.0119160e+01
   1.0800000e+02   1.0119083e+01
   1.0900000e+02   1.0118984e+01
   1.1000000e+02   1.0118945e+01
   1.1100000e+02   1.0118885e+01
   1.1200000e+02   1.0119024e+01
   1.1300000e+02   1.0118961e+01
   1.1400000e+02   1.0118943e+01
   1.1500000e+02   1.0118928e+01
   1.1600000e+02   1.0118681e+01
   1.1700000e+02   1.0118922e+01
   1.1800000e+02   1.0118793e+01
   1.1900000e+02   1.0118338e+01
   1.2000000e+02   1.0118673e+01
   1.2100000e+02   1.0118414e+01
   1.2200000e+02   1.0118593e+01
   1.2300000e+02   1.0118489e+01
   1.2400000e+02   1.0118460e+01
   1.2500000e+02   1.0118246e+01
   1.2600000e+02   1.0118151e+01
   1.2700000e+02   1.0117788e+01
   1.2800000e+02   1.0118237e+01
   1.2900000e+02   1.0117999e+01
   1.3000000e+02   1.0118067e+01
   1.3100000e+02   1.0118197e+01
   1.3200000e+02   1.0117993e+01
   1.3300000e+02   1.0117993e+01
   1.3400000e+02   1.0118180e+01
   1.3500000e+02   1.0117934e+01
   1.3600000e+02   1.0117932e+01
   1.3700000e+02   1.0118038e+01
   1.3800000e+02   1.0117581e+01
   1.3900000e+02   1.0117771e+01
   1.4000000e+02   1.0117401e+01
   1.4100000e+02   1.0117516e+01
   1.4200000e+02   1.0117506e+01
   1.4300000e+02   1.0117396e+01
   1.4400000e+02   1.0117104e+01
   1.4500000e+02   1.0117253e+01
   1.4600000e+02   1.0117177e+01
   1.4700000e+02   1.0117291e+01
   1.4800000e+02   1.0116917e+01
   1.4900000e+02   1.0116941e+01
   1.5000000e+02   1.0117243e+01
   1.5100000e+02   1.0117105e+01
   1.5200000e+02   1.0116971e+01
   1.5300000e+02   1.0117384e+01
   1.5400000e+02   1.0116646e+01
   1.5500000e+02   1.0117001e+01
   1.5600000e+02   1.0117129e+01
   1.5700000e+02   1.0117045e+01
   1.5800000e+02   1.0116698e+01
   1.5900000e+02   1.0117017e+01
   1.6000000e+02   1.0116701e+01
   1.6100000e+02   1.0116950e+01
   1.6200000e+02   1.0116829e+01
   1.6300000e+02   1.0116891e+01
   1.6400000e+02   1.0116667e+01
   1.6500000e+02   1.0116713e+01
   1.6600000e+02   1.0116483e+01
   1.6700000e+02   1.0115894e+01
   1.6800000e+02   1.0112662e+01
   1.6900000e+02   1.0109185e+01
   1.7000000e+02   1.0110434e+01
   1.7100000e+02   1.0113297e+01
   1.7200000e+02   1.0115127e+01
   1.7300000e+02   1.0115914e+01
   1.7400000e+02   1.0115876e+01
   1.7500000e+02   1.0116005e+01
   1.7600000e+02   1.0116127e+01
   1.7700000e+02   1.0115856e+01
   1.7800000e+02   1.0115956e+01
   1.7900000e+02   1.0115655e+01
   1.8000000e+02   1.0110088e+01
   1.8100000e+02   1.0091202e+01
   1.8200000e+02   1.0086617e+01
   1.8300000e+02   1.0094180e+01
   1.8400000e+02   1.0101731e+01
   1.8500000e+02   1.0107073e+01
   1.8600000e+02   1.0110451e+01
   1.8700000e+02   1.0112673e+01
   1.8800000e+02   1.0113873e+01
   1.8900000e+02   1.0114485e+01
   1.9000000e+02   1.0114607e+01
   1.9100000e+02   1.0114952e+01
   1.9200000e+02   1.0114871e+01
   1.9300000e+02   1.0115125e+01
   1.9400000e+02   1.0114985e+01
   1.9500000e+02   1.0114954e+01
   1.9600000e+02   1.0115058e+01
   1.9700000e+02   1.0115097e+01
   1.9800000e+02   1.0115135e+01
   1.9900000e+02   1.0115251e+01
   2.0000000e+02   1.0115013e+01
   2.0100000e+02   1.0114920e+01
   2.0200000e+02   1.0115215e+01
   2.0300000e+02   1.0114927e+01
   2.0400000e+02   1.0114979e+01
   2.0500000e+02   1.0114867e+01
   2.0600000e+02   1.0114860e+01
   2.0700000e+02   1.0115024e+01
   2.0800000e+02   1.0115043e+01
   2.0900000e+02   1.0114761e+01
   2.1000000e+02   1.0114720e+01
   2.1100000e+02   1.0114733e+01
   2.1200000e+02   1.0114847e+01
   2.1300000e+02   1.0114666e+01
   2.1400000e+02   1.0114534e+01
   2.1500000e+02   1.0114427e+01
   2.1600000e+02   1.0114641e+01
   2.1700000e+02   1.0114594e+01
   2.1800000e+02   1.0114745e+01
   2.1900000e+02   1.0114460e+01
   2.2000000e+02   1.0114443e+01
   2.2100000e+02   1.0114229e+01
   2.2200000e+02   1.0114036e+01
   2.2300000e+02   1.0114211e+01
   2.2400000e+02   1.0114097e+01
   2.2500000e+02   1.0114054e+01
   2.2600000e+02   1.0113789e+01
   2.2700000e+02   1.0113654e+01
   2.2800000e+02   1.0113715e+01
   2.2900000e+02   1.0113627e+01
   2.3000000e+02   1.0113599e+01
   2.3100000e+02   1.0113739e+01
   2.3200000e+02   1.0113467e+01
   2.3300000e+02   1.0113670e+01
   2.3400000e+02   1.0113754e+01
   2.3500000e+02   1.0113788e+01
   2.3600000e+02   1.0113818e+01
   2.3700000e+02   1.0113748e+01
   2.3800000e+02   1.0113656e+01
   2.3900000e+02   1.0113824e+01
   2.4000000e+02   1.0113825e+01
   2.4100000e+02   1.0113919e+01
   2.4200000e+02   1.0113482e+01
   2.4300000e+02   1.0113470e+01
   2.4400000e+02   1.0113616e+01
   2.4500000e+02   1.0113723e+01
   2.4600000e+02   1.0113492e+01
   2.4700000e+02   1.0113198e+01
   2.4800000e+02   1.0112394e+01
   2.4900000e+02   1.0111768e+01
   2.5000000e+02   1.0110830e+01
   2.5100000e+02   1.0109806e+01
   2.5200000e+02   1.0108630e+01
   2.5300000e+02   1.0108659e+01
   2.5400000e+02   1.0108758e+01
   2.5500000e+02   1.0109694e+01
   2.5600000e+02   1.0110431e+01
   2.5700000e+02   1.0110748e+01
   2.5800000e+02   1.0111045e+01
   2.5900000e+02   1.0110908e+01
   2.6000000e+02   1.0110349e+01
   2.6100000e+02   1.0109901e+01
   2.6200000e+02   1.0109599e+01
   2.6300000e+02   1.0109511e+01
   2.6400000e+02   1.0109129e+01
   2.6500000e+02   1.0109078e+01
   2.6600000e+02   1.0108442e+01
   2.6700000e+02   1.0108391e+01
   2.6800000e+02   1.0108538e+01
   2.6900000e+02   1.0108880e+01
   2.7000000e+02   1.0109368e+01
   2.7100000e+02   1.0110045e+01
   2.7200000e+02   1.0110597e+01
   2.7300000e+02   1.0111273e+01
   2.7400000e+02   1.0111505e+01
   2.7500000e+02   1.0111829e+01
   2.7600000e+02   1.0111488e+01
   2.7700000e+02   1.0111368e+01
   2.7800000e+02   1.0111130e+01
   2.7900000e+02   1.0111366e+01
   2.8000000e+02   1.0111075e+01
   2.8100000e+02   1.0111229e+01
   2.8200000e+02   1.0111058e+01
   2.8300000e+02   1.0111391e+01
   2.8400000e+02   1.0111620e+01
   2.8500000e+02   1.0111383e+01
   2.8600000e+02   1.0111391e+01
   2.8700000e+02   1.0111483e+01
   2.8800000e+02   1.0111141e+01
   2.8900000e+02   1.0111396e+01
   2.9000000e+02   1.0111792e+01
   2.9100000e+02   1.0111848e+01
   2.9200000e+02   1.0111695e+01
   2.9300000e+02   1.0111712e+01
   2.9400000e+02   1.0111544e+01
   2.9500000e+02   1.0111727e+01
   2.9600000e+02   1.0111786e+01
   2.9700000e+02   1.0111543e+01
   2.9800000e+02   1.0111518e+01
   2.9900000e+02   1.0111699e+01
   3.0000000e+02   1.0111697e+01
   3.0100000e+02   1.0111580e+01
   3.0200000e+02   1.0111394e+01
   3.0300000e+02   1.0111540e+01
   3.0400000e+02   1.0111489e+01
   3.0500000e+02   1.0111250e+01
   3.0600000e+02   1.0111059e+01
   3.0700000e+02   1.0110559e+01
   3.0800000e+02   1.0110206e+01
   3.0900000e+02   1.0109461e+01
   3.1000000e+02   1.0108550e+01
   3.1100000e+02   1.0107751e+01
   3.1200000e+02   1.0106423e+01
   3.1300000e+02   1.0104492e+01
   3.1400000e+02   1.0102823e+01
   3.1500000e+02   1.0101522e+01
   3.1600000e+02   1.0100889e+01
   3.1700000e+02   1.0101230e+01
   3.1800000e+02   1.0101900e+01
   3.1900000e+02   1.0102609e+01
   3.2000000e+02   1.0102188e+01
   3.2100000e+02   1.0101123e+01
   3.2200000e+02   1.0099354e+01
   3.2300000e+02   1.0096675e+01
   3.2400000e+02   1.0094301e+01
   3.2500000e+02   1.0092540e+01
   3.2600000e+02   1.0092051e+01
   3.2700000e+02   1.0092368e+01
   3.2800000e+02   1.0093104e+01
   3.2900000e+02   1.0094484e+01
   3.3000000e+02   1.0096602e+01
   3.3100000e+02   1.0098433e+01
   3.3200000e+02   1.0100433e+01
   3.3300000e+02   1.0102642e+01
   3.3400000e+02   1.0104528e+01
   3.3500000e+02   1.0106156e+01
   3.3600000e+02   1.0107492e+01
   3.3700000e+02   1.0107673e+01
   3.3800000e+02   1.0107775e+01
   3.3900000e+02   1.0107630e+01
   3.4000000e+02   1.0107176e+01
   3.4100000e+02   1.0106329e+01
   3.4200000e+02   1.0105403e+01
   3.4300000e+02   1.0104945e+01
   3.4400000e+02   1.0104781e+01
   3.4500000e+02   1.0104896e+01
   3.4600000e+02   1.0105594e+01
   3.4700000e+02   1.0106757e+01
   3.4800000e+02   1.0107076e+01
   3.4900000e+02   1.0108113e+01
   3.5000000e+02   1.0108773e+01
   3.5100000e+02   1.0108840e+01
   3.5200000e+02   1.0109329e+01
   3.5300000e+02   1.0109418e+01
   3.5400000e+02   1.0109792e+01
   3.5500000e+02   1.0109861e+01
   3.5600000e+02   1.0109865e+01
   3.5700000e+02   1.0110032e+01
   3.5800000e+02   1.0109625e+01
   3.5900000e+02   1.0109851e+01
   3.6000000e+02   1.0109895e+01
   3.6100000e+02   1.0109477e+01
   3.6200000e+02   1.0109727e+01
   3.6300000e+02   1.0109209e+01
   3.6400000e+02   1.0109304e+01
   3.6500000e+02   1.0109031e+01
   3.6600000e+02   1.0108593e+01
   3.6700000e+02   1.0108753e+01
   3.6800000e+02   1.0108793e+01
   3.6900000e+02   1.0108740e+01
   3.7000000e+02   1.0109144e+01
   3.7100000e+02   1.0108973e+01
   3.7200000e+02   1.0108916e+01
   3.7300000e+02   1.0109580e+01
   3.7400000e+02   1.0109274e+01
   3.7500000e+02   1.0109600e+01
   3.7600000e+02   1.0109682e+01
   3.7700000e+02   1.0109709e+01
   3.7800000e+02   1.0109288e+01
   3.7900000e+02   1.0109339e+01
   3.8000000e+02   1.0109435e+01
   3.8100000e+02   1.0109317e+01
   3.8200000e+02   1.0109245e+01
   3.8300000e+02   1.0109446e+01
   3.8400000e+02   1.0109288e+01
   3.8500000e+02   1.0109341e+01
   3.8600000e+02   1.0109418e+01
   3.8700000e+02   1.0109471e+01
   3.8800000e+02   1.0109330e+01
   3.8900000e+02   1.0109147e+01
   3.9000000e+02   1.0109003e+01
   3.9100000e+02   1.0108692e+01
   3.9200000e+02   1.0108750e+01
   3.9300000e+02   1.0108230e+01
   3.9400000e+02   1.0108356e+01
   3.9500000e+02   1.0108304e+01
   3.9600000e+02   1.0108101e+01
   3.9700000e+02   1.0108329e+01
   3.9800000e+02   1.0108081e+01
   3.9900000e+02   1.0108510e+01
   4.0000000e+02   1.0108178e+01
   4.0100000e+02   1.0108683e+01
   4.0200000e+02   1.0108638e+01
   4.0300000e+02   1.0108900e+01
   4.0400000e+02   1.0108791e+01
   4.0500000e+02   1.0109010e+01
   4.0600000e+02   1.0109060e+01
   4.0700000e+02   1.0108928e+01
   4.0800000e+02   1.0108854e+01
   4.0900000e+02   1.0109172e+01
   4.1000000e+02   1.0108633e+01
   4.1100000e+02   1.0109152e+01
   4.1200000e+02   1.0108833e+01
   4.1300000e+02   1.0108919e+01
   4.1400000e+02   1.0108979e+01
   4.1500000e+02   1.0108883e+01
   4.1600000e+02   1.0108913e+01
   4.1700000e+02   1.0108795e+01
   4.1800000e+02   1.0108727e+01
   4.1900000e+02   1.0108939e+01
   4.2000000e+02   1.0108986e+01
   4.2100000e+02   1.0108847e+01
   4.2200000e+02   1.0108612e+01
   4.2300000e+02   1.0108966e+01
   4.2400000e+02   1.0108875e+01
   4.2500000e+02   1.0108788e+01
   4.2600000e+02   1.0108633e+01
   4.2700000e+02   1.0108465e+01
   4.2800000e+02   1.0108739e+01
   4.2900000e+02   1.0108700e+01
   4.3000000e+02   1.0108504e+01
   4.3100000e+02   1.0108920e+01
   4.3200000e+02   1.0108606e+01
   4.3300000e+02   1.0108606e+01
   4.3400000e+02   1.0108527e+01
   4.3500000e+02   1.0108689e+01
   4.3600000e+02   1.0108736e+01
   4.3700000e+02   1.0108680e+01
   4.3800000e+02   1.0108580e+01
   4.3900000e+02   1.0108693e+01
   4.4000000e+02   1.0108680e+01
   4.4100000e+02   1.0108324e+01
   4.4200000e+02   1.0108160e+01
   4.4300000e+02   1.0108267e+01
   4.4400000e+02   1.0107478e+01
   4.4500000e+02   1.0107111e+01
   4.4600000e+02   1.0106600e+01
   4.4700000e+02   1.0105635e+01
   4.4800000e+02   1.0104270e+01
   4.4900000e+02   1.0102728e+01
   4.5000000e+02   1.0100657e+01
   4.5100000e+02   1.0098758e+01
   4.5200000e+02   1.0096916e+01
   4.5300000e+02   1.0095325e+01
   4.5400000e+02   1.0094748e+01
   4.5500000e+02   1.0094337e+01
   4.5600000e+02   1.0094447e+01
   4.5700000e+02   1.0095524e+01
   4.5800000e+02   1.0096953e+01
   4.5900000e+02   1.0098813e+01
   4.6000000e+02   1.0100187e+01
   4.6100000e+02   1.0101849e+01
   4.6200000e+02   1.0103542e+01
   4.6300000e+02   1.0104542e+01
   4.6400000e+02   1.0105215e+01
   4.6500000e+02   1.0105803e+01
   4.6600000e+02   1.0106361e+01
   4.6700000e+02   1.0106638e+01
   4.6800000e+02   1.0106815e+01
   4.6900000e+02   1.0106988e+01
   4.7000000e+02   1.0106786e+01
   4.7100000e+02   1.0107126e+01
   4.7200000e+02   1.0106921e+01
   4.7300000e+02   1.0107057e+01
   4.7400000e+02   1.0107206e+01
   4.7500000e+02   1.0107425e+01
   4.7600000e+02   1.0107247e+01
   4.7700000e+02   1.0107280e+01
   4.7800000e+02   1.0107495e+01
   4.7900000e+02   1.0107452e+01
   4.8000000e+02   1.0107403e+01
   4.8100000e+02   1.0107649e+01
   4.8200000e+02   1.0107369e+01
   4.8300000e+02   1.0107257e+01
   4.8400000e+02   1.0107506e+01
   4.8500000e+02   1.0107426e+01
   4.8600000e+02   1.0107373e+01
   4.8700000e+02   1.0107363e+01
   4.8800000e+02   1.0107290e+01
   4.8900000e+02   1.0107563e+01
   4.9000000e+02   1.0107395e+01
   4.9100000e+02   1.0107374e+01
   4.9200000e+02   1.0107216e+01
   4.9300000e+02   1.0107733e+01
   4.9400000e+02   1.0107272e+01
   4.9500000e+02   1.0107337e+01
   4.9600000e+02   1.0107114e+01
   4.9700000e+02   1.0107349e+01
   4.9800000e+02   1.0107184e+01
   4.9900000e+02   1.0107084e+01
   5.0000000e+02   1.0107405e+01
   5.0100000e+02   1.0107085e+01
   5.0200000e+02   1.0107147e+01
   5.0300000e+02   1.0106895e+01
   5.0400000e+02   1.0107081e+01
   5.0500000e+02   1.0107249e+01
   5.0600000e+02   1.0107225e+01
   5.0700000e+02   1.0107140e+01
   5.0800000e+02   1.0107058e+01
   5.0900000e+02   1.0107388e+01
   5.1000000e+02   1.0107024e+01
   5.1100000e+02   1.0107148e+01
   5.1200000e+02   1.0106938e+01
   5.1300000e+02   1.0107131e+01
   5.1400000e+02   1.0106880e+01
   5.1500000e+02   1.0106903e+01
   5.1600000e+02   1.0107056e+01
   5.1700000e+02   1.0106776e+01
   5.1800000e+02   1.0106868e+01
   5.1900000e+02   1.0106775e+01
   5.2000000e+02   1.0106688e+01
   5.2100000e+02   1.0106876e+01
   5.2200000e+02   1.0106785e+01
   5.2300000e+02   1.0106860e+01
   5.2400000e+02   1.0106886e+01
   5.2500000e+02   1.0106718e+01
   5.2600000e+02   1.0106822e+01
   5.2700000e+02   1.0106924e+01
   5.2800000e+02   1.0106606e+01
   5.2900000e+02   1.0106667e+01
   5.3000000e+02   1.0106510e+01
   5.3100000e+02   1.0106480e+01
   5.3200000e+02   1.0106630e+01
   5.3300000e+02   1.0106822e+01
   5.3400000e+02   1.0106699e+01
   5.3500000e+02   1.0106781e+01
   5.3600000e+02   1.0106748e+01
   5.3700000e+02   1.0106936e+01
   5.3800000e+02   1.0106519e+01
   5.3900000e+02   1.0106585e+01
   5.4000000e+02   1.0106688e+01
   5.4100000e+02   1.0106284e+01
   5.4200000e+02   1.0106465e+01
   5.4300000e+02   1.0106634e+01
   5.4400000e+02   1.0106340e+01
   5.4500000e+02   1.0106476e+01
   5.4600000e+02   1.0106354e+01
   5.4700000e+02   1.0106387e+01
   5.4800000e+02   1.0106335e+01
   5.4900000e+02   1.0106501e+01
   5.5000000e+02   1.0106623e+01
   5.5100000e+02   1.0106326e+01
   5.5200000e+02   1.0106430e+01
   5.5300000e+02   1.0106407e+01
   5.5400000e+02   1.0106218e+01
   5.5500000e+02   1.0106410e+01
   5.5600000e+02   1.0106235e+01
   5.5700000e+02   1.0106258e+01
   5.5800000e+02   1.0106221e+01
   5.5900000e+02   1.0106420e+01
   5.6000000e+02   1.0106017e+01
   5.6100000e+02   1.0106276e+01
   5.6200000e+02   1.0106289e+01
   5.6300000e+02   1.0106130e+01
   5.6400000e+02   1.0106260e+01
   5.6500000e+02   1.0106184e+01
   5.6600000e+02   1.0106147e+01
   5.6700000e+02   1.0106133e+01
   5.6800000e+02   1.0105873e+01
   5.6900000e+02   1.0106165e+01
   5.7000000e+02   1.0105912e+01
   5.7100000e+02   1.0106083e+01
   5.7200000e+02   1.0106090e+01
   5.7300000e+02   1.0105881e+01
   5.7400000e+02   1.0106013e+01
   5.7500000e+02   1.0105738e+01
   5.7600000e+02   1.0105926e+01
   5.7700000e+02   1.0106059e+01
   5.7800000e+02   1.0105952e+01
   5.7900000e+02   1.0106047e+01
   5.8000000e+02   1.0105884e+01
   5.8100000e+02   1.0105880e+01
   5.8200000e+02   1.0105939e+01
   5.8300000e+02   1.0106055e+01
   5.8400000e+02   1.0105924e+01
   5.8500000e+02   1.0105848e+01
   5.8600000e+02   1.0105833e+01
   5.8700000e+02   1.0105942e+01
   5.8800000e+02   1.0106048e+01
   5.8900000e+02   1.0105843e+01
   5.9000000e+02   1.0105540e+01
   5.9100000e+02   1.0106038e+01
   5.9200000e+02   1.0105586e+01
   5.9300000e+02   1.0106031e+01
   5.9400000e+02   1.0105925e+01
   5.9500000e+02   1.0105686e+01
   5.9600000e+02   1.0105729e+01
   5.9700000e+02   1.0105912e+01
   5.9800000e+02   1.0105590e+01
   5.9900000e+02   1.0105665e+01
   6.0000000e+02   1.0105590e+01
   6.0100000e+02   1.0105586e+01
   6.0200000e+02   1.0105494e+01
   6.0300000e+02   1.0105437e+01
   6.0400000e+02   1.0105460e+01
   6.0500000e+02   1.0105436e+01
   6.0600000e+02   1.0105231e+01
   6.0700000e+02   1.0105343e+01
   6.0800000e+02   1.0105559e+01
   6.0900000e+02   1.0105301e+01
   6.1000000e+02   1.0105369e+01
   6.1100000e+02   1.0105574e+01
   6.1200000e+02   1.0105517e+01
   6.1300000e+02   1.0105158e+01
   6.1400000e+02   1.0105401e+01
   6.1500000e+02   1.0105231e+01
   6.1600000e+02   1.0105476e+01
   6.1700000e+02   1.0105376e+01
   6.1800000e+02   1.0105433e+01
   6.1900000e+02   1.0105391e+01
   6.2000000e+02   1.0105506e+01
   6.2100000e+02   1.0105330e+01
   6.2200000e+02   1.0105349e+01
   6.2300000e+02   1.0105449e+01
   6.2400000e+02   1.0105308e+01
   6.2500000e+02   1.0105275e+01
   6.2600000e+02   1.0105301e+01
   6.2700000e+02   1.0105310e+01
   6.2800000e+02   1.0105369e+01
   6.2900000e+02   1.0105359e+01
   6.3000000e+02   1.0105308e+01
   6.3100000e+02   1.0105233e+01
   6.3200000e+02   1.0105207e+01
   6.3300000e+02   1.0105236e+01
   6.3400000e+02   1.0105380e+01
   6.3500000e+02   1.0105333e+01
   6.3600000e+02   1.0105203e+01
   6.3700000e+02   1.0105353e+01
   6.3800000e+02   1.0105432e+01
   6.3900000e+02   1.0105447e+01
   6.4000000e+02   1.0105250e+01
   6.4100000e+02   1.0105015e+01
   6.4200000e+02   1.0105281e+01
   6.4300000e+02   1.0105198e+01
   6.4400000e+02   1.0105159e+01
   6.4500000e+02   1.0105102e+01
   6.4600000e+02   1.0105194e+01
   6.4700000e+02   1.0104954e+01
   6.4800000e+02   1.0104956e+01
   6.4900000e+02   1.0105251e+01
   6.5000000e+02   1.0105104e+01
   6.5100000e+02   1.0105165e+01
   6.5200000e+02   1.0104872e+01
   6.5300000e+02   1.0104756e+01
   6.5400000e+02   1.0104945e+01
   6.5500000e+02   1.0104841e+01
   6.5600000e+02   1.0104630e+01
   6.5700000e+02   1.0104734e+01
   6.5800000e+02   1.0104833e+01
   6.5900000e+02   1.0104701e+01
   6.6000000e+02   1.0104759e+01
   6.6100000e+02   1.0104668e+01
   6.6200000e+02   1.0104681e+01
   6.6300000e+02   1.0104513e+01
   6.6400000e+02   1.0104658e+01
   6.6500000e+02   1.0104829e+01
   6.6600000e+02   1.0104844e+01
   6.6700000e+02   1.0104824e+01
   6.6800000e+02   1.0104953e+01
   6.6900000e+02   1.0104627e+01
   6.7000000e+02   1.0104586e+01
   6.7100000e+02   1.0104502e+01
   6.7200000e+02   1.0104424e+01
   6.7300000e+02   1.0104358e+01
   6.7400000e+02   1.0104473e+01
   6.7500000e+02   1.0104531e+01
   6.7600000e+02   1.0104291e+01
   6.7700000e+02   1.0104428e+01
   6.7800000e+02   1.0104354e+01
   6.7900000e+02   1.0104495e+01
   6.8000000e+02   1.0104517e+01
   6.8100000e+02   1.0104635e+01
   6.8200000e+02   1.0104526e+01
   6.8300000e+02   1.0104225e+01
   6.8400000e+02   1.0104608e+01
   6.8500000e+02   1.0104409e+01
   6.8600000e+02   1.0104595e+01
   6.8700000e+02   1.0104196e+01
   6.8800000e+02   1.0104340e+01
   6.8900000e+02   1.0104456e+01
   6.9000000e+02   1.0104232e+01
   6.9100000e+02   1.0104065e+01
   6.9200000e+02   1.0104108e+01
   6.9300000e+02   1.0103995e+01
   6.9400000e+02   1.0103863e+01
   6.9500000e+02   1.0104295e+01
   6.9600000e+02   1.0104167e+01
   6.9700000e+02   1.0104077e+01
   6.9800000e+02   1.0104261e+01
   6.9900000e+02   1.0104199e+01
   7.0000000e+02   1.0104134e+01
   7.0100000e+02   1.0104187e+01
   7.0200000e+02   1.0104103e+01
   7.0300000e+02   1.0104001e+01
   7.0400000e+02   1.0104224e+01
   7.0500000e+02   1.0104059e+01
   7.0600000e+02   1.0103900e+01
   7.0700000e+02   1.0103920e+01
   7.0800000e+02   1.0103773e+01
   7.0900000e+02   1.0104100e+01
   7.1000000e+02   1.0103939e+01
   7.1100000e+02   1.0103936e+01
   7.1200000e+02   1.0103944e+01
   7.1300000e+02   1.0103860e+01
   7.1400000e+02   1.0103839e+01
   7.1500000e+02   1.0103744e+01
   7.1600000e+02   1.0103970e+01
   7.1700000e+02   1.0103791e+01
   7.1800000e+02   1.0104093e+01
   7.1900000e+02   1.0103940e+01
   7.2000000e+02   1.0104127e+01
   7.2100000e+02   1.0103922e+01
   7.2200000e+02   1.0103709e+01
   7.2300000e+02   1.0104057e+01
   7.2400000e+02   1.0104195e+01
   7.2500000e+02   1.0103875e+01
   7.2600000e+02   1.0103988e+01
   7.2700000e+02   1.0104237e+01
   7.2800000e+02   1.0103850e+01
   7.2900000e+02   1.0103825e+01
   7.3000000e+02   1.0103808e+01
   7.3100000e+02   1.0103755e+01
   7.3200000e+02   1.0103892e+01
   7.3300000e+02   1.0103814e+01
   7.3400000e+02   1.0103858e+01
   7.3500000e+02   1.0103969e+01
   7.3600000e+02   1.0103813e+01
   7.3700000e+02   1.0103717e+01
   7.3800000e+02   1.0103790e+01
   7.3900000e+02   1.0103664e+01
   7.4000000e+02   1.0103601e+01
   7.4100000e+02   1.0103652e+01
   7.4200000e+02   1.0103614e+01
   7.4300000e+02   1.0103588e+01
   7.4400000e+02   1.0103618e+01
   7.4500000e+02   1.0103559e+01
   7.4600000e+02   1.0103663e+01
   7.4700000e+02   1.0103752e+01
   7.4800000e+02   1.0103720e+01
   7.4900000e+02   1.0103378e+01
   7.5000000e+02   1.0103559e+01
   7.5100000e+02   1.0103665e+01
   7.5200000e+02   1.0103369e+01
   7.5300000e+02   1.0103613e+01
   7.5400000e+02   1.0103478e+01
   7.5500000e+02   1.0103652e+01
   7.5600000e+02   1.0103396e+01
   7.5700000e+02   1.0103313e+01
   7.5800000e+02   1.0103540e+01
   7.5900000e+02   1.0103446e+01
   7.6000000e+02   1.0103473e+01
   7.6100000e+02   1.0103408e+01
   7.6200000e+02   1.0103522e+01
   7.6300000e+02   1.0103536e+01
   7.6400000e+02   1.0103087e+01
   7.6500000e+02   1.0103544e+01
   7.6600000e+02   1.0103536e+01
   7.6700000e+02   1.0103447e+01
   7.6800000e+02   1.0103589e+01
   7.6900000e+02   1.0103312e+01
   7.7000000e+02   1.0103649e+01
   7.7100000e+02   1.0103538e+01
   7.7200000e+02   1.0103827e+01
   7.7300000e+02   1.0103537e+01
   7.7400000e+02   1.0103376e+01
   7.7500000e+02   1.0103583e+01
   7.7600000e+02   1.0103315e+01
   7.7700000e+02   1.0103177e+01
   7.7800000e+02   1.0103526e+01
   7.7900000e+02   1.0103347e+01
   7.8000000e+02   1.0103064e+01
