   0.0000000e+00   1.0163036e+01
   1.0000000e+00   1.0157598e+01
   2.0000000e+00   1.0156407e+01
   3.0000000e+00   1.0155575e+01
   4.0000000e+00   1.0154715e+01
   5.0000000e+00   1.0154490e+01
   6.0000000e+00   1.0153816e+01
   7.0000000e+00   1.0153524e+01
   8.0000000e+00   1.0153014e+01
   9.0000000e+00   1.0152357e+01
   1.0000000e+01   1.0151977e+01
   1.1000000e+01   1.0151976e+01
   1.2000000e+01   1.0151736e+01
   1.3000000e+01   1.0151148e+01
   1.4000000e+01   1.0151443e+01
   1.5000000e+01   1.0151010e+01
   1.6000000e+01   1.0150828e+01
   1.7000000e+01   1.0150643e+01
   1.8000000e+01   1.0150361e+01
   1.9000000e+01   1.0150026e+01
   2.0000000e+01   1.0150118e+01
   2.1000000e+01   1.0150096e+01
   2.2000000e+01   1.0149795e+01
   2.3000000e+01   1.0149638e+01
   2.4000000e+01   1.0149509e+01
   2.5000000e+01   1.0149259e+01
   2.6000000e+01   1.0149176e+01
   2.7000000e+01   1.0148901e+01
   2.8000000e+01   1.0148744e+01
   2.9000000e+01   1.0148573e+01
   3.0000000e+01   1.0148435e+01
   3.1000000e+01   1.0148413e+01
   3.2000000e+01   1.0148249e+01
   3.3000000e+01   1.0148213e+01
   3.4000000e+01   1.0148077e+01
   3.5000000e+01   1.0147886e+01
   3.6000000e+01   1.0147829e+01
   3.7000000e+01   1.0147498e+01
   3.8000000e+01   1.0147281e+01
   3.9000000e+01   1.0147436e+01
   4.0000000e+01   1.0147139e+01
   4.1000000e+01   1.0146794e+01
   4.2000000e+01   1.0147019e+01
   4.3000000e+01   1.0146575e+01
   4.4000000e+01   1.0146819e+01
   4.5000000e+01   1.0146469e+01
   4.6000000e+01   1.0146767e+01
   4.7000000e+01   1.0146337e+01
   4.8000000e+01   1.0146267e+01
   4.9000000e+01   1.0146147e+01
   5.0000000e+01   1.0146188e+01
   5.1000000e+01   1.0146061e+01
   5.2000000e+01   1.0145936e+01
   5.3000000e+01   1.0145831e+01
   5.4000000e+01   1.0145675e+01
   5.5000000e+01   1.0145852e+01
   5.6000000e+01   1.0145564e+01
   5.7000000e+01   1.0145540e+01
   5.8000000e+01   1.0145470e+01
   5.9000000e+01   1.0145235e+01
   6.0000000e+01   1.0145270e+01
   6.1000000e+01   1.0145042e+01
   6.2000000e+01   1.0144739e+01
   6.3000000e+01   1.0144991e+01
   6.4000000e+01   1.0144983e+01
   6.5000000e+01   1.0144897e+01
   6.6000000e+01   1.0144735e+01
   6.7000000e+01   1.0144487e+01
   6.8000000e+01   1.0144418e+01
   6.9000000e+01   1.0144623e+01
   7.0000000e+01   1.0144279e+01
   7.1000000e+01   1.0144525e+01
   7.2000000e+01   1.0144181e+01
   7.3000000e+01   1.0144150e+01
   7.4000000e+01   1.0144531e+01
   7.5000000e+01   1.0144114e+01
   7.6000000e+01   1.0143795e+01
   7.7000000e+01   1.0143878e+01
   7.8000000e+01   1.0144204e+01
   7.9000000e+01   1.0143694e+01
   8.0000000e+01   1.0143467e+01
   8.1000000e+01   1.0143627e+01
   8.2000000e+01   1.0143483e+01
   8.3000000e+01   1.0143373e+01
   8.4000000e+01   1.0143222e+01
   8.5000000e+01   1.0143190e+01
   8.6000000e+01   1.0143360e+01
   8.7000000e+01   1.0143207e+01
   8.8000000e+01   1.0143125e+01
   8.9000000e+01   1.0142840e+01
   9.0000000e+01   1.0143024e+01
   9.1000000e+01   1.0142677e+01
   9.2000000e+01   1.0142981e+01
   9.3000000e+01   1.0142848e+01
   9.4000000e+01   1.0142837e+01
   9.5000000e+01   1.0142402e+01
   9.6000000e+01   1.0142578e+01
   9.7000000e+01   1.0142549e+01
   9.8000000e+01   1.0142361e+01
   9.9000000e+01   1.0142276e+01
   1.0000000e+02   1.0142305e+01
   1.0100000e+02   1.0142195e+01
   1.0200000e+02   1.0142122e+01
   1.0300000e+02   1.0142078e+01
   1.0400000e+02   1.0141848e+01
   1.0500000e+02   1.0141911e+01
   1.0600000e+02   1.0142018e+01
   1.0700000e+02   1.0142170e+01
   1.0800000e+02   1.0141632e+01
   1.0900000e+02   1.0142006e+01
   1.1000000e+02   1.0141745e+01
   1.1100000e+02   1.0141587e+01
   1.1200000e+02   1.0141493e+01
   1.1300000e+02   1.0141371e+01
   1.1400000e+02   1.0141280e+01
   1.1500000e+02   1.0141336e+01
   1.1600000e+02   1.0141410e+01
   1.1700000e+02   1.0141335e+01
   1.1800000e+02   1.0141395e+01
   1.1900000e+02   1.0141167e+01
   1.2000000e+02   1.0141074e+01
   1.2100000e+02   1.0141134e+01
   1.2200000e+02   1.0141298e+01
   1.2300000e+02   1.0141048e+01
   1.2400000e+02   1.0141159e+01
   1.2500000e+02   1.0140927e+01
   1.2600000e+02   1.0140868e+01
   1.2700000e+02   1.0140695e+01
   1.2800000e+02   1.0140655e+01
   1.2900000e+02   1.0140827e+01
   1.3000000e+02   1.0140719e+01
   1.3100000e+02   1.0140788e+01
   1.3200000e+02   1.0140589e+01
   1.3300000e+02   1.0140892e+01
   1.3400000e+02   1.0140694e+01
   1.3500000e+02   1.0140779e+01
   1.3600000e+02   1.0140559e+01
   1.3700000e+02   1.0140453e+01
   1.3800000e+02   1.0140578e+01
   1.3900000e+02   1.0140223e+01
   1.4000000e+02   1.0140409e+01
   1.4100000e+02   1.0140419e+01
   1.4200000e+02   1.0140221e+01
   1.4300000e+02   1.0140132e+01
   1.4400000e+02   1.0140486e+01
   1.4500000e+02   1.0140366e+01
   1.4600000e+02   1.0140351e+01
   1.4700000e+02   1.0140384e+01
   1.4800000e+02   1.0140016e+01
   1.4900000e+02   1.0139795e+01
   1.5000000e+02   1.0139985e+01
   1.5100000e+02   1.0140059e+01
   1.5200000e+02   1.0139741e+01
   1.5300000e+02   1.0140050e+01
   1.5400000e+02   1.0139773e+01
   1.5500000e+02   1.0139472e+01
   1.5600000e+02   1.0139563e+01
   1.5700000e+02   1.0139504e+01
   1.5800000e+02   1.0139708e+01
   1.5900000e+02   1.0139382e+01
   1.6000000e+02   1.0139430e+01
   1.6100000e+02   1.0139445e+01
   1.6200000e+02   1.0139441e+01
   1.6300000e+02   1.0139647e+01
   1.6400000e+02   1.0139520e+01
   1.6500000e+02   1.0139255e+01
   1.6600000e+02   1.0139081e+01
   1.6700000e+02   1.0136965e+01
   1.6800000e+02   1.0129214e+01
   1.6900000e+02   1.0120897e+01
   1.7000000e+02   1.0125324e+01
   1.7100000e+02   1.0131893e+01
   1.7200000e+02   1.0135833e+01
   1.7300000e+02   1.0137332e+01
   1.7400000e+02   1.0138174e+01
   1.7500000e+02   1.0138346e+01
   1.7600000e+02   1.0138488e+01
   1.7700000e+02   1.0138780e+01
   1.7800000e+02   1.0138598e+01
   1.7900000e+02   1.0136134e+01
   1.8000000e+02   1.0116177e+01
   1.8100000e+02   1.0096390e+01
   1.8200000e+02   1.0100014e+01
   1.8300000e+02   1.0108383e+01
   1.8400000e+02   1.0115104e+01
   1.8500000e+02   1.0118301e+01
   1.8600000e+02   1.0120647e+01
   1.8700000e+02   1.0121746e+01
   1.8800000e+02   1.0123393e+01
   1.8900000e+02   1.0126505e+01
   1.9000000e+02   1.0129628e+01
   1.9100000e+02   1.0133156e+01
   1.9200000e+02   1.0135001e+01
   1.9300000e+02   1.0135895e+01
   1.9400000e+02   1.0136387e+01
   1.9500000e+02   1.0136755e+01
   1.9600000e+02   1.0136908e+01
   1.9700000e+02   1.0136846e+01
   1.9800000e+02   1.0136865e+01
   1.9900000e+02   1.0136779e+01
   2.0000000e+02   1.0137022e+01
   2.0100000e+02   1.0136842e+01
   2.0200000e+02   1.0137236e+01
   2.0300000e+02   1.0137035e+01
   2.0400000e+02   1.0137136e+01
   2.0500000e+02   1.0137141e+01
   2.0600000e+02   1.0137007e+01
   2.0700000e+02   1.0137172e+01
   2.0800000e+02   1.0137133e+01
   2.0900000e+02   1.0137191e+01
   2.1000000e+02   1.0137055e+01
   2.1100000e+02   1.0136838e+01
   2.1200000e+02   1.0136940e+01
   2.1300000e+02   1.0137045e+01
   2.1400000e+02   1.0136676e+01
   2.1500000e+02   1.0137013e+01
   2.1600000e+02   1.0136904e+01
   2.1700000e+02   1.0136946e+01
   2.1800000e+02   1.0136900e+01
   2.1900000e+02   1.0136834e+01
   2.2000000e+02   1.0136801e+01
   2.2100000e+02   1.0136779e+01
   2.2200000e+02   1.0136776e+01
   2.2300000e+02   1.0136647e+01
   2.2400000e+02   1.0136613e+01
   2.2500000e+02   1.0136321e+01
   2.2600000e+02   1.0136297e+01
   2.2700000e+02   1.0136153e+01
   2.2800000e+02   1.0136010e+01
   2.2900000e+02   1.0136282e+01
   2.3000000e+02   1.0136092e+01
   2.3100000e+02   1.0136061e+01
   2.3200000e+02   1.0136117e+01
   2.3300000e+02   1.0135656e+01
   2.3400000e+02   1.0136083e+01
   2.3500000e+02   1.0136113e+01
   2.3600000e+02   1.0136164e+01
   2.3700000e+02   1.0136035e+01
   2.3800000e+02   1.0135847e+01
   2.3900000e+02   1.0136090e+01
   2.4000000e+02   1.0136111e+01
   2.4100000e+02   1.0135884e+01
   2.4200000e+02   1.0135861e+01
   2.4300000e+02   1.0135640e+01
   2.4400000e+02   1.0135730e+01
   2.4500000e+02   1.0135487e+01
   2.4600000e+02   1.0135333e+01
   2.4700000e+02   1.0135154e+01
   2.4800000e+02   1.0134099e+01
   2.4900000e+02   1.0132855e+01
   2.5000000e+02   1.0131871e+01
   2.5100000e+02   1.0130529e+01
   2.5200000e+02   1.0129974e+01
   2.5300000e+02   1.0130292e+01
   2.5400000e+02   1.0130733e+01
   2.5500000e+02   1.0131392e+01
   2.5600000e+02   1.0131996e+01
   2.5700000e+02   1.0132509e+01
   2.5800000e+02   1.0132637e+01
   2.5900000e+02   1.0132054e+01
   2.6000000e+02   1.0131807e+01
   2.6100000e+02   1.0131458e+01
   2.6200000e+02   1.0130888e+01
   2.6300000e+02   1.0130684e+01
   2.6400000e+02   1.0130607e+01
   2.6500000e+02   1.0130010e+01
   2.6600000e+02   1.0129821e+01
   2.6700000e+02   1.0129799e+01
   2.6800000e+02   1.0129816e+01
   2.6900000e+02   1.0130586e+01
   2.7000000e+02   1.0131254e+01
   2.7100000e+02   1.0131869e+01
   2.7200000e+02   1.0132633e+01
   2.7300000e+02   1.0133034e+01
   2.7400000e+02   1.0133405e+01
   2.7500000e+02   1.0133223e+01
   2.7600000e+02   1.0133007e+01
   2.7700000e+02   1.0133036e+01
   2.7800000e+02   1.0132950e+01
   2.7900000e+02   1.0133241e+01
   2.8000000e+02   1.0133152e+01
   2.8100000e+02   1.0133314e+01
   2.8200000e+02   1.0133366e+01
   2.8300000e+02   1.0133455e+01
   2.8400000e+02   1.0133589e+01
   2.8500000e+02   1.0133203e+01
   2.8600000e+02   1.0133407e+01
   2.8700000e+02   1.0133573e+01
   2.8800000e+02   1.0133327e+01
   2.8900000e+02   1.0133256e+01
   2.9000000e+02   1.0133321e+01
   2.9100000e+02   1.0133687e+01
   2.9200000e+02   1.0133641e+01
   2.9300000e+02   1.0133505e+01
   2.9400000e+02   1.0133429e+01
   2.9500000e+02   1.0133204e+01
   2.9600000e+02   1.0133242e+01
   2.9700000e+02   1.0133059e+01
   2.9800000e+02   1.0133470e+01
   2.9900000e+02   1.0133604e+01
   3.0000000e+02   1.0133377e+01
   3.0100000e+02   1.0133611e+01
   3.0200000e+02   1.0133463e+01
   3.0300000e+02   1.0133240e+01
   3.0400000e+02   1.0133211e+01
   3.0500000e+02   1.0132712e+01
   3.0600000e+02   1.0131924e+01
   3.0700000e+02   1.0130953e+01
   3.0800000e+02   1.0130210e+01
   3.0900000e+02   1.0128497e+01
   3.1000000e+02   1.0126539e+01
   3.1100000e+02   1.0123814e+01
   3.1200000e+02   1.0120701e+01
   3.1300000e+02   1.0117290e+01
   3.1400000e+02   1.0114448e+01
   3.1500000e+02   1.0112276e+01
   3.1600000e+02   1.0111906e+01
   3.1700000e+02   1.0112799e+01
   3.1800000e+02   1.0113912e+01
   3.1900000e+02   1.0114631e+01
   3.2000000e+02   1.0112974e+01
   3.2100000e+02   1.0110017e+01
   3.2200000e+02   1.0105253e+01
   3.2300000e+02   1.0100655e+01
   3.2400000e+02   1.0096686e+01
   3.2500000e+02   1.0094271e+01
   3.2600000e+02   1.0094223e+01
   3.2700000e+02   1.0095288e+01
   3.2800000e+02   1.0097601e+01
   3.2900000e+02   1.0100511e+01
   3.3000000e+02   1.0104578e+01
   3.3100000e+02   1.0108939e+01
   3.3200000e+02   1.0113522e+01
   3.3300000e+02   1.0117749e+01
   3.3400000e+02   1.0121242e+01
   3.3500000e+02   1.0124105e+01
   3.3600000e+02   1.0125855e+01
   3.3700000e+02   1.0126457e+01
   3.3800000e+02   1.0126414e+01
   3.3900000e+02   1.0125261e+01
   3.4000000e+02   1.0124059e+01
   3.4100000e+02   1.0122404e+01
   3.4200000e+02   1.0120807e+01
   3.4300000e+02   1.0120224e+01
   3.4400000e+02   1.0120214e+01
   3.4500000e+02   1.0121147e+01
   3.4600000e+02   1.0122501e+01
   3.4700000e+02   1.0124150e+01
   3.4800000e+02   1.0125947e+01
   3.4900000e+02   1.0127358e+01
   3.5000000e+02   1.0128427e+01
   3.5100000e+02   1.0129003e+01
   3.5200000e+02   1.0129791e+01
   3.5300000e+02   1.0129923e+01
   3.5400000e+02   1.0129882e+01
   3.5500000e+02   1.0130409e+01
   3.5600000e+02   1.0130318e+01
   3.5700000e+02   1.0130504e+01
   3.5800000e+02   1.0130403e+01
   3.5900000e+02   1.0130252e+01
   3.6000000e+02   1.0130322e+01
   3.6100000e+02   1.0130316e+01
   3.6200000e+02   1.0129878e+01
   3.6300000e+02   1.0129391e+01
   3.6400000e+02   1.0129144e+01
   3.6500000e+02   1.0128540e+01
   3.6600000e+02   1.0128537e+01
   3.6700000e+02   1.0128358e+01
   3.6800000e+02   1.0128511e+01
   3.6900000e+02   1.0128764e+01
   3.7000000e+02   1.0129296e+01
   3.7100000e+02   1.0129709e+01
   3.7200000e+02   1.0129970e+01
   3.7300000e+02   1.0130247e+01
   3.7400000e+02   1.0130677e+01
   3.7500000e+02   1.0130547e+01
   3.7600000e+02   1.0130916e+01
   3.7700000e+02   1.0130892e+01
   3.7800000e+02   1.0130892e+01
   3.7900000e+02   1.0130941e+01
   3.8000000e+02   1.0130838e+01
   3.8100000e+02   1.0130726e+01
   3.8200000e+02   1.0130934e+01
   3.8300000e+02   1.0130778e+01
   3.8400000e+02   1.0130688e+01
   3.8500000e+02   1.0130564e+01
   3.8600000e+02   1.0130562e+01
   3.8700000e+02   1.0130319e+01
   3.8800000e+02   1.0130460e+01
   3.8900000e+02   1.0129795e+01
   3.9000000e+02   1.0129695e+01
   3.9100000e+02   1.0129327e+01
   3.9200000e+02   1.0129177e+01
   3.9300000e+02   1.0128688e+01
   3.9400000e+02   1.0128045e+01
   3.9500000e+02   1.0127862e+01
   3.9600000e+02   1.0128054e+01
   3.9700000e+02   1.0128230e+01
   3.9800000e+02   1.0128262e+01
   3.9900000e+02   1.0128375e+01
   4.0000000e+02   1.0128956e+01
   4.0100000e+02   1.0129085e+01
   4.0200000e+02   1.0129486e+01
   4.0300000e+02   1.0129382e+01
   4.0400000e+02   1.0129838e+01
   4.0500000e+02   1.0129932e+01
   4.0600000e+02   1.0130031e+01
   4.0700000e+02   1.0129944e+01
   4.0800000e+02   1.0129985e+01
   4.0900000e+02   1.0129875e+01
   4.1000000e+02   1.0130006e+01
   4.1100000e+02   1.0130031e+01
   4.1200000e+02   1.0130001e+01
   4.1300000e+02   1.0130000e+01
   4.1400000e+02   1.0129904e+01
   4.1500000e+02   1.0130162e+01
   4.1600000e+02   1.0129913e+01
   4.1700000e+02   1.0129728e+01
   4.1800000e+02   1.0129706e+01
   4.1900000e+02   1.0129670e+01
   4.2000000e+02   1.0129395e+01
   4.2100000e+02   1.0129522e+01
   4.2200000e+02   1.0129809e+01
   4.2300000e+02   1.0129760e+01
   4.2400000e+02   1.0129547e+01
   4.2500000e+02   1.0129604e+01
   4.2600000e+02   1.0129514e+01
   4.2700000e+02   1.0129628e+01
   4.2800000e+02   1.0129400e+01
   4.2900000e+02   1.0129655e+01
   4.3000000e+02   1.0129387e+01
   4.3100000e+02   1.0129555e+01
   4.3200000e+02   1.0129575e+01
   4.3300000e+02   1.0129700e+01
   4.3400000e+02   1.0129236e+01
   4.3500000e+02   1.0129580e+01
   4.3600000e+02   1.0129551e+01
   4.3700000e+02   1.0129210e+01
   4.3800000e+02   1.0129182e+01
   4.3900000e+02   1.0129279e+01
   4.4000000e+02   1.0128908e+01
   4.4100000e+02   1.0128729e+01
   4.4200000e+02   1.0128282e+01
   4.4300000e+02   1.0127304e+01
   4.4400000e+02   1.0125960e+01
   4.4500000e+02   1.0123575e+01
   4.4600000e+02   1.0120066e+01
   4.4700000e+02   1.0115218e+01
   4.4800000e+02   1.0108748e+01
   4.4900000e+02   1.0100984e+01
   4.5000000e+02   1.0092843e+01
   4.5100000e+02   1.0084386e+01
   4.5200000e+02   1.0076824e+01
   4.5300000e+02   1.0071830e+01
   4.5400000e+02   1.0069099e+01
   4.5500000e+02   1.0069559e+01
   4.5600000e+02   1.0072858e+01
   4.5700000e+02   1.0078320e+01
   4.5800000e+02   1.0085433e+01
   4.5900000e+02   1.0092514e+01
   4.6000000e+02   1.0099623e+01
   4.6100000e+02   1.0106096e+01
   4.6200000e+02   1.0111827e+01
   4.6300000e+02   1.0116238e+01
   4.6400000e+02   1.0119331e+01
   4.6500000e+02   1.0121704e+01
   4.6600000e+02   1.0123347e+01
   4.6700000e+02   1.0124642e+01
   4.6800000e+02   1.0125772e+01
   4.6900000e+02   1.0125844e+01
   4.7000000e+02   1.0126329e+01
   4.7100000e+02   1.0126662e+01
   4.7200000e+02   1.0126759e+01
   4.7300000e+02   1.0126941e+01
   4.7400000e+02   1.0127067e+01
   4.7500000e+02   1.0127124e+01
   4.7600000e+02   1.0127112e+01
   4.7700000e+02   1.0127218e+01
   4.7800000e+02   1.0127139e+01
   4.7900000e+02   1.0127234e+01
   4.8000000e+02   1.0127062e+01
   4.8100000e+02   1.0127453e+01
   4.8200000e+02   1.0127326e+01
   4.8300000e+02   1.0127604e+01
   4.8400000e+02   1.0127567e+01
   4.8500000e+02   1.0127446e+01
   4.8600000e+02   1.0127743e+01
   4.8700000e+02   1.0127464e+01
   4.8800000e+02   1.0127644e+01
   4.8900000e+02   1.0127723e+01
   4.9000000e+02   1.0127792e+01
   4.9100000e+02   1.0127524e+01
   4.9200000e+02   1.0127877e+01
   4.9300000e+02   1.0127624e+01
   4.9400000e+02   1.0127563e+01
   4.9500000e+02   1.0127618e+01
   4.9600000e+02   1.0127436e+01
   4.9700000e+02   1.0127719e+01
   4.9800000e+02   1.0127583e+01
   4.9900000e+02   1.0127534e+01
   5.0000000e+02   1.0127540e+01
   5.0100000e+02   1.0127690e+01
   5.0200000e+02   1.0127634e+01
   5.0300000e+02   1.0127809e+01
   5.0400000e+02   1.0127909e+01
   5.0500000e+02   1.0127654e+01
   5.0600000e+02   1.0128029e+01
   5.0700000e+02   1.0127987e+01
   5.0800000e+02   1.0127725e+01
   5.0900000e+02   1.0127486e+01
   5.1000000e+02   1.0127681e+01
   5.1100000e+02   1.0127723e+01
   5.1200000e+02   1.0127634e+01
   5.1300000e+02   1.0127703e+01
   5.1400000e+02   1.0127934e+01
   5.1500000e+02   1.0127654e+01
   5.1600000e+02   1.0127530e+01
   5.1700000e+02   1.0127454e+01
   5.1800000e+02   1.0127329e+01
   5.1900000e+02   1.0127490e+01
   5.2000000e+02   1.0127446e+01
   5.2100000e+02   1.0127376e+01
   5.2200000e+02   1.0127529e+01
   5.2300000e+02   1.0127181e+01
   5.2400000e+02   1.0127194e+01
   5.2500000e+02   1.0127319e+01
   5.2600000e+02   1.0127147e+01
   5.2700000e+02   1.0127142e+01
   5.2800000e+02   1.0127053e+01
   5.2900000e+02   1.0127514e+01
   5.3000000e+02   1.0127242e+01
   5.3100000e+02   1.0127108e+01
   5.3200000e+02   1.0127151e+01
   5.3300000e+02   1.0127128e+01
   5.3400000e+02   1.0126850e+01
   5.3500000e+02   1.0127197e+01
   5.3600000e+02   1.0127088e+01
   5.3700000e+02   1.0126990e+01
   5.3800000e+02   1.0126875e+01
   5.3900000e+02   1.0126863e+01
   5.4000000e+02   1.0126892e+01
   5.4100000e+02   1.0126580e+01
   5.4200000e+02   1.0126907e+01
   5.4300000e+02   1.0126886e+01
   5.4400000e+02   1.0126933e+01
   5.4500000e+02   1.0126550e+01
   5.4600000e+02   1.0126803e+01
   5.4700000e+02   1.0126678e+01
   5.4800000e+02   1.0126934e+01
   5.4900000e+02   1.0126753e+01
   5.5000000e+02   1.0126721e+01
   5.5100000e+02   1.0126778e+01
   5.5200000e+02   1.0126804e+01
   5.5300000e+02   1.0126563e+01
   5.5400000e+02   1.0126616e+01
   5.5500000e+02   1.0126554e+01
   5.5600000e+02   1.0126929e+01
   5.5700000e+02   1.0126915e+01
   5.5800000e+02   1.0126715e+01
   5.5900000e+02   1.0126816e+01
   5.6000000e+02   1.0126803e+01
   5.6100000e+02   1.0126529e+01
   5.6200000e+02   1.0126566e+01
   5.6300000e+02   1.0126561e+01
   5.6400000e+02   1.0126794e+01
   5.6500000e+02   1.0126426e+01
   5.6600000e+02   1.0126623e+01
   5.6700000e+02   1.0126429e+01
   5.6800000e+02   1.0126434e+01
   5.6900000e+02   1.0126378e+01
   5.7000000e+02   1.0126379e+01
   5.7100000e+02   1.0126674e+01
   5.7200000e+02   1.0126300e+01
   5.7300000e+02   1.0126225e+01
   5.7400000e+02   1.0126360e+01
   5.7500000e+02   1.0126146e+01
   5.7600000e+02   1.0126167e+01
   5.7700000e+02   1.0126099e+01
   5.7800000e+02   1.0126057e+01
   5.7900000e+02   1.0125913e+01
   5.8000000e+02   1.0125875e+01
   5.8100000e+02   1.0125979e+01
   5.8200000e+02   1.0126288e+01
   5.8300000e+02   1.0126169e+01
   5.8400000e+02   1.0126315e+01
   5.8500000e+02   1.0126175e+01
   5.8600000e+02   1.0126169e+01
   5.8700000e+02   1.0126020e+01
   5.8800000e+02   1.0126178e+01
   5.8900000e+02   1.0126053e+01
   5.9000000e+02   1.0125989e+01
   5.9100000e+02   1.0126074e+01
   5.9200000e+02   1.0125784e+01
   5.9300000e+02   1.0125916e+01
   5.9400000e+02   1.0125814e+01
   5.9500000e+02   1.0125778e+01
   5.9600000e+02   1.0125818e+01
   5.9700000e+02   1.0125943e+01
   5.9800000e+02   1.0125643e+01
   5.9900000e+02   1.0125798e+01
   6.0000000e+02   1.0125959e+01
   6.0100000e+02   1.0125743e+01
   6.0200000e+02   1.0125705e+01
   6.0300000e+02   1.0125908e+01
   6.0400000e+02   1.0125685e+01
   6.0500000e+02   1.0125678e+01
   6.0600000e+02   1.0125715e+01
   6.0700000e+02   1.0125534e+01
   6.0800000e+02   1.0125735e+01
   6.0900000e+02   1.0125832e+01
   6.1000000e+02   1.0125757e+01
   6.1100000e+02   1.0125445e+01
   6.1200000e+02   1.0125638e+01
   6.1300000e+02   1.0125448e+01
   6.1400000e+02   1.0125619e+01
   6.1500000e+02   1.0125215e+01
   6.1600000e+02   1.0125434e+01
   6.1700000e+02   1.0125385e+01
   6.1800000e+02   1.0125523e+01
   6.1900000e+02   1.0125553e+01
   6.2000000e+02   1.0125490e+01
   6.2100000e+02   1.0125533e+01
   6.2200000e+02   1.0125593e+01
   6.2300000e+02   1.0125540e+01
   6.2400000e+02   1.0125403e+01
   6.2500000e+02   1.0125425e+01
   6.2600000e+02   1.0125352e+01
   6.2700000e+02   1.0125563e+01
   6.2800000e+02   1.0125391e+01
   6.2900000e+02   1.0125169e+01
   6.3000000e+02   1.0125119e+01
   6.3100000e+02   1.0125314e+01
   6.3200000e+02   1.0125125e+01
   6.3300000e+02   1.0125205e+01
   6.3400000e+02   1.0125495e+01
   6.3500000e+02   1.0125328e+01
   6.3600000e+02   1.0125459e+01
   6.3700000e+02   1.0124992e+01
   6.3800000e+02   1.0125129e+01
   6.3900000e+02   1.0125168e+01
   6.4000000e+02   1.0124935e+01
   6.4100000e+02   1.0125245e+01
   6.4200000e+02   1.0124699e+01
   6.4300000e+02   1.0124859e+01
   6.4400000e+02   1.0124929e+01
   6.4500000e+02   1.0124940e+01
   6.4600000e+02   1.0125010e+01
   6.4700000e+02   1.0124922e+01
   6.4800000e+02   1.0124909e+01
   6.4900000e+02   1.0125020e+01
   6.5000000e+02   1.0125070e+01
   6.5100000e+02   1.0124912e+01
   6.5200000e+02   1.0124792e+01
   6.5300000e+02   1.0124850e+01
   6.5400000e+02   1.0125191e+01
   6.5500000e+02   1.0124932e+01
   6.5600000e+02   1.0124987e+01
   6.5700000e+02   1.0124608e+01
   6.5800000e+02   1.0124917e+01
   6.5900000e+02   1.0125058e+01
   6.6000000e+02   1.0124885e+01
   6.6100000e+02   1.0125115e+01
   6.6200000e+02   1.0124879e+01
   6.6300000e+02   1.0124681e+01
   6.6400000e+02   1.0124404e+01
   6.6500000e+02   1.0124662e+01
   6.6600000e+02   1.0124811e+01
   6.6700000e+02   1.0124788e+01
   6.6800000e+02   1.0124672e+01
   6.6900000e+02   1.0124725e+01
   6.7000000e+02   1.0124942e+01
   6.7100000e+02   1.0124541e+01
   6.7200000e+02   1.0124595e+01
   6.7300000e+02   1.0124526e+01
   6.7400000e+02   1.0124629e+01
   6.7500000e+02   1.0124550e+01
   6.7600000e+02   1.0124427e+01
   6.7700000e+02   1.0124477e+01
   6.7800000e+02   1.0124631e+01
   6.7900000e+02   1.0124131e+01
   6.8000000e+02   1.0124008e+01
   6.8100000e+02   1.0123885e+01
   6.8200000e+02   1.0123772e+01
   6.8300000e+02   1.0123643e+01
   6.8400000e+02   1.0123332e+01
   6.8500000e+02   1.0123137e+01
   6.8600000e+02   1.0122846e+01
   6.8700000e+02   1.0122926e+01
   6.8800000e+02   1.0122577e+01
   6.8900000e+02   1.0122243e+01
   6.9000000e+02   1.0122013e+01
   6.9100000e+02   1.0121659e+01
   6.9200000e+02   1.0121455e+01
   6.9300000e+02   1.0121500e+01
   6.9400000e+02   1.0121488e+01
   6.9500000e+02   1.0121076e+01
   6.9600000e+02   1.0121348e+01
   6.9700000e+02   1.0121453e+01
   6.9800000e+02   1.0121904e+01
   6.9900000e+02   1.0121972e+01
   7.0000000e+02   1.0122379e+01
   7.0100000e+02   1.0122162e+01
   7.0200000e+02   1.0122556e+01
   7.0300000e+02   1.0122864e+01
   7.0400000e+02   1.0123149e+01
   7.0500000e+02   1.0123280e+01
   7.0600000e+02   1.0123124e+01
   7.0700000e+02   1.0123323e+01
   7.0800000e+02   1.0123411e+01
   7.0900000e+02   1.0123625e+01
   7.1000000e+02   1.0123386e+01
   7.1100000e+02   1.0123657e+01
   7.1200000e+02   1.0123617e+01
   7.1300000e+02   1.0123545e+01
   7.1400000e+02   1.0123620e+01
   7.1500000e+02   1.0123434e+01
   7.1600000e+02   1.0123818e+01
   7.1700000e+02   1.0123465e+01
   7.1800000e+02   1.0123393e+01
   7.1900000e+02   1.0123649e+01
   7.2000000e+02   1.0123530e+01
   7.2100000e+02   1.0123772e+01
   7.2200000e+02   1.0123358e+01
   7.2300000e+02   1.0123657e+01
   7.2400000e+02   1.0123768e+01
   7.2500000e+02   1.0123816e+01
   7.2600000e+02   1.0123690e+01
   7.2700000e+02   1.0123588e+01
   7.2800000e+02   1.0123274e+01
   7.2900000e+02   1.0123604e+01
   7.3000000e+02   1.0123534e+01
   7.3100000e+02   1.0123430e+01
   7.3200000e+02   1.0123533e+01
   7.3300000e+02   1.0123212e+01
   7.3400000e+02   1.0123114e+01
   7.3500000e+02   1.0123363e+01
   7.3600000e+02   1.0123181e+01
   7.3700000e+02   1.0123156e+01
   7.3800000e+02   1.0123417e+01
   7.3900000e+02   1.0123181e+01
   7.4000000e+02   1.0123119e+01
   7.4100000e+02   1.0123292e+01
   7.4200000e+02   1.0123059e+01
   7.4300000e+02   1.0123195e+01
   7.4400000e+02   1.0123388e+01
   7.4500000e+02   1.0123412e+01
   7.4600000e+02   1.0122975e+01
   7.4700000e+02   1.0123303e+01
   7.4800000e+02   1.0123123e+01
   7.4900000e+02   1.0123215e+01
   7.5000000e+02   1.0123076e+01
   7.5100000e+02   1.0123074e+01
   7.5200000e+02   1.0123028e+01
   7.5300000e+02   1.0123024e+01
   7.5400000e+02   1.0123455e+01
   7.5500000e+02   1.0123076e+01
   7.5600000e+02   1.0123321e+01
   7.5700000e+02   1.0123206e+01
   7.5800000e+02   1.0123236e+01
   7.5900000e+02   1.0123009e+01
   7.6000000e+02   1.0123115e+01
   7.6100000e+02   1.0123160e+01
   7.6200000e+02   1.0122958e+01
   7.6300000e+02   1.0122512e+01
   7.6400000e+02   1.0123038e+01
   7.6500000e+02   1.0122754e+01
   7.6600000e+02   1.0122841e+01
   7.6700000e+02   1.0122753e+01
   7.6800000e+02   1.0122797e+01
   7.6900000e+02   1.0122990e+01
   7.7000000e+02   1.0122979e+01
   7.7100000e+02   1.0122759e+01
   7.7200000e+02   1.0122765e+01
   7.7300000e+02   1.0122726e+01
   7.7400000e+02   1.0122926e+01
   7.7500000e+02   1.0122806e+01
   7.7600000e+02   1.0122941e+01
   7.7700000e+02   1.0122691e+01
   7.7800000e+02   1.0122963e+01
   7.7900000e+02   1.0122702e+01
   7.8000000e+02   1.0122855e+01
