   0.0000000e+00   1.0195988e+01
   1.0000000e+00   1.0190694e+01
   2.0000000e+00   1.0189319e+01
   3.0000000e+00   1.0188621e+01
   4.0000000e+00   1.0187719e+01
   5.0000000e+00   1.0187305e+01
   6.0000000e+00   1.0187068e+01
   7.0000000e+00   1.0186690e+01
   8.0000000e+00   1.0186055e+01
   9.0000000e+00   1.0185804e+01
   1.0000000e+01   1.0185864e+01
   1.1000000e+01   1.0185669e+01
   1.2000000e+01   1.0185036e+01
   1.3000000e+01   1.0184803e+01
   1.4000000e+01   1.0184641e+01
   1.5000000e+01   1.0184701e+01
   1.6000000e+01   1.0184228e+01
   1.7000000e+01   1.0183944e+01
   1.8000000e+01   1.0183913e+01
   1.9000000e+01   1.0183423e+01
   2.0000000e+01   1.0183528e+01
   2.1000000e+01   1.0183287e+01
   2.2000000e+01   1.0182994e+01
   2.3000000e+01   1.0182860e+01
   2.4000000e+01   1.0182357e+01
   2.5000000e+01   1.0182760e+01
   2.6000000e+01   1.0182652e+01
   2.7000000e+01   1.0182500e+01
   2.8000000e+01   1.0182382e+01
   2.9000000e+01   1.0182247e+01
   3.0000000e+01   1.0182371e+01
   3.1000000e+01   1.0182085e+01
   3.2000000e+01   1.0181730e+01
   3.3000000e+01   1.0181980e+01
   3.4000000e+01   1.0181658e+01
   3.5000000e+01   1.0181496e+01
   3.6000000e+01   1.0181446e+01
   3.7000000e+01   1.0181199e+01
   3.8000000e+01   1.0181276e+01
   3.9000000e+01   1.0181071e+01
   4.0000000e+01   1.0181212e+01
   4.1000000e+01   1.0180928e+01
   4.2000000e+01   1.0180804e+01
   4.3000000e+01   1.0180782e+01
   4.4000000e+01   1.0180818e+01
   4.5000000e+01   1.0180743e+01
   4.6000000e+01   1.0180504e+01
   4.7000000e+01   1.0180625e+01
   4.8000000e+01   1.0180559e+01
   4.9000000e+01   1.0180324e+01
   5.0000000e+01   1.0180109e+01
   5.1000000e+01   1.0179898e+01
   5.2000000e+01   1.0179786e+01
   5.3000000e+01   1.0179941e+01
   5.4000000e+01   1.0179998e+01
   5.5000000e+01   1.0179861e+01
   5.6000000e+01   1.0179968e+01
   5.7000000e+01   1.0179705e+01
   5.8000000e+01   1.0179762e+01
   5.9000000e+01   1.0179495e+01
   6.0000000e+01   1.0179608e+01
   6.1000000e+01   1.0179759e+01
   6.2000000e+01   1.0179646e+01
   6.3000000e+01   1.0179097e+01
   6.4000000e+01   1.0179256e+01
   6.5000000e+01   1.0179257e+01
   6.6000000e+01   1.0179263e+01
   6.7000000e+01   1.0179150e+01
   6.8000000e+01   1.0178861e+01
   6.9000000e+01   1.0178958e+01
   7.0000000e+01   1.0178823e+01
   7.1000000e+01   1.0178947e+01
   7.2000000e+01   1.0178716e+01
   7.3000000e+01   1.0178691e+01
   7.4000000e+01   1.0178636e+01
   7.5000000e+01   1.0178470e+01
   7.6000000e+01   1.0178379e+01
   7.7000000e+01   1.0178363e+01
   7.8000000e+01   1.0178152e+01
   7.9000000e+01   1.0178269e+01
   8.0000000e+01   1.0178045e+01
   8.1000000e+01   1.0177840e+01
   8.2000000e+01   1.0178007e+01
   8.3000000e+01   1.0177752e+01
   8.4000000e+01   1.0177807e+01
   8.5000000e+01   1.0177638e+01
   8.6000000e+01   1.0177668e+01
   8.7000000e+01   1.0177339e+01
   8.8000000e+01   1.0177200e+01
   8.9000000e+01   1.0177426e+01
   9.0000000e+01   1.0177296e+01
   9.1000000e+01   1.0177229e+01
   9.2000000e+01   1.0177352e+01
   9.3000000e+01   1.0177444e+01
   9.4000000e+01   1.0177246e+01
   9.5000000e+01   1.0177325e+01
   9.6000000e+01   1.0177162e+01
   9.7000000e+01   1.0177215e+01
   9.8000000e+01   1.0177078e+01
   9.9000000e+01   1.0176861e+01
   1.0000000e+02   1.0176783e+01
   1.0100000e+02   1.0176966e+01
   1.0200000e+02   1.0177056e+01
   1.0300000e+02   1.0176911e+01
   1.0400000e+02   1.0176644e+01
   1.0500000e+02   1.0176539e+01
   1.0600000e+02   1.0176500e+01
   1.0700000e+02   1.0176410e+01
   1.0800000e+02   1.0176587e+01
   1.0900000e+02   1.0176354e+01
   1.1000000e+02   1.0176436e+01
   1.1100000e+02   1.0176467e+01
   1.1200000e+02   1.0176592e+01
   1.1300000e+02   1.0176245e+01
   1.1400000e+02   1.0176024e+01
   1.1500000e+02   1.0176057e+01
   1.1600000e+02   1.0176080e+01
   1.1700000e+02   1.0175881e+01
   1.1800000e+02   1.0176119e+01
   1.1900000e+02   1.0176153e+01
   1.2000000e+02   1.0175990e+01
   1.2100000e+02   1.0176086e+01
   1.2200000e+02   1.0176048e+01
   1.2300000e+02   1.0175810e+01
   1.2400000e+02   1.0176225e+01
   1.2500000e+02   1.0175811e+01
   1.2600000e+02   1.0175592e+01
   1.2700000e+02   1.0175600e+01
   1.2800000e+02   1.0175889e+01
   1.2900000e+02   1.0175760e+01
   1.3000000e+02   1.0175639e+01
   1.3100000e+02   1.0175700e+01
   1.3200000e+02   1.0175455e+01
   1.3300000e+02   1.0175562e+01
   1.3400000e+02   1.0175443e+01
   1.3500000e+02   1.0175424e+01
   1.3600000e+02   1.0175452e+01
   1.3700000e+02   1.0175385e+01
   1.3800000e+02   1.0175348e+01
   1.3900000e+02   1.0175451e+01
   1.4000000e+02   1.0175124e+01
   1.4100000e+02   1.0175285e+01
   1.4200000e+02   1.0175303e+01
   1.4300000e+02   1.0175005e+01
   1.4400000e+02   1.0175076e+01
   1.4500000e+02   1.0174863e+01
   1.4600000e+02   1.0174862e+01
   1.4700000e+02   1.0174805e+01
   1.4800000e+02   1.0174768e+01
   1.4900000e+02   1.0174544e+01
   1.5000000e+02   1.0174596e+01
   1.5100000e+02   1.0174684e+01
   1.5200000e+02   1.0174723e+01
   1.5300000e+02   1.0174387e+01
   1.5400000e+02   1.0174462e+01
   1.5500000e+02   1.0174469e+01
   1.5600000e+02   1.0174441e+01
   1.5700000e+02   1.0174357e+01
   1.5800000e+02   1.0174300e+01
   1.5900000e+02   1.0174562e+01
   1.6000000e+02   1.0174408e+01
   1.6100000e+02   1.0174309e+01
   1.6200000e+02   1.0174072e+01
   1.6300000e+02   1.0174161e+01
   1.6400000e+02   1.0174364e+01
   1.6500000e+02   1.0174218e+01
   1.6600000e+02   1.0173774e+01
   1.6700000e+02   1.0171993e+01
   1.6800000e+02   1.0163122e+01
   1.6900000e+02   1.0155393e+01
   1.7000000e+02   1.0160528e+01
   1.7100000e+02   1.0167511e+01
   1.7200000e+02   1.0170752e+01
   1.7300000e+02   1.0172400e+01
   1.7400000e+02   1.0173006e+01
   1.7500000e+02   1.0173250e+01
   1.7600000e+02   1.0173564e+01
   1.7700000e+02   1.0173629e+01
   1.7800000e+02   1.0173593e+01
   1.7900000e+02   1.0170698e+01
   1.8000000e+02   1.0151383e+01
   1.8100000e+02   1.0129316e+01
   1.8200000e+02   1.0129220e+01
   1.8300000e+02   1.0138894e+01
   1.8400000e+02   1.0149102e+01
   1.8500000e+02   1.0152979e+01
   1.8600000e+02   1.0154907e+01
   1.8700000e+02   1.0155952e+01
   1.8800000e+02   1.0159055e+01
   1.8900000e+02   1.0164492e+01
   1.9000000e+02   1.0168299e+01
   1.9100000e+02   1.0170136e+01
   1.9200000e+02   1.0171249e+01
   1.9300000e+02   1.0171842e+01
   1.9400000e+02   1.0172121e+01
   1.9500000e+02   1.0171996e+01
   1.9600000e+02   1.0172219e+01
   1.9700000e+02   1.0172239e+01
   1.9800000e+02   1.0172482e+01
   1.9900000e+02   1.0172271e+01
   2.0000000e+02   1.0172435e+01
   2.0100000e+02   1.0172647e+01
   2.0200000e+02   1.0172510e+01
   2.0300000e+02   1.0172472e+01
   2.0400000e+02   1.0172396e+01
   2.0500000e+02   1.0172486e+01
   2.0600000e+02   1.0172247e+01
   2.0700000e+02   1.0172272e+01
   2.0800000e+02   1.0172170e+01
   2.0900000e+02   1.0172400e+01
   2.1000000e+02   1.0172204e+01
   2.1100000e+02   1.0172571e+01
   2.1200000e+02   1.0172328e+01
   2.1300000e+02   1.0172091e+01
   2.1400000e+02   1.0172255e+01
   2.1500000e+02   1.0172053e+01
   2.1600000e+02   1.0172249e+01
   2.1700000e+02   1.0172472e+01
   2.1800000e+02   1.0172214e+01
   2.1900000e+02   1.0171963e+01
   2.2000000e+02   1.0172010e+01
   2.2100000e+02   1.0172067e+01
   2.2200000e+02   1.0172190e+01
   2.2300000e+02   1.0171748e+01
   2.2400000e+02   1.0171667e+01
   2.2500000e+02   1.0171290e+01
   2.2600000e+02   1.0171244e+01
   2.2700000e+02   1.0170649e+01
   2.2800000e+02   1.0170740e+01
   2.2900000e+02   1.0170807e+01
   2.3000000e+02   1.0170550e+01
   2.3100000e+02   1.0170655e+01
   2.3200000e+02   1.0170747e+01
   2.3300000e+02   1.0170824e+01
   2.3400000e+02   1.0170991e+01
   2.3500000e+02   1.0171284e+01
   2.3600000e+02   1.0171381e+01
   2.3700000e+02   1.0171240e+01
   2.3800000e+02   1.0171190e+01
   2.3900000e+02   1.0171033e+01
   2.4000000e+02   1.0171187e+01
   2.4100000e+02   1.0170888e+01
   2.4200000e+02   1.0170885e+01
   2.4300000e+02   1.0171118e+01
   2.4400000e+02   1.0170746e+01
   2.4500000e+02   1.0170415e+01
   2.4600000e+02   1.0170219e+01
   2.4700000e+02   1.0168895e+01
   2.4800000e+02   1.0167188e+01
   2.4900000e+02   1.0164594e+01
   2.5000000e+02   1.0161549e+01
   2.5100000e+02   1.0159248e+01
   2.5200000e+02   1.0158137e+01
   2.5300000e+02   1.0158276e+01
   2.5400000e+02   1.0159750e+01
   2.5500000e+02   1.0161821e+01
   2.5600000e+02   1.0163524e+01
   2.5700000e+02   1.0164332e+01
   2.5800000e+02   1.0164549e+01
   2.5900000e+02   1.0163838e+01
   2.6000000e+02   1.0162870e+01
   2.6100000e+02   1.0161622e+01
   2.6200000e+02   1.0161141e+01
   2.6300000e+02   1.0160245e+01
   2.6400000e+02   1.0159757e+01
   2.6500000e+02   1.0159003e+01
   2.6600000e+02   1.0158520e+01
   2.6700000e+02   1.0158478e+01
   2.6800000e+02   1.0158976e+01
   2.6900000e+02   1.0160625e+01
   2.7000000e+02   1.0162555e+01
   2.7100000e+02   1.0164237e+01
   2.7200000e+02   1.0165349e+01
   2.7300000e+02   1.0166713e+01
   2.7400000e+02   1.0167195e+01
   2.7500000e+02   1.0167193e+01
   2.7600000e+02   1.0167169e+01
   2.7700000e+02   1.0167239e+01
   2.7800000e+02   1.0166703e+01
   2.7900000e+02   1.0166898e+01
   2.8000000e+02   1.0167069e+01
   2.8100000e+02   1.0167152e+01
   2.8200000e+02   1.0167405e+01
   2.8300000e+02   1.0168027e+01
   2.8400000e+02   1.0167764e+01
   2.8500000e+02   1.0167888e+01
   2.8600000e+02   1.0167866e+01
   2.8700000e+02   1.0168078e+01
   2.8800000e+02   1.0168082e+01
   2.8900000e+02   1.0168027e+01
   2.9000000e+02   1.0168596e+01
   2.9100000e+02   1.0168444e+01
   2.9200000e+02   1.0168707e+01
   2.9300000e+02   1.0168889e+01
   2.9400000e+02   1.0168521e+01
   2.9500000e+02   1.0168831e+01
   2.9600000e+02   1.0168761e+01
   2.9700000e+02   1.0168779e+01
   2.9800000e+02   1.0168853e+01
   2.9900000e+02   1.0169140e+01
   3.0000000e+02   1.0169143e+01
   3.0100000e+02   1.0169277e+01
   3.0200000e+02   1.0169130e+01
   3.0300000e+02   1.0168794e+01
   3.0400000e+02   1.0168369e+01
   3.0500000e+02   1.0168038e+01
   3.0600000e+02   1.0167194e+01
   3.0700000e+02   1.0166251e+01
   3.0800000e+02   1.0164882e+01
   3.0900000e+02   1.0163376e+01
   3.1000000e+02   1.0161062e+01
   3.1100000e+02   1.0158282e+01
   3.1200000e+02   1.0154642e+01
   3.1300000e+02   1.0150943e+01
   3.1400000e+02   1.0147764e+01
   3.1500000e+02   1.0145957e+01
   3.1600000e+02   1.0145468e+01
   3.1700000e+02   1.0146680e+01
   3.1800000e+02   1.0148207e+01
   3.1900000e+02   1.0148389e+01
   3.2000000e+02   1.0146594e+01
   3.2100000e+02   1.0143217e+01
   3.2200000e+02   1.0137893e+01
   3.2300000e+02   1.0132826e+01
   3.2400000e+02   1.0128500e+01
   3.2500000e+02   1.0126455e+01
   3.2600000e+02   1.0126337e+01
   3.2700000e+02   1.0128025e+01
   3.2800000e+02   1.0130917e+01
   3.2900000e+02   1.0134766e+01
   3.3000000e+02   1.0139333e+01
   3.3100000e+02   1.0144058e+01
   3.3200000e+02   1.0148859e+01
   3.3300000e+02   1.0153635e+01
   3.3400000e+02   1.0157214e+01
   3.3500000e+02   1.0159975e+01
   3.3600000e+02   1.0161960e+01
   3.3700000e+02   1.0162318e+01
   3.3800000e+02   1.0162211e+01
   3.3900000e+02   1.0161462e+01
   3.4000000e+02   1.0159524e+01
   3.4100000e+02   1.0157642e+01
   3.4200000e+02   1.0156377e+01
   3.4300000e+02   1.0155580e+01
   3.4400000e+02   1.0156100e+01
   3.4500000e+02   1.0157030e+01
   3.4600000e+02   1.0158658e+01
   3.4700000e+02   1.0160471e+01
   3.4800000e+02   1.0162131e+01
   3.4900000e+02   1.0163621e+01
   3.5000000e+02   1.0164503e+01
   3.5100000e+02   1.0165280e+01
   3.5200000e+02   1.0166027e+01
   3.5300000e+02   1.0166503e+01
   3.5400000e+02   1.0166890e+01
   3.5500000e+02   1.0166945e+01
   3.5600000e+02   1.0166983e+01
   3.5700000e+02   1.0167011e+01
   3.5800000e+02   1.0166850e+01
   3.5900000e+02   1.0166887e+01
   3.6000000e+02   1.0167044e+01
   3.6100000e+02   1.0166604e+01
   3.6200000e+02   1.0166074e+01
   3.6300000e+02   1.0165873e+01
   3.6400000e+02   1.0165438e+01
   3.6500000e+02   1.0164875e+01
   3.6600000e+02   1.0164880e+01
   3.6700000e+02   1.0164640e+01
   3.6800000e+02   1.0164861e+01
   3.6900000e+02   1.0165102e+01
   3.7000000e+02   1.0165394e+01
   3.7100000e+02   1.0165824e+01
   3.7200000e+02   1.0166051e+01
   3.7300000e+02   1.0166209e+01
   3.7400000e+02   1.0166895e+01
   3.7500000e+02   1.0166997e+01
   3.7600000e+02   1.0167024e+01
   3.7700000e+02   1.0167044e+01
   3.7800000e+02   1.0166913e+01
   3.7900000e+02   1.0166737e+01
   3.8000000e+02   1.0166998e+01
   3.8100000e+02   1.0167009e+01
   3.8200000e+02   1.0166773e+01
   3.8300000e+02   1.0166959e+01
   3.8400000e+02   1.0166830e+01
   3.8500000e+02   1.0167229e+01
   3.8600000e+02   1.0166989e+01
   3.8700000e+02   1.0166530e+01
   3.8800000e+02   1.0166561e+01
   3.8900000e+02   1.0166419e+01
   3.9000000e+02   1.0166109e+01
   3.9100000e+02   1.0165392e+01
   3.9200000e+02   1.0165195e+01
   3.9300000e+02   1.0165020e+01
   3.9400000e+02   1.0164354e+01
   3.9500000e+02   1.0164456e+01
   3.9600000e+02   1.0164712e+01
   3.9700000e+02   1.0164627e+01
   3.9800000e+02   1.0165185e+01
   3.9900000e+02   1.0165249e+01
   4.0000000e+02   1.0165492e+01
   4.0100000e+02   1.0166009e+01
   4.0200000e+02   1.0166020e+01
   4.0300000e+02   1.0166483e+01
   4.0400000e+02   1.0166722e+01
   4.0500000e+02   1.0166423e+01
   4.0600000e+02   1.0166464e+01
   4.0700000e+02   1.0166463e+01
   4.0800000e+02   1.0166430e+01
   4.0900000e+02   1.0166642e+01
   4.1000000e+02   1.0166734e+01
   4.1100000e+02   1.0166716e+01
   4.1200000e+02   1.0166620e+01
   4.1300000e+02   1.0166577e+01
   4.1400000e+02   1.0166529e+01
   4.1500000e+02   1.0166538e+01
   4.1600000e+02   1.0166261e+01
   4.1700000e+02   1.0166480e+01
   4.1800000e+02   1.0166408e+01
   4.1900000e+02   1.0166525e+01
   4.2000000e+02   1.0166401e+01
   4.2100000e+02   1.0166533e+01
   4.2200000e+02   1.0166213e+01
   4.2300000e+02   1.0166253e+01
   4.2400000e+02   1.0166524e+01
   4.2500000e+02   1.0166131e+01
   4.2600000e+02   1.0166284e+01
   4.2700000e+02   1.0166148e+01
   4.2800000e+02   1.0166465e+01
   4.2900000e+02   1.0166270e+01
   4.3000000e+02   1.0166379e+01
   4.3100000e+02   1.0166263e+01
   4.3200000e+02   1.0166239e+01
   4.3300000e+02   1.0166082e+01
   4.3400000e+02   1.0166276e+01
   4.3500000e+02   1.0166085e+01
   4.3600000e+02   1.0166109e+01
   4.3700000e+02   1.0166399e+01
   4.3800000e+02   1.0166287e+01
   4.3900000e+02   1.0166200e+01
   4.4000000e+02   1.0166162e+01
   4.4100000e+02   1.0165997e+01
   4.4200000e+02   1.0166008e+01
   4.4300000e+02   1.0165103e+01
   4.4400000e+02   1.0164590e+01
   4.4500000e+02   1.0163385e+01
   4.4600000e+02   1.0161759e+01
   4.4700000e+02   1.0159406e+01
   4.4800000e+02   1.0156493e+01
   4.4900000e+02   1.0153322e+01
   4.5000000e+02   1.0149551e+01
   4.5100000e+02   1.0145902e+01
   4.5200000e+02   1.0142676e+01
   4.5300000e+02   1.0140715e+01
   4.5400000e+02   1.0140043e+01
   4.5500000e+02   1.0140301e+01
   4.5600000e+02   1.0142042e+01
   4.5700000e+02   1.0144433e+01
   4.5800000e+02   1.0147828e+01
   4.5900000e+02   1.0151001e+01
   4.6000000e+02   1.0154130e+01
   4.6100000e+02   1.0156972e+01
   4.6200000e+02   1.0159004e+01
   4.6300000e+02   1.0161045e+01
   4.6400000e+02   1.0162335e+01
   4.6500000e+02   1.0163193e+01
   4.6600000e+02   1.0163771e+01
   4.6700000e+02   1.0164304e+01
   4.6800000e+02   1.0164651e+01
   4.6900000e+02   1.0164627e+01
   4.7000000e+02   1.0165222e+01
   4.7100000e+02   1.0164881e+01
   4.7200000e+02   1.0164850e+01
   4.7300000e+02   1.0165062e+01
   4.7400000e+02   1.0165246e+01
   4.7500000e+02   1.0165254e+01
   4.7600000e+02   1.0165295e+01
   4.7700000e+02   1.0165402e+01
   4.7800000e+02   1.0165296e+01
   4.7900000e+02   1.0165216e+01
   4.8000000e+02   1.0165283e+01
   4.8100000e+02   1.0165508e+01
   4.8200000e+02   1.0165426e+01
   4.8300000e+02   1.0165259e+01
   4.8400000e+02   1.0165367e+01
   4.8500000e+02   1.0165405e+01
   4.8600000e+02   1.0165390e+01
   4.8700000e+02   1.0165257e+01
   4.8800000e+02   1.0164926e+01
   4.8900000e+02   1.0165473e+01
   4.9000000e+02   1.0165203e+01
   4.9100000e+02   1.0165172e+01
   4.9200000e+02   1.0165359e+01
   4.9300000e+02   1.0165659e+01
   4.9400000e+02   1.0165317e+01
   4.9500000e+02   1.0165172e+01
   4.9600000e+02   1.0165417e+01
   4.9700000e+02   1.0165372e+01
   4.9800000e+02   1.0164941e+01
   4.9900000e+02   1.0165017e+01
   5.0000000e+02   1.0165141e+01
   5.0100000e+02   1.0165039e+01
   5.0200000e+02   1.0164731e+01
   5.0300000e+02   1.0165241e+01
   5.0400000e+02   1.0165209e+01
   5.0500000e+02   1.0164811e+01
   5.0600000e+02   1.0165022e+01
   5.0700000e+02   1.0164919e+01
   5.0800000e+02   1.0164906e+01
   5.0900000e+02   1.0164738e+01
   5.1000000e+02   1.0164809e+01
   5.1100000e+02   1.0165011e+01
   5.1200000e+02   1.0164932e+01
   5.1300000e+02   1.0164953e+01
   5.1400000e+02   1.0164941e+01
   5.1500000e+02   1.0164786e+01
   5.1600000e+02   1.0164935e+01
   5.1700000e+02   1.0164826e+01
   5.1800000e+02   1.0164832e+01
   5.1900000e+02   1.0164595e+01
   5.2000000e+02   1.0164925e+01
   5.2100000e+02   1.0164943e+01
   5.2200000e+02   1.0164867e+01
   5.2300000e+02   1.0164764e+01
   5.2400000e+02   1.0164763e+01
   5.2500000e+02   1.0164837e+01
   5.2600000e+02   1.0164585e+01
   5.2700000e+02   1.0164700e+01
   5.2800000e+02   1.0164631e+01
   5.2900000e+02   1.0164977e+01
   5.3000000e+02   1.0164678e+01
   5.3100000e+02   1.0164593e+01
   5.3200000e+02   1.0164254e+01
   5.3300000e+02   1.0164653e+01
   5.3400000e+02   1.0164318e+01
   5.3500000e+02   1.0164356e+01
   5.3600000e+02   1.0164520e+01
   5.3700000e+02   1.0164444e+01
   5.3800000e+02   1.0164432e+01
   5.3900000e+02   1.0164439e+01
   5.4000000e+02   1.0164775e+01
   5.4100000e+02   1.0164744e+01
   5.4200000e+02   1.0164421e+01
   5.4300000e+02   1.0164248e+01
   5.4400000e+02   1.0164527e+01
   5.4500000e+02   1.0164353e+01
   5.4600000e+02   1.0164582e+01
   5.4700000e+02   1.0164571e+01
   5.4800000e+02   1.0164434e+01
   5.4900000e+02   1.0164736e+01
   5.5000000e+02   1.0164487e+01
   5.5100000e+02   1.0164405e+01
   5.5200000e+02   1.0164356e+01
   5.5300000e+02   1.0164405e+01
   5.5400000e+02   1.0164508e+01
   5.5500000e+02   1.0164203e+01
   5.5600000e+02   1.0164367e+01
   5.5700000e+02   1.0164269e+01
   5.5800000e+02   1.0164063e+01
   5.5900000e+02   1.0164227e+01
   5.6000000e+02   1.0164247e+01
   5.6100000e+02   1.0164168e+01
   5.6200000e+02   1.0164003e+01
   5.6300000e+02   1.0164020e+01
   5.6400000e+02   1.0163920e+01
   5.6500000e+02   1.0164128e+01
   5.6600000e+02   1.0164311e+01
   5.6700000e+02   1.0164325e+01
   5.6800000e+02   1.0163873e+01
   5.6900000e+02   1.0164124e+01
   5.7000000e+02   1.0164067e+01
   5.7100000e+02   1.0163959e+01
   5.7200000e+02   1.0164275e+01
   5.7300000e+02   1.0164187e+01
   5.7400000e+02   1.0163937e+01
   5.7500000e+02   1.0164032e+01
   5.7600000e+02   1.0164092e+01
   5.7700000e+02   1.0163847e+01
   5.7800000e+02   1.0164009e+01
   5.7900000e+02   1.0164166e+01
   5.8000000e+02   1.0163815e+01
   5.8100000e+02   1.0163714e+01
   5.8200000e+02   1.0163457e+01
   5.8300000e+02   1.0164024e+01
   5.8400000e+02   1.0163670e+01
   5.8500000e+02   1.0163853e+01
   5.8600000e+02   1.0163704e+01
   5.8700000e+02   1.0163845e+01
   5.8800000e+02   1.0163686e+01
   5.8900000e+02   1.0163609e+01
   5.9000000e+02   1.0163504e+01
   5.9100000e+02   1.0163732e+01
   5.9200000e+02   1.0163754e+01
   5.9300000e+02   1.0163717e+01
   5.9400000e+02   1.0163549e+01
   5.9500000e+02   1.0163983e+01
   5.9600000e+02   1.0163588e+01
   5.9700000e+02   1.0163663e+01
   5.9800000e+02   1.0163603e+01
   5.9900000e+02   1.0163431e+01
   6.0000000e+02   1.0163593e+01
   6.0100000e+02   1.0163877e+01
   6.0200000e+02   1.0163550e+01
   6.0300000e+02   1.0163587e+01
   6.0400000e+02   1.0163561e+01
   6.0500000e+02   1.0163310e+01
   6.0600000e+02   1.0163490e+01
   6.0700000e+02   1.0163432e+01
   6.0800000e+02   1.0163418e+01
   6.0900000e+02   1.0163257e+01
   6.1000000e+02   1.0163358e+01
   6.1100000e+02   1.0163346e+01
   6.1200000e+02   1.0163097e+01
   6.1300000e+02   1.0163337e+01
   6.1400000e+02   1.0163223e+01
   6.1500000e+02   1.0163380e+01
   6.1600000e+02   1.0162999e+01
   6.1700000e+02   1.0163125e+01
   6.1800000e+02   1.0162918e+01
   6.1900000e+02   1.0163579e+01
   6.2000000e+02   1.0163366e+01
   6.2100000e+02   1.0163398e+01
   6.2200000e+02   1.0163507e+01
   6.2300000e+02   1.0163305e+01
   6.2400000e+02   1.0163066e+01
   6.2500000e+02   1.0163018e+01
   6.2600000e+02   1.0163125e+01
   6.2700000e+02   1.0163106e+01
   6.2800000e+02   1.0162993e+01
   6.2900000e+02   1.0163071e+01
   6.3000000e+02   1.0163063e+01
   6.3100000e+02   1.0162778e+01
   6.3200000e+02   1.0162929e+01
   6.3300000e+02   1.0162850e+01
   6.3400000e+02   1.0162686e+01
   6.3500000e+02   1.0162704e+01
   6.3600000e+02   1.0162667e+01
   6.3700000e+02   1.0162832e+01
   6.3800000e+02   1.0162769e+01
   6.3900000e+02   1.0162564e+01
   6.4000000e+02   1.0162862e+01
   6.4100000e+02   1.0162723e+01
   6.4200000e+02   1.0162956e+01
   6.4300000e+02   1.0163030e+01
   6.4400000e+02   1.0162659e+01
   6.4500000e+02   1.0162687e+01
   6.4600000e+02   1.0162926e+01
   6.4700000e+02   1.0162701e+01
   6.4800000e+02   1.0162593e+01
   6.4900000e+02   1.0162587e+01
   6.5000000e+02   1.0162528e+01
   6.5100000e+02   1.0162673e+01
   6.5200000e+02   1.0162624e+01
   6.5300000e+02   1.0162419e+01
   6.5400000e+02   1.0162687e+01
   6.5500000e+02   1.0162597e+01
   6.5600000e+02   1.0162510e+01
   6.5700000e+02   1.0162553e+01
   6.5800000e+02   1.0162386e+01
   6.5900000e+02   1.0162485e+01
   6.6000000e+02   1.0162586e+01
   6.6100000e+02   1.0162660e+01
   6.6200000e+02   1.0162523e+01
   6.6300000e+02   1.0162637e+01
   6.6400000e+02   1.0162697e+01
   6.6500000e+02   1.0162574e+01
   6.6600000e+02   1.0162768e+01
   6.6700000e+02   1.0162829e+01
   6.6800000e+02   1.0162442e+01
   6.6900000e+02   1.0162476e+01
   6.7000000e+02   1.0162524e+01
   6.7100000e+02   1.0162258e+01
   6.7200000e+02   1.0162269e+01
   6.7300000e+02   1.0162474e+01
   6.7400000e+02   1.0162216e+01
   6.7500000e+02   1.0162247e+01
   6.7600000e+02   1.0162145e+01
   6.7700000e+02   1.0162053e+01
   6.7800000e+02   1.0161840e+01
   6.7900000e+02   1.0161900e+01
   6.8000000e+02   1.0162320e+01
   6.8100000e+02   1.0161772e+01
   6.8200000e+02   1.0161879e+01
   6.8300000e+02   1.0161970e+01
   6.8400000e+02   1.0161787e+01
   6.8500000e+02   1.0161600e+01
   6.8600000e+02   1.0161674e+01
   6.8700000e+02   1.0161420e+01
   6.8800000e+02   1.0161298e+01
   6.8900000e+02   1.0161698e+01
   6.9000000e+02   1.0161472e+01
   6.9100000e+02   1.0161516e+01
   6.9200000e+02   1.0161708e+01
   6.9300000e+02   1.0161448e+01
   6.9400000e+02   1.0161497e+01
   6.9500000e+02   1.0161711e+01
   6.9600000e+02   1.0161583e+01
   6.9700000e+02   1.0161675e+01
   6.9800000e+02   1.0161694e+01
   6.9900000e+02   1.0161481e+01
   7.0000000e+02   1.0161773e+01
   7.0100000e+02   1.0161310e+01
   7.0200000e+02   1.0161599e+01
   7.0300000e+02   1.0161594e+01
   7.0400000e+02   1.0161559e+01
   7.0500000e+02   1.0161434e+01
   7.0600000e+02   1.0161553e+01
   7.0700000e+02   1.0161417e+01
   7.0800000e+02   1.0161531e+01
   7.0900000e+02   1.0161557e+01
   7.1000000e+02   1.0161534e+01
   7.1100000e+02   1.0161456e+01
   7.1200000e+02   1.0161610e+01
   7.1300000e+02   1.0161416e+01
   7.1400000e+02   1.0161584e+01
   7.1500000e+02   1.0161704e+01
   7.1600000e+02   1.0161498e+01
   7.1700000e+02   1.0161472e+01
   7.1800000e+02   1.0161403e+01
   7.1900000e+02   1.0161608e+01
   7.2000000e+02   1.0161715e+01
   7.2100000e+02   1.0161808e+01
   7.2200000e+02   1.0161503e+01
   7.2300000e+02   1.0161639e+01
   7.2400000e+02   1.0161373e+01
   7.2500000e+02   1.0161504e+01
   7.2600000e+02   1.0161542e+01
   7.2700000e+02   1.0161548e+01
   7.2800000e+02   1.0161522e+01
   7.2900000e+02   1.0161443e+01
   7.3000000e+02   1.0161561e+01
   7.3100000e+02   1.0161649e+01
   7.3200000e+02   1.0161734e+01
   7.3300000e+02   1.0161487e+01
   7.3400000e+02   1.0161482e+01
   7.3500000e+02   1.0161628e+01
   7.3600000e+02   1.0161205e+01
   7.3700000e+02   1.0161491e+01
   7.3800000e+02   1.0161432e+01
   7.3900000e+02   1.0161466e+01
   7.4000000e+02   1.0161471e+01
   7.4100000e+02   1.0161678e+01
   7.4200000e+02   1.0161412e+01
   7.4300000e+02   1.0161387e+01
   7.4400000e+02   1.0161492e+01
   7.4500000e+02   1.0161666e+01
   7.4600000e+02   1.0161447e+01
   7.4700000e+02   1.0161589e+01
   7.4800000e+02   1.0161456e+01
   7.4900000e+02   1.0161564e+01
   7.5000000e+02   1.0161690e+01
   7.5100000e+02   1.0161559e+01
   7.5200000e+02   1.0161547e+01
   7.5300000e+02   1.0161674e+01
   7.5400000e+02   1.0161138e+01
   7.5500000e+02   1.0161588e+01
   7.5600000e+02   1.0161254e+01
   7.5700000e+02   1.0161376e+01
   7.5800000e+02   1.0161128e+01
   7.5900000e+02   1.0161114e+01
   7.6000000e+02   1.0161306e+01
   7.6100000e+02   1.0161119e+01
   7.6200000e+02   1.0161367e+01
   7.6300000e+02   1.0161175e+01
   7.6400000e+02   1.0161209e+01
   7.6500000e+02   1.0161047e+01
   7.6600000e+02   1.0161190e+01
   7.6700000e+02   1.0161096e+01
   7.6800000e+02   1.0161136e+01
   7.6900000e+02   1.0160826e+01
   7.7000000e+02   1.0160816e+01
   7.7100000e+02   1.0160837e+01
   7.7200000e+02   1.0160826e+01
   7.7300000e+02   1.0161052e+01
   7.7400000e+02   1.0160922e+01
   7.7500000e+02   1.0161066e+01
   7.7600000e+02   1.0160613e+01
   7.7700000e+02   1.0160909e+01
   7.7800000e+02   1.0160818e+01
   7.7900000e+02   1.0160654e+01
   7.8000000e+02   1.0160798e+01
