   0.0000000e+00   1.0140008e+01
   1.0000000e+00   1.0134997e+01
   2.0000000e+00   1.0133330e+01
   3.0000000e+00   1.0132377e+01
   4.0000000e+00   1.0131764e+01
   5.0000000e+00   1.0131331e+01
   6.0000000e+00   1.0130980e+01
   7.0000000e+00   1.0130697e+01
   8.0000000e+00   1.0130193e+01
   9.0000000e+00   1.0129707e+01
   1.0000000e+01   1.0129557e+01
   1.1000000e+01   1.0129291e+01
   1.2000000e+01   1.0128913e+01
   1.3000000e+01   1.0128653e+01
   1.4000000e+01   1.0128399e+01
   1.5000000e+01   1.0128386e+01
   1.6000000e+01   1.0128116e+01
   1.7000000e+01   1.0127788e+01
   1.8000000e+01   1.0127864e+01
   1.9000000e+01   1.0127558e+01
   2.0000000e+01   1.0127304e+01
   2.1000000e+01   1.0127061e+01
   2.2000000e+01   1.0127039e+01
   2.3000000e+01   1.0126700e+01
   2.4000000e+01   1.0126492e+01
   2.5000000e+01   1.0126400e+01
   2.6000000e+01   1.0126254e+01
   2.7000000e+01   1.0125989e+01
   2.8000000e+01   1.0125987e+01
   2.9000000e+01   1.0125848e+01
   3.0000000e+01   1.0125848e+01
   3.1000000e+01   1.0125553e+01
   3.2000000e+01   1.0125390e+01
   3.3000000e+01   1.0125728e+01
   3.4000000e+01   1.0124927e+01
   3.5000000e+01   1.0124928e+01
   3.6000000e+01   1.0125147e+01
   3.7000000e+01   1.0124944e+01
   3.8000000e+01   1.0124703e+01
   3.9000000e+01   1.0124335e+01
   4.0000000e+01   1.0124573e+01
   4.1000000e+01   1.0124637e+01
   4.2000000e+01   1.0124342e+01
   4.3000000e+01   1.0124101e+01
   4.4000000e+01   1.0123791e+01
   4.5000000e+01   1.0124012e+01
   4.6000000e+01   1.0124000e+01
   4.7000000e+01   1.0123811e+01
   4.8000000e+01   1.0123637e+01
   4.9000000e+01   1.0123445e+01
   5.0000000e+01   1.0123464e+01
   5.1000000e+01   1.0123277e+01
   5.2000000e+01   1.0123183e+01
   5.3000000e+01   1.0123243e+01
   5.4000000e+01   1.0123132e+01
   5.5000000e+01   1.0122980e+01
   5.6000000e+01   1.0122777e+01
   5.7000000e+01   1.0122746e+01
   5.8000000e+01   1.0122562e+01
   5.9000000e+01   1.0122832e+01
   6.0000000e+01   1.0122451e+01
   6.1000000e+01   1.0122528e+01
   6.2000000e+01   1.0122547e+01
   6.3000000e+01   1.0122174e+01
   6.4000000e+01   1.0122271e+01
   6.5000000e+01   1.0122099e+01
   6.6000000e+01   1.0122061e+01
   6.7000000e+01   1.0122037e+01
   6.8000000e+01   1.0122050e+01
   6.9000000e+01   1.0121941e+01
   7.0000000e+01   1.0122065e+01
   7.1000000e+01   1.0121687e+01
   7.2000000e+01   1.0121848e+01
   7.3000000e+01   1.0121733e+01
   7.4000000e+01   1.0121722e+01
   7.5000000e+01   1.0121172e+01
   7.6000000e+01   1.0121279e+01
   7.7000000e+01   1.0121442e+01
   7.8000000e+01   1.0121234e+01
   7.9000000e+01   1.0121191e+01
   8.0000000e+01   1.0121116e+01
   8.1000000e+01   1.0120987e+01
   8.2000000e+01   1.0120939e+01
   8.3000000e+01   1.0120665e+01
   8.4000000e+01   1.0120821e+01
   8.5000000e+01   1.0120492e+01
   8.6000000e+01   1.0120523e+01
   8.7000000e+01   1.0120440e+01
   8.8000000e+01   1.0120436e+01
   8.9000000e+01   1.0120383e+01
   9.0000000e+01   1.0120313e+01
   9.1000000e+01   1.0120464e+01
   9.2000000e+01   1.0120374e+01
   9.3000000e+01   1.0120181e+01
   9.4000000e+01   1.0120040e+01
   9.5000000e+01   1.0120134e+01
   9.6000000e+01   1.0120074e+01
   9.7000000e+01   1.0120032e+01
   9.8000000e+01   1.0119678e+01
   9.9000000e+01   1.0119752e+01
   1.0000000e+02   1.0119761e+01
   1.0100000e+02   1.0119575e+01
   1.0200000e+02   1.0119706e+01
   1.0300000e+02   1.0119431e+01
   1.0400000e+02   1.0119460e+01
   1.0500000e+02   1.0119429e+01
   1.0600000e+02   1.0119432e+01
   1.0700000e+02   1.0119114e+01
   1.0800000e+02   1.0118912e+01
   1.0900000e+02   1.0118833e+01
   1.1000000e+02   1.0118988e+01
   1.1100000e+02   1.0118933e+01
   1.1200000e+02   1.0118954e+01
   1.1300000e+02   1.0118696e+01
   1.1400000e+02   1.0118952e+01
   1.1500000e+02   1.0118939e+01
   1.1600000e+02   1.0118665e+01
   1.1700000e+02   1.0118614e+01
   1.1800000e+02   1.0118678e+01
   1.1900000e+02   1.0118486e+01
   1.2000000e+02   1.0118381e+01
   1.2100000e+02   1.0118325e+01
   1.2200000e+02   1.0118290e+01
   1.2300000e+02   1.0118310e+01
   1.2400000e+02   1.0117842e+01
   1.2500000e+02   1.0118053e+01
   1.2600000e+02   1.0117775e+01
   1.2700000e+02   1.0117833e+01
   1.2800000e+02   1.0117869e+01
   1.2900000e+02   1.0117982e+01
   1.3000000e+02   1.0117874e+01
   1.3100000e+02   1.0117846e+01
   1.3200000e+02   1.0117528e+01
   1.3300000e+02   1.0117635e+01
   1.3400000e+02   1.0117595e+01
   1.3500000e+02   1.0117487e+01
   1.3600000e+02   1.0117859e+01
   1.3700000e+02   1.0117577e+01
   1.3800000e+02   1.0117558e+01
   1.3900000e+02   1.0117530e+01
   1.4000000e+02   1.0117461e+01
   1.4100000e+02   1.0117526e+01
   1.4200000e+02   1.0117423e+01
   1.4300000e+02   1.0117249e+01
   1.4400000e+02   1.0117273e+01
   1.4500000e+02   1.0117118e+01
   1.4600000e+02   1.0117142e+01
   1.4700000e+02   1.0117006e+01
   1.4800000e+02   1.0116989e+01
   1.4900000e+02   1.0116860e+01
   1.5000000e+02   1.0116815e+01
   1.5100000e+02   1.0116876e+01
   1.5200000e+02   1.0116886e+01
   1.5300000e+02   1.0116563e+01
   1.5400000e+02   1.0116550e+01
   1.5500000e+02   1.0116360e+01
   1.5600000e+02   1.0116541e+01
   1.5700000e+02   1.0116600e+01
   1.5800000e+02   1.0116508e+01
   1.5900000e+02   1.0116332e+01
   1.6000000e+02   1.0116366e+01
   1.6100000e+02   1.0116196e+01
   1.6200000e+02   1.0116072e+01
   1.6300000e+02   1.0116248e+01
   1.6400000e+02   1.0115970e+01
   1.6500000e+02   1.0116171e+01
   1.6600000e+02   1.0115834e+01
   1.6700000e+02   1.0114026e+01
   1.6800000e+02   1.0106158e+01
   1.6900000e+02   1.0097358e+01
   1.7000000e+02   1.0101991e+01
   1.7100000e+02   1.0108852e+01
   1.7200000e+02   1.0112651e+01
   1.7300000e+02   1.0114101e+01
   1.7400000e+02   1.0114829e+01
   1.7500000e+02   1.0115113e+01
   1.7600000e+02   1.0115467e+01
   1.7700000e+02   1.0115458e+01
   1.7800000e+02   1.0115340e+01
   1.7900000e+02   1.0113277e+01
   1.8000000e+02   1.0093976e+01
   1.8100000e+02   1.0068635e+01
   1.8200000e+02   1.0070467e+01
   1.8300000e+02   1.0083117e+01
   1.8400000e+02   1.0092659e+01
   1.8500000e+02   1.0094499e+01
   1.8600000e+02   1.0094176e+01
   1.8700000e+02   1.0096498e+01
   1.8800000e+02   1.0101136e+01
   1.8900000e+02   1.0105985e+01
   1.9000000e+02   1.0109371e+01
   1.9100000e+02   1.0111832e+01
   1.9200000e+02   1.0112516e+01
   1.9300000e+02   1.0113268e+01
   1.9400000e+02   1.0113602e+01
   1.9500000e+02   1.0114088e+01
   1.9600000e+02   1.0113881e+01
   1.9700000e+02   1.0113921e+01
   1.9800000e+02   1.0114045e+01
   1.9900000e+02   1.0113856e+01
   2.0000000e+02   1.0114064e+01
   2.0100000e+02   1.0114011e+01
   2.0200000e+02   1.0113953e+01
   2.0300000e+02   1.0113768e+01
   2.0400000e+02   1.0113972e+01
   2.0500000e+02   1.0113625e+01
   2.0600000e+02   1.0113873e+01
   2.0700000e+02   1.0113721e+01
   2.0800000e+02   1.0113827e+01
   2.0900000e+02   1.0113758e+01
   2.1000000e+02   1.0113839e+01
   2.1100000e+02   1.0113699e+01
   2.1200000e+02   1.0113507e+01
   2.1300000e+02   1.0113598e+01
   2.1400000e+02   1.0113832e+01
   2.1500000e+02   1.0113363e+01
   2.1600000e+02   1.0113587e+01
   2.1700000e+02   1.0113448e+01
   2.1800000e+02   1.0113379e+01
   2.1900000e+02   1.0113537e+01
   2.2000000e+02   1.0113565e+01
   2.2100000e+02   1.0113388e+01
   2.2200000e+02   1.0113430e+01
   2.2300000e+02   1.0113100e+01
   2.2400000e+02   1.0113189e+01
   2.2500000e+02   1.0113280e+01
   2.2600000e+02   1.0112963e+01
   2.2700000e+02   1.0112745e+01
   2.2800000e+02   1.0112855e+01
   2.2900000e+02   1.0112503e+01
   2.3000000e+02   1.0112371e+01
   2.3100000e+02   1.0112350e+01
   2.3200000e+02   1.0112607e+01
   2.3300000e+02   1.0112678e+01
   2.3400000e+02   1.0112836e+01
   2.3500000e+02   1.0112750e+01
   2.3600000e+02   1.0112786e+01
   2.3700000e+02   1.0112753e+01
   2.3800000e+02   1.0112640e+01
   2.3900000e+02   1.0113001e+01
   2.4000000e+02   1.0112696e+01
   2.4100000e+02   1.0112610e+01
   2.4200000e+02   1.0112504e+01
   2.4300000e+02   1.0112472e+01
   2.4400000e+02   1.0112318e+01
   2.4500000e+02   1.0112207e+01
   2.4600000e+02   1.0111870e+01
   2.4700000e+02   1.0110788e+01
   2.4800000e+02   1.0109328e+01
   2.4900000e+02   1.0106713e+01
   2.5000000e+02   1.0103541e+01
   2.5100000e+02   1.0101107e+01
   2.5200000e+02   1.0099744e+01
   2.5300000e+02   1.0100184e+01
   2.5400000e+02   1.0101559e+01
   2.5500000e+02   1.0103367e+01
   2.5600000e+02   1.0105145e+01
   2.5700000e+02   1.0105797e+01
   2.5800000e+02   1.0106191e+01
   2.5900000e+02   1.0105401e+01
   2.6000000e+02   1.0104741e+01
   2.6100000e+02   1.0103653e+01
   2.6200000e+02   1.0103049e+01
   2.6300000e+02   1.0102150e+01
   2.6400000e+02   1.0101733e+01
   2.6500000e+02   1.0100919e+01
   2.6600000e+02   1.0100639e+01
   2.6700000e+02   1.0100530e+01
   2.6800000e+02   1.0101126e+01
   2.6900000e+02   1.0102328e+01
   2.7000000e+02   1.0103933e+01
   2.7100000e+02   1.0105403e+01
   2.7200000e+02   1.0107103e+01
   2.7300000e+02   1.0107946e+01
   2.7400000e+02   1.0108320e+01
   2.7500000e+02   1.0108683e+01
   2.7600000e+02   1.0108563e+01
   2.7700000e+02   1.0108349e+01
   2.7800000e+02   1.0108369e+01
   2.7900000e+02   1.0108334e+01
   2.8000000e+02   1.0108495e+01
   2.8100000e+02   1.0108634e+01
   2.8200000e+02   1.0109056e+01
   2.8300000e+02   1.0109138e+01
   2.8400000e+02   1.0109042e+01
   2.8500000e+02   1.0109336e+01
   2.8600000e+02   1.0109188e+01
   2.8700000e+02   1.0109218e+01
   2.8800000e+02   1.0109203e+01
   2.8900000e+02   1.0109358e+01
   2.9000000e+02   1.0109841e+01
   2.9100000e+02   1.0109496e+01
   2.9200000e+02   1.0109578e+01
   2.9300000e+02   1.0109904e+01
   2.9400000e+02   1.0109786e+01
   2.9500000e+02   1.0109681e+01
   2.9600000e+02   1.0109755e+01
   2.9700000e+02   1.0109703e+01
   2.9800000e+02   1.0110039e+01
   2.9900000e+02   1.0109884e+01
   3.0000000e+02   1.0110106e+01
   3.0100000e+02   1.0110082e+01
   3.0200000e+02   1.0109709e+01
   3.0300000e+02   1.0109748e+01
   3.0400000e+02   1.0109607e+01
   3.0500000e+02   1.0109063e+01
   3.0600000e+02   1.0108291e+01
   3.0700000e+02   1.0107331e+01
   3.0800000e+02   1.0105928e+01
   3.0900000e+02   1.0104392e+01
   3.1000000e+02   1.0102425e+01
   3.1100000e+02   1.0099499e+01
   3.1200000e+02   1.0096209e+01
   3.1300000e+02   1.0092458e+01
   3.1400000e+02   1.0089438e+01
   3.1500000e+02   1.0087073e+01
   3.1600000e+02   1.0086946e+01
   3.1700000e+02   1.0087754e+01
   3.1800000e+02   1.0089263e+01
   3.1900000e+02   1.0089486e+01
   3.2000000e+02   1.0088041e+01
   3.2100000e+02   1.0084362e+01
   3.2200000e+02   1.0079106e+01
   3.2300000e+02   1.0073678e+01
   3.2400000e+02   1.0069502e+01
   3.2500000e+02   1.0067256e+01
   3.2600000e+02   1.0067002e+01
   3.2700000e+02   1.0068425e+01
   3.2800000e+02   1.0071364e+01
   3.2900000e+02   1.0074733e+01
   3.3000000e+02   1.0079477e+01
   3.3100000e+02   1.0084009e+01
   3.3200000e+02   1.0088696e+01
   3.3300000e+02   1.0093484e+01
   3.3400000e+02   1.0097398e+01
   3.3500000e+02   1.0100369e+01
   3.3600000e+02   1.0102062e+01
   3.3700000e+02   1.0102672e+01
   3.3800000e+02   1.0102669e+01
   3.3900000e+02   1.0101753e+01
   3.4000000e+02   1.0099971e+01
   3.4100000e+02   1.0098597e+01
   3.4200000e+02   1.0096957e+01
   3.4300000e+02   1.0096229e+01
   3.4400000e+02   1.0096585e+01
   3.4500000e+02   1.0097584e+01
   3.4600000e+02   1.0098945e+01
   3.4700000e+02   1.0100944e+01
   3.4800000e+02   1.0102406e+01
   3.4900000e+02   1.0104037e+01
   3.5000000e+02   1.0105166e+01
   3.5100000e+02   1.0105885e+01
   3.5200000e+02   1.0106562e+01
   3.5300000e+02   1.0106655e+01
   3.5400000e+02   1.0107079e+01
   3.5500000e+02   1.0107302e+01
   3.5600000e+02   1.0107587e+01
   3.5700000e+02   1.0107349e+01
   3.5800000e+02   1.0107446e+01
   3.5900000e+02   1.0107362e+01
   3.6000000e+02   1.0107382e+01
   3.6100000e+02   1.0107344e+01
   3.6200000e+02   1.0106831e+01
   3.6300000e+02   1.0106389e+01
   3.6400000e+02   1.0106027e+01
   3.6500000e+02   1.0105926e+01
   3.6600000e+02   1.0105554e+01
   3.6700000e+02   1.0105367e+01
   3.6800000e+02   1.0105813e+01
   3.6900000e+02   1.0105695e+01
   3.7000000e+02   1.0105935e+01
   3.7100000e+02   1.0106633e+01
   3.7200000e+02   1.0106883e+01
   3.7300000e+02   1.0106958e+01
   3.7400000e+02   1.0107298e+01
   3.7500000e+02   1.0107497e+01
   3.7600000e+02   1.0107379e+01
   3.7700000e+02   1.0107184e+01
   3.7800000e+02   1.0107443e+01
   3.7900000e+02   1.0107593e+01
   3.8000000e+02   1.0107485e+01
   3.8100000e+02   1.0107472e+01
   3.8200000e+02   1.0107609e+01
   3.8300000e+02   1.0107407e+01
   3.8400000e+02   1.0107525e+01
   3.8500000e+02   1.0107577e+01
   3.8600000e+02   1.0107575e+01
   3.8700000e+02   1.0107152e+01
   3.8800000e+02   1.0107207e+01
   3.8900000e+02   1.0107080e+01
   3.9000000e+02   1.0106606e+01
   3.9100000e+02   1.0106157e+01
   3.9200000e+02   1.0106150e+01
   3.9300000e+02   1.0105761e+01
   3.9400000e+02   1.0105128e+01
   3.9500000e+02   1.0105228e+01
   3.9600000e+02   1.0104787e+01
   3.9700000e+02   1.0105195e+01
   3.9800000e+02   1.0105234e+01
   3.9900000e+02   1.0105713e+01
   4.0000000e+02   1.0105976e+01
   4.0100000e+02   1.0106270e+01
   4.0200000e+02   1.0106376e+01
   4.0300000e+02   1.0106612e+01
   4.0400000e+02   1.0106601e+01
   4.0500000e+02   1.0106983e+01
   4.0600000e+02   1.0106814e+01
   4.0700000e+02   1.0107038e+01
   4.0800000e+02   1.0106753e+01
   4.0900000e+02   1.0106817e+01
   4.1000000e+02   1.0106878e+01
   4.1100000e+02   1.0107000e+01
   4.1200000e+02   1.0106779e+01
   4.1300000e+02   1.0106664e+01
   4.1400000e+02   1.0106818e+01
   4.1500000e+02   1.0106677e+01
   4.1600000e+02   1.0106762e+01
   4.1700000e+02   1.0106424e+01
   4.1800000e+02   1.0106920e+01
   4.1900000e+02   1.0106312e+01
   4.2000000e+02   1.0106723e+01
   4.2100000e+02   1.0106744e+01
   4.2200000e+02   1.0106498e+01
   4.2300000e+02   1.0106462e+01
   4.2400000e+02   1.0106406e+01
   4.2500000e+02   1.0106460e+01
   4.2600000e+02   1.0106641e+01
   4.2700000e+02   1.0106683e+01
   4.2800000e+02   1.0106560e+01
   4.2900000e+02   1.0106460e+01
   4.3000000e+02   1.0106357e+01
   4.3100000e+02   1.0106417e+01
   4.3200000e+02   1.0106437e+01
   4.3300000e+02   1.0106385e+01
   4.3400000e+02   1.0106410e+01
   4.3500000e+02   1.0106407e+01
   4.3600000e+02   1.0106275e+01
   4.3700000e+02   1.0106303e+01
   4.3800000e+02   1.0106029e+01
   4.3900000e+02   1.0106146e+01
   4.4000000e+02   1.0106256e+01
   4.4100000e+02   1.0105865e+01
   4.4200000e+02   1.0105698e+01
   4.4300000e+02   1.0105449e+01
   4.4400000e+02   1.0104762e+01
   4.4500000e+02   1.0104221e+01
   4.4600000e+02   1.0102665e+01
   4.4700000e+02   1.0100959e+01
   4.4800000e+02   1.0098710e+01
   4.4900000e+02   1.0095898e+01
   4.5000000e+02   1.0093297e+01
   4.5100000e+02   1.0090362e+01
   4.5200000e+02   1.0087803e+01
   4.5300000e+02   1.0086294e+01
   4.5400000e+02   1.0085409e+01
   4.5500000e+02   1.0085706e+01
   4.5600000e+02   1.0087003e+01
   4.5700000e+02   1.0088834e+01
   4.5800000e+02   1.0091237e+01
   4.5900000e+02   1.0093750e+01
   4.6000000e+02   1.0096251e+01
   4.6100000e+02   1.0098389e+01
   4.6200000e+02   1.0099534e+01
   4.6300000e+02   1.0101584e+01
   4.6400000e+02   1.0102711e+01
   4.6500000e+02   1.0103179e+01
   4.6600000e+02   1.0103729e+01
   4.6700000e+02   1.0104102e+01
   4.6800000e+02   1.0104526e+01
   4.6900000e+02   1.0104619e+01
   4.7000000e+02   1.0104625e+01
   4.7100000e+02   1.0104955e+01
   4.7200000e+02   1.0104867e+01
   4.7300000e+02   1.0104755e+01
   4.7400000e+02   1.0104986e+01
   4.7500000e+02   1.0104865e+01
   4.7600000e+02   1.0104847e+01
   4.7700000e+02   1.0104725e+01
   4.7800000e+02   1.0104915e+01
   4.7900000e+02   1.0105181e+01
   4.8000000e+02   1.0104898e+01
   4.8100000e+02   1.0104882e+01
   4.8200000e+02   1.0104768e+01
   4.8300000e+02   1.0104843e+01
   4.8400000e+02   1.0104513e+01
   4.8500000e+02   1.0104638e+01
   4.8600000e+02   1.0104583e+01
   4.8700000e+02   1.0104657e+01
   4.8800000e+02   1.0104397e+01
   4.8900000e+02   1.0104612e+01
   4.9000000e+02   1.0104515e+01
   4.9100000e+02   1.0104502e+01
   4.9200000e+02   1.0104769e+01
   4.9300000e+02   1.0104481e+01
   4.9400000e+02   1.0104660e+01
   4.9500000e+02   1.0104366e+01
   4.9600000e+02   1.0104549e+01
   4.9700000e+02   1.0104737e+01
   4.9800000e+02   1.0104813e+01
   4.9900000e+02   1.0104744e+01
   5.0000000e+02   1.0104711e+01
   5.0100000e+02   1.0104551e+01
   5.0200000e+02   1.0104497e+01
   5.0300000e+02   1.0104410e+01
   5.0400000e+02   1.0104658e+01
   5.0500000e+02   1.0104531e+01
   5.0600000e+02   1.0104763e+01
   5.0700000e+02   1.0104552e+01
   5.0800000e+02   1.0104318e+01
   5.0900000e+02   1.0104465e+01
   5.1000000e+02   1.0104514e+01
   5.1100000e+02   1.0104290e+01
   5.1200000e+02   1.0104670e+01
   5.1300000e+02   1.0104508e+01
   5.1400000e+02   1.0104357e+01
   5.1500000e+02   1.0104366e+01
   5.1600000e+02   1.0104399e+01
   5.1700000e+02   1.0104432e+01
   5.1800000e+02   1.0104127e+01
   5.1900000e+02   1.0104362e+01
   5.2000000e+02   1.0104423e+01
   5.2100000e+02   1.0104395e+01
   5.2200000e+02   1.0104507e+01
   5.2300000e+02   1.0104116e+01
   5.2400000e+02   1.0104251e+01
   5.2500000e+02   1.0104206e+01
   5.2600000e+02   1.0104097e+01
   5.2700000e+02   1.0104093e+01
   5.2800000e+02   1.0104247e+01
   5.2900000e+02   1.0104018e+01
   5.3000000e+02   1.0104210e+01
   5.3100000e+02   1.0104038e+01
   5.3200000e+02   1.0104069e+01
   5.3300000e+02   1.0104108e+01
   5.3400000e+02   1.0104221e+01
   5.3500000e+02   1.0103810e+01
   5.3600000e+02   1.0104032e+01
   5.3700000e+02   1.0103985e+01
   5.3800000e+02   1.0103658e+01
   5.3900000e+02   1.0103664e+01
   5.4000000e+02   1.0103505e+01
   5.4100000e+02   1.0103704e+01
   5.4200000e+02   1.0103881e+01
   5.4300000e+02   1.0103667e+01
   5.4400000e+02   1.0103835e+01
   5.4500000e+02   1.0103776e+01
   5.4600000e+02   1.0103747e+01
   5.4700000e+02   1.0103600e+01
   5.4800000e+02   1.0104007e+01
   5.4900000e+02   1.0103517e+01
   5.5000000e+02   1.0103490e+01
   5.5100000e+02   1.0103294e+01
   5.5200000e+02   1.0103444e+01
   5.5300000e+02   1.0103735e+01
   5.5400000e+02   1.0103726e+01
   5.5500000e+02   1.0103626e+01
   5.5600000e+02   1.0103685e+01
   5.5700000e+02   1.0103683e+01
   5.5800000e+02   1.0103479e+01
   5.5900000e+02   1.0103403e+01
   5.6000000e+02   1.0103570e+01
   5.6100000e+02   1.0103364e+01
   5.6200000e+02   1.0103660e+01
   5.6300000e+02   1.0103284e+01
   5.6400000e+02   1.0103352e+01
   5.6500000e+02   1.0103497e+01
   5.6600000e+02   1.0103458e+01
   5.6700000e+02   1.0103382e+01
   5.6800000e+02   1.0103290e+01
   5.6900000e+02   1.0103261e+01
   5.7000000e+02   1.0103250e+01
   5.7100000e+02   1.0103059e+01
   5.7200000e+02   1.0103443e+01
   5.7300000e+02   1.0103329e+01
   5.7400000e+02   1.0103279e+01
   5.7500000e+02   1.0103351e+01
   5.7600000e+02   1.0103314e+01
   5.7700000e+02   1.0103342e+01
   5.7800000e+02   1.0103246e+01
   5.7900000e+02   1.0102890e+01
   5.8000000e+02   1.0103077e+01
   5.8100000e+02   1.0102922e+01
   5.8200000e+02   1.0102896e+01
   5.8300000e+02   1.0102906e+01
   5.8400000e+02   1.0102911e+01
   5.8500000e+02   1.0102896e+01
   5.8600000e+02   1.0102880e+01
   5.8700000e+02   1.0102661e+01
   5.8800000e+02   1.0102756e+01
   5.8900000e+02   1.0102655e+01
   5.9000000e+02   1.0102780e+01
   5.9100000e+02   1.0102899e+01
   5.9200000e+02   1.0102673e+01
   5.9300000e+02   1.0102697e+01
   5.9400000e+02   1.0102820e+01
   5.9500000e+02   1.0102839e+01
   5.9600000e+02   1.0102759e+01
   5.9700000e+02   1.0102775e+01
   5.9800000e+02   1.0102564e+01
   5.9900000e+02   1.0102499e+01
   6.0000000e+02   1.0102723e+01
   6.0100000e+02   1.0102695e+01
   6.0200000e+02   1.0102687e+01
   6.0300000e+02   1.0102273e+01
   6.0400000e+02   1.0102566e+01
   6.0500000e+02   1.0102329e+01
   6.0600000e+02   1.0102367e+01
   6.0700000e+02   1.0102570e+01
   6.0800000e+02   1.0102531e+01
   6.0900000e+02   1.0102387e+01
   6.1000000e+02   1.0102493e+01
   6.1100000e+02   1.0102512e+01
   6.1200000e+02   1.0102259e+01
   6.1300000e+02   1.0102377e+01
   6.1400000e+02   1.0102398e+01
   6.1500000e+02   1.0102426e+01
   6.1600000e+02   1.0102330e+01
   6.1700000e+02   1.0102317e+01
   6.1800000e+02   1.0102001e+01
   6.1900000e+02   1.0102377e+01
   6.2000000e+02   1.0102236e+01
   6.2100000e+02   1.0102204e+01
   6.2200000e+02   1.0102195e+01
   6.2300000e+02   1.0102200e+01
   6.2400000e+02   1.0102102e+01
   6.2500000e+02   1.0102203e+01
   6.2600000e+02   1.0102049e+01
   6.2700000e+02   1.0102217e+01
   6.2800000e+02   1.0101802e+01
   6.2900000e+02   1.0101993e+01
   6.3000000e+02   1.0102130e+01
   6.3100000e+02   1.0102079e+01
   6.3200000e+02   1.0101955e+01
   6.3300000e+02   1.0101924e+01
   6.3400000e+02   1.0101950e+01
   6.3500000e+02   1.0101920e+01
   6.3600000e+02   1.0101926e+01
   6.3700000e+02   1.0101713e+01
   6.3800000e+02   1.0101819e+01
   6.3900000e+02   1.0101752e+01
   6.4000000e+02   1.0101993e+01
   6.4100000e+02   1.0101945e+01
   6.4200000e+02   1.0101707e+01
   6.4300000e+02   1.0101912e+01
   6.4400000e+02   1.0101701e+01
   6.4500000e+02   1.0101939e+01
   6.4600000e+02   1.0101879e+01
   6.4700000e+02   1.0101782e+01
   6.4800000e+02   1.0101585e+01
   6.4900000e+02   1.0101411e+01
   6.5000000e+02   1.0101515e+01
   6.5100000e+02   1.0101508e+01
   6.5200000e+02   1.0101564e+01
   6.5300000e+02   1.0101734e+01
   6.5400000e+02   1.0101640e+01
   6.5500000e+02   1.0101701e+01
   6.5600000e+02   1.0101577e+01
   6.5700000e+02   1.0101471e+01
   6.5800000e+02   1.0101272e+01
   6.5900000e+02   1.0101682e+01
   6.6000000e+02   1.0101421e+01
   6.6100000e+02   1.0101687e+01
   6.6200000e+02   1.0101605e+01
   6.6300000e+02   1.0101465e+01
   6.6400000e+02   1.0101609e+01
   6.6500000e+02   1.0101381e+01
   6.6600000e+02   1.0101321e+01
   6.6700000e+02   1.0101407e+01
   6.6800000e+02   1.0101363e+01
   6.6900000e+02   1.0101133e+01
   6.7000000e+02   1.0101182e+01
   6.7100000e+02   1.0101268e+01
   6.7200000e+02   1.0101195e+01
   6.7300000e+02   1.0101178e+01
   6.7400000e+02   1.0101111e+01
   6.7500000e+02   1.0101109e+01
   6.7600000e+02   1.0101088e+01
   6.7700000e+02   1.0101031e+01
   6.7800000e+02   1.0100847e+01
   6.7900000e+02   1.0101058e+01
   6.8000000e+02   1.0101074e+01
   6.8100000e+02   1.0101003e+01
   6.8200000e+02   1.0101062e+01
   6.8300000e+02   1.0100941e+01
   6.8400000e+02   1.0100923e+01
   6.8500000e+02   1.0100952e+01
   6.8600000e+02   1.0100993e+01
   6.8700000e+02   1.0101242e+01
   6.8800000e+02   1.0100777e+01
   6.8900000e+02   1.0100960e+01
   6.9000000e+02   1.0101170e+01
   6.9100000e+02   1.0100871e+01
   6.9200000e+02   1.0100659e+01
   6.9300000e+02   1.0100883e+01
   6.9400000e+02   1.0100843e+01
   6.9500000e+02   1.0100723e+01
   6.9600000e+02   1.0100680e+01
   6.9700000e+02   1.0100991e+01
   6.9800000e+02   1.0100666e+01
   6.9900000e+02   1.0100514e+01
   7.0000000e+02   1.0100532e+01
   7.0100000e+02   1.0100702e+01
   7.0200000e+02   1.0100588e+01
   7.0300000e+02   1.0100804e+01
   7.0400000e+02   1.0100442e+01
   7.0500000e+02   1.0100839e+01
   7.0600000e+02   1.0100420e+01
   7.0700000e+02   1.0100561e+01
   7.0800000e+02   1.0100553e+01
   7.0900000e+02   1.0100603e+01
   7.1000000e+02   1.0100545e+01
   7.1100000e+02   1.0100537e+01
   7.1200000e+02   1.0100230e+01
   7.1300000e+02   1.0100403e+01
   7.1400000e+02   1.0100259e+01
   7.1500000e+02   1.0100319e+01
   7.1600000e+02   1.0100260e+01
   7.1700000e+02   1.0100432e+01
   7.1800000e+02   1.0100271e+01
   7.1900000e+02   1.0100209e+01
   7.2000000e+02   1.0100602e+01
   7.2100000e+02   1.0100213e+01
   7.2200000e+02   1.0100122e+01
   7.2300000e+02   1.0100211e+01
   7.2400000e+02   1.0100105e+01
   7.2500000e+02   1.0100216e+01
   7.2600000e+02   1.0100284e+01
   7.2700000e+02   1.0100145e+01
   7.2800000e+02   1.0100102e+01
   7.2900000e+02   1.0099981e+01
   7.3000000e+02   1.0100305e+01
   7.3100000e+02   1.0100298e+01
   7.3200000e+02   1.0100147e+01
   7.3300000e+02   1.0099976e+01
   7.3400000e+02   1.0100003e+01
   7.3500000e+02   1.0100229e+01
   7.3600000e+02   1.0099967e+01
   7.3700000e+02   1.0100130e+01
   7.3800000e+02   1.0100240e+01
   7.3900000e+02   1.0100250e+01
   7.4000000e+02   1.0100051e+01
   7.4100000e+02   1.0099864e+01
   7.4200000e+02   1.0099904e+01
   7.4300000e+02   1.0099754e+01
   7.4400000e+02   1.0099680e+01
   7.4500000e+02   1.0099970e+01
   7.4600000e+02   1.0100065e+01
   7.4700000e+02   1.0100146e+01
   7.4800000e+02   1.0099548e+01
   7.4900000e+02   1.0099914e+01
   7.5000000e+02   1.0099868e+01
   7.5100000e+02   1.0099629e+01
   7.5200000e+02   1.0099898e+01
   7.5300000e+02   1.0099582e+01
   7.5400000e+02   1.0099640e+01
   7.5500000e+02   1.0099616e+01
   7.5600000e+02   1.0099963e+01
   7.5700000e+02   1.0099688e+01
   7.5800000e+02   1.0099770e+01
   7.5900000e+02   1.0099734e+01
   7.6000000e+02   1.0099589e+01
   7.6100000e+02   1.0099659e+01
   7.6200000e+02   1.0099752e+01
   7.6300000e+02   1.0099553e+01
   7.6400000e+02   1.0099754e+01
   7.6500000e+02   1.0099538e+01
   7.6600000e+02   1.0099431e+01
   7.6700000e+02   1.0099706e+01
   7.6800000e+02   1.0099463e+01
   7.6900000e+02   1.0099490e+01
   7.7000000e+02   1.0099272e+01
   7.7100000e+02   1.0099234e+01
   7.7200000e+02   1.0099401e+01
   7.7300000e+02   1.0099577e+01
   7.7400000e+02   1.0099286e+01
   7.7500000e+02   1.0099550e+01
   7.7600000e+02   1.0099340e+01
   7.7700000e+02   1.0099313e+01
   7.7800000e+02   1.0099299e+01
   7.7900000e+02   1.0099634e+01
   7.8000000e+02   1.0099400e+01
