   0.0000000e+00   1.0123680e+01
   1.0000000e+00   1.0118277e+01
   2.0000000e+00   1.0116885e+01
   3.0000000e+00   1.0116054e+01
   4.0000000e+00   1.0115243e+01
   5.0000000e+00   1.0114706e+01
   6.0000000e+00   1.0114358e+01
   7.0000000e+00   1.0113895e+01
   8.0000000e+00   1.0113676e+01
   9.0000000e+00   1.0113411e+01
   1.0000000e+01   1.0113397e+01
   1.1000000e+01   1.0112764e+01
   1.2000000e+01   1.0112725e+01
   1.3000000e+01   1.0112892e+01
   1.4000000e+01   1.0112193e+01
   1.5000000e+01   1.0112260e+01
   1.6000000e+01   1.0112019e+01
   1.7000000e+01   1.0111629e+01
   1.8000000e+01   1.0111426e+01
   1.9000000e+01   1.0111328e+01
   2.0000000e+01   1.0111210e+01
   2.1000000e+01   1.0111178e+01
   2.2000000e+01   1.0110822e+01
   2.3000000e+01   1.0110523e+01
   2.4000000e+01   1.0110493e+01
   2.5000000e+01   1.0110476e+01
   2.6000000e+01   1.0110260e+01
   2.7000000e+01   1.0110063e+01
   2.8000000e+01   1.0109886e+01
   2.9000000e+01   1.0109868e+01
   3.0000000e+01   1.0109666e+01
   3.1000000e+01   1.0109527e+01
   3.2000000e+01   1.0109655e+01
   3.3000000e+01   1.0109418e+01
   3.4000000e+01   1.0109247e+01
   3.5000000e+01   1.0109577e+01
   3.6000000e+01   1.0109191e+01
   3.7000000e+01   1.0108980e+01
   3.8000000e+01   1.0109404e+01
   3.9000000e+01   1.0109140e+01
   4.0000000e+01   1.0108878e+01
   4.1000000e+01   1.0108516e+01
   4.2000000e+01   1.0108364e+01
   4.3000000e+01   1.0108383e+01
   4.4000000e+01   1.0108102e+01
   4.5000000e+01   1.0108229e+01
   4.6000000e+01   1.0108257e+01
   4.7000000e+01   1.0108322e+01
   4.8000000e+01   1.0107924e+01
   4.9000000e+01   1.0108035e+01
   5.0000000e+01   1.0108054e+01
   5.1000000e+01   1.0107765e+01
   5.2000000e+01   1.0107773e+01
   5.3000000e+01   1.0107533e+01
   5.4000000e+01   1.0107651e+01
   5.5000000e+01   1.0107487e+01
   5.6000000e+01   1.0107508e+01
   5.7000000e+01   1.0107479e+01
   5.8000000e+01   1.0107459e+01
   5.9000000e+01   1.0107109e+01
   6.0000000e+01   1.0107126e+01
   6.1000000e+01   1.0107348e+01
   6.2000000e+01   1.0107043e+01
   6.3000000e+01   1.0106633e+01
   6.4000000e+01   1.0106932e+01
   6.5000000e+01   1.0106728e+01
   6.6000000e+01   1.0106513e+01
   6.7000000e+01   1.0106552e+01
   6.8000000e+01   1.0106396e+01
   6.9000000e+01   1.0106156e+01
   7.0000000e+01   1.0106277e+01
   7.1000000e+01   1.0106364e+01
   7.2000000e+01   1.0106347e+01
   7.3000000e+01   1.0106103e+01
   7.4000000e+01   1.0105937e+01
   7.5000000e+01   1.0106283e+01
   7.6000000e+01   1.0106110e+01
   7.7000000e+01   1.0105807e+01
   7.8000000e+01   1.0106054e+01
   7.9000000e+01   1.0105672e+01
   8.0000000e+01   1.0105543e+01
   8.1000000e+01   1.0105529e+01
   8.2000000e+01   1.0105351e+01
   8.3000000e+01   1.0105556e+01
   8.4000000e+01   1.0105435e+01
   8.5000000e+01   1.0105133e+01
   8.6000000e+01   1.0105136e+01
   8.7000000e+01   1.0105418e+01
   8.8000000e+01   1.0105531e+01
   8.9000000e+01   1.0105344e+01
   9.0000000e+01   1.0105221e+01
   9.1000000e+01   1.0105119e+01
   9.2000000e+01   1.0105091e+01
   9.3000000e+01   1.0105378e+01
   9.4000000e+01   1.0105157e+01
   9.5000000e+01   1.0104980e+01
   9.6000000e+01   1.0105113e+01
   9.7000000e+01   1.0105022e+01
   9.8000000e+01   1.0104922e+01
   9.9000000e+01   1.0104860e+01
   1.0000000e+02   1.0105007e+01
   1.0100000e+02   1.0104766e+01
   1.0200000e+02   1.0104534e+01
   1.0300000e+02   1.0104740e+01
   1.0400000e+02   1.0104544e+01
   1.0500000e+02   1.0104692e+01
   1.0600000e+02   1.0104068e+01
   1.0700000e+02   1.0104381e+01
   1.0800000e+02   1.0104011e+01
   1.0900000e+02   1.0104036e+01
   1.1000000e+02   1.0104234e+01
   1.1100000e+02   1.0104384e+01
   1.1200000e+02   1.0104236e+01
   1.1300000e+02   1.0103862e+01
   1.1400000e+02   1.0103974e+01
   1.1500000e+02   1.0104337e+01
   1.1600000e+02   1.0104126e+01
   1.1700000e+02   1.0103937e+01
   1.1800000e+02   1.0103666e+01
   1.1900000e+02   1.0103669e+01
   1.2000000e+02   1.0103904e+01
   1.2100000e+02   1.0103515e+01
   1.2200000e+02   1.0103657e+01
   1.2300000e+02   1.0104012e+01
   1.2400000e+02   1.0103512e+01
   1.2500000e+02   1.0103757e+01
   1.2600000e+02   1.0103540e+01
   1.2700000e+02   1.0103789e+01
   1.2800000e+02   1.0103190e+01
   1.2900000e+02   1.0103448e+01
   1.3000000e+02   1.0103516e+01
   1.3100000e+02   1.0103315e+01
   1.3200000e+02   1.0103449e+01
   1.3300000e+02   1.0103240e+01
   1.3400000e+02   1.0103189e+01
   1.3500000e+02   1.0103358e+01
   1.3600000e+02   1.0102893e+01
   1.3700000e+02   1.0102907e+01
   1.3800000e+02   1.0102966e+01
   1.3900000e+02   1.0103130e+01
   1.4000000e+02   1.0102703e+01
   1.4100000e+02   1.0102749e+01
   1.4200000e+02   1.0102734e+01
   1.4300000e+02   1.0103071e+01
   1.4400000e+02   1.0102559e+01
   1.4500000e+02   1.0102914e+01
   1.4600000e+02   1.0102638e+01
   1.4700000e+02   1.0102422e+01
   1.4800000e+02   1.0102655e+01
   1.4900000e+02   1.0102595e+01
   1.5000000e+02   1.0102880e+01
   1.5100000e+02   1.0102672e+01
   1.5200000e+02   1.0102562e+01
   1.5300000e+02   1.0102394e+01
   1.5400000e+02   1.0102273e+01
   1.5500000e+02   1.0102548e+01
   1.5600000e+02   1.0102433e+01
   1.5700000e+02   1.0102384e+01
   1.5800000e+02   1.0102360e+01
   1.5900000e+02   1.0102519e+01
   1.6000000e+02   1.0102292e+01
   1.6100000e+02   1.0102066e+01
   1.6200000e+02   1.0102010e+01
   1.6300000e+02   1.0101886e+01
   1.6400000e+02   1.0101881e+01
   1.6500000e+02   1.0102168e+01
   1.6600000e+02   1.0101960e+01
   1.6700000e+02   1.0100156e+01
   1.6800000e+02   1.0092772e+01
   1.6900000e+02   1.0083689e+01
   1.7000000e+02   1.0087727e+01
   1.7100000e+02   1.0094634e+01
   1.7200000e+02   1.0098569e+01
   1.7300000e+02   1.0099898e+01
   1.7400000e+02   1.0100977e+01
   1.7500000e+02   1.0101214e+01
   1.7600000e+02   1.0101510e+01
   1.7700000e+02   1.0101362e+01
   1.7800000e+02   1.0101512e+01
   1.7900000e+02   1.0099295e+01
   1.8000000e+02   1.0080924e+01
   1.8100000e+02   1.0053790e+01
   1.8200000e+02   1.0059041e+01
   1.8300000e+02   1.0067787e+01
   1.8400000e+02   1.0075862e+01
   1.8500000e+02   1.0079845e+01
   1.8600000e+02   1.0083089e+01
   1.8700000e+02   1.0084753e+01
   1.8800000e+02   1.0087713e+01
   1.8900000e+02   1.0092500e+01
   1.9000000e+02   1.0096258e+01
   1.9100000e+02   1.0097881e+01
   1.9200000e+02   1.0098903e+01
   1.9300000e+02   1.0099594e+01
   1.9400000e+02   1.0100117e+01
   1.9500000e+02   1.0100085e+01
   1.9600000e+02   1.0100081e+01
   1.9700000e+02   1.0100185e+01
   1.9800000e+02   1.0100077e+01
   1.9900000e+02   1.0100331e+01
   2.0000000e+02   1.0100098e+01
   2.0100000e+02   1.0100094e+01
   2.0200000e+02   1.0100158e+01
   2.0300000e+02   1.0100520e+01
   2.0400000e+02   1.0100203e+01
   2.0500000e+02   1.0100178e+01
   2.0600000e+02   1.0100361e+01
   2.0700000e+02   1.0100335e+01
   2.0800000e+02   1.0100516e+01
   2.0900000e+02   1.0100234e+01
   2.1000000e+02   1.0100356e+01
   2.1100000e+02   1.0100373e+01
   2.1200000e+02   1.0100349e+01
   2.1300000e+02   1.0100423e+01
   2.1400000e+02   1.0100401e+01
   2.1500000e+02   1.0100245e+01
   2.1600000e+02   1.0100224e+01
   2.1700000e+02   1.0100176e+01
   2.1800000e+02   1.0100234e+01
   2.1900000e+02   1.0100168e+01
   2.2000000e+02   1.0100231e+01
   2.2100000e+02   1.0100186e+01
   2.2200000e+02   1.0100170e+01
   2.2300000e+02   1.0100003e+01
   2.2400000e+02   1.0099925e+01
   2.2500000e+02   1.0099937e+01
   2.2600000e+02   1.0099813e+01
   2.2700000e+02   1.0099712e+01
   2.2800000e+02   1.0099716e+01
   2.2900000e+02   1.0099609e+01
   2.3000000e+02   1.0099777e+01
   2.3100000e+02   1.0099548e+01
   2.3200000e+02   1.0099925e+01
   2.3300000e+02   1.0099774e+01
   2.3400000e+02   1.0099791e+01
   2.3500000e+02   1.0099958e+01
   2.3600000e+02   1.0099493e+01
   2.3700000e+02   1.0099804e+01
   2.3800000e+02   1.0099566e+01
   2.3900000e+02   1.0099864e+01
   2.4000000e+02   1.0099715e+01
   2.4100000e+02   1.0099365e+01
   2.4200000e+02   1.0099422e+01
   2.4300000e+02   1.0099518e+01
   2.4400000e+02   1.0099187e+01
   2.4500000e+02   1.0099092e+01
   2.4600000e+02   1.0098981e+01
   2.4700000e+02   1.0098645e+01
   2.4800000e+02   1.0098126e+01
   2.4900000e+02   1.0097833e+01
   2.5000000e+02   1.0096584e+01
   2.5100000e+02   1.0095570e+01
   2.5200000e+02   1.0095291e+01
   2.5300000e+02   1.0095441e+01
   2.5400000e+02   1.0095799e+01
   2.5500000e+02   1.0096518e+01
   2.5600000e+02   1.0096859e+01
   2.5700000e+02   1.0097063e+01
   2.5800000e+02   1.0096937e+01
   2.5900000e+02   1.0096925e+01
   2.6000000e+02   1.0096573e+01
   2.6100000e+02   1.0096153e+01
   2.6200000e+02   1.0095803e+01
   2.6300000e+02   1.0095650e+01
   2.6400000e+02   1.0095468e+01
   2.6500000e+02   1.0095005e+01
   2.6600000e+02   1.0095006e+01
   2.6700000e+02   1.0095246e+01
   2.6800000e+02   1.0095196e+01
   2.6900000e+02   1.0095550e+01
   2.7000000e+02   1.0095889e+01
   2.7100000e+02   1.0096729e+01
   2.7200000e+02   1.0096985e+01
   2.7300000e+02   1.0097305e+01
   2.7400000e+02   1.0097694e+01
   2.7500000e+02   1.0097546e+01
   2.7600000e+02   1.0097336e+01
   2.7700000e+02   1.0097534e+01
   2.7800000e+02   1.0097334e+01
   2.7900000e+02   1.0097392e+01
   2.8000000e+02   1.0097506e+01
   2.8100000e+02   1.0097436e+01
   2.8200000e+02   1.0097701e+01
   2.8300000e+02   1.0097704e+01
   2.8400000e+02   1.0097598e+01
   2.8500000e+02   1.0097587e+01
   2.8600000e+02   1.0097816e+01
   2.8700000e+02   1.0097747e+01
   2.8800000e+02   1.0097681e+01
   2.8900000e+02   1.0097422e+01
   2.9000000e+02   1.0097451e+01
   2.9100000e+02   1.0097671e+01
   2.9200000e+02   1.0097655e+01
   2.9300000e+02   1.0097848e+01
   2.9400000e+02   1.0097665e+01
   2.9500000e+02   1.0097722e+01
   2.9600000e+02   1.0097440e+01
   2.9700000e+02   1.0097477e+01
   2.9800000e+02   1.0098028e+01
   2.9900000e+02   1.0097514e+01
   3.0000000e+02   1.0097750e+01
   3.0100000e+02   1.0097670e+01
   3.0200000e+02   1.0097742e+01
   3.0300000e+02   1.0097526e+01
   3.0400000e+02   1.0096988e+01
   3.0500000e+02   1.0096807e+01
   3.0600000e+02   1.0095829e+01
   3.0700000e+02   1.0095136e+01
   3.0800000e+02   1.0094203e+01
   3.0900000e+02   1.0092675e+01
   3.1000000e+02   1.0091226e+01
   3.1100000e+02   1.0088557e+01
   3.1200000e+02   1.0085992e+01
   3.1300000e+02   1.0083059e+01
   3.1400000e+02   1.0080683e+01
   3.1500000e+02   1.0079531e+01
   3.1600000e+02   1.0079543e+01
   3.1700000e+02   1.0080775e+01
   3.1800000e+02   1.0081300e+01
   3.1900000e+02   1.0081538e+01
   3.2000000e+02   1.0079722e+01
   3.2100000e+02   1.0076469e+01
   3.2200000e+02   1.0072387e+01
   3.2300000e+02   1.0068119e+01
   3.2400000e+02   1.0065261e+01
   3.2500000e+02   1.0063813e+01
   3.2600000e+02   1.0063996e+01
   3.2700000e+02   1.0065697e+01
   3.2800000e+02   1.0068036e+01
   3.2900000e+02   1.0070892e+01
   3.3000000e+02   1.0074738e+01
   3.3100000e+02   1.0078770e+01
   3.3200000e+02   1.0082359e+01
   3.3300000e+02   1.0085935e+01
   3.3400000e+02   1.0088559e+01
   3.3500000e+02   1.0090611e+01
   3.3600000e+02   1.0091669e+01
   3.3700000e+02   1.0092118e+01
   3.3800000e+02   1.0091511e+01
   3.3900000e+02   1.0090352e+01
   3.4000000e+02   1.0089082e+01
   3.4100000e+02   1.0087594e+01
   3.4200000e+02   1.0086597e+01
   3.4300000e+02   1.0086289e+01
   3.4400000e+02   1.0087025e+01
   3.4500000e+02   1.0087697e+01
   3.4600000e+02   1.0089093e+01
   3.4700000e+02   1.0090911e+01
   3.4800000e+02   1.0092226e+01
   3.4900000e+02   1.0093145e+01
   3.5000000e+02   1.0094059e+01
   3.5100000e+02   1.0094345e+01
   3.5200000e+02   1.0095001e+01
   3.5300000e+02   1.0095259e+01
   3.5400000e+02   1.0095404e+01
   3.5500000e+02   1.0095374e+01
   3.5600000e+02   1.0095792e+01
   3.5700000e+02   1.0095902e+01
   3.5800000e+02   1.0095789e+01
   3.5900000e+02   1.0095586e+01
   3.6000000e+02   1.0095437e+01
   3.6100000e+02   1.0095213e+01
   3.6200000e+02   1.0094740e+01
   3.6300000e+02   1.0094662e+01
   3.6400000e+02   1.0093926e+01
   3.6500000e+02   1.0093807e+01
   3.6600000e+02   1.0093570e+01
   3.6700000e+02   1.0093647e+01
   3.6800000e+02   1.0093761e+01
   3.6900000e+02   1.0094182e+01
   3.7000000e+02   1.0094292e+01
   3.7100000e+02   1.0094929e+01
   3.7200000e+02   1.0095025e+01
   3.7300000e+02   1.0095293e+01
   3.7400000e+02   1.0095789e+01
   3.7500000e+02   1.0095919e+01
   3.7600000e+02   1.0095721e+01
   3.7700000e+02   1.0096130e+01
   3.7800000e+02   1.0095933e+01
   3.7900000e+02   1.0095912e+01
   3.8000000e+02   1.0095798e+01
   3.8100000e+02   1.0096143e+01
   3.8200000e+02   1.0095953e+01
   3.8300000e+02   1.0095906e+01
   3.8400000e+02   1.0095750e+01
   3.8500000e+02   1.0095355e+01
   3.8600000e+02   1.0095900e+01
   3.8700000e+02   1.0095590e+01
   3.8800000e+02   1.0095461e+01
   3.8900000e+02   1.0095127e+01
   3.9000000e+02   1.0094650e+01
   3.9100000e+02   1.0094370e+01
   3.9200000e+02   1.0093939e+01
   3.9300000e+02   1.0093731e+01
   3.9400000e+02   1.0093354e+01
   3.9500000e+02   1.0093567e+01
   3.9600000e+02   1.0093576e+01
   3.9700000e+02   1.0093776e+01
   3.9800000e+02   1.0094124e+01
   3.9900000e+02   1.0094329e+01
   4.0000000e+02   1.0094640e+01
   4.0100000e+02   1.0094858e+01
   4.0200000e+02   1.0094928e+01
   4.0300000e+02   1.0095240e+01
   4.0400000e+02   1.0095100e+01
   4.0500000e+02   1.0095330e+01
   4.0600000e+02   1.0095203e+01
   4.0700000e+02   1.0095634e+01
   4.0800000e+02   1.0095272e+01
   4.0900000e+02   1.0095450e+01
   4.1000000e+02   1.0095451e+01
   4.1100000e+02   1.0095099e+01
   4.1200000e+02   1.0095516e+01
   4.1300000e+02   1.0095251e+01
   4.1400000e+02   1.0095353e+01
   4.1500000e+02   1.0095388e+01
   4.1600000e+02   1.0095254e+01
   4.1700000e+02   1.0095194e+01
   4.1800000e+02   1.0095237e+01
   4.1900000e+02   1.0095157e+01
   4.2000000e+02   1.0095171e+01
   4.2100000e+02   1.0095327e+01
   4.2200000e+02   1.0094988e+01
   4.2300000e+02   1.0095012e+01
   4.2400000e+02   1.0095321e+01
   4.2500000e+02   1.0095251e+01
   4.2600000e+02   1.0094975e+01
   4.2700000e+02   1.0094956e+01
   4.2800000e+02   1.0094973e+01
   4.2900000e+02   1.0094990e+01
   4.3000000e+02   1.0094721e+01
   4.3100000e+02   1.0095086e+01
   4.3200000e+02   1.0094896e+01
   4.3300000e+02   1.0095058e+01
   4.3400000e+02   1.0094817e+01
   4.3500000e+02   1.0095044e+01
   4.3600000e+02   1.0094865e+01
   4.3700000e+02   1.0094980e+01
   4.3800000e+02   1.0094807e+01
   4.3900000e+02   1.0094703e+01
   4.4000000e+02   1.0094380e+01
   4.4100000e+02   1.0093723e+01
   4.4200000e+02   1.0092778e+01
   4.4300000e+02   1.0091130e+01
   4.4400000e+02   1.0088225e+01
   4.4500000e+02   1.0084421e+01
   4.4600000e+02   1.0078709e+01
   4.4700000e+02   1.0070888e+01
   4.4800000e+02   1.0061873e+01
   4.4900000e+02   1.0051907e+01
   4.5000000e+02   1.0042472e+01
   4.5100000e+02   1.0033850e+01
   4.5200000e+02   1.0027729e+01
   4.5300000e+02   1.0025195e+01
   4.5400000e+02   1.0025881e+01
   4.5500000e+02   1.0030008e+01
   4.5600000e+02   1.0036479e+01
   4.5700000e+02   1.0044572e+01
   4.5800000e+02   1.0053426e+01
   4.5900000e+02   1.0062046e+01
   4.6000000e+02   1.0069400e+01
   4.6100000e+02   1.0075543e+01
   4.6200000e+02   1.0080448e+01
   4.6300000e+02   1.0084402e+01
   4.6400000e+02   1.0086969e+01
   4.6500000e+02   1.0088775e+01
   4.6600000e+02   1.0090031e+01
   4.6700000e+02   1.0090949e+01
   4.6800000e+02   1.0091558e+01
   4.6900000e+02   1.0091967e+01
   4.7000000e+02   1.0092169e+01
   4.7100000e+02   1.0092187e+01
   4.7200000e+02   1.0092536e+01
   4.7300000e+02   1.0092484e+01
   4.7400000e+02   1.0092755e+01
   4.7500000e+02   1.0092604e+01
   4.7600000e+02   1.0092796e+01
   4.7700000e+02   1.0092717e+01
   4.7800000e+02   1.0092730e+01
   4.7900000e+02   1.0092950e+01
   4.8000000e+02   1.0093006e+01
   4.8100000e+02   1.0093189e+01
   4.8200000e+02   1.0093065e+01
   4.8300000e+02   1.0093324e+01
   4.8400000e+02   1.0093453e+01
   4.8500000e+02   1.0093211e+01
   4.8600000e+02   1.0093520e+01
   4.8700000e+02   1.0093529e+01
   4.8800000e+02   1.0093556e+01
   4.8900000e+02   1.0093422e+01
   4.9000000e+02   1.0093600e+01
   4.9100000e+02   1.0093493e+01
   4.9200000e+02   1.0093391e+01
   4.9300000e+02   1.0093712e+01
   4.9400000e+02   1.0093522e+01
   4.9500000e+02   1.0093464e+01
   4.9600000e+02   1.0093507e+01
   4.9700000e+02   1.0093364e+01
   4.9800000e+02   1.0093744e+01
   4.9900000e+02   1.0093598e+01
   5.0000000e+02   1.0093657e+01
   5.0100000e+02   1.0093459e+01
   5.0200000e+02   1.0093632e+01
   5.0300000e+02   1.0093673e+01
   5.0400000e+02   1.0093317e+01
   5.0500000e+02   1.0093580e+01
   5.0600000e+02   1.0093655e+01
   5.0700000e+02   1.0093502e+01
   5.0800000e+02   1.0093739e+01
   5.0900000e+02   1.0093859e+01
   5.1000000e+02   1.0093688e+01
   5.1100000e+02   1.0093377e+01
   5.1200000e+02   1.0093614e+01
   5.1300000e+02   1.0093709e+01
   5.1400000e+02   1.0093458e+01
   5.1500000e+02   1.0093334e+01
   5.1600000e+02   1.0093363e+01
   5.1700000e+02   1.0093440e+01
   5.1800000e+02   1.0093214e+01
   5.1900000e+02   1.0093423e+01
   5.2000000e+02   1.0093520e+01
   5.2100000e+02   1.0093332e+01
   5.2200000e+02   1.0093153e+01
   5.2300000e+02   1.0093535e+01
   5.2400000e+02   1.0093407e+01
   5.2500000e+02   1.0093516e+01
   5.2600000e+02   1.0093425e+01
   5.2700000e+02   1.0093249e+01
   5.2800000e+02   1.0093095e+01
   5.2900000e+02   1.0093319e+01
   5.3000000e+02   1.0093162e+01
   5.3100000e+02   1.0093329e+01
   5.3200000e+02   1.0093155e+01
   5.3300000e+02   1.0093211e+01
   5.3400000e+02   1.0093328e+01
   5.3500000e+02   1.0093203e+01
   5.3600000e+02   1.0093301e+01
   5.3700000e+02   1.0093131e+01
   5.3800000e+02   1.0093127e+01
   5.3900000e+02   1.0093212e+01
   5.4000000e+02   1.0093045e+01
   5.4100000e+02   1.0093140e+01
   5.4200000e+02   1.0093374e+01
   5.4300000e+02   1.0093272e+01
   5.4400000e+02   1.0093200e+01
   5.4500000e+02   1.0093099e+01
   5.4600000e+02   1.0093149e+01
   5.4700000e+02   1.0093313e+01
   5.4800000e+02   1.0093044e+01
   5.4900000e+02   1.0092875e+01
   5.5000000e+02   1.0092881e+01
   5.5100000e+02   1.0092812e+01
   5.5200000e+02   1.0092549e+01
   5.5300000e+02   1.0092903e+01
   5.5400000e+02   1.0092759e+01
   5.5500000e+02   1.0092635e+01
   5.5600000e+02   1.0093034e+01
   5.5700000e+02   1.0092895e+01
   5.5800000e+02   1.0092880e+01
   5.5900000e+02   1.0092780e+01
   5.6000000e+02   1.0092965e+01
   5.6100000e+02   1.0092817e+01
   5.6200000e+02   1.0092733e+01
   5.6300000e+02   1.0092849e+01
   5.6400000e+02   1.0092698e+01
   5.6500000e+02   1.0092606e+01
   5.6600000e+02   1.0092788e+01
   5.6700000e+02   1.0092956e+01
   5.6800000e+02   1.0092780e+01
   5.6900000e+02   1.0092594e+01
   5.7000000e+02   1.0092877e+01
   5.7100000e+02   1.0092653e+01
   5.7200000e+02   1.0092929e+01
   5.7300000e+02   1.0092679e+01
   5.7400000e+02   1.0092644e+01
   5.7500000e+02   1.0092546e+01
   5.7600000e+02   1.0092697e+01
   5.7700000e+02   1.0092870e+01
   5.7800000e+02   1.0092482e+01
   5.7900000e+02   1.0092461e+01
   5.8000000e+02   1.0092657e+01
   5.8100000e+02   1.0092379e+01
   5.8200000e+02   1.0092195e+01
   5.8300000e+02   1.0092133e+01
   5.8400000e+02   1.0092590e+01
   5.8500000e+02   1.0092424e+01
   5.8600000e+02   1.0092366e+01
   5.8700000e+02   1.0092544e+01
   5.8800000e+02   1.0092391e+01
   5.8900000e+02   1.0092219e+01
   5.9000000e+02   1.0092242e+01
   5.9100000e+02   1.0092098e+01
   5.9200000e+02   1.0092106e+01
   5.9300000e+02   1.0092130e+01
   5.9400000e+02   1.0092340e+01
   5.9500000e+02   1.0092377e+01
   5.9600000e+02   1.0092086e+01
   5.9700000e+02   1.0092316e+01
   5.9800000e+02   1.0092195e+01
   5.9900000e+02   1.0092261e+01
   6.0000000e+02   1.0092169e+01
   6.0100000e+02   1.0092321e+01
   6.0200000e+02   1.0092464e+01
   6.0300000e+02   1.0092179e+01
   6.0400000e+02   1.0092018e+01
   6.0500000e+02   1.0092115e+01
   6.0600000e+02   1.0092309e+01
   6.0700000e+02   1.0092294e+01
   6.0800000e+02   1.0092103e+01
   6.0900000e+02   1.0092300e+01
   6.1000000e+02   1.0092279e+01
   6.1100000e+02   1.0092360e+01
   6.1200000e+02   1.0092138e+01
   6.1300000e+02   1.0092001e+01
   6.1400000e+02   1.0092168e+01
   6.1500000e+02   1.0092330e+01
   6.1600000e+02   1.0092206e+01
   6.1700000e+02   1.0092323e+01
   6.1800000e+02   1.0092038e+01
   6.1900000e+02   1.0092406e+01
   6.2000000e+02   1.0092223e+01
   6.2100000e+02   1.0092003e+01
   6.2200000e+02   1.0092063e+01
   6.2300000e+02   1.0091910e+01
   6.2400000e+02   1.0092063e+01
   6.2500000e+02   1.0092105e+01
   6.2600000e+02   1.0092338e+01
   6.2700000e+02   1.0092277e+01
   6.2800000e+02   1.0092063e+01
   6.2900000e+02   1.0092163e+01
   6.3000000e+02   1.0092075e+01
   6.3100000e+02   1.0092258e+01
   6.3200000e+02   1.0091897e+01
   6.3300000e+02   1.0092030e+01
   6.3400000e+02   1.0092194e+01
   6.3500000e+02   1.0091807e+01
   6.3600000e+02   1.0091887e+01
   6.3700000e+02   1.0092313e+01
   6.3800000e+02   1.0092006e+01
   6.3900000e+02   1.0092046e+01
   6.4000000e+02   1.0091880e+01
   6.4100000e+02   1.0092195e+01
   6.4200000e+02   1.0092053e+01
   6.4300000e+02   1.0091996e+01
   6.4400000e+02   1.0091729e+01
   6.4500000e+02   1.0091582e+01
   6.4600000e+02   1.0091820e+01
   6.4700000e+02   1.0091811e+01
   6.4800000e+02   1.0091852e+01
   6.4900000e+02   1.0091621e+01
   6.5000000e+02   1.0091710e+01
   6.5100000e+02   1.0091839e+01
   6.5200000e+02   1.0091705e+01
   6.5300000e+02   1.0091571e+01
   6.5400000e+02   1.0091669e+01
   6.5500000e+02   1.0091284e+01
   6.5600000e+02   1.0091829e+01
   6.5700000e+02   1.0091641e+01
   6.5800000e+02   1.0091403e+01
   6.5900000e+02   1.0091496e+01
   6.6000000e+02   1.0091502e+01
   6.6100000e+02   1.0091545e+01
   6.6200000e+02   1.0091169e+01
   6.6300000e+02   1.0091309e+01
   6.6400000e+02   1.0091465e+01
   6.6500000e+02   1.0091323e+01
   6.6600000e+02   1.0091428e+01
   6.6700000e+02   1.0091736e+01
   6.6800000e+02   1.0091637e+01
   6.6900000e+02   1.0091509e+01
   6.7000000e+02   1.0091288e+01
   6.7100000e+02   1.0091126e+01
   6.7200000e+02   1.0091265e+01
   6.7300000e+02   1.0091246e+01
   6.7400000e+02   1.0091363e+01
   6.7500000e+02   1.0091353e+01
   6.7600000e+02   1.0091235e+01
   6.7700000e+02   1.0091077e+01
   6.7800000e+02   1.0090876e+01
   6.7900000e+02   1.0090647e+01
   6.8000000e+02   1.0090327e+01
   6.8100000e+02   1.0089811e+01
   6.8200000e+02   1.0089477e+01
   6.8300000e+02   1.0089047e+01
   6.8400000e+02   1.0088232e+01
   6.8500000e+02   1.0087992e+01
   6.8600000e+02   1.0087192e+01
   6.8700000e+02   1.0086944e+01
   6.8800000e+02   1.0086217e+01
   6.8900000e+02   1.0085863e+01
   6.9000000e+02   1.0085597e+01
   6.9100000e+02   1.0085421e+01
   6.9200000e+02   1.0085347e+01
   6.9300000e+02   1.0085800e+01
   6.9400000e+02   1.0085847e+01
   6.9500000e+02   1.0086087e+01
   6.9600000e+02   1.0086503e+01
   6.9700000e+02   1.0086945e+01
   6.9800000e+02   1.0087082e+01
   6.9900000e+02   1.0087775e+01
   7.0000000e+02   1.0088120e+01
   7.0100000e+02   1.0088753e+01
   7.0200000e+02   1.0088862e+01
   7.0300000e+02   1.0089363e+01
   7.0400000e+02   1.0089386e+01
   7.0500000e+02   1.0090010e+01
   7.0600000e+02   1.0090054e+01
   7.0700000e+02   1.0090328e+01
   7.0800000e+02   1.0090566e+01
   7.0900000e+02   1.0090580e+01
   7.1000000e+02   1.0090627e+01
   7.1100000e+02   1.0090731e+01
   7.1200000e+02   1.0090824e+01
   7.1300000e+02   1.0090408e+01
   7.1400000e+02   1.0090445e+01
   7.1500000e+02   1.0090652e+01
   7.1600000e+02   1.0090805e+01
   7.1700000e+02   1.0090811e+01
   7.1800000e+02   1.0090723e+01
   7.1900000e+02   1.0090701e+01
   7.2000000e+02   1.0090448e+01
   7.2100000e+02   1.0091040e+01
   7.2200000e+02   1.0090679e+01
   7.2300000e+02   1.0090669e+01
   7.2400000e+02   1.0090913e+01
   7.2500000e+02   1.0090537e+01
   7.2600000e+02   1.0090724e+01
   7.2700000e+02   1.0090914e+01
   7.2800000e+02   1.0090994e+01
   7.2900000e+02   1.0090973e+01
   7.3000000e+02   1.0090659e+01
   7.3100000e+02   1.0090899e+01
   7.3200000e+02   1.0090678e+01
   7.3300000e+02   1.0090603e+01
   7.3400000e+02   1.0090642e+01
   7.3500000e+02   1.0090502e+01
   7.3600000e+02   1.0090603e+01
   7.3700000e+02   1.0090719e+01
   7.3800000e+02   1.0090624e+01
   7.3900000e+02   1.0090549e+01
   7.4000000e+02   1.0090521e+01
   7.4100000e+02   1.0090415e+01
   7.4200000e+02   1.0090608e+01
   7.4300000e+02   1.0090236e+01
   7.4400000e+02   1.0090305e+01
   7.4500000e+02   1.0090467e+01
   7.4600000e+02   1.0090351e+01
   7.4700000e+02   1.0090386e+01
   7.4800000e+02   1.0090565e+01
   7.4900000e+02   1.0090693e+01
   7.5000000e+02   1.0090266e+01
   7.5100000e+02   1.0090413e+01
   7.5200000e+02   1.0090238e+01
   7.5300000e+02   1.0090522e+01
   7.5400000e+02   1.0090424e+01
   7.5500000e+02   1.0090421e+01
   7.5600000e+02   1.0090258e+01
   7.5700000e+02   1.0090183e+01
   7.5800000e+02   1.0090055e+01
   7.5900000e+02   1.0090241e+01
   7.6000000e+02   1.0090077e+01
   7.6100000e+02   1.0089874e+01
   7.6200000e+02   1.0090021e+01
   7.6300000e+02   1.0090167e+01
   7.6400000e+02   1.0090247e+01
   7.6500000e+02   1.0090252e+01
   7.6600000e+02   1.0090387e+01
   7.6700000e+02   1.0089987e+01
   7.6800000e+02   1.0090373e+01
   7.6900000e+02   1.0090058e+01
   7.7000000e+02   1.0090163e+01
   7.7100000e+02   1.0090378e+01
   7.7200000e+02   1.0090173e+01
   7.7300000e+02   1.0090169e+01
   7.7400000e+02   1.0089822e+01
   7.7500000e+02   1.0090041e+01
   7.7600000e+02   1.0090070e+01
   7.7700000e+02   1.0089902e+01
   7.7800000e+02   1.0089903e+01
   7.7900000e+02   1.0090101e+01
   7.8000000e+02   1.0090003e+01
