   0.0000000e+00   1.0120716e+01
   1.0000000e+00   1.0115462e+01
   2.0000000e+00   1.0114164e+01
   3.0000000e+00   1.0113267e+01
   4.0000000e+00   1.0112832e+01
   5.0000000e+00   1.0112221e+01
   6.0000000e+00   1.0111893e+01
   7.0000000e+00   1.0111841e+01
   8.0000000e+00   1.0111255e+01
   9.0000000e+00   1.0111204e+01
   1.0000000e+01   1.0111001e+01
   1.1000000e+01   1.0110667e+01
   1.2000000e+01   1.0110417e+01
   1.3000000e+01   1.0110283e+01
   1.4000000e+01   1.0110092e+01
   1.5000000e+01   1.0109832e+01
   1.6000000e+01   1.0109920e+01
   1.7000000e+01   1.0109979e+01
   1.8000000e+01   1.0109607e+01
   1.9000000e+01   1.0109496e+01
   2.0000000e+01   1.0109358e+01
   2.1000000e+01   1.0109024e+01
   2.2000000e+01   1.0108829e+01
   2.3000000e+01   1.0108939e+01
   2.4000000e+01   1.0108986e+01
   2.5000000e+01   1.0108796e+01
   2.6000000e+01   1.0108597e+01
   2.7000000e+01   1.0108403e+01
   2.8000000e+01   1.0108452e+01
   2.9000000e+01   1.0108326e+01
   3.0000000e+01   1.0108195e+01
   3.1000000e+01   1.0108382e+01
   3.2000000e+01   1.0108394e+01
   3.3000000e+01   1.0108177e+01
   3.4000000e+01   1.0107900e+01
   3.5000000e+01   1.0107645e+01
   3.6000000e+01   1.0107997e+01
   3.7000000e+01   1.0108205e+01
   3.8000000e+01   1.0108222e+01
   3.9000000e+01   1.0107809e+01
   4.0000000e+01   1.0107666e+01
   4.1000000e+01   1.0107470e+01
   4.2000000e+01   1.0107413e+01
   4.3000000e+01   1.0107664e+01
   4.4000000e+01   1.0107584e+01
   4.5000000e+01   1.0107610e+01
   4.6000000e+01   1.0107546e+01
   4.7000000e+01   1.0107244e+01
   4.8000000e+01   1.0107439e+01
   4.9000000e+01   1.0107053e+01
   5.0000000e+01   1.0107492e+01
   5.1000000e+01   1.0107252e+01
   5.2000000e+01   1.0107249e+01
   5.3000000e+01   1.0107357e+01
   5.4000000e+01   1.0107292e+01
   5.5000000e+01   1.0106992e+01
   5.6000000e+01   1.0107106e+01
   5.7000000e+01   1.0106902e+01
   5.8000000e+01   1.0106992e+01
   5.9000000e+01   1.0106832e+01
   6.0000000e+01   1.0106764e+01
   6.1000000e+01   1.0106825e+01
   6.2000000e+01   1.0106879e+01
   6.3000000e+01   1.0106491e+01
   6.4000000e+01   1.0106770e+01
   6.5000000e+01   1.0106395e+01
   6.6000000e+01   1.0106653e+01
   6.7000000e+01   1.0106359e+01
   6.8000000e+01   1.0106556e+01
   6.9000000e+01   1.0106499e+01
   7.0000000e+01   1.0106682e+01
   7.1000000e+01   1.0106631e+01
   7.2000000e+01   1.0106195e+01
   7.3000000e+01   1.0106566e+01
   7.4000000e+01   1.0106303e+01
   7.5000000e+01   1.0106311e+01
   7.6000000e+01   1.0106296e+01
   7.7000000e+01   1.0105984e+01
   7.8000000e+01   1.0106112e+01
   7.9000000e+01   1.0106212e+01
   8.0000000e+01   1.0106042e+01
   8.1000000e+01   1.0105889e+01
   8.2000000e+01   1.0105958e+01
   8.3000000e+01   1.0105791e+01
   8.4000000e+01   1.0105965e+01
   8.5000000e+01   1.0106041e+01
   8.6000000e+01   1.0106200e+01
   8.7000000e+01   1.0105893e+01
   8.8000000e+01   1.0105664e+01
   8.9000000e+01   1.0105658e+01
   9.0000000e+01   1.0105696e+01
   9.1000000e+01   1.0105293e+01
   9.2000000e+01   1.0105775e+01
   9.3000000e+01   1.0105555e+01
   9.4000000e+01   1.0105573e+01
   9.5000000e+01   1.0105360e+01
   9.6000000e+01   1.0105504e+01
   9.7000000e+01   1.0105425e+01
   9.8000000e+01   1.0105641e+01
   9.9000000e+01   1.0105394e+01
   1.0000000e+02   1.0105358e+01
   1.0100000e+02   1.0105408e+01
   1.0200000e+02   1.0105392e+01
   1.0300000e+02   1.0105233e+01
   1.0400000e+02   1.0105314e+01
   1.0500000e+02   1.0105274e+01
   1.0600000e+02   1.0105387e+01
   1.0700000e+02   1.0105348e+01
   1.0800000e+02   1.0105130e+01
   1.0900000e+02   1.0105041e+01
   1.1000000e+02   1.0104865e+01
   1.1100000e+02   1.0105461e+01
   1.1200000e+02   1.0105305e+01
   1.1300000e+02   1.0104964e+01
   1.1400000e+02   1.0105129e+01
   1.1500000e+02   1.0105089e+01
   1.1600000e+02   1.0104917e+01
   1.1700000e+02   1.0105029e+01
   1.1800000e+02   1.0104654e+01
   1.1900000e+02   1.0105025e+01
   1.2000000e+02   1.0104916e+01
   1.2100000e+02   1.0105055e+01
   1.2200000e+02   1.0104729e+01
   1.2300000e+02   1.0104836e+01
   1.2400000e+02   1.0104718e+01
   1.2500000e+02   1.0104658e+01
   1.2600000e+02   1.0104611e+01
   1.2700000e+02   1.0104922e+01
   1.2800000e+02   1.0104609e+01
   1.2900000e+02   1.0104725e+01
   1.3000000e+02   1.0104575e+01
   1.3100000e+02   1.0104602e+01
   1.3200000e+02   1.0104561e+01
   1.3300000e+02   1.0104565e+01
   1.3400000e+02   1.0104815e+01
   1.3500000e+02   1.0104445e+01
   1.3600000e+02   1.0104504e+01
   1.3700000e+02   1.0104463e+01
   1.3800000e+02   1.0104493e+01
   1.3900000e+02   1.0104778e+01
   1.4000000e+02   1.0104411e+01
   1.4100000e+02   1.0104149e+01
   1.4200000e+02   1.0104395e+01
   1.4300000e+02   1.0104341e+01
   1.4400000e+02   1.0104150e+01
   1.4500000e+02   1.0104208e+01
   1.4600000e+02   1.0104204e+01
   1.4700000e+02   1.0104159e+01
   1.4800000e+02   1.0104219e+01
   1.4900000e+02   1.0104069e+01
   1.5000000e+02   1.0104227e+01
   1.5100000e+02   1.0104345e+01
   1.5200000e+02   1.0104276e+01
   1.5300000e+02   1.0104413e+01
   1.5400000e+02   1.0104015e+01
   1.5500000e+02   1.0103983e+01
   1.5600000e+02   1.0104349e+01
   1.5700000e+02   1.0104001e+01
   1.5800000e+02   1.0104140e+01
   1.5900000e+02   1.0103959e+01
   1.6000000e+02   1.0103907e+01
   1.6100000e+02   1.0104205e+01
   1.6200000e+02   1.0104152e+01
   1.6300000e+02   1.0103990e+01
   1.6400000e+02   1.0103998e+01
   1.6500000e+02   1.0103651e+01
   1.6600000e+02   1.0103905e+01
   1.6700000e+02   1.0101932e+01
   1.6800000e+02   1.0093715e+01
   1.6900000e+02   1.0085697e+01
   1.7000000e+02   1.0089763e+01
   1.7100000e+02   1.0096778e+01
   1.7200000e+02   1.0100327e+01
   1.7300000e+02   1.0102169e+01
   1.7400000e+02   1.0102696e+01
   1.7500000e+02   1.0103126e+01
   1.7600000e+02   1.0103343e+01
   1.7700000e+02   1.0103204e+01
   1.7800000e+02   1.0103575e+01
   1.7900000e+02   1.0100892e+01
   1.8000000e+02   1.0083652e+01
   1.8100000e+02   1.0063499e+01
   1.8200000e+02   1.0063213e+01
   1.8300000e+02   1.0069984e+01
   1.8400000e+02   1.0077668e+01
   1.8500000e+02   1.0080927e+01
   1.8600000e+02   1.0083772e+01
   1.8700000e+02   1.0086570e+01
   1.8800000e+02   1.0089889e+01
   1.8900000e+02   1.0093838e+01
   1.9000000e+02   1.0097622e+01
   1.9100000e+02   1.0099887e+01
   1.9200000e+02   1.0101169e+01
   1.9300000e+02   1.0101925e+01
   1.9400000e+02   1.0102173e+01
   1.9500000e+02   1.0102593e+01
   1.9600000e+02   1.0102694e+01
   1.9700000e+02   1.0102790e+01
   1.9800000e+02   1.0102719e+01
   1.9900000e+02   1.0102794e+01
   2.0000000e+02   1.0102794e+01
   2.0100000e+02   1.0102812e+01
   2.0200000e+02   1.0102834e+01
   2.0300000e+02   1.0102807e+01
   2.0400000e+02   1.0102814e+01
   2.0500000e+02   1.0103154e+01
   2.0600000e+02   1.0102942e+01
   2.0700000e+02   1.0103102e+01
   2.0800000e+02   1.0102943e+01
   2.0900000e+02   1.0103107e+01
   2.1000000e+02   1.0102834e+01
   2.1100000e+02   1.0103024e+01
   2.1200000e+02   1.0103039e+01
   2.1300000e+02   1.0102848e+01
   2.1400000e+02   1.0103066e+01
   2.1500000e+02   1.0102971e+01
   2.1600000e+02   1.0102516e+01
   2.1700000e+02   1.0102762e+01
   2.1800000e+02   1.0102721e+01
   2.1900000e+02   1.0102412e+01
   2.2000000e+02   1.0102720e+01
   2.2100000e+02   1.0102823e+01
   2.2200000e+02   1.0102497e+01
   2.2300000e+02   1.0102734e+01
   2.2400000e+02   1.0102590e+01
   2.2500000e+02   1.0102753e+01
   2.2600000e+02   1.0102339e+01
   2.2700000e+02   1.0102405e+01
   2.2800000e+02   1.0102478e+01
   2.2900000e+02   1.0102156e+01
   2.3000000e+02   1.0102580e+01
   2.3100000e+02   1.0102302e+01
   2.3200000e+02   1.0102420e+01
   2.3300000e+02   1.0102291e+01
   2.3400000e+02   1.0102480e+01
   2.3500000e+02   1.0102547e+01
   2.3600000e+02   1.0102713e+01
   2.3700000e+02   1.0102702e+01
   2.3800000e+02   1.0102345e+01
   2.3900000e+02   1.0102325e+01
   2.4000000e+02   1.0102266e+01
   2.4100000e+02   1.0102474e+01
   2.4200000e+02   1.0102248e+01
   2.4300000e+02   1.0102105e+01
   2.4400000e+02   1.0102132e+01
   2.4500000e+02   1.0101882e+01
   2.4600000e+02   1.0101648e+01
   2.4700000e+02   1.0101548e+01
   2.4800000e+02   1.0100987e+01
   2.4900000e+02   1.0099867e+01
   2.5000000e+02   1.0098705e+01
   2.5100000e+02   1.0097555e+01
   2.5200000e+02   1.0097050e+01
   2.5300000e+02   1.0097044e+01
   2.5400000e+02   1.0097958e+01
   2.5500000e+02   1.0098514e+01
   2.5600000e+02   1.0099323e+01
   2.5700000e+02   1.0099493e+01
   2.5800000e+02   1.0099357e+01
   2.5900000e+02   1.0099380e+01
   2.6000000e+02   1.0099018e+01
   2.6100000e+02   1.0098585e+01
   2.6200000e+02   1.0098045e+01
   2.6300000e+02   1.0097927e+01
   2.6400000e+02   1.0097751e+01
   2.6500000e+02   1.0097302e+01
   2.6600000e+02   1.0097160e+01
   2.6700000e+02   1.0097128e+01
   2.6800000e+02   1.0097266e+01
   2.6900000e+02   1.0098073e+01
   2.7000000e+02   1.0098501e+01
   2.7100000e+02   1.0099367e+01
   2.7200000e+02   1.0099780e+01
   2.7300000e+02   1.0100341e+01
   2.7400000e+02   1.0100492e+01
   2.7500000e+02   1.0100438e+01
   2.7600000e+02   1.0100685e+01
   2.7700000e+02   1.0100266e+01
   2.7800000e+02   1.0100512e+01
   2.7900000e+02   1.0100459e+01
   2.8000000e+02   1.0100581e+01
   2.8100000e+02   1.0100439e+01
   2.8200000e+02   1.0100577e+01
   2.8300000e+02   1.0100763e+01
   2.8400000e+02   1.0100807e+01
   2.8500000e+02   1.0100926e+01
   2.8600000e+02   1.0100834e+01
   2.8700000e+02   1.0101102e+01
   2.8800000e+02   1.0101025e+01
   2.8900000e+02   1.0101103e+01
   2.9000000e+02   1.0100952e+01
   2.9100000e+02   1.0101358e+01
   2.9200000e+02   1.0101228e+01
   2.9300000e+02   1.0101139e+01
   2.9400000e+02   1.0101256e+01
   2.9500000e+02   1.0101146e+01
   2.9600000e+02   1.0101295e+01
   2.9700000e+02   1.0101110e+01
   2.9800000e+02   1.0101297e+01
   2.9900000e+02   1.0101269e+01
   3.0000000e+02   1.0101154e+01
   3.0100000e+02   1.0101467e+01
   3.0200000e+02   1.0101271e+01
   3.0300000e+02   1.0100812e+01
   3.0400000e+02   1.0100988e+01
   3.0500000e+02   1.0100592e+01
   3.0600000e+02   1.0100204e+01
   3.0700000e+02   1.0099213e+01
   3.0800000e+02   1.0098152e+01
   3.0900000e+02   1.0096524e+01
   3.1000000e+02   1.0095085e+01
   3.1100000e+02   1.0093056e+01
   3.1200000e+02   1.0090356e+01
   3.1300000e+02   1.0086807e+01
   3.1400000e+02   1.0083975e+01
   3.1500000e+02   1.0082764e+01
   3.1600000e+02   1.0082421e+01
   3.1700000e+02   1.0083166e+01
   3.1800000e+02   1.0084109e+01
   3.1900000e+02   1.0084616e+01
   3.2000000e+02   1.0083477e+01
   3.2100000e+02   1.0080460e+01
   3.2200000e+02   1.0076410e+01
   3.2300000e+02   1.0071791e+01
   3.2400000e+02   1.0068021e+01
   3.2500000e+02   1.0066093e+01
   3.2600000e+02   1.0065746e+01
   3.2700000e+02   1.0066900e+01
   3.2800000e+02   1.0069240e+01
   3.2900000e+02   1.0071917e+01
   3.3000000e+02   1.0075743e+01
   3.3100000e+02   1.0079573e+01
   3.3200000e+02   1.0084014e+01
   3.3300000e+02   1.0087510e+01
   3.3400000e+02   1.0090890e+01
   3.3500000e+02   1.0093431e+01
   3.3600000e+02   1.0094943e+01
   3.3700000e+02   1.0095890e+01
   3.3800000e+02   1.0095766e+01
   3.3900000e+02   1.0094737e+01
   3.4000000e+02   1.0093732e+01
   3.4100000e+02   1.0092315e+01
   3.4200000e+02   1.0090921e+01
   3.4300000e+02   1.0090429e+01
   3.4400000e+02   1.0090534e+01
   3.4500000e+02   1.0091039e+01
   3.4600000e+02   1.0092717e+01
   3.4700000e+02   1.0094095e+01
   3.4800000e+02   1.0095488e+01
   3.4900000e+02   1.0096857e+01
   3.5000000e+02   1.0097597e+01
   3.5100000e+02   1.0098412e+01
   3.5200000e+02   1.0098988e+01
   3.5300000e+02   1.0099425e+01
   3.5400000e+02   1.0099233e+01
   3.5500000e+02   1.0099563e+01
   3.5600000e+02   1.0099722e+01
   3.5700000e+02   1.0099891e+01
   3.5800000e+02   1.0099510e+01
   3.5900000e+02   1.0099908e+01
   3.6000000e+02   1.0099983e+01
   3.6100000e+02   1.0099626e+01
   3.6200000e+02   1.0099443e+01
   3.6300000e+02   1.0099113e+01
   3.6400000e+02   1.0098406e+01
   3.6500000e+02   1.0098491e+01
   3.6600000e+02   1.0098473e+01
   3.6700000e+02   1.0098161e+01
   3.6800000e+02   1.0098388e+01
   3.6900000e+02   1.0098288e+01
   3.7000000e+02   1.0098802e+01
   3.7100000e+02   1.0099086e+01
   3.7200000e+02   1.0099675e+01
   3.7300000e+02   1.0099427e+01
   3.7400000e+02   1.0099701e+01
   3.7500000e+02   1.0100045e+01
   3.7600000e+02   1.0099749e+01
   3.7700000e+02   1.0100076e+01
   3.7800000e+02   1.0100303e+01
   3.7900000e+02   1.0100306e+01
   3.8000000e+02   1.0100615e+01
   3.8100000e+02   1.0100330e+01
   3.8200000e+02   1.0100370e+01
   3.8300000e+02   1.0100370e+01
   3.8400000e+02   1.0100538e+01
   3.8500000e+02   1.0100331e+01
   3.8600000e+02   1.0100282e+01
   3.8700000e+02   1.0100293e+01
   3.8800000e+02   1.0100036e+01
   3.8900000e+02   1.0100044e+01
   3.9000000e+02   1.0099498e+01
   3.9100000e+02   1.0099557e+01
   3.9200000e+02   1.0099008e+01
   3.9300000e+02   1.0098800e+01
   3.9400000e+02   1.0098331e+01
   3.9500000e+02   1.0098191e+01
   3.9600000e+02   1.0098398e+01
   3.9700000e+02   1.0098509e+01
   3.9800000e+02   1.0098588e+01
   3.9900000e+02   1.0099023e+01
   4.0000000e+02   1.0099355e+01
   4.0100000e+02   1.0099414e+01
   4.0200000e+02   1.0099497e+01
   4.0300000e+02   1.0099581e+01
   4.0400000e+02   1.0099846e+01
   4.0500000e+02   1.0099881e+01
   4.0600000e+02   1.0099850e+01
   4.0700000e+02   1.0100064e+01
   4.0800000e+02   1.0100130e+01
   4.0900000e+02   1.0100018e+01
   4.1000000e+02   1.0100076e+01
   4.1100000e+02   1.0100067e+01
   4.1200000e+02   1.0100096e+01
   4.1300000e+02   1.0100068e+01
   4.1400000e+02   1.0100139e+01
   4.1500000e+02   1.0100099e+01
   4.1600000e+02   1.0100071e+01
   4.1700000e+02   1.0099926e+01
   4.1800000e+02   1.0100055e+01
   4.1900000e+02   1.0099888e+01
   4.2000000e+02   1.0100041e+01
   4.2100000e+02   1.0099911e+01
   4.2200000e+02   1.0099711e+01
   4.2300000e+02   1.0099740e+01
   4.2400000e+02   1.0099832e+01
   4.2500000e+02   1.0099726e+01
   4.2600000e+02   1.0099728e+01
   4.2700000e+02   1.0099616e+01
   4.2800000e+02   1.0099530e+01
   4.2900000e+02   1.0099889e+01
   4.3000000e+02   1.0099584e+01
   4.3100000e+02   1.0099774e+01
   4.3200000e+02   1.0099967e+01
   4.3300000e+02   1.0099863e+01
   4.3400000e+02   1.0099872e+01
   4.3500000e+02   1.0099923e+01
   4.3600000e+02   1.0099947e+01
   4.3700000e+02   1.0100035e+01
   4.3800000e+02   1.0099833e+01
   4.3900000e+02   1.0099393e+01
   4.4000000e+02   1.0099220e+01
   4.4100000e+02   1.0099041e+01
   4.4200000e+02   1.0098796e+01
   4.4300000e+02   1.0097991e+01
   4.4400000e+02   1.0096823e+01
   4.4500000e+02   1.0094524e+01
   4.4600000e+02   1.0091889e+01
   4.4700000e+02   1.0087626e+01
   4.4800000e+02   1.0082523e+01
   4.4900000e+02   1.0075710e+01
   4.5000000e+02   1.0068457e+01
   4.5100000e+02   1.0061711e+01
   4.5200000e+02   1.0055187e+01
   4.5300000e+02   1.0050633e+01
   4.5400000e+02   1.0048321e+01
   4.5500000e+02   1.0048464e+01
   4.5600000e+02   1.0051368e+01
   4.5700000e+02   1.0056190e+01
   4.5800000e+02   1.0062014e+01
   4.5900000e+02   1.0068562e+01
   4.6000000e+02   1.0074758e+01
   4.6100000e+02   1.0080401e+01
   4.6200000e+02   1.0085014e+01
   4.6300000e+02   1.0088528e+01
   4.6400000e+02   1.0091380e+01
   4.6500000e+02   1.0093583e+01
   4.6600000e+02   1.0095011e+01
   4.6700000e+02   1.0096090e+01
   4.6800000e+02   1.0096500e+01
   4.6900000e+02   1.0096995e+01
   4.7000000e+02   1.0097436e+01
   4.7100000e+02   1.0097473e+01
   4.7200000e+02   1.0097727e+01
   4.7300000e+02   1.0097787e+01
   4.7400000e+02   1.0098060e+01
   4.7500000e+02   1.0098113e+01
   4.7600000e+02   1.0098133e+01
   4.7700000e+02   1.0098429e+01
   4.7800000e+02   1.0098222e+01
   4.7900000e+02   1.0098138e+01
   4.8000000e+02   1.0098223e+01
   4.8100000e+02   1.0098338e+01
   4.8200000e+02   1.0098229e+01
   4.8300000e+02   1.0098578e+01
   4.8400000e+02   1.0098844e+01
   4.8500000e+02   1.0098665e+01
   4.8600000e+02   1.0098721e+01
   4.8700000e+02   1.0098618e+01
   4.8800000e+02   1.0098706e+01
   4.8900000e+02   1.0098586e+01
   4.9000000e+02   1.0098903e+01
   4.9100000e+02   1.0098894e+01
   4.9200000e+02   1.0099119e+01
   4.9300000e+02   1.0098681e+01
   4.9400000e+02   1.0098773e+01
   4.9500000e+02   1.0098778e+01
   4.9600000e+02   1.0098863e+01
   4.9700000e+02   1.0098787e+01
   4.9800000e+02   1.0098493e+01
   4.9900000e+02   1.0098665e+01
   5.0000000e+02   1.0098710e+01
   5.0100000e+02   1.0098675e+01
   5.0200000e+02   1.0098468e+01
   5.0300000e+02   1.0098626e+01
   5.0400000e+02   1.0098647e+01
   5.0500000e+02   1.0098695e+01
   5.0600000e+02   1.0098784e+01
   5.0700000e+02   1.0098736e+01
   5.0800000e+02   1.0098476e+01
   5.0900000e+02   1.0098762e+01
   5.1000000e+02   1.0098669e+01
   5.1100000e+02   1.0098690e+01
   5.1200000e+02   1.0098755e+01
   5.1300000e+02   1.0098838e+01
   5.1400000e+02   1.0098862e+01
   5.1500000e+02   1.0099004e+01
   5.1600000e+02   1.0098920e+01
   5.1700000e+02   1.0098857e+01
   5.1800000e+02   1.0098695e+01
   5.1900000e+02   1.0098963e+01
   5.2000000e+02   1.0098805e+01
   5.2100000e+02   1.0098600e+01
   5.2200000e+02   1.0098580e+01
   5.2300000e+02   1.0098313e+01
   5.2400000e+02   1.0098705e+01
   5.2500000e+02   1.0098633e+01
   5.2600000e+02   1.0098709e+01
   5.2700000e+02   1.0098436e+01
   5.2800000e+02   1.0098879e+01
   5.2900000e+02   1.0098471e+01
   5.3000000e+02   1.0098500e+01
   5.3100000e+02   1.0098827e+01
   5.3200000e+02   1.0098806e+01
   5.3300000e+02   1.0098750e+01
   5.3400000e+02   1.0098713e+01
   5.3500000e+02   1.0098801e+01
   5.3600000e+02   1.0098848e+01
   5.3700000e+02   1.0098566e+01
   5.3800000e+02   1.0098694e+01
   5.3900000e+02   1.0098824e+01
   5.4000000e+02   1.0098657e+01
   5.4100000e+02   1.0098743e+01
   5.4200000e+02   1.0098769e+01
   5.4300000e+02   1.0098395e+01
   5.4400000e+02   1.0098811e+01
   5.4500000e+02   1.0098510e+01
   5.4600000e+02   1.0098574e+01
   5.4700000e+02   1.0098731e+01
   5.4800000e+02   1.0098472e+01
   5.4900000e+02   1.0098651e+01
   5.5000000e+02   1.0098781e+01
   5.5100000e+02   1.0098397e+01
   5.5200000e+02   1.0098356e+01
   5.5300000e+02   1.0098507e+01
   5.5400000e+02   1.0098282e+01
   5.5500000e+02   1.0098438e+01
   5.5600000e+02   1.0098461e+01
   5.5700000e+02   1.0098489e+01
   5.5800000e+02   1.0098445e+01
   5.5900000e+02   1.0098230e+01
   5.6000000e+02   1.0098402e+01
   5.6100000e+02   1.0098662e+01
   5.6200000e+02   1.0098626e+01
   5.6300000e+02   1.0098445e+01
   5.6400000e+02   1.0098497e+01
   5.6500000e+02   1.0098260e+01
   5.6600000e+02   1.0098597e+01
   5.6700000e+02   1.0098066e+01
   5.6800000e+02   1.0098266e+01
   5.6900000e+02   1.0098408e+01
   5.7000000e+02   1.0098405e+01
   5.7100000e+02   1.0098398e+01
   5.7200000e+02   1.0098621e+01
   5.7300000e+02   1.0098186e+01
   5.7400000e+02   1.0098278e+01
   5.7500000e+02   1.0098178e+01
   5.7600000e+02   1.0098290e+01
   5.7700000e+02   1.0098178e+01
   5.7800000e+02   1.0098236e+01
   5.7900000e+02   1.0098127e+01
   5.8000000e+02   1.0098044e+01
   5.8100000e+02   1.0098127e+01
   5.8200000e+02   1.0098066e+01
   5.8300000e+02   1.0098259e+01
   5.8400000e+02   1.0098312e+01
   5.8500000e+02   1.0098126e+01
   5.8600000e+02   1.0098267e+01
   5.8700000e+02   1.0098137e+01
   5.8800000e+02   1.0098243e+01
   5.8900000e+02   1.0098182e+01
   5.9000000e+02   1.0098446e+01
   5.9100000e+02   1.0098123e+01
   5.9200000e+02   1.0098189e+01
   5.9300000e+02   1.0098187e+01
   5.9400000e+02   1.0098353e+01
   5.9500000e+02   1.0098348e+01
   5.9600000e+02   1.0098265e+01
   5.9700000e+02   1.0098094e+01
   5.9800000e+02   1.0098295e+01
   5.9900000e+02   1.0098212e+01
   6.0000000e+02   1.0098141e+01
   6.0100000e+02   1.0098060e+01
   6.0200000e+02   1.0098213e+01
   6.0300000e+02   1.0098323e+01
   6.0400000e+02   1.0098335e+01
   6.0500000e+02   1.0098053e+01
   6.0600000e+02   1.0098021e+01
   6.0700000e+02   1.0098050e+01
   6.0800000e+02   1.0098113e+01
   6.0900000e+02   1.0098205e+01
   6.1000000e+02   1.0098078e+01
   6.1100000e+02   1.0097780e+01
   6.1200000e+02   1.0098329e+01
   6.1300000e+02   1.0098216e+01
   6.1400000e+02   1.0098212e+01
   6.1500000e+02   1.0098059e+01
   6.1600000e+02   1.0098232e+01
   6.1700000e+02   1.0098080e+01
   6.1800000e+02   1.0098081e+01
   6.1900000e+02   1.0098123e+01
   6.2000000e+02   1.0097906e+01
   6.2100000e+02   1.0097977e+01
   6.2200000e+02   1.0097925e+01
   6.2300000e+02   1.0098042e+01
   6.2400000e+02   1.0098273e+01
   6.2500000e+02   1.0097731e+01
   6.2600000e+02   1.0097751e+01
   6.2700000e+02   1.0097849e+01
   6.2800000e+02   1.0098197e+01
   6.2900000e+02   1.0098034e+01
   6.3000000e+02   1.0097766e+01
   6.3100000e+02   1.0097999e+01
   6.3200000e+02   1.0097957e+01
   6.3300000e+02   1.0098137e+01
   6.3400000e+02   1.0097847e+01
   6.3500000e+02   1.0097915e+01
   6.3600000e+02   1.0097895e+01
   6.3700000e+02   1.0097853e+01
   6.3800000e+02   1.0097805e+01
   6.3900000e+02   1.0097685e+01
   6.4000000e+02   1.0097921e+01
   6.4100000e+02   1.0097936e+01
   6.4200000e+02   1.0097892e+01
   6.4300000e+02   1.0097663e+01
   6.4400000e+02   1.0097972e+01
   6.4500000e+02   1.0098159e+01
   6.4600000e+02   1.0097897e+01
   6.4700000e+02   1.0097709e+01
   6.4800000e+02   1.0097386e+01
   6.4900000e+02   1.0098124e+01
   6.5000000e+02   1.0097406e+01
   6.5100000e+02   1.0098057e+01
   6.5200000e+02   1.0098120e+01
   6.5300000e+02   1.0097608e+01
   6.5400000e+02   1.0097754e+01
   6.5500000e+02   1.0097894e+01
   6.5600000e+02   1.0097732e+01
   6.5700000e+02   1.0097565e+01
   6.5800000e+02   1.0097517e+01
   6.5900000e+02   1.0097468e+01
   6.6000000e+02   1.0097288e+01
   6.6100000e+02   1.0097519e+01
   6.6200000e+02   1.0097755e+01
   6.6300000e+02   1.0097656e+01
   6.6400000e+02   1.0097547e+01
   6.6500000e+02   1.0097414e+01
   6.6600000e+02   1.0097709e+01
   6.6700000e+02   1.0097317e+01
   6.6800000e+02   1.0097417e+01
   6.6900000e+02   1.0097453e+01
   6.7000000e+02   1.0097327e+01
   6.7100000e+02   1.0097725e+01
   6.7200000e+02   1.0097719e+01
   6.7300000e+02   1.0097783e+01
   6.7400000e+02   1.0097602e+01
   6.7500000e+02   1.0097387e+01
   6.7600000e+02   1.0097573e+01
   6.7700000e+02   1.0097475e+01
   6.7800000e+02   1.0097457e+01
   6.7900000e+02   1.0097085e+01
   6.8000000e+02   1.0097122e+01
   6.8100000e+02   1.0097282e+01
   6.8200000e+02   1.0096971e+01
   6.8300000e+02   1.0097103e+01
   6.8400000e+02   1.0096829e+01
   6.8500000e+02   1.0096593e+01
   6.8600000e+02   1.0096370e+01
   6.8700000e+02   1.0096367e+01
   6.8800000e+02   1.0096041e+01
   6.8900000e+02   1.0095682e+01
   6.9000000e+02   1.0095689e+01
   6.9100000e+02   1.0095700e+01
   6.9200000e+02   1.0095422e+01
   6.9300000e+02   1.0095195e+01
   6.9400000e+02   1.0094898e+01
   6.9500000e+02   1.0095081e+01
   6.9600000e+02   1.0095057e+01
   6.9700000e+02   1.0095105e+01
   6.9800000e+02   1.0095618e+01
   6.9900000e+02   1.0095433e+01
   7.0000000e+02   1.0095798e+01
   7.0100000e+02   1.0095800e+01
   7.0200000e+02   1.0096035e+01
   7.0300000e+02   1.0096311e+01
   7.0400000e+02   1.0096503e+01
   7.0500000e+02   1.0096568e+01
   7.0600000e+02   1.0096776e+01
   7.0700000e+02   1.0096892e+01
   7.0800000e+02   1.0096732e+01
   7.0900000e+02   1.0096966e+01
   7.1000000e+02   1.0096880e+01
   7.1100000e+02   1.0097145e+01
   7.1200000e+02   1.0097167e+01
   7.1300000e+02   1.0096968e+01
   7.1400000e+02   1.0097184e+01
   7.1500000e+02   1.0097148e+01
   7.1600000e+02   1.0096819e+01
   7.1700000e+02   1.0096954e+01
   7.1800000e+02   1.0097280e+01
   7.1900000e+02   1.0096906e+01
   7.2000000e+02   1.0097386e+01
   7.2100000e+02   1.0097280e+01
   7.2200000e+02   1.0097042e+01
   7.2300000e+02   1.0096880e+01
   7.2400000e+02   1.0097054e+01
   7.2500000e+02   1.0097144e+01
   7.2600000e+02   1.0096889e+01
   7.2700000e+02   1.0097041e+01
   7.2800000e+02   1.0097011e+01
   7.2900000e+02   1.0097045e+01
   7.3000000e+02   1.0096888e+01
   7.3100000e+02   1.0096995e+01
   7.3200000e+02   1.0097038e+01
   7.3300000e+02   1.0096988e+01
   7.3400000e+02   1.0096839e+01
   7.3500000e+02   1.0097059e+01
   7.3600000e+02   1.0096933e+01
   7.3700000e+02   1.0097215e+01
   7.3800000e+02   1.0096820e+01
   7.3900000e+02   1.0096742e+01
   7.4000000e+02   1.0097252e+01
   7.4100000e+02   1.0097262e+01
   7.4200000e+02   1.0096968e+01
   7.4300000e+02   1.0097031e+01
   7.4400000e+02   1.0097062e+01
   7.4500000e+02   1.0097303e+01
   7.4600000e+02   1.0097054e+01
   7.4700000e+02   1.0097165e+01
   7.4800000e+02   1.0097052e+01
   7.4900000e+02   1.0097011e+01
   7.5000000e+02   1.0097253e+01
   7.5100000e+02   1.0097172e+01
   7.5200000e+02   1.0096968e+01
   7.5300000e+02   1.0096881e+01
   7.5400000e+02   1.0097176e+01
   7.5500000e+02   1.0097004e+01
   7.5600000e+02   1.0097019e+01
   7.5700000e+02   1.0096899e+01
   7.5800000e+02   1.0097117e+01
   7.5900000e+02   1.0096951e+01
   7.6000000e+02   1.0097131e+01
   7.6100000e+02   1.0096925e+01
   7.6200000e+02   1.0096975e+01
   7.6300000e+02   1.0097138e+01
   7.6400000e+02   1.0097120e+01
   7.6500000e+02   1.0097029e+01
   7.6600000e+02   1.0096917e+01
   7.6700000e+02   1.0097231e+01
   7.6800000e+02   1.0097094e+01
   7.6900000e+02   1.0097132e+01
   7.7000000e+02   1.0096905e+01
   7.7100000e+02   1.0097125e+01
   7.7200000e+02   1.0096938e+01
   7.7300000e+02   1.0096971e+01
   7.7400000e+02   1.0096616e+01
   7.7500000e+02   1.0096813e+01
   7.7600000e+02   1.0096883e+01
   7.7700000e+02   1.0096741e+01
   7.7800000e+02   1.0096812e+01
   7.7900000e+02   1.0096910e+01
   7.8000000e+02   1.0097010e+01
