   0.0000000e+00   1.0137306e+01
   1.0000000e+00   1.0131896e+01
   2.0000000e+00   1.0130319e+01
   3.0000000e+00   1.0129575e+01
   4.0000000e+00   1.0128937e+01
   5.0000000e+00   1.0128439e+01
   6.0000000e+00   1.0128162e+01
   7.0000000e+00   1.0128094e+01
   8.0000000e+00   1.0127707e+01
   9.0000000e+00   1.0127256e+01
   1.0000000e+01   1.0127196e+01
   1.1000000e+01   1.0126998e+01
   1.2000000e+01   1.0126913e+01
   1.3000000e+01   1.0126323e+01
   1.4000000e+01   1.0126184e+01
   1.5000000e+01   1.0125984e+01
   1.6000000e+01   1.0125860e+01
   1.7000000e+01   1.0125570e+01
   1.8000000e+01   1.0125329e+01
   1.9000000e+01   1.0125187e+01
   2.0000000e+01   1.0125147e+01
   2.1000000e+01   1.0125132e+01
   2.2000000e+01   1.0124700e+01
   2.3000000e+01   1.0124782e+01
   2.4000000e+01   1.0124638e+01
   2.5000000e+01   1.0124375e+01
   2.6000000e+01   1.0124131e+01
   2.7000000e+01   1.0123936e+01
   2.8000000e+01   1.0123902e+01
   2.9000000e+01   1.0123606e+01
   3.0000000e+01   1.0123545e+01
   3.1000000e+01   1.0123265e+01
   3.2000000e+01   1.0123386e+01
   3.3000000e+01   1.0123046e+01
   3.4000000e+01   1.0123153e+01
   3.5000000e+01   1.0122978e+01
   3.6000000e+01   1.0122684e+01
   3.7000000e+01   1.0122983e+01
   3.8000000e+01   1.0122646e+01
   3.9000000e+01   1.0122529e+01
   4.0000000e+01   1.0122271e+01
   4.1000000e+01   1.0122335e+01
   4.2000000e+01   1.0122388e+01
   4.3000000e+01   1.0122478e+01
   4.4000000e+01   1.0122241e+01
   4.5000000e+01   1.0121908e+01
   4.6000000e+01   1.0122067e+01
   4.7000000e+01   1.0121898e+01
   4.8000000e+01   1.0121636e+01
   4.9000000e+01   1.0121785e+01
   5.0000000e+01   1.0121604e+01
   5.1000000e+01   1.0121576e+01
   5.2000000e+01   1.0121541e+01
   5.3000000e+01   1.0121296e+01
   5.4000000e+01   1.0121462e+01
   5.5000000e+01   1.0121246e+01
   5.6000000e+01   1.0120974e+01
   5.7000000e+01   1.0120877e+01
   5.8000000e+01   1.0120941e+01
   5.9000000e+01   1.0120917e+01
   6.0000000e+01   1.0120810e+01
   6.1000000e+01   1.0120715e+01
   6.2000000e+01   1.0120501e+01
   6.3000000e+01   1.0120576e+01
   6.4000000e+01   1.0120270e+01
   6.5000000e+01   1.0120321e+01
   6.6000000e+01   1.0120597e+01
   6.7000000e+01   1.0120208e+01
   6.8000000e+01   1.0119995e+01
   6.9000000e+01   1.0120082e+01
   7.0000000e+01   1.0120095e+01
   7.1000000e+01   1.0119717e+01
   7.2000000e+01   1.0119903e+01
   7.3000000e+01   1.0120098e+01
   7.4000000e+01   1.0119793e+01
   7.5000000e+01   1.0119590e+01
   7.6000000e+01   1.0119624e+01
   7.7000000e+01   1.0119442e+01
   7.8000000e+01   1.0119298e+01
   7.9000000e+01   1.0119184e+01
   8.0000000e+01   1.0119324e+01
   8.1000000e+01   1.0119080e+01
   8.2000000e+01   1.0119193e+01
   8.3000000e+01   1.0119179e+01
   8.4000000e+01   1.0118940e+01
   8.5000000e+01   1.0118832e+01
   8.6000000e+01   1.0119055e+01
   8.7000000e+01   1.0118951e+01
   8.8000000e+01   1.0118822e+01
   8.9000000e+01   1.0118533e+01
   9.0000000e+01   1.0118474e+01
   9.1000000e+01   1.0118694e+01
   9.2000000e+01   1.0118477e+01
   9.3000000e+01   1.0118486e+01
   9.4000000e+01   1.0118413e+01
   9.5000000e+01   1.0118477e+01
   9.6000000e+01   1.0118075e+01
   9.7000000e+01   1.0118267e+01
   9.8000000e+01   1.0117915e+01
   9.9000000e+01   1.0117875e+01
   1.0000000e+02   1.0118005e+01
   1.0100000e+02   1.0118045e+01
   1.0200000e+02   1.0117806e+01
   1.0300000e+02   1.0117868e+01
   1.0400000e+02   1.0117560e+01
   1.0500000e+02   1.0117565e+01
   1.0600000e+02   1.0117670e+01
   1.0700000e+02   1.0117764e+01
   1.0800000e+02   1.0117800e+01
   1.0900000e+02   1.0117604e+01
   1.1000000e+02   1.0117735e+01
   1.1100000e+02   1.0117471e+01
   1.1200000e+02   1.0117511e+01
   1.1300000e+02   1.0117315e+01
   1.1400000e+02   1.0117283e+01
   1.1500000e+02   1.0117357e+01
   1.1600000e+02   1.0117122e+01
   1.1700000e+02   1.0117286e+01
   1.1800000e+02   1.0116930e+01
   1.1900000e+02   1.0117112e+01
   1.2000000e+02   1.0117112e+01
   1.2100000e+02   1.0116847e+01
   1.2200000e+02   1.0116880e+01
   1.2300000e+02   1.0116923e+01
   1.2400000e+02   1.0116831e+01
   1.2500000e+02   1.0116652e+01
   1.2600000e+02   1.0117062e+01
   1.2700000e+02   1.0116695e+01
   1.2800000e+02   1.0116836e+01
   1.2900000e+02   1.0116689e+01
   1.3000000e+02   1.0116751e+01
   1.3100000e+02   1.0116688e+01
   1.3200000e+02   1.0116492e+01
   1.3300000e+02   1.0116427e+01
   1.3400000e+02   1.0116251e+01
   1.3500000e+02   1.0116387e+01
   1.3600000e+02   1.0116585e+01
   1.3700000e+02   1.0116521e+01
   1.3800000e+02   1.0116538e+01
   1.3900000e+02   1.0116359e+01
   1.4000000e+02   1.0116367e+01
   1.4100000e+02   1.0115849e+01
   1.4200000e+02   1.0116281e+01
   1.4300000e+02   1.0115960e+01
   1.4400000e+02   1.0116002e+01
   1.4500000e+02   1.0116228e+01
   1.4600000e+02   1.0115923e+01
   1.4700000e+02   1.0116014e+01
   1.4800000e+02   1.0115892e+01
   1.4900000e+02   1.0115998e+01
   1.5000000e+02   1.0115614e+01
   1.5100000e+02   1.0115800e+01
   1.5200000e+02   1.0115630e+01
   1.5300000e+02   1.0115489e+01
   1.5400000e+02   1.0115558e+01
   1.5500000e+02   1.0115697e+01
   1.5600000e+02   1.0115282e+01
   1.5700000e+02   1.0115485e+01
   1.5800000e+02   1.0115309e+01
   1.5900000e+02   1.0115106e+01
   1.6000000e+02   1.0115222e+01
   1.6100000e+02   1.0115388e+01
   1.6200000e+02   1.0115415e+01
   1.6300000e+02   1.0115295e+01
   1.6400000e+02   1.0115274e+01
   1.6500000e+02   1.0114966e+01
   1.6600000e+02   1.0114854e+01
   1.6700000e+02   1.0113156e+01
   1.6800000e+02   1.0105492e+01
   1.6900000e+02   1.0096456e+01
   1.7000000e+02   1.0100490e+01
   1.7100000e+02   1.0107771e+01
   1.7200000e+02   1.0111487e+01
   1.7300000e+02   1.0112956e+01
   1.7400000e+02   1.0113790e+01
   1.7500000e+02   1.0114321e+01
   1.7600000e+02   1.0114300e+01
   1.7700000e+02   1.0114474e+01
   1.7800000e+02   1.0114397e+01
   1.7900000e+02   1.0112943e+01
   1.8000000e+02   1.0095070e+01
   1.8100000e+02   1.0068522e+01
   1.8200000e+02   1.0068681e+01
   1.8300000e+02   1.0081043e+01
   1.8400000e+02   1.0091226e+01
   1.8500000e+02   1.0093613e+01
   1.8600000e+02   1.0092865e+01
   1.8700000e+02   1.0095719e+01
   1.8800000e+02   1.0100725e+01
   1.8900000e+02   1.0105555e+01
   1.9000000e+02   1.0109152e+01
   1.9100000e+02   1.0111172e+01
   1.9200000e+02   1.0111941e+01
   1.9300000e+02   1.0112560e+01
   1.9400000e+02   1.0112765e+01
   1.9500000e+02   1.0113127e+01
   1.9600000e+02   1.0113088e+01
   1.9700000e+02   1.0113111e+01
   1.9800000e+02   1.0113353e+01
   1.9900000e+02   1.0113366e+01
   2.0000000e+02   1.0113308e+01
   2.0100000e+02   1.0113369e+01
   2.0200000e+02   1.0113407e+01
   2.0300000e+02   1.0113181e+01
   2.0400000e+02   1.0113246e+01
   2.0500000e+02   1.0113356e+01
   2.0600000e+02   1.0113415e+01
   2.0700000e+02   1.0113258e+01
   2.0800000e+02   1.0113461e+01
   2.0900000e+02   1.0113299e+01
   2.1000000e+02   1.0113382e+01
   2.1100000e+02   1.0113262e+01
   2.1200000e+02   1.0113119e+01
   2.1300000e+02   1.0112840e+01
   2.1400000e+02   1.0113012e+01
   2.1500000e+02   1.0113171e+01
   2.1600000e+02   1.0112722e+01
   2.1700000e+02   1.0113044e+01
   2.1800000e+02   1.0113036e+01
   2.1900000e+02   1.0113043e+01
   2.2000000e+02   1.0112834e+01
   2.2100000e+02   1.0112893e+01
   2.2200000e+02   1.0112655e+01
   2.2300000e+02   1.0112502e+01
   2.2400000e+02   1.0112224e+01
   2.2500000e+02   1.0111871e+01
   2.2600000e+02   1.0111406e+01
   2.2700000e+02   1.0110994e+01
   2.2800000e+02   1.0110747e+01
   2.2900000e+02   1.0110711e+01
   2.3000000e+02   1.0110716e+01
   2.3100000e+02   1.0111146e+01
   2.3200000e+02   1.0110772e+01
   2.3300000e+02   1.0111387e+01
   2.3400000e+02   1.0111593e+01
   2.3500000e+02   1.0111572e+01
   2.3600000e+02   1.0111570e+01
   2.3700000e+02   1.0111752e+01
   2.3800000e+02   1.0111769e+01
   2.3900000e+02   1.0111876e+01
   2.4000000e+02   1.0111801e+01
   2.4100000e+02   1.0111757e+01
   2.4200000e+02   1.0111908e+01
   2.4300000e+02   1.0112002e+01
   2.4400000e+02   1.0111477e+01
   2.4500000e+02   1.0111399e+01
   2.4600000e+02   1.0111165e+01
   2.4700000e+02   1.0109621e+01
   2.4800000e+02   1.0107708e+01
   2.4900000e+02   1.0104921e+01
   2.5000000e+02   1.0101405e+01
   2.5100000e+02   1.0098524e+01
   2.5200000e+02   1.0096835e+01
   2.5300000e+02   1.0096873e+01
   2.5400000e+02   1.0098572e+01
   2.5500000e+02   1.0100847e+01
   2.5600000e+02   1.0102649e+01
   2.5700000e+02   1.0103945e+01
   2.5800000e+02   1.0104191e+01
   2.5900000e+02   1.0103460e+01
   2.6000000e+02   1.0102399e+01
   2.6100000e+02   1.0101355e+01
   2.6200000e+02   1.0100691e+01
   2.6300000e+02   1.0099526e+01
   2.6400000e+02   1.0098922e+01
   2.6500000e+02   1.0098153e+01
   2.6600000e+02   1.0097590e+01
   2.6700000e+02   1.0097659e+01
   2.6800000e+02   1.0098164e+01
   2.6900000e+02   1.0099695e+01
   2.7000000e+02   1.0101782e+01
   2.7100000e+02   1.0104007e+01
   2.7200000e+02   1.0105577e+01
   2.7300000e+02   1.0106955e+01
   2.7400000e+02   1.0107514e+01
   2.7500000e+02   1.0107550e+01
   2.7600000e+02   1.0107322e+01
   2.7700000e+02   1.0107005e+01
   2.7800000e+02   1.0106809e+01
   2.7900000e+02   1.0106525e+01
   2.8000000e+02   1.0107163e+01
   2.8100000e+02   1.0107391e+01
   2.8200000e+02   1.0107592e+01
   2.8300000e+02   1.0108039e+01
   2.8400000e+02   1.0107918e+01
   2.8500000e+02   1.0108159e+01
   2.8600000e+02   1.0108468e+01
   2.8700000e+02   1.0108370e+01
   2.8800000e+02   1.0108440e+01
   2.8900000e+02   1.0108766e+01
   2.9000000e+02   1.0108731e+01
   2.9100000e+02   1.0109140e+01
   2.9200000e+02   1.0109254e+01
   2.9300000e+02   1.0109659e+01
   2.9400000e+02   1.0109474e+01
   2.9500000e+02   1.0109441e+01
   2.9600000e+02   1.0109521e+01
   2.9700000e+02   1.0109478e+01
   2.9800000e+02   1.0109255e+01
   2.9900000e+02   1.0109685e+01
   3.0000000e+02   1.0109926e+01
   3.0100000e+02   1.0110003e+01
   3.0200000e+02   1.0110009e+01
   3.0300000e+02   1.0109532e+01
   3.0400000e+02   1.0109167e+01
   3.0500000e+02   1.0108733e+01
   3.0600000e+02   1.0108025e+01
   3.0700000e+02   1.0107232e+01
   3.0800000e+02   1.0105929e+01
   3.0900000e+02   1.0104467e+01
   3.1000000e+02   1.0103028e+01
   3.1100000e+02   1.0100274e+01
   3.1200000e+02   1.0097329e+01
   3.1300000e+02   1.0093815e+01
   3.1400000e+02   1.0090750e+01
   3.1500000e+02   1.0088436e+01
   3.1600000e+02   1.0088131e+01
   3.1700000e+02   1.0089115e+01
   3.1800000e+02   1.0090042e+01
   3.1900000e+02   1.0090941e+01
   3.2000000e+02   1.0089870e+01
   3.2100000e+02   1.0087163e+01
   3.2200000e+02   1.0082654e+01
   3.2300000e+02   1.0077680e+01
   3.2400000e+02   1.0073459e+01
   3.2500000e+02   1.0070909e+01
   3.2600000e+02   1.0070437e+01
   3.2700000e+02   1.0071727e+01
   3.2800000e+02   1.0074108e+01
   3.2900000e+02   1.0077176e+01
   3.3000000e+02   1.0081207e+01
   3.3100000e+02   1.0085416e+01
   3.3200000e+02   1.0090199e+01
   3.3300000e+02   1.0094293e+01
   3.3400000e+02   1.0098139e+01
   3.3500000e+02   1.0100753e+01
   3.3600000e+02   1.0102719e+01
   3.3700000e+02   1.0103835e+01
   3.3800000e+02   1.0103568e+01
   3.3900000e+02   1.0103003e+01
   3.4000000e+02   1.0101476e+01
   3.4100000e+02   1.0099760e+01
   3.4200000e+02   1.0098385e+01
   3.4300000e+02   1.0097551e+01
   3.4400000e+02   1.0097613e+01
   3.4500000e+02   1.0098279e+01
   3.4600000e+02   1.0099590e+01
   3.4700000e+02   1.0101457e+01
   3.4800000e+02   1.0103201e+01
   3.4900000e+02   1.0104797e+01
   3.5000000e+02   1.0105711e+01
   3.5100000e+02   1.0106686e+01
   3.5200000e+02   1.0107369e+01
   3.5300000e+02   1.0107645e+01
   3.5400000e+02   1.0107832e+01
   3.5500000e+02   1.0107875e+01
   3.5600000e+02   1.0108091e+01
   3.5700000e+02   1.0108339e+01
   3.5800000e+02   1.0108171e+01
   3.5900000e+02   1.0108179e+01
   3.6000000e+02   1.0108126e+01
   3.6100000e+02   1.0107897e+01
   3.6200000e+02   1.0107295e+01
   3.6300000e+02   1.0106930e+01
   3.6400000e+02   1.0106480e+01
   3.6500000e+02   1.0106190e+01
   3.6600000e+02   1.0105963e+01
   3.6700000e+02   1.0105696e+01
   3.6800000e+02   1.0105556e+01
   3.6900000e+02   1.0105842e+01
   3.7000000e+02   1.0106346e+01
   3.7100000e+02   1.0106756e+01
   3.7200000e+02   1.0107082e+01
   3.7300000e+02   1.0107644e+01
   3.7400000e+02   1.0107846e+01
   3.7500000e+02   1.0108013e+01
   3.7600000e+02   1.0108198e+01
   3.7700000e+02   1.0107961e+01
   3.7800000e+02   1.0108166e+01
   3.7900000e+02   1.0108527e+01
   3.8000000e+02   1.0108358e+01
   3.8100000e+02   1.0108336e+01
   3.8200000e+02   1.0108328e+01
   3.8300000e+02   1.0108186e+01
   3.8400000e+02   1.0108662e+01
   3.8500000e+02   1.0107994e+01
   3.8600000e+02   1.0108112e+01
   3.8700000e+02   1.0108175e+01
   3.8800000e+02   1.0107780e+01
   3.8900000e+02   1.0107520e+01
   3.9000000e+02   1.0107207e+01
   3.9100000e+02   1.0106883e+01
   3.9200000e+02   1.0106571e+01
   3.9300000e+02   1.0106377e+01
   3.9400000e+02   1.0105913e+01
   3.9500000e+02   1.0106329e+01
   3.9600000e+02   1.0105679e+01
   3.9700000e+02   1.0105874e+01
   3.9800000e+02   1.0105884e+01
   3.9900000e+02   1.0106290e+01
   4.0000000e+02   1.0106562e+01
   4.0100000e+02   1.0107114e+01
   4.0200000e+02   1.0107348e+01
   4.0300000e+02   1.0107535e+01
   4.0400000e+02   1.0107670e+01
   4.0500000e+02   1.0107683e+01
   4.0600000e+02   1.0108072e+01
   4.0700000e+02   1.0107886e+01
   4.0800000e+02   1.0108022e+01
   4.0900000e+02   1.0107946e+01
   4.1000000e+02   1.0107914e+01
   4.1100000e+02   1.0107828e+01
   4.1200000e+02   1.0107773e+01
   4.1300000e+02   1.0107595e+01
   4.1400000e+02   1.0107606e+01
   4.1500000e+02   1.0107660e+01
   4.1600000e+02   1.0107637e+01
   4.1700000e+02   1.0107680e+01
   4.1800000e+02   1.0107480e+01
   4.1900000e+02   1.0107540e+01
   4.2000000e+02   1.0107325e+01
   4.2100000e+02   1.0107435e+01
   4.2200000e+02   1.0107617e+01
   4.2300000e+02   1.0107454e+01
   4.2400000e+02   1.0107398e+01
   4.2500000e+02   1.0107474e+01
   4.2600000e+02   1.0107609e+01
   4.2700000e+02   1.0107626e+01
   4.2800000e+02   1.0107513e+01
   4.2900000e+02   1.0107362e+01
   4.3000000e+02   1.0107517e+01
   4.3100000e+02   1.0107547e+01
   4.3200000e+02   1.0107743e+01
   4.3300000e+02   1.0107395e+01
   4.3400000e+02   1.0107718e+01
   4.3500000e+02   1.0107544e+01
   4.3600000e+02   1.0107410e+01
   4.3700000e+02   1.0107827e+01
   4.3800000e+02   1.0107555e+01
   4.3900000e+02   1.0107314e+01
   4.4000000e+02   1.0107551e+01
   4.4100000e+02   1.0107502e+01
   4.4200000e+02   1.0107124e+01
   4.4300000e+02   1.0106704e+01
   4.4400000e+02   1.0106103e+01
   4.4500000e+02   1.0105280e+01
   4.4600000e+02   1.0103815e+01
   4.4700000e+02   1.0102320e+01
   4.4800000e+02   1.0099712e+01
   4.4900000e+02   1.0096517e+01
   4.5000000e+02   1.0093752e+01
   4.5100000e+02   1.0090168e+01
   4.5200000e+02   1.0087182e+01
   4.5300000e+02   1.0084919e+01
   4.5400000e+02   1.0083551e+01
   4.5500000e+02   1.0083766e+01
   4.5600000e+02   1.0084515e+01
   4.5700000e+02   1.0086659e+01
   4.5800000e+02   1.0089293e+01
   4.5900000e+02   1.0092118e+01
   4.6000000e+02   1.0095204e+01
   4.6100000e+02   1.0097835e+01
   4.6200000e+02   1.0099971e+01
   4.6300000e+02   1.0101646e+01
   4.6400000e+02   1.0103211e+01
   4.6500000e+02   1.0104002e+01
   4.6600000e+02   1.0104674e+01
   4.6700000e+02   1.0105476e+01
   4.6800000e+02   1.0105768e+01
   4.6900000e+02   1.0105681e+01
   4.7000000e+02   1.0105985e+01
   4.7100000e+02   1.0106319e+01
   4.7200000e+02   1.0106185e+01
   4.7300000e+02   1.0106176e+01
   4.7400000e+02   1.0106566e+01
   4.7500000e+02   1.0106004e+01
   4.7600000e+02   1.0106385e+01
   4.7700000e+02   1.0106264e+01
   4.7800000e+02   1.0105973e+01
   4.7900000e+02   1.0106180e+01
   4.8000000e+02   1.0106336e+01
   4.8100000e+02   1.0106101e+01
   4.8200000e+02   1.0106077e+01
   4.8300000e+02   1.0106376e+01
   4.8400000e+02   1.0106305e+01
   4.8500000e+02   1.0106397e+01
   4.8600000e+02   1.0105983e+01
   4.8700000e+02   1.0106067e+01
   4.8800000e+02   1.0106552e+01
   4.8900000e+02   1.0106247e+01
   4.9000000e+02   1.0106345e+01
   4.9100000e+02   1.0106441e+01
   4.9200000e+02   1.0106478e+01
   4.9300000e+02   1.0106143e+01
   4.9400000e+02   1.0106598e+01
   4.9500000e+02   1.0106412e+01
   4.9600000e+02   1.0106151e+01
   4.9700000e+02   1.0106137e+01
   4.9800000e+02   1.0106347e+01
   4.9900000e+02   1.0106273e+01
   5.0000000e+02   1.0106110e+01
   5.0100000e+02   1.0106209e+01
   5.0200000e+02   1.0106456e+01
   5.0300000e+02   1.0106440e+01
   5.0400000e+02   1.0106178e+01
   5.0500000e+02   1.0106426e+01
   5.0600000e+02   1.0106142e+01
   5.0700000e+02   1.0106125e+01
   5.0800000e+02   1.0106193e+01
   5.0900000e+02   1.0106275e+01
   5.1000000e+02   1.0106001e+01
   5.1100000e+02   1.0106084e+01
   5.1200000e+02   1.0105997e+01
   5.1300000e+02   1.0105994e+01
   5.1400000e+02   1.0106046e+01
   5.1500000e+02   1.0106037e+01
   5.1600000e+02   1.0106041e+01
   5.1700000e+02   1.0105967e+01
   5.1800000e+02   1.0105878e+01
   5.1900000e+02   1.0106062e+01
   5.2000000e+02   1.0106031e+01
   5.2100000e+02   1.0106075e+01
   5.2200000e+02   1.0106259e+01
   5.2300000e+02   1.0105985e+01
   5.2400000e+02   1.0105784e+01
   5.2500000e+02   1.0105885e+01
   5.2600000e+02   1.0105882e+01
   5.2700000e+02   1.0105897e+01
   5.2800000e+02   1.0105941e+01
   5.2900000e+02   1.0105901e+01
   5.3000000e+02   1.0105762e+01
   5.3100000e+02   1.0105669e+01
   5.3200000e+02   1.0105721e+01
   5.3300000e+02   1.0106057e+01
   5.3400000e+02   1.0105826e+01
   5.3500000e+02   1.0105637e+01
   5.3600000e+02   1.0105854e+01
   5.3700000e+02   1.0105910e+01
   5.3800000e+02   1.0105827e+01
   5.3900000e+02   1.0105496e+01
   5.4000000e+02   1.0105780e+01
   5.4100000e+02   1.0105667e+01
   5.4200000e+02   1.0105927e+01
   5.4300000e+02   1.0105742e+01
   5.4400000e+02   1.0105750e+01
   5.4500000e+02   1.0105724e+01
   5.4600000e+02   1.0105394e+01
   5.4700000e+02   1.0105581e+01
   5.4800000e+02   1.0105745e+01
   5.4900000e+02   1.0105716e+01
   5.5000000e+02   1.0105564e+01
   5.5100000e+02   1.0105733e+01
   5.5200000e+02   1.0105654e+01
   5.5300000e+02   1.0105852e+01
   5.5400000e+02   1.0105452e+01
   5.5500000e+02   1.0105564e+01
   5.5600000e+02   1.0105366e+01
   5.5700000e+02   1.0105599e+01
   5.5800000e+02   1.0105234e+01
   5.5900000e+02   1.0105476e+01
   5.6000000e+02   1.0105590e+01
   5.6100000e+02   1.0105508e+01
   5.6200000e+02   1.0105423e+01
   5.6300000e+02   1.0105517e+01
   5.6400000e+02   1.0105251e+01
   5.6500000e+02   1.0105520e+01
   5.6600000e+02   1.0105219e+01
   5.6700000e+02   1.0105249e+01
   5.6800000e+02   1.0105269e+01
   5.6900000e+02   1.0105029e+01
   5.7000000e+02   1.0105179e+01
   5.7100000e+02   1.0105023e+01
   5.7200000e+02   1.0104936e+01
   5.7300000e+02   1.0105136e+01
   5.7400000e+02   1.0105080e+01
   5.7500000e+02   1.0104922e+01
   5.7600000e+02   1.0105084e+01
   5.7700000e+02   1.0104989e+01
   5.7800000e+02   1.0105148e+01
   5.7900000e+02   1.0105097e+01
   5.8000000e+02   1.0104851e+01
   5.8100000e+02   1.0104945e+01
   5.8200000e+02   1.0105136e+01
   5.8300000e+02   1.0105171e+01
   5.8400000e+02   1.0104996e+01
   5.8500000e+02   1.0105333e+01
   5.8600000e+02   1.0104900e+01
   5.8700000e+02   1.0105011e+01
   5.8800000e+02   1.0105188e+01
   5.8900000e+02   1.0105117e+01
   5.9000000e+02   1.0105089e+01
   5.9100000e+02   1.0105010e+01
   5.9200000e+02   1.0104934e+01
   5.9300000e+02   1.0105110e+01
   5.9400000e+02   1.0105130e+01
   5.9500000e+02   1.0105211e+01
   5.9600000e+02   1.0104748e+01
   5.9700000e+02   1.0104813e+01
   5.9800000e+02   1.0104935e+01
   5.9900000e+02   1.0104988e+01
   6.0000000e+02   1.0105016e+01
   6.0100000e+02   1.0105087e+01
   6.0200000e+02   1.0104988e+01
   6.0300000e+02   1.0105128e+01
   6.0400000e+02   1.0104905e+01
   6.0500000e+02   1.0105031e+01
   6.0600000e+02   1.0104819e+01
   6.0700000e+02   1.0105088e+01
   6.0800000e+02   1.0104747e+01
   6.0900000e+02   1.0104764e+01
   6.1000000e+02   1.0104784e+01
   6.1100000e+02   1.0104545e+01
   6.1200000e+02   1.0104759e+01
   6.1300000e+02   1.0104527e+01
   6.1400000e+02   1.0104328e+01
   6.1500000e+02   1.0104421e+01
   6.1600000e+02   1.0104381e+01
   6.1700000e+02   1.0104635e+01
   6.1800000e+02   1.0104672e+01
   6.1900000e+02   1.0104441e+01
   6.2000000e+02   1.0104597e+01
   6.2100000e+02   1.0104636e+01
   6.2200000e+02   1.0104430e+01
   6.2300000e+02   1.0104715e+01
   6.2400000e+02   1.0104734e+01
   6.2500000e+02   1.0104817e+01
   6.2600000e+02   1.0104604e+01
   6.2700000e+02   1.0104552e+01
   6.2800000e+02   1.0104650e+01
   6.2900000e+02   1.0104656e+01
   6.3000000e+02   1.0104693e+01
   6.3100000e+02   1.0104521e+01
   6.3200000e+02   1.0104484e+01
   6.3300000e+02   1.0104431e+01
   6.3400000e+02   1.0104521e+01
   6.3500000e+02   1.0104430e+01
   6.3600000e+02   1.0104422e+01
   6.3700000e+02   1.0104222e+01
   6.3800000e+02   1.0104400e+01
   6.3900000e+02   1.0104309e+01
   6.4000000e+02   1.0104248e+01
   6.4100000e+02   1.0104235e+01
   6.4200000e+02   1.0104174e+01
   6.4300000e+02   1.0104373e+01
   6.4400000e+02   1.0104201e+01
   6.4500000e+02   1.0104142e+01
   6.4600000e+02   1.0104249e+01
   6.4700000e+02   1.0104111e+01
   6.4800000e+02   1.0103978e+01
   6.4900000e+02   1.0104188e+01
   6.5000000e+02   1.0103853e+01
   6.5100000e+02   1.0104377e+01
   6.5200000e+02   1.0104305e+01
   6.5300000e+02   1.0104240e+01
   6.5400000e+02   1.0104428e+01
   6.5500000e+02   1.0104195e+01
   6.5600000e+02   1.0103896e+01
   6.5700000e+02   1.0103815e+01
   6.5800000e+02   1.0104086e+01
   6.5900000e+02   1.0103767e+01
   6.6000000e+02   1.0103857e+01
   6.6100000e+02   1.0104061e+01
   6.6200000e+02   1.0103978e+01
   6.6300000e+02   1.0103921e+01
   6.6400000e+02   1.0104231e+01
   6.6500000e+02   1.0103742e+01
   6.6600000e+02   1.0104240e+01
   6.6700000e+02   1.0104010e+01
   6.6800000e+02   1.0103879e+01
   6.6900000e+02   1.0104210e+01
   6.7000000e+02   1.0103834e+01
   6.7100000e+02   1.0103891e+01
   6.7200000e+02   1.0103757e+01
   6.7300000e+02   1.0104024e+01
   6.7400000e+02   1.0103895e+01
   6.7500000e+02   1.0104044e+01
   6.7600000e+02   1.0104134e+01
   6.7700000e+02   1.0103980e+01
   6.7800000e+02   1.0103882e+01
   6.7900000e+02   1.0103715e+01
   6.8000000e+02   1.0103830e+01
   6.8100000e+02   1.0103427e+01
   6.8200000e+02   1.0103743e+01
   6.8300000e+02   1.0103541e+01
   6.8400000e+02   1.0103825e+01
   6.8500000e+02   1.0103810e+01
   6.8600000e+02   1.0103728e+01
   6.8700000e+02   1.0103515e+01
   6.8800000e+02   1.0103565e+01
   6.8900000e+02   1.0103464e+01
   6.9000000e+02   1.0103209e+01
   6.9100000e+02   1.0103286e+01
   6.9200000e+02   1.0103231e+01
   6.9300000e+02   1.0103284e+01
   6.9400000e+02   1.0103140e+01
   6.9500000e+02   1.0103166e+01
   6.9600000e+02   1.0103324e+01
   6.9700000e+02   1.0103402e+01
   6.9800000e+02   1.0103151e+01
   6.9900000e+02   1.0103317e+01
   7.0000000e+02   1.0103396e+01
   7.0100000e+02   1.0103360e+01
   7.0200000e+02   1.0103415e+01
   7.0300000e+02   1.0103350e+01
   7.0400000e+02   1.0103363e+01
   7.0500000e+02   1.0103327e+01
   7.0600000e+02   1.0103363e+01
   7.0700000e+02   1.0103465e+01
   7.0800000e+02   1.0103417e+01
   7.0900000e+02   1.0103212e+01
   7.1000000e+02   1.0103412e+01
   7.1100000e+02   1.0103119e+01
   7.1200000e+02   1.0103292e+01
   7.1300000e+02   1.0103199e+01
   7.1400000e+02   1.0103201e+01
   7.1500000e+02   1.0103277e+01
   7.1600000e+02   1.0103273e+01
   7.1700000e+02   1.0103237e+01
   7.1800000e+02   1.0103231e+01
   7.1900000e+02   1.0103266e+01
   7.2000000e+02   1.0103476e+01
   7.2100000e+02   1.0103276e+01
   7.2200000e+02   1.0103504e+01
   7.2300000e+02   1.0103230e+01
   7.2400000e+02   1.0103461e+01
   7.2500000e+02   1.0103155e+01
   7.2600000e+02   1.0103362e+01
   7.2700000e+02   1.0103112e+01
   7.2800000e+02   1.0103215e+01
   7.2900000e+02   1.0102966e+01
   7.3000000e+02   1.0103324e+01
   7.3100000e+02   1.0103417e+01
   7.3200000e+02   1.0103228e+01
   7.3300000e+02   1.0103202e+01
   7.3400000e+02   1.0103370e+01
   7.3500000e+02   1.0103232e+01
   7.3600000e+02   1.0103204e+01
   7.3700000e+02   1.0103059e+01
   7.3800000e+02   1.0103217e+01
   7.3900000e+02   1.0103055e+01
   7.4000000e+02   1.0103216e+01
   7.4100000e+02   1.0103149e+01
   7.4200000e+02   1.0103075e+01
   7.4300000e+02   1.0103147e+01
   7.4400000e+02   1.0102943e+01
   7.4500000e+02   1.0103278e+01
   7.4600000e+02   1.0103090e+01
   7.4700000e+02   1.0103088e+01
   7.4800000e+02   1.0102891e+01
   7.4900000e+02   1.0103099e+01
   7.5000000e+02   1.0102978e+01
   7.5100000e+02   1.0103051e+01
   7.5200000e+02   1.0103088e+01
   7.5300000e+02   1.0103104e+01
   7.5400000e+02   1.0102773e+01
   7.5500000e+02   1.0103043e+01
   7.5600000e+02   1.0102969e+01
   7.5700000e+02   1.0102982e+01
   7.5800000e+02   1.0103135e+01
   7.5900000e+02   1.0102743e+01
   7.6000000e+02   1.0103015e+01
   7.6100000e+02   1.0102885e+01
   7.6200000e+02   1.0103091e+01
   7.6300000e+02   1.0102832e+01
   7.6400000e+02   1.0103132e+01
   7.6500000e+02   1.0103093e+01
   7.6600000e+02   1.0102763e+01
   7.6700000e+02   1.0102700e+01
   7.6800000e+02   1.0102859e+01
   7.6900000e+02   1.0102904e+01
   7.7000000e+02   1.0102932e+01
   7.7100000e+02   1.0102844e+01
   7.7200000e+02   1.0102930e+01
   7.7300000e+02   1.0102710e+01
   7.7400000e+02   1.0102850e+01
   7.7500000e+02   1.0102623e+01
   7.7600000e+02   1.0102793e+01
   7.7700000e+02   1.0102637e+01
   7.7800000e+02   1.0102421e+01
   7.7900000e+02   1.0102721e+01
   7.8000000e+02   1.0102282e+01
