   0.0000000e+00   1.0136385e+01
   1.0000000e+00   1.0131191e+01
   2.0000000e+00   1.0129550e+01
   3.0000000e+00   1.0128871e+01
   4.0000000e+00   1.0128278e+01
   5.0000000e+00   1.0127875e+01
   6.0000000e+00   1.0127439e+01
   7.0000000e+00   1.0126940e+01
   8.0000000e+00   1.0126665e+01
   9.0000000e+00   1.0126021e+01
   1.0000000e+01   1.0126004e+01
   1.1000000e+01   1.0125864e+01
   1.2000000e+01   1.0125431e+01
   1.3000000e+01   1.0125336e+01
   1.4000000e+01   1.0124970e+01
   1.5000000e+01   1.0124446e+01
   1.6000000e+01   1.0124475e+01
   1.7000000e+01   1.0124315e+01
   1.8000000e+01   1.0124130e+01
   1.9000000e+01   1.0123717e+01
   2.0000000e+01   1.0123686e+01
   2.1000000e+01   1.0123523e+01
   2.2000000e+01   1.0123384e+01
   2.3000000e+01   1.0123243e+01
   2.4000000e+01   1.0123047e+01
   2.5000000e+01   1.0123170e+01
   2.6000000e+01   1.0122742e+01
   2.7000000e+01   1.0122712e+01
   2.8000000e+01   1.0122590e+01
   2.9000000e+01   1.0122832e+01
   3.0000000e+01   1.0122593e+01
   3.1000000e+01   1.0122306e+01
   3.2000000e+01   1.0122369e+01
   3.3000000e+01   1.0122239e+01
   3.4000000e+01   1.0121876e+01
   3.5000000e+01   1.0121614e+01
   3.6000000e+01   1.0121463e+01
   3.7000000e+01   1.0121812e+01
   3.8000000e+01   1.0121412e+01
   3.9000000e+01   1.0121182e+01
   4.0000000e+01   1.0121188e+01
   4.1000000e+01   1.0120987e+01
   4.2000000e+01   1.0121092e+01
   4.3000000e+01   1.0120818e+01
   4.4000000e+01   1.0120878e+01
   4.5000000e+01   1.0120733e+01
   4.6000000e+01   1.0120563e+01
   4.7000000e+01   1.0120365e+01
   4.8000000e+01   1.0120626e+01
   4.9000000e+01   1.0120614e+01
   5.0000000e+01   1.0120601e+01
   5.1000000e+01   1.0120300e+01
   5.2000000e+01   1.0120292e+01
   5.3000000e+01   1.0120129e+01
   5.4000000e+01   1.0120072e+01
   5.5000000e+01   1.0120071e+01
   5.6000000e+01   1.0119889e+01
   5.7000000e+01   1.0119836e+01
   5.8000000e+01   1.0120046e+01
   5.9000000e+01   1.0119882e+01
   6.0000000e+01   1.0119971e+01
   6.1000000e+01   1.0119914e+01
   6.2000000e+01   1.0119809e+01
   6.3000000e+01   1.0119480e+01
   6.4000000e+01   1.0119538e+01
   6.5000000e+01   1.0119366e+01
   6.6000000e+01   1.0119500e+01
   6.7000000e+01   1.0119444e+01
   6.8000000e+01   1.0119400e+01
   6.9000000e+01   1.0119387e+01
   7.0000000e+01   1.0118987e+01
   7.1000000e+01   1.0119201e+01
   7.2000000e+01   1.0118942e+01
   7.3000000e+01   1.0118918e+01
   7.4000000e+01   1.0118935e+01
   7.5000000e+01   1.0118743e+01
   7.6000000e+01   1.0118656e+01
   7.7000000e+01   1.0118808e+01
   7.8000000e+01   1.0118666e+01
   7.9000000e+01   1.0118769e+01
   8.0000000e+01   1.0118585e+01
   8.1000000e+01   1.0118336e+01
   8.2000000e+01   1.0118268e+01
   8.3000000e+01   1.0118199e+01
   8.4000000e+01   1.0118139e+01
   8.5000000e+01   1.0118149e+01
   8.6000000e+01   1.0118044e+01
   8.7000000e+01   1.0118228e+01
   8.8000000e+01   1.0118015e+01
   8.9000000e+01   1.0117988e+01
   9.0000000e+01   1.0118084e+01
   9.1000000e+01   1.0117932e+01
   9.2000000e+01   1.0117956e+01
   9.3000000e+01   1.0117999e+01
   9.4000000e+01   1.0117840e+01
   9.5000000e+01   1.0117664e+01
   9.6000000e+01   1.0117559e+01
   9.7000000e+01   1.0117706e+01
   9.8000000e+01   1.0117625e+01
   9.9000000e+01   1.0117495e+01
   1.0000000e+02   1.0117397e+01
   1.0100000e+02   1.0117595e+01
   1.0200000e+02   1.0117531e+01
   1.0300000e+02   1.0117735e+01
   1.0400000e+02   1.0117583e+01
   1.0500000e+02   1.0117356e+01
   1.0600000e+02   1.0117350e+01
   1.0700000e+02   1.0117460e+01
   1.0800000e+02   1.0117207e+01
   1.0900000e+02   1.0116990e+01
   1.1000000e+02   1.0116906e+01
   1.1100000e+02   1.0117100e+01
   1.1200000e+02   1.0117007e+01
   1.1300000e+02   1.0116959e+01
   1.1400000e+02   1.0116734e+01
   1.1500000e+02   1.0116761e+01
   1.1600000e+02   1.0116648e+01
   1.1700000e+02   1.0116568e+01
   1.1800000e+02   1.0116636e+01
   1.1900000e+02   1.0116523e+01
   1.2000000e+02   1.0116411e+01
   1.2100000e+02   1.0116312e+01
   1.2200000e+02   1.0116229e+01
   1.2300000e+02   1.0116270e+01
   1.2400000e+02   1.0116303e+01
   1.2500000e+02   1.0116131e+01
   1.2600000e+02   1.0116107e+01
   1.2700000e+02   1.0115917e+01
   1.2800000e+02   1.0115897e+01
   1.2900000e+02   1.0116020e+01
   1.3000000e+02   1.0115904e+01
   1.3100000e+02   1.0115980e+01
   1.3200000e+02   1.0115934e+01
   1.3300000e+02   1.0115825e+01
   1.3400000e+02   1.0115567e+01
   1.3500000e+02   1.0115841e+01
   1.3600000e+02   1.0115477e+01
   1.3700000e+02   1.0115534e+01
   1.3800000e+02   1.0115537e+01
   1.3900000e+02   1.0115702e+01
   1.4000000e+02   1.0115566e+01
   1.4100000e+02   1.0115339e+01
   1.4200000e+02   1.0115489e+01
   1.4300000e+02   1.0115460e+01
   1.4400000e+02   1.0115309e+01
   1.4500000e+02   1.0115367e+01
   1.4600000e+02   1.0115416e+01
   1.4700000e+02   1.0115203e+01
   1.4800000e+02   1.0115024e+01
   1.4900000e+02   1.0115208e+01
   1.5000000e+02   1.0114926e+01
   1.5100000e+02   1.0115013e+01
   1.5200000e+02   1.0115081e+01
   1.5300000e+02   1.0114956e+01
   1.5400000e+02   1.0114781e+01
   1.5500000e+02   1.0114873e+01
   1.5600000e+02   1.0114880e+01
   1.5700000e+02   1.0114621e+01
   1.5800000e+02   1.0114918e+01
   1.5900000e+02   1.0114739e+01
   1.6000000e+02   1.0114990e+01
   1.6100000e+02   1.0114763e+01
   1.6200000e+02   1.0114712e+01
   1.6300000e+02   1.0114797e+01
   1.6400000e+02   1.0114760e+01
   1.6500000e+02   1.0114593e+01
   1.6600000e+02   1.0114322e+01
   1.6700000e+02   1.0112578e+01
   1.6800000e+02   1.0104508e+01
   1.6900000e+02   1.0096163e+01
   1.7000000e+02   1.0100479e+01
   1.7100000e+02   1.0107561e+01
   1.7200000e+02   1.0111383e+01
   1.7300000e+02   1.0112943e+01
   1.7400000e+02   1.0113579e+01
   1.7500000e+02   1.0114139e+01
   1.7600000e+02   1.0114088e+01
   1.7700000e+02   1.0114336e+01
   1.7800000e+02   1.0114030e+01
   1.7900000e+02   1.0111963e+01
   1.8000000e+02   1.0092550e+01
   1.8100000e+02   1.0066588e+01
   1.8200000e+02   1.0068671e+01
   1.8300000e+02   1.0081989e+01
   1.8400000e+02   1.0091220e+01
   1.8500000e+02   1.0093099e+01
   1.8600000e+02   1.0092853e+01
   1.8700000e+02   1.0095243e+01
   1.8800000e+02   1.0100082e+01
   1.8900000e+02   1.0105255e+01
   1.9000000e+02   1.0108607e+01
   1.9100000e+02   1.0110404e+01
   1.9200000e+02   1.0111468e+01
   1.9300000e+02   1.0112138e+01
   1.9400000e+02   1.0112254e+01
   1.9500000e+02   1.0112688e+01
   1.9600000e+02   1.0112522e+01
   1.9700000e+02   1.0113131e+01
   1.9800000e+02   1.0112536e+01
   1.9900000e+02   1.0112770e+01
   2.0000000e+02   1.0112625e+01
   2.0100000e+02   1.0112573e+01
   2.0200000e+02   1.0112731e+01
   2.0300000e+02   1.0112764e+01
   2.0400000e+02   1.0112920e+01
   2.0500000e+02   1.0112696e+01
   2.0600000e+02   1.0112825e+01
   2.0700000e+02   1.0112599e+01
   2.0800000e+02   1.0112668e+01
   2.0900000e+02   1.0112633e+01
   2.1000000e+02   1.0112864e+01
   2.1100000e+02   1.0112805e+01
   2.1200000e+02   1.0112639e+01
   2.1300000e+02   1.0112801e+01
   2.1400000e+02   1.0112703e+01
   2.1500000e+02   1.0112642e+01
   2.1600000e+02   1.0113033e+01
   2.1700000e+02   1.0112508e+01
   2.1800000e+02   1.0112255e+01
   2.1900000e+02   1.0112521e+01
   2.2000000e+02   1.0112276e+01
   2.2100000e+02   1.0112295e+01
   2.2200000e+02   1.0112079e+01
   2.2300000e+02   1.0112105e+01
   2.2400000e+02   1.0111914e+01
   2.2500000e+02   1.0111988e+01
   2.2600000e+02   1.0111860e+01
   2.2700000e+02   1.0111966e+01
   2.2800000e+02   1.0111963e+01
   2.2900000e+02   1.0111900e+01
   2.3000000e+02   1.0111966e+01
   2.3100000e+02   1.0112145e+01
   2.3200000e+02   1.0111914e+01
   2.3300000e+02   1.0111922e+01
   2.3400000e+02   1.0112091e+01
   2.3500000e+02   1.0112041e+01
   2.3600000e+02   1.0112017e+01
   2.3700000e+02   1.0111517e+01
   2.3800000e+02   1.0111631e+01
   2.3900000e+02   1.0111526e+01
   2.4000000e+02   1.0111608e+01
   2.4100000e+02   1.0111489e+01
   2.4200000e+02   1.0111604e+01
   2.4300000e+02   1.0111284e+01
   2.4400000e+02   1.0111568e+01
   2.4500000e+02   1.0111514e+01
   2.4600000e+02   1.0111003e+01
   2.4700000e+02   1.0110762e+01
   2.4800000e+02   1.0109951e+01
   2.4900000e+02   1.0109093e+01
   2.5000000e+02   1.0107601e+01
   2.5100000e+02   1.0106670e+01
   2.5200000e+02   1.0105921e+01
   2.5300000e+02   1.0106016e+01
   2.5400000e+02   1.0106858e+01
   2.5500000e+02   1.0107685e+01
   2.5600000e+02   1.0108126e+01
   2.5700000e+02   1.0108702e+01
   2.5800000e+02   1.0108093e+01
   2.5900000e+02   1.0108234e+01
   2.6000000e+02   1.0107937e+01
   2.6100000e+02   1.0107587e+01
   2.6200000e+02   1.0107388e+01
   2.6300000e+02   1.0106819e+01
   2.6400000e+02   1.0106462e+01
   2.6500000e+02   1.0106275e+01
   2.6600000e+02   1.0106124e+01
   2.6700000e+02   1.0106208e+01
   2.6800000e+02   1.0106016e+01
   2.6900000e+02   1.0106658e+01
   2.7000000e+02   1.0107461e+01
   2.7100000e+02   1.0108062e+01
   2.7200000e+02   1.0108718e+01
   2.7300000e+02   1.0109276e+01
   2.7400000e+02   1.0109493e+01
   2.7500000e+02   1.0109566e+01
   2.7600000e+02   1.0109398e+01
   2.7700000e+02   1.0109312e+01
   2.7800000e+02   1.0109170e+01
   2.7900000e+02   1.0109393e+01
   2.8000000e+02   1.0109153e+01
   2.8100000e+02   1.0109289e+01
   2.8200000e+02   1.0109592e+01
   2.8300000e+02   1.0109680e+01
   2.8400000e+02   1.0109370e+01
   2.8500000e+02   1.0109656e+01
   2.8600000e+02   1.0109807e+01
   2.8700000e+02   1.0109764e+01
   2.8800000e+02   1.0109577e+01
   2.8900000e+02   1.0109475e+01
   2.9000000e+02   1.0109495e+01
   2.9100000e+02   1.0109707e+01
   2.9200000e+02   1.0109663e+01
   2.9300000e+02   1.0109896e+01
   2.9400000e+02   1.0109686e+01
   2.9500000e+02   1.0109518e+01
   2.9600000e+02   1.0109832e+01
   2.9700000e+02   1.0109794e+01
   2.9800000e+02   1.0109878e+01
   2.9900000e+02   1.0109599e+01
   3.0000000e+02   1.0109727e+01
   3.0100000e+02   1.0109866e+01
   3.0200000e+02   1.0109605e+01
   3.0300000e+02   1.0109564e+01
   3.0400000e+02   1.0109100e+01
   3.0500000e+02   1.0108851e+01
   3.0600000e+02   1.0108243e+01
   3.0700000e+02   1.0107394e+01
   3.0800000e+02   1.0105993e+01
   3.0900000e+02   1.0104603e+01
   3.1000000e+02   1.0103115e+01
   3.1100000e+02   1.0100391e+01
   3.1200000e+02   1.0097632e+01
   3.1300000e+02   1.0094118e+01
   3.1400000e+02   1.0090962e+01
   3.1500000e+02   1.0089110e+01
   3.1600000e+02   1.0088834e+01
   3.1700000e+02   1.0089492e+01
   3.1800000e+02   1.0090850e+01
   3.1900000e+02   1.0091207e+01
   3.2000000e+02   1.0090015e+01
   3.2100000e+02   1.0086749e+01
   3.2200000e+02   1.0082143e+01
   3.2300000e+02   1.0077225e+01
   3.2400000e+02   1.0072994e+01
   3.2500000e+02   1.0070449e+01
   3.2600000e+02   1.0070205e+01
   3.2700000e+02   1.0071545e+01
   3.2800000e+02   1.0073952e+01
   3.2900000e+02   1.0077126e+01
   3.3000000e+02   1.0080993e+01
   3.3100000e+02   1.0085189e+01
   3.3200000e+02   1.0089732e+01
   3.3300000e+02   1.0093848e+01
   3.3400000e+02   1.0097652e+01
   3.3500000e+02   1.0100721e+01
   3.3600000e+02   1.0102475e+01
   3.3700000e+02   1.0103660e+01
   3.3800000e+02   1.0103144e+01
   3.3900000e+02   1.0102415e+01
   3.4000000e+02   1.0100898e+01
   3.4100000e+02   1.0099024e+01
   3.4200000e+02   1.0097924e+01
   3.4300000e+02   1.0097111e+01
   3.4400000e+02   1.0096962e+01
   3.4500000e+02   1.0098006e+01
   3.4600000e+02   1.0099387e+01
   3.4700000e+02   1.0101040e+01
   3.4800000e+02   1.0102411e+01
   3.4900000e+02   1.0103907e+01
   3.5000000e+02   1.0105360e+01
   3.5100000e+02   1.0105802e+01
   3.5200000e+02   1.0106442e+01
   3.5300000e+02   1.0106890e+01
   3.5400000e+02   1.0107016e+01
   3.5500000e+02   1.0107180e+01
   3.5600000e+02   1.0107512e+01
   3.5700000e+02   1.0107269e+01
   3.5800000e+02   1.0107262e+01
   3.5900000e+02   1.0107313e+01
   3.6000000e+02   1.0107281e+01
   3.6100000e+02   1.0107236e+01
   3.6200000e+02   1.0106994e+01
   3.6300000e+02   1.0106373e+01
   3.6400000e+02   1.0105971e+01
   3.6500000e+02   1.0105778e+01
   3.6600000e+02   1.0105391e+01
   3.6700000e+02   1.0105467e+01
   3.6800000e+02   1.0105714e+01
   3.6900000e+02   1.0105879e+01
   3.7000000e+02   1.0105704e+01
   3.7100000e+02   1.0106355e+01
   3.7200000e+02   1.0106787e+01
   3.7300000e+02   1.0106856e+01
   3.7400000e+02   1.0107200e+01
   3.7500000e+02   1.0107375e+01
   3.7600000e+02   1.0107186e+01
   3.7700000e+02   1.0107597e+01
   3.7800000e+02   1.0107670e+01
   3.7900000e+02   1.0107724e+01
   3.8000000e+02   1.0107673e+01
   3.8100000e+02   1.0107695e+01
   3.8200000e+02   1.0107579e+01
   3.8300000e+02   1.0107559e+01
   3.8400000e+02   1.0107440e+01
   3.8500000e+02   1.0107653e+01
   3.8600000e+02   1.0107497e+01
   3.8700000e+02   1.0107574e+01
   3.8800000e+02   1.0107415e+01
   3.8900000e+02   1.0107095e+01
   3.9000000e+02   1.0106749e+01
   3.9100000e+02   1.0106561e+01
   3.9200000e+02   1.0106300e+01
   3.9300000e+02   1.0105770e+01
   3.9400000e+02   1.0105588e+01
   3.9500000e+02   1.0105473e+01
   3.9600000e+02   1.0104953e+01
   3.9700000e+02   1.0105211e+01
   3.9800000e+02   1.0105569e+01
   3.9900000e+02   1.0105815e+01
   4.0000000e+02   1.0105960e+01
   4.0100000e+02   1.0106417e+01
   4.0200000e+02   1.0106841e+01
   4.0300000e+02   1.0106846e+01
   4.0400000e+02   1.0106847e+01
   4.0500000e+02   1.0107235e+01
   4.0600000e+02   1.0107043e+01
   4.0700000e+02   1.0107353e+01
   4.0800000e+02   1.0107300e+01
   4.0900000e+02   1.0107156e+01
   4.1000000e+02   1.0107445e+01
   4.1100000e+02   1.0107201e+01
   4.1200000e+02   1.0107175e+01
   4.1300000e+02   1.0107132e+01
   4.1400000e+02   1.0107292e+01
   4.1500000e+02   1.0107147e+01
   4.1600000e+02   1.0107248e+01
   4.1700000e+02   1.0106942e+01
   4.1800000e+02   1.0106903e+01
   4.1900000e+02   1.0107312e+01
   4.2000000e+02   1.0107118e+01
   4.2100000e+02   1.0107176e+01
   4.2200000e+02   1.0107140e+01
   4.2300000e+02   1.0106923e+01
   4.2400000e+02   1.0107100e+01
   4.2500000e+02   1.0107012e+01
   4.2600000e+02   1.0106763e+01
   4.2700000e+02   1.0106734e+01
   4.2800000e+02   1.0106679e+01
   4.2900000e+02   1.0106619e+01
   4.3000000e+02   1.0106784e+01
   4.3100000e+02   1.0106546e+01
   4.3200000e+02   1.0106496e+01
   4.3300000e+02   1.0106567e+01
   4.3400000e+02   1.0106786e+01
   4.3500000e+02   1.0106705e+01
   4.3600000e+02   1.0106945e+01
   4.3700000e+02   1.0106552e+01
   4.3800000e+02   1.0106680e+01
   4.3900000e+02   1.0106667e+01
   4.4000000e+02   1.0106596e+01
   4.4100000e+02   1.0106064e+01
   4.4200000e+02   1.0105736e+01
   4.4300000e+02   1.0105033e+01
   4.4400000e+02   1.0103312e+01
   4.4500000e+02   1.0101463e+01
   4.4600000e+02   1.0098187e+01
   4.4700000e+02   1.0093720e+01
   4.4800000e+02   1.0087328e+01
   4.4900000e+02   1.0080303e+01
   4.5000000e+02   1.0072721e+01
   4.5100000e+02   1.0064640e+01
   4.5200000e+02   1.0057826e+01
   4.5300000e+02   1.0052486e+01
   4.5400000e+02   1.0049922e+01
   4.5500000e+02   1.0050308e+01
   4.5600000e+02   1.0053388e+01
   4.5700000e+02   1.0058421e+01
   4.5800000e+02   1.0065126e+01
   4.5900000e+02   1.0071857e+01
   4.6000000e+02   1.0078719e+01
   4.6100000e+02   1.0084971e+01
   4.6200000e+02   1.0090220e+01
   4.6300000e+02   1.0094175e+01
   4.6400000e+02   1.0097440e+01
   4.6500000e+02   1.0099553e+01
   4.6600000e+02   1.0101320e+01
   4.6700000e+02   1.0102619e+01
   4.6800000e+02   1.0103145e+01
   4.6900000e+02   1.0104071e+01
   4.7000000e+02   1.0104216e+01
   4.7100000e+02   1.0104646e+01
   4.7200000e+02   1.0104688e+01
   4.7300000e+02   1.0104619e+01
   4.7400000e+02   1.0104546e+01
   4.7500000e+02   1.0104567e+01
   4.7600000e+02   1.0104891e+01
   4.7700000e+02   1.0105174e+01
   4.7800000e+02   1.0104788e+01
   4.7900000e+02   1.0105035e+01
   4.8000000e+02   1.0104942e+01
   4.8100000e+02   1.0104921e+01
   4.8200000e+02   1.0105110e+01
   4.8300000e+02   1.0105101e+01
   4.8400000e+02   1.0105147e+01
   4.8500000e+02   1.0105155e+01
   4.8600000e+02   1.0104928e+01
   4.8700000e+02   1.0105317e+01
   4.8800000e+02   1.0105254e+01
   4.8900000e+02   1.0105242e+01
   4.9000000e+02   1.0105303e+01
   4.9100000e+02   1.0104986e+01
   4.9200000e+02   1.0105344e+01
   4.9300000e+02   1.0105426e+01
   4.9400000e+02   1.0105290e+01
   4.9500000e+02   1.0105469e+01
   4.9600000e+02   1.0105606e+01
   4.9700000e+02   1.0105505e+01
   4.9800000e+02   1.0105212e+01
   4.9900000e+02   1.0105355e+01
   5.0000000e+02   1.0105486e+01
   5.0100000e+02   1.0105483e+01
   5.0200000e+02   1.0105199e+01
   5.0300000e+02   1.0105622e+01
   5.0400000e+02   1.0105543e+01
   5.0500000e+02   1.0105155e+01
   5.0600000e+02   1.0105444e+01
   5.0700000e+02   1.0105548e+01
   5.0800000e+02   1.0105372e+01
   5.0900000e+02   1.0105508e+01
   5.1000000e+02   1.0105142e+01
   5.1100000e+02   1.0105336e+01
   5.1200000e+02   1.0105197e+01
   5.1300000e+02   1.0105224e+01
   5.1400000e+02   1.0105283e+01
   5.1500000e+02   1.0105380e+01
   5.1600000e+02   1.0105288e+01
   5.1700000e+02   1.0105248e+01
   5.1800000e+02   1.0105295e+01
   5.1900000e+02   1.0105044e+01
   5.2000000e+02   1.0105299e+01
   5.2100000e+02   1.0105039e+01
   5.2200000e+02   1.0104901e+01
   5.2300000e+02   1.0105055e+01
   5.2400000e+02   1.0105106e+01
   5.2500000e+02   1.0104776e+01
   5.2600000e+02   1.0104878e+01
   5.2700000e+02   1.0104896e+01
   5.2800000e+02   1.0104988e+01
   5.2900000e+02   1.0104949e+01
   5.3000000e+02   1.0104707e+01
   5.3100000e+02   1.0104707e+01
   5.3200000e+02   1.0104724e+01
   5.3300000e+02   1.0104819e+01
   5.3400000e+02   1.0104966e+01
   5.3500000e+02   1.0104714e+01
   5.3600000e+02   1.0104816e+01
   5.3700000e+02   1.0104774e+01
   5.3800000e+02   1.0104680e+01
   5.3900000e+02   1.0104918e+01
   5.4000000e+02   1.0104507e+01
   5.4100000e+02   1.0104579e+01
   5.4200000e+02   1.0104694e+01
   5.4300000e+02   1.0104897e+01
   5.4400000e+02   1.0104782e+01
   5.4500000e+02   1.0105099e+01
   5.4600000e+02   1.0104787e+01
   5.4700000e+02   1.0104633e+01
   5.4800000e+02   1.0104709e+01
   5.4900000e+02   1.0104680e+01
   5.5000000e+02   1.0104801e+01
   5.5100000e+02   1.0104684e+01
   5.5200000e+02   1.0104731e+01
   5.5300000e+02   1.0104674e+01
   5.5400000e+02   1.0104820e+01
   5.5500000e+02   1.0104724e+01
   5.5600000e+02   1.0104695e+01
   5.5700000e+02   1.0104931e+01
   5.5800000e+02   1.0104694e+01
   5.5900000e+02   1.0104450e+01
   5.6000000e+02   1.0104744e+01
   5.6100000e+02   1.0104509e+01
   5.6200000e+02   1.0104560e+01
   5.6300000e+02   1.0104566e+01
   5.6400000e+02   1.0104519e+01
   5.6500000e+02   1.0104615e+01
   5.6600000e+02   1.0104587e+01
   5.6700000e+02   1.0104809e+01
   5.6800000e+02   1.0104660e+01
   5.6900000e+02   1.0104376e+01
   5.7000000e+02   1.0104602e+01
   5.7100000e+02   1.0104421e+01
   5.7200000e+02   1.0104452e+01
   5.7300000e+02   1.0104521e+01
   5.7400000e+02   1.0104484e+01
   5.7500000e+02   1.0104299e+01
   5.7600000e+02   1.0104502e+01
   5.7700000e+02   1.0104521e+01
   5.7800000e+02   1.0104444e+01
   5.7900000e+02   1.0104111e+01
   5.8000000e+02   1.0104596e+01
   5.8100000e+02   1.0104498e+01
   5.8200000e+02   1.0104265e+01
   5.8300000e+02   1.0104430e+01
   5.8400000e+02   1.0104116e+01
   5.8500000e+02   1.0104134e+01
   5.8600000e+02   1.0103989e+01
   5.8700000e+02   1.0104427e+01
   5.8800000e+02   1.0104230e+01
   5.8900000e+02   1.0104254e+01
   5.9000000e+02   1.0104236e+01
   5.9100000e+02   1.0104276e+01
   5.9200000e+02   1.0104213e+01
   5.9300000e+02   1.0103789e+01
   5.9400000e+02   1.0104210e+01
   5.9500000e+02   1.0103826e+01
   5.9600000e+02   1.0104182e+01
   5.9700000e+02   1.0104063e+01
   5.9800000e+02   1.0104125e+01
   5.9900000e+02   1.0103936e+01
   6.0000000e+02   1.0104211e+01
   6.0100000e+02   1.0103698e+01
   6.0200000e+02   1.0103919e+01
   6.0300000e+02   1.0104000e+01
   6.0400000e+02   1.0104010e+01
   6.0500000e+02   1.0103695e+01
   6.0600000e+02   1.0103781e+01
   6.0700000e+02   1.0103822e+01
   6.0800000e+02   1.0104030e+01
   6.0900000e+02   1.0103728e+01
   6.1000000e+02   1.0103940e+01
   6.1100000e+02   1.0103619e+01
   6.1200000e+02   1.0103778e+01
   6.1300000e+02   1.0103596e+01
   6.1400000e+02   1.0103831e+01
   6.1500000e+02   1.0103452e+01
   6.1600000e+02   1.0103598e+01
   6.1700000e+02   1.0103762e+01
   6.1800000e+02   1.0103674e+01
   6.1900000e+02   1.0103849e+01
   6.2000000e+02   1.0103553e+01
   6.2100000e+02   1.0103782e+01
   6.2200000e+02   1.0103850e+01
   6.2300000e+02   1.0103333e+01
   6.2400000e+02   1.0103581e+01
   6.2500000e+02   1.0103684e+01
   6.2600000e+02   1.0103773e+01
   6.2700000e+02   1.0103766e+01
   6.2800000e+02   1.0103562e+01
   6.2900000e+02   1.0103353e+01
   6.3000000e+02   1.0103406e+01
   6.3100000e+02   1.0103415e+01
   6.3200000e+02   1.0103538e+01
   6.3300000e+02   1.0103844e+01
   6.3400000e+02   1.0103576e+01
   6.3500000e+02   1.0103679e+01
   6.3600000e+02   1.0103576e+01
   6.3700000e+02   1.0103322e+01
   6.3800000e+02   1.0103558e+01
   6.3900000e+02   1.0103451e+01
   6.4000000e+02   1.0103448e+01
   6.4100000e+02   1.0103399e+01
   6.4200000e+02   1.0103482e+01
   6.4300000e+02   1.0103511e+01
   6.4400000e+02   1.0103171e+01
   6.4500000e+02   1.0103471e+01
   6.4600000e+02   1.0103419e+01
   6.4700000e+02   1.0103420e+01
   6.4800000e+02   1.0103258e+01
   6.4900000e+02   1.0103565e+01
   6.5000000e+02   1.0103237e+01
   6.5100000e+02   1.0103461e+01
   6.5200000e+02   1.0103493e+01
   6.5300000e+02   1.0103076e+01
   6.5400000e+02   1.0103276e+01
   6.5500000e+02   1.0103435e+01
   6.5600000e+02   1.0103047e+01
   6.5700000e+02   1.0103299e+01
   6.5800000e+02   1.0103178e+01
   6.5900000e+02   1.0103097e+01
   6.6000000e+02   1.0103101e+01
   6.6100000e+02   1.0103232e+01
   6.6200000e+02   1.0103312e+01
   6.6300000e+02   1.0103049e+01
   6.6400000e+02   1.0103140e+01
   6.6500000e+02   1.0102855e+01
   6.6600000e+02   1.0103188e+01
   6.6700000e+02   1.0103071e+01
   6.6800000e+02   1.0103133e+01
   6.6900000e+02   1.0103283e+01
   6.7000000e+02   1.0103137e+01
   6.7100000e+02   1.0102622e+01
   6.7200000e+02   1.0103095e+01
   6.7300000e+02   1.0102877e+01
   6.7400000e+02   1.0102934e+01
   6.7500000e+02   1.0102965e+01
   6.7600000e+02   1.0103126e+01
   6.7700000e+02   1.0103088e+01
   6.7800000e+02   1.0102698e+01
   6.7900000e+02   1.0103023e+01
   6.8000000e+02   1.0102676e+01
   6.8100000e+02   1.0102705e+01
   6.8200000e+02   1.0102552e+01
   6.8300000e+02   1.0102392e+01
   6.8400000e+02   1.0102253e+01
   6.8500000e+02   1.0102139e+01
   6.8600000e+02   1.0101510e+01
   6.8700000e+02   1.0101608e+01
   6.8800000e+02   1.0101566e+01
   6.8900000e+02   1.0100934e+01
   6.9000000e+02   1.0100873e+01
   6.9100000e+02   1.0100593e+01
   6.9200000e+02   1.0100739e+01
   6.9300000e+02   1.0100600e+01
   6.9400000e+02   1.0100365e+01
   6.9500000e+02   1.0100626e+01
   6.9600000e+02   1.0100617e+01
   6.9700000e+02   1.0100583e+01
   6.9800000e+02   1.0100958e+01
   6.9900000e+02   1.0100912e+01
   7.0000000e+02   1.0101111e+01
   7.0100000e+02   1.0101325e+01
   7.0200000e+02   1.0101453e+01
   7.0300000e+02   1.0101567e+01
   7.0400000e+02   1.0101857e+01
   7.0500000e+02   1.0101900e+01
   7.0600000e+02   1.0102180e+01
   7.0700000e+02   1.0102231e+01
   7.0800000e+02   1.0102198e+01
   7.0900000e+02   1.0102455e+01
   7.1000000e+02   1.0102227e+01
   7.1100000e+02   1.0102415e+01
   7.1200000e+02   1.0102310e+01
   7.1300000e+02   1.0102345e+01
   7.1400000e+02   1.0102471e+01
   7.1500000e+02   1.0102392e+01
   7.1600000e+02   1.0102611e+01
   7.1700000e+02   1.0102456e+01
   7.1800000e+02   1.0102208e+01
   7.1900000e+02   1.0102299e+01
   7.2000000e+02   1.0102340e+01
   7.2100000e+02   1.0102594e+01
   7.2200000e+02   1.0102562e+01
   7.2300000e+02   1.0102602e+01
   7.2400000e+02   1.0102561e+01
   7.2500000e+02   1.0102167e+01
   7.2600000e+02   1.0102352e+01
   7.2700000e+02   1.0102427e+01
   7.2800000e+02   1.0102285e+01
   7.2900000e+02   1.0102193e+01
   7.3000000e+02   1.0102086e+01
   7.3100000e+02   1.0102424e+01
   7.3200000e+02   1.0102594e+01
   7.3300000e+02   1.0102207e+01
   7.3400000e+02   1.0102320e+01
   7.3500000e+02   1.0102242e+01
   7.3600000e+02   1.0102365e+01
   7.3700000e+02   1.0102208e+01
   7.3800000e+02   1.0102256e+01
   7.3900000e+02   1.0101976e+01
   7.4000000e+02   1.0102293e+01
   7.4100000e+02   1.0102017e+01
   7.4200000e+02   1.0102141e+01
   7.4300000e+02   1.0102330e+01
   7.4400000e+02   1.0102255e+01
   7.4500000e+02   1.0101961e+01
   7.4600000e+02   1.0102138e+01
   7.4700000e+02   1.0102137e+01
   7.4800000e+02   1.0102191e+01
   7.4900000e+02   1.0102057e+01
   7.5000000e+02   1.0101965e+01
   7.5100000e+02   1.0101964e+01
   7.5200000e+02   1.0101964e+01
   7.5300000e+02   1.0102379e+01
   7.5400000e+02   1.0102062e+01
   7.5500000e+02   1.0102080e+01
   7.5600000e+02   1.0102152e+01
   7.5700000e+02   1.0101820e+01
   7.5800000e+02   1.0102004e+01
   7.5900000e+02   1.0101975e+01
   7.6000000e+02   1.0101995e+01
   7.6100000e+02   1.0101669e+01
   7.6200000e+02   1.0101810e+01
   7.6300000e+02   1.0102182e+01
   7.6400000e+02   1.0101987e+01
   7.6500000e+02   1.0101754e+01
   7.6600000e+02   1.0102033e+01
   7.6700000e+02   1.0101753e+01
   7.6800000e+02   1.0101820e+01
   7.6900000e+02   1.0101937e+01
   7.7000000e+02   1.0101971e+01
   7.7100000e+02   1.0101718e+01
   7.7200000e+02   1.0101807e+01
   7.7300000e+02   1.0101844e+01
   7.7400000e+02   1.0101609e+01
   7.7500000e+02   1.0101751e+01
   7.7600000e+02   1.0101976e+01
   7.7700000e+02   1.0101766e+01
   7.7800000e+02   1.0101792e+01
   7.7900000e+02   1.0101642e+01
   7.8000000e+02   1.0101708e+01
