   0.0000000e+00   1.0125939e+01
   1.0000000e+00   1.0120242e+01
   2.0000000e+00   1.0119331e+01
   3.0000000e+00   1.0118193e+01
   4.0000000e+00   1.0117515e+01
   5.0000000e+00   1.0117211e+01
   6.0000000e+00   1.0116888e+01
   7.0000000e+00   1.0116355e+01
   8.0000000e+00   1.0115593e+01
   9.0000000e+00   1.0115443e+01
   1.0000000e+01   1.0115045e+01
   1.1000000e+01   1.0114696e+01
   1.2000000e+01   1.0114664e+01
   1.3000000e+01   1.0114501e+01
   1.4000000e+01   1.0114090e+01
   1.5000000e+01   1.0114018e+01
   1.6000000e+01   1.0113723e+01
   1.7000000e+01   1.0113857e+01
   1.8000000e+01   1.0113305e+01
   1.9000000e+01   1.0113314e+01
   2.0000000e+01   1.0113185e+01
   2.1000000e+01   1.0112837e+01
   2.2000000e+01   1.0112419e+01
   2.3000000e+01   1.0112527e+01
   2.4000000e+01   1.0112509e+01
   2.5000000e+01   1.0112365e+01
   2.6000000e+01   1.0112147e+01
   2.7000000e+01   1.0112088e+01
   2.8000000e+01   1.0112048e+01
   2.9000000e+01   1.0111663e+01
   3.0000000e+01   1.0111654e+01
   3.1000000e+01   1.0111765e+01
   3.2000000e+01   1.0111659e+01
   3.3000000e+01   1.0111552e+01
   3.4000000e+01   1.0111422e+01
   3.5000000e+01   1.0111612e+01
   3.6000000e+01   1.0111415e+01
   3.7000000e+01   1.0111225e+01
   3.8000000e+01   1.0111123e+01
   3.9000000e+01   1.0111040e+01
   4.0000000e+01   1.0110956e+01
   4.1000000e+01   1.0110855e+01
   4.2000000e+01   1.0110812e+01
   4.3000000e+01   1.0110709e+01
   4.4000000e+01   1.0110646e+01
   4.5000000e+01   1.0110360e+01
   4.6000000e+01   1.0110388e+01
   4.7000000e+01   1.0110462e+01
   4.8000000e+01   1.0110466e+01
   4.9000000e+01   1.0110004e+01
   5.0000000e+01   1.0110210e+01
   5.1000000e+01   1.0109928e+01
   5.2000000e+01   1.0109916e+01
   5.3000000e+01   1.0109667e+01
   5.4000000e+01   1.0109819e+01
   5.5000000e+01   1.0109762e+01
   5.6000000e+01   1.0109880e+01
   5.7000000e+01   1.0109550e+01
   5.8000000e+01   1.0109354e+01
   5.9000000e+01   1.0109328e+01
   6.0000000e+01   1.0109273e+01
   6.1000000e+01   1.0109403e+01
   6.2000000e+01   1.0109178e+01
   6.3000000e+01   1.0108806e+01
   6.4000000e+01   1.0108991e+01
   6.5000000e+01   1.0108790e+01
   6.6000000e+01   1.0108878e+01
   6.7000000e+01   1.0109034e+01
   6.8000000e+01   1.0108848e+01
   6.9000000e+01   1.0108633e+01
   7.0000000e+01   1.0108363e+01
   7.1000000e+01   1.0108555e+01
   7.2000000e+01   1.0108633e+01
   7.3000000e+01   1.0108302e+01
   7.4000000e+01   1.0108321e+01
   7.5000000e+01   1.0108424e+01
   7.6000000e+01   1.0108251e+01
   7.7000000e+01   1.0108089e+01
   7.8000000e+01   1.0108231e+01
   7.9000000e+01   1.0107856e+01
   8.0000000e+01   1.0107937e+01
   8.1000000e+01   1.0107731e+01
   8.2000000e+01   1.0107682e+01
   8.3000000e+01   1.0107528e+01
   8.4000000e+01   1.0107805e+01
   8.5000000e+01   1.0107736e+01
   8.6000000e+01   1.0107494e+01
   8.7000000e+01   1.0107536e+01
   8.8000000e+01   1.0107467e+01
   8.9000000e+01   1.0107519e+01
   9.0000000e+01   1.0107488e+01
   9.1000000e+01   1.0107395e+01
   9.2000000e+01   1.0107343e+01
   9.3000000e+01   1.0107390e+01
   9.4000000e+01   1.0107716e+01
   9.5000000e+01   1.0107484e+01
   9.6000000e+01   1.0107263e+01
   9.7000000e+01   1.0107489e+01
   9.8000000e+01   1.0107077e+01
   9.9000000e+01   1.0107153e+01
   1.0000000e+02   1.0106976e+01
   1.0100000e+02   1.0107175e+01
   1.0200000e+02   1.0106914e+01
   1.0300000e+02   1.0107017e+01
   1.0400000e+02   1.0107206e+01
   1.0500000e+02   1.0106926e+01
   1.0600000e+02   1.0107002e+01
   1.0700000e+02   1.0106572e+01
   1.0800000e+02   1.0106913e+01
   1.0900000e+02   1.0106765e+01
   1.1000000e+02   1.0106693e+01
   1.1100000e+02   1.0106357e+01
   1.1200000e+02   1.0106638e+01
   1.1300000e+02   1.0106633e+01
   1.1400000e+02   1.0106600e+01
   1.1500000e+02   1.0106364e+01
   1.1600000e+02   1.0106439e+01
   1.1700000e+02   1.0106263e+01
   1.1800000e+02   1.0106344e+01
   1.1900000e+02   1.0106216e+01
   1.2000000e+02   1.0106386e+01
   1.2100000e+02   1.0106102e+01
   1.2200000e+02   1.0106278e+01
   1.2300000e+02   1.0106286e+01
   1.2400000e+02   1.0106298e+01
   1.2500000e+02   1.0106129e+01
   1.2600000e+02   1.0106005e+01
   1.2700000e+02   1.0106236e+01
   1.2800000e+02   1.0105875e+01
   1.2900000e+02   1.0105758e+01
   1.3000000e+02   1.0106007e+01
   1.3100000e+02   1.0105922e+01
   1.3200000e+02   1.0105648e+01
   1.3300000e+02   1.0106155e+01
   1.3400000e+02   1.0105730e+01
   1.3500000e+02   1.0105777e+01
   1.3600000e+02   1.0105688e+01
   1.3700000e+02   1.0105684e+01
   1.3800000e+02   1.0105522e+01
   1.3900000e+02   1.0105659e+01
   1.4000000e+02   1.0105623e+01
   1.4100000e+02   1.0105612e+01
   1.4200000e+02   1.0105438e+01
   1.4300000e+02   1.0105447e+01
   1.4400000e+02   1.0105420e+01
   1.4500000e+02   1.0105428e+01
   1.4600000e+02   1.0105570e+01
   1.4700000e+02   1.0105498e+01
   1.4800000e+02   1.0105269e+01
   1.4900000e+02   1.0105370e+01
   1.5000000e+02   1.0105442e+01
   1.5100000e+02   1.0105273e+01
   1.5200000e+02   1.0105315e+01
   1.5300000e+02   1.0105048e+01
   1.5400000e+02   1.0105218e+01
   1.5500000e+02   1.0105008e+01
   1.5600000e+02   1.0104947e+01
   1.5700000e+02   1.0105185e+01
   1.5800000e+02   1.0105113e+01
   1.5900000e+02   1.0105088e+01
   1.6000000e+02   1.0105025e+01
   1.6100000e+02   1.0104900e+01
   1.6200000e+02   1.0104716e+01
   1.6300000e+02   1.0105111e+01
   1.6400000e+02   1.0104847e+01
   1.6500000e+02   1.0104972e+01
   1.6600000e+02   1.0104777e+01
   1.6700000e+02   1.0102759e+01
   1.6800000e+02   1.0094595e+01
   1.6900000e+02   1.0086446e+01
   1.7000000e+02   1.0091171e+01
   1.7100000e+02   1.0098246e+01
   1.7200000e+02   1.0101612e+01
   1.7300000e+02   1.0103221e+01
   1.7400000e+02   1.0103722e+01
   1.7500000e+02   1.0104065e+01
   1.7600000e+02   1.0104147e+01
   1.7700000e+02   1.0104286e+01
   1.7800000e+02   1.0104466e+01
   1.7900000e+02   1.0101812e+01
   1.8000000e+02   1.0078172e+01
   1.8100000e+02   1.0054706e+01
   1.8200000e+02   1.0063432e+01
   1.8300000e+02   1.0075826e+01
   1.8400000e+02   1.0082573e+01
   1.8500000e+02   1.0084190e+01
   1.8600000e+02   1.0084574e+01
   1.8700000e+02   1.0086093e+01
   1.8800000e+02   1.0089757e+01
   1.8900000e+02   1.0094479e+01
   1.9000000e+02   1.0098619e+01
   1.9100000e+02   1.0100911e+01
   1.9200000e+02   1.0101865e+01
   1.9300000e+02   1.0102647e+01
   1.9400000e+02   1.0102820e+01
   1.9500000e+02   1.0103282e+01
   1.9600000e+02   1.0103057e+01
   1.9700000e+02   1.0103325e+01
   1.9800000e+02   1.0103243e+01
   1.9900000e+02   1.0103195e+01
   2.0000000e+02   1.0103267e+01
   2.0100000e+02   1.0103175e+01
   2.0200000e+02   1.0103419e+01
   2.0300000e+02   1.0103405e+01
   2.0400000e+02   1.0103279e+01
   2.0500000e+02   1.0103427e+01
   2.0600000e+02   1.0103217e+01
   2.0700000e+02   1.0103590e+01
   2.0800000e+02   1.0103188e+01
   2.0900000e+02   1.0103271e+01
   2.1000000e+02   1.0103418e+01
   2.1100000e+02   1.0103255e+01
   2.1200000e+02   1.0103420e+01
   2.1300000e+02   1.0103115e+01
   2.1400000e+02   1.0102964e+01
   2.1500000e+02   1.0102871e+01
   2.1600000e+02   1.0103139e+01
   2.1700000e+02   1.0103144e+01
   2.1800000e+02   1.0103312e+01
   2.1900000e+02   1.0103202e+01
   2.2000000e+02   1.0103168e+01
   2.2100000e+02   1.0103075e+01
   2.2200000e+02   1.0102806e+01
   2.2300000e+02   1.0102835e+01
   2.2400000e+02   1.0102539e+01
   2.2500000e+02   1.0102434e+01
   2.2600000e+02   1.0102419e+01
   2.2700000e+02   1.0102244e+01
   2.2800000e+02   1.0102181e+01
   2.2900000e+02   1.0102249e+01
   2.3000000e+02   1.0102297e+01
   2.3100000e+02   1.0102187e+01
   2.3200000e+02   1.0102353e+01
   2.3300000e+02   1.0102359e+01
   2.3400000e+02   1.0102427e+01
   2.3500000e+02   1.0102485e+01
   2.3600000e+02   1.0102630e+01
   2.3700000e+02   1.0102600e+01
   2.3800000e+02   1.0102381e+01
   2.3900000e+02   1.0102369e+01
   2.4000000e+02   1.0102479e+01
   2.4100000e+02   1.0102259e+01
   2.4200000e+02   1.0102317e+01
   2.4300000e+02   1.0101988e+01
   2.4400000e+02   1.0102101e+01
   2.4500000e+02   1.0101860e+01
   2.4600000e+02   1.0101646e+01
   2.4700000e+02   1.0100504e+01
   2.4800000e+02   1.0099437e+01
   2.4900000e+02   1.0097496e+01
   2.5000000e+02   1.0095175e+01
   2.5100000e+02   1.0093258e+01
   2.5200000e+02   1.0092701e+01
   2.5300000e+02   1.0092973e+01
   2.5400000e+02   1.0094021e+01
   2.5500000e+02   1.0095411e+01
   2.5600000e+02   1.0096599e+01
   2.5700000e+02   1.0097239e+01
   2.5800000e+02   1.0097268e+01
   2.5900000e+02   1.0096878e+01
   2.6000000e+02   1.0096081e+01
   2.6100000e+02   1.0095764e+01
   2.6200000e+02   1.0094929e+01
   2.6300000e+02   1.0094365e+01
   2.6400000e+02   1.0094171e+01
   2.6500000e+02   1.0093399e+01
   2.6600000e+02   1.0092989e+01
   2.6700000e+02   1.0093210e+01
   2.6800000e+02   1.0093657e+01
   2.6900000e+02   1.0094515e+01
   2.7000000e+02   1.0095684e+01
   2.7100000e+02   1.0097208e+01
   2.7200000e+02   1.0098091e+01
   2.7300000e+02   1.0098843e+01
   2.7400000e+02   1.0099405e+01
   2.7500000e+02   1.0099262e+01
   2.7600000e+02   1.0099113e+01
   2.7700000e+02   1.0099107e+01
   2.7800000e+02   1.0099260e+01
   2.7900000e+02   1.0098998e+01
   2.8000000e+02   1.0099316e+01
   2.8100000e+02   1.0099533e+01
   2.8200000e+02   1.0100000e+01
   2.8300000e+02   1.0100078e+01
   2.8400000e+02   1.0099797e+01
   2.8500000e+02   1.0100114e+01
   2.8600000e+02   1.0099825e+01
   2.8700000e+02   1.0099710e+01
   2.8800000e+02   1.0099979e+01
   2.8900000e+02   1.0099942e+01
   2.9000000e+02   1.0100058e+01
   2.9100000e+02   1.0100267e+01
   2.9200000e+02   1.0100162e+01
   2.9300000e+02   1.0100016e+01
   2.9400000e+02   1.0100269e+01
   2.9500000e+02   1.0100294e+01
   2.9600000e+02   1.0100364e+01
   2.9700000e+02   1.0100419e+01
   2.9800000e+02   1.0100510e+01
   2.9900000e+02   1.0100389e+01
   3.0000000e+02   1.0100502e+01
   3.0100000e+02   1.0100339e+01
   3.0200000e+02   1.0100613e+01
   3.0300000e+02   1.0100435e+01
   3.0400000e+02   1.0100005e+01
   3.0500000e+02   1.0099393e+01
   3.0600000e+02   1.0098677e+01
   3.0700000e+02   1.0097443e+01
   3.0800000e+02   1.0096662e+01
   3.0900000e+02   1.0094766e+01
   3.1000000e+02   1.0092930e+01
   3.1100000e+02   1.0089860e+01
   3.1200000e+02   1.0086265e+01
   3.1300000e+02   1.0082461e+01
   3.1400000e+02   1.0079239e+01
   3.1500000e+02   1.0077216e+01
   3.1600000e+02   1.0077106e+01
   3.1700000e+02   1.0077872e+01
   3.1800000e+02   1.0079472e+01
   3.1900000e+02   1.0079955e+01
   3.2000000e+02   1.0077705e+01
   3.2100000e+02   1.0074349e+01
   3.2200000e+02   1.0069010e+01
   3.2300000e+02   1.0063797e+01
   3.2400000e+02   1.0059608e+01
   3.2500000e+02   1.0057436e+01
   3.2600000e+02   1.0057375e+01
   3.2700000e+02   1.0058954e+01
   3.2800000e+02   1.0061705e+01
   3.2900000e+02   1.0065672e+01
   3.3000000e+02   1.0069939e+01
   3.3100000e+02   1.0075041e+01
   3.3200000e+02   1.0079950e+01
   3.3300000e+02   1.0084505e+01
   3.3400000e+02   1.0088132e+01
   3.3500000e+02   1.0090945e+01
   3.3600000e+02   1.0092862e+01
   3.3700000e+02   1.0093530e+01
   3.3800000e+02   1.0093134e+01
   3.3900000e+02   1.0092095e+01
   3.4000000e+02   1.0090381e+01
   3.4100000e+02   1.0088572e+01
   3.4200000e+02   1.0087424e+01
   3.4300000e+02   1.0086838e+01
   3.4400000e+02   1.0087129e+01
   3.4500000e+02   1.0088226e+01
   3.4600000e+02   1.0089809e+01
   3.4700000e+02   1.0091605e+01
   3.4800000e+02   1.0093283e+01
   3.4900000e+02   1.0094607e+01
   3.5000000e+02   1.0095613e+01
   3.5100000e+02   1.0096915e+01
   3.5200000e+02   1.0097370e+01
   3.5300000e+02   1.0098063e+01
   3.5400000e+02   1.0098181e+01
   3.5500000e+02   1.0098250e+01
   3.5600000e+02   1.0098647e+01
   3.5700000e+02   1.0098462e+01
   3.5800000e+02   1.0098630e+01
   3.5900000e+02   1.0098612e+01
   3.6000000e+02   1.0098229e+01
   3.6100000e+02   1.0098027e+01
   3.6200000e+02   1.0098030e+01
   3.6300000e+02   1.0097463e+01
   3.6400000e+02   1.0097114e+01
   3.6500000e+02   1.0096767e+01
   3.6600000e+02   1.0096544e+01
   3.6700000e+02   1.0096350e+01
   3.6800000e+02   1.0096762e+01
   3.6900000e+02   1.0097075e+01
   3.7000000e+02   1.0097282e+01
   3.7100000e+02   1.0097680e+01
   3.7200000e+02   1.0097738e+01
   3.7300000e+02   1.0097982e+01
   3.7400000e+02   1.0098399e+01
   3.7500000e+02   1.0098361e+01
   3.7600000e+02   1.0098582e+01
   3.7700000e+02   1.0098626e+01
   3.7800000e+02   1.0098677e+01
   3.7900000e+02   1.0098698e+01
   3.8000000e+02   1.0098667e+01
   3.8100000e+02   1.0099051e+01
   3.8200000e+02   1.0099122e+01
   3.8300000e+02   1.0098726e+01
   3.8400000e+02   1.0098824e+01
   3.8500000e+02   1.0098821e+01
   3.8600000e+02   1.0099062e+01
   3.8700000e+02   1.0098476e+01
   3.8800000e+02   1.0098586e+01
   3.8900000e+02   1.0098214e+01
   3.9000000e+02   1.0097933e+01
   3.9100000e+02   1.0097633e+01
   3.9200000e+02   1.0097003e+01
   3.9300000e+02   1.0096564e+01
   3.9400000e+02   1.0096299e+01
   3.9500000e+02   1.0096166e+01
   3.9600000e+02   1.0096146e+01
   3.9700000e+02   1.0096214e+01
   3.9800000e+02   1.0096397e+01
   3.9900000e+02   1.0097065e+01
   4.0000000e+02   1.0097018e+01
   4.0100000e+02   1.0097625e+01
   4.0200000e+02   1.0097985e+01
   4.0300000e+02   1.0098111e+01
   4.0400000e+02   1.0098215e+01
   4.0500000e+02   1.0098336e+01
   4.0600000e+02   1.0098398e+01
   4.0700000e+02   1.0098664e+01
   4.0800000e+02   1.0098524e+01
   4.0900000e+02   1.0098368e+01
   4.1000000e+02   1.0098369e+01
   4.1100000e+02   1.0098532e+01
   4.1200000e+02   1.0098795e+01
   4.1300000e+02   1.0098504e+01
   4.1400000e+02   1.0098642e+01
   4.1500000e+02   1.0098272e+01
   4.1600000e+02   1.0098722e+01
   4.1700000e+02   1.0098699e+01
   4.1800000e+02   1.0098691e+01
   4.1900000e+02   1.0098738e+01
   4.2000000e+02   1.0098577e+01
   4.2100000e+02   1.0098679e+01
   4.2200000e+02   1.0098502e+01
   4.2300000e+02   1.0098480e+01
   4.2400000e+02   1.0098493e+01
   4.2500000e+02   1.0098317e+01
   4.2600000e+02   1.0098460e+01
   4.2700000e+02   1.0098471e+01
   4.2800000e+02   1.0098332e+01
   4.2900000e+02   1.0098221e+01
   4.3000000e+02   1.0098349e+01
   4.3100000e+02   1.0098230e+01
   4.3200000e+02   1.0098304e+01
   4.3300000e+02   1.0098393e+01
   4.3400000e+02   1.0098147e+01
   4.3500000e+02   1.0098409e+01
   4.3600000e+02   1.0098159e+01
   4.3700000e+02   1.0098302e+01
   4.3800000e+02   1.0098359e+01
   4.3900000e+02   1.0098131e+01
   4.4000000e+02   1.0097901e+01
   4.4100000e+02   1.0098041e+01
   4.4200000e+02   1.0097449e+01
   4.4300000e+02   1.0097031e+01
   4.4400000e+02   1.0096159e+01
   4.4500000e+02   1.0094442e+01
   4.4600000e+02   1.0092070e+01
   4.4700000e+02   1.0089287e+01
   4.4800000e+02   1.0085253e+01
   4.4900000e+02   1.0080578e+01
   4.5000000e+02   1.0075156e+01
   4.5100000e+02   1.0070416e+01
   4.5200000e+02   1.0065984e+01
   4.5300000e+02   1.0063334e+01
   4.5400000e+02   1.0062137e+01
   4.5500000e+02   1.0062709e+01
   4.5600000e+02   1.0065358e+01
   4.5700000e+02   1.0069096e+01
   4.5800000e+02   1.0072961e+01
   4.5900000e+02   1.0077753e+01
   4.6000000e+02   1.0081960e+01
   4.6100000e+02   1.0085569e+01
   4.6200000e+02   1.0088599e+01
   4.6300000e+02   1.0090897e+01
   4.6400000e+02   1.0092593e+01
   4.6500000e+02   1.0094145e+01
   4.6600000e+02   1.0095066e+01
   4.6700000e+02   1.0095800e+01
   4.6800000e+02   1.0096118e+01
   4.6900000e+02   1.0096625e+01
   4.7000000e+02   1.0096665e+01
   4.7100000e+02   1.0096944e+01
   4.7200000e+02   1.0096610e+01
   4.7300000e+02   1.0096713e+01
   4.7400000e+02   1.0097135e+01
   4.7500000e+02   1.0097139e+01
   4.7600000e+02   1.0097104e+01
   4.7700000e+02   1.0096959e+01
   4.7800000e+02   1.0096812e+01
   4.7900000e+02   1.0097222e+01
   4.8000000e+02   1.0097183e+01
   4.8100000e+02   1.0097237e+01
   4.8200000e+02   1.0097313e+01
   4.8300000e+02   1.0096962e+01
   4.8400000e+02   1.0097160e+01
   4.8500000e+02   1.0097189e+01
   4.8600000e+02   1.0097463e+01
   4.8700000e+02   1.0097323e+01
   4.8800000e+02   1.0097265e+01
   4.8900000e+02   1.0097593e+01
   4.9000000e+02   1.0097514e+01
   4.9100000e+02   1.0097351e+01
   4.9200000e+02   1.0097463e+01
   4.9300000e+02   1.0097559e+01
   4.9400000e+02   1.0097111e+01
   4.9500000e+02   1.0097307e+01
   4.9600000e+02   1.0097334e+01
   4.9700000e+02   1.0097452e+01
   4.9800000e+02   1.0097481e+01
   4.9900000e+02   1.0097235e+01
   5.0000000e+02   1.0097307e+01
   5.0100000e+02   1.0097363e+01
   5.0200000e+02   1.0097359e+01
   5.0300000e+02   1.0097345e+01
   5.0400000e+02   1.0097285e+01
   5.0500000e+02   1.0097210e+01
   5.0600000e+02   1.0097499e+01
   5.0700000e+02   1.0097123e+01
   5.0800000e+02   1.0097213e+01
   5.0900000e+02   1.0097070e+01
   5.1000000e+02   1.0097437e+01
   5.1100000e+02   1.0097017e+01
   5.1200000e+02   1.0097121e+01
   5.1300000e+02   1.0097212e+01
   5.1400000e+02   1.0097221e+01
   5.1500000e+02   1.0097124e+01
   5.1600000e+02   1.0097036e+01
   5.1700000e+02   1.0097187e+01
   5.1800000e+02   1.0097285e+01
   5.1900000e+02   1.0096984e+01
   5.2000000e+02   1.0097087e+01
   5.2100000e+02   1.0097039e+01
   5.2200000e+02   1.0096989e+01
   5.2300000e+02   1.0097106e+01
   5.2400000e+02   1.0097408e+01
   5.2500000e+02   1.0097285e+01
   5.2600000e+02   1.0096796e+01
   5.2700000e+02   1.0096995e+01
   5.2800000e+02   1.0097066e+01
   5.2900000e+02   1.0096969e+01
   5.3000000e+02   1.0096855e+01
   5.3100000e+02   1.0096998e+01
   5.3200000e+02   1.0096829e+01
   5.3300000e+02   1.0096643e+01
   5.3400000e+02   1.0096888e+01
   5.3500000e+02   1.0096895e+01
   5.3600000e+02   1.0096922e+01
   5.3700000e+02   1.0097089e+01
   5.3800000e+02   1.0096725e+01
   5.3900000e+02   1.0096730e+01
   5.4000000e+02   1.0097056e+01
   5.4100000e+02   1.0096930e+01
   5.4200000e+02   1.0096583e+01
   5.4300000e+02   1.0096815e+01
   5.4400000e+02   1.0096793e+01
   5.4500000e+02   1.0096897e+01
   5.4600000e+02   1.0096670e+01
   5.4700000e+02   1.0096631e+01
   5.4800000e+02   1.0096696e+01
   5.4900000e+02   1.0096915e+01
   5.5000000e+02   1.0096759e+01
   5.5100000e+02   1.0096945e+01
   5.5200000e+02   1.0096814e+01
   5.5300000e+02   1.0096845e+01
   5.5400000e+02   1.0096892e+01
   5.5500000e+02   1.0096858e+01
   5.5600000e+02   1.0096738e+01
   5.5700000e+02   1.0096741e+01
   5.5800000e+02   1.0096720e+01
   5.5900000e+02   1.0096441e+01
   5.6000000e+02   1.0096694e+01
   5.6100000e+02   1.0096479e+01
   5.6200000e+02   1.0096600e+01
   5.6300000e+02   1.0096495e+01
   5.6400000e+02   1.0096690e+01
   5.6500000e+02   1.0096320e+01
   5.6600000e+02   1.0096358e+01
   5.6700000e+02   1.0096265e+01
   5.6800000e+02   1.0096168e+01
   5.6900000e+02   1.0096375e+01
   5.7000000e+02   1.0096291e+01
   5.7100000e+02   1.0096531e+01
   5.7200000e+02   1.0096143e+01
   5.7300000e+02   1.0095968e+01
   5.7400000e+02   1.0096379e+01
   5.7500000e+02   1.0095981e+01
   5.7600000e+02   1.0096286e+01
   5.7700000e+02   1.0096219e+01
   5.7800000e+02   1.0096190e+01
   5.7900000e+02   1.0096144e+01
   5.8000000e+02   1.0096329e+01
   5.8100000e+02   1.0095886e+01
   5.8200000e+02   1.0096294e+01
   5.8300000e+02   1.0096170e+01
   5.8400000e+02   1.0096021e+01
   5.8500000e+02   1.0096248e+01
   5.8600000e+02   1.0096228e+01
   5.8700000e+02   1.0096306e+01
   5.8800000e+02   1.0096196e+01
   5.8900000e+02   1.0096238e+01
   5.9000000e+02   1.0096188e+01
   5.9100000e+02   1.0096406e+01
   5.9200000e+02   1.0096627e+01
   5.9300000e+02   1.0096317e+01
   5.9400000e+02   1.0096299e+01
   5.9500000e+02   1.0096151e+01
   5.9600000e+02   1.0096384e+01
   5.9700000e+02   1.0096192e+01
   5.9800000e+02   1.0096414e+01
   5.9900000e+02   1.0096072e+01
   6.0000000e+02   1.0096058e+01
   6.0100000e+02   1.0096125e+01
   6.0200000e+02   1.0096095e+01
   6.0300000e+02   1.0096216e+01
   6.0400000e+02   1.0096013e+01
   6.0500000e+02   1.0096177e+01
   6.0600000e+02   1.0096122e+01
   6.0700000e+02   1.0096263e+01
   6.0800000e+02   1.0096279e+01
   6.0900000e+02   1.0096175e+01
   6.1000000e+02   1.0096190e+01
   6.1100000e+02   1.0096074e+01
   6.1200000e+02   1.0096115e+01
   6.1300000e+02   1.0096346e+01
   6.1400000e+02   1.0095968e+01
   6.1500000e+02   1.0096229e+01
   6.1600000e+02   1.0096053e+01
   6.1700000e+02   1.0095745e+01
   6.1800000e+02   1.0095978e+01
   6.1900000e+02   1.0095960e+01
   6.2000000e+02   1.0096079e+01
   6.2100000e+02   1.0096202e+01
   6.2200000e+02   1.0095947e+01
   6.2300000e+02   1.0096039e+01
   6.2400000e+02   1.0095920e+01
   6.2500000e+02   1.0095817e+01
   6.2600000e+02   1.0096108e+01
   6.2700000e+02   1.0095947e+01
   6.2800000e+02   1.0095878e+01
   6.2900000e+02   1.0095762e+01
   6.3000000e+02   1.0096171e+01
   6.3100000e+02   1.0095918e+01
   6.3200000e+02   1.0095899e+01
   6.3300000e+02   1.0095664e+01
   6.3400000e+02   1.0095781e+01
   6.3500000e+02   1.0095636e+01
   6.3600000e+02   1.0095629e+01
   6.3700000e+02   1.0095729e+01
   6.3800000e+02   1.0095761e+01
   6.3900000e+02   1.0095899e+01
   6.4000000e+02   1.0095681e+01
   6.4100000e+02   1.0095961e+01
   6.4200000e+02   1.0095637e+01
   6.4300000e+02   1.0095621e+01
   6.4400000e+02   1.0095682e+01
   6.4500000e+02   1.0095923e+01
   6.4600000e+02   1.0095683e+01
   6.4700000e+02   1.0095985e+01
   6.4800000e+02   1.0095709e+01
   6.4900000e+02   1.0095907e+01
   6.5000000e+02   1.0095646e+01
   6.5100000e+02   1.0095878e+01
   6.5200000e+02   1.0095824e+01
   6.5300000e+02   1.0095673e+01
   6.5400000e+02   1.0095833e+01
   6.5500000e+02   1.0095741e+01
   6.5600000e+02   1.0095636e+01
   6.5700000e+02   1.0095754e+01
   6.5800000e+02   1.0095430e+01
   6.5900000e+02   1.0095540e+01
   6.6000000e+02   1.0095602e+01
   6.6100000e+02   1.0095899e+01
   6.6200000e+02   1.0095935e+01
   6.6300000e+02   1.0095712e+01
   6.6400000e+02   1.0095594e+01
   6.6500000e+02   1.0095594e+01
   6.6600000e+02   1.0095525e+01
   6.6700000e+02   1.0095707e+01
   6.6800000e+02   1.0095682e+01
   6.6900000e+02   1.0095212e+01
   6.7000000e+02   1.0095711e+01
   6.7100000e+02   1.0095651e+01
   6.7200000e+02   1.0095654e+01
   6.7300000e+02   1.0095668e+01
   6.7400000e+02   1.0095744e+01
   6.7500000e+02   1.0095691e+01
   6.7600000e+02   1.0095580e+01
   6.7700000e+02   1.0095264e+01
   6.7800000e+02   1.0095591e+01
   6.7900000e+02   1.0095292e+01
   6.8000000e+02   1.0095387e+01
   6.8100000e+02   1.0095237e+01
   6.8200000e+02   1.0095032e+01
   6.8300000e+02   1.0095451e+01
   6.8400000e+02   1.0095123e+01
   6.8500000e+02   1.0095273e+01
   6.8600000e+02   1.0095122e+01
   6.8700000e+02   1.0095397e+01
   6.8800000e+02   1.0094976e+01
   6.8900000e+02   1.0094882e+01
   6.9000000e+02   1.0095274e+01
   6.9100000e+02   1.0094823e+01
   6.9200000e+02   1.0095029e+01
   6.9300000e+02   1.0094813e+01
   6.9400000e+02   1.0094997e+01
   6.9500000e+02   1.0094846e+01
   6.9600000e+02   1.0094494e+01
   6.9700000e+02   1.0094749e+01
   6.9800000e+02   1.0094705e+01
   6.9900000e+02   1.0094738e+01
   7.0000000e+02   1.0094963e+01
   7.0100000e+02   1.0094970e+01
   7.0200000e+02   1.0094944e+01
   7.0300000e+02   1.0095030e+01
   7.0400000e+02   1.0095277e+01
   7.0500000e+02   1.0094978e+01
   7.0600000e+02   1.0094991e+01
   7.0700000e+02   1.0095204e+01
   7.0800000e+02   1.0095265e+01
   7.0900000e+02   1.0095211e+01
   7.1000000e+02   1.0095326e+01
   7.1100000e+02   1.0094907e+01
   7.1200000e+02   1.0094935e+01
   7.1300000e+02   1.0095143e+01
   7.1400000e+02   1.0095033e+01
   7.1500000e+02   1.0095050e+01
   7.1600000e+02   1.0095183e+01
   7.1700000e+02   1.0095045e+01
   7.1800000e+02   1.0094917e+01
   7.1900000e+02   1.0094894e+01
   7.2000000e+02   1.0094891e+01
   7.2100000e+02   1.0094694e+01
   7.2200000e+02   1.0094753e+01
   7.2300000e+02   1.0094819e+01
   7.2400000e+02   1.0094852e+01
   7.2500000e+02   1.0094863e+01
   7.2600000e+02   1.0094890e+01
   7.2700000e+02   1.0095003e+01
   7.2800000e+02   1.0094967e+01
   7.2900000e+02   1.0094840e+01
   7.3000000e+02   1.0095011e+01
   7.3100000e+02   1.0094922e+01
   7.3200000e+02   1.0094903e+01
   7.3300000e+02   1.0094942e+01
   7.3400000e+02   1.0094831e+01
   7.3500000e+02   1.0094826e+01
   7.3600000e+02   1.0094756e+01
   7.3700000e+02   1.0094875e+01
   7.3800000e+02   1.0094503e+01
   7.3900000e+02   1.0094962e+01
   7.4000000e+02   1.0094936e+01
   7.4100000e+02   1.0094923e+01
   7.4200000e+02   1.0094836e+01
   7.4300000e+02   1.0094771e+01
   7.4400000e+02   1.0094752e+01
   7.4500000e+02   1.0094643e+01
   7.4600000e+02   1.0094741e+01
   7.4700000e+02   1.0094780e+01
   7.4800000e+02   1.0094886e+01
   7.4900000e+02   1.0094517e+01
   7.5000000e+02   1.0094665e+01
   7.5100000e+02   1.0094834e+01
   7.5200000e+02   1.0094583e+01
   7.5300000e+02   1.0094669e+01
   7.5400000e+02   1.0094759e+01
   7.5500000e+02   1.0094479e+01
   7.5600000e+02   1.0094705e+01
   7.5700000e+02   1.0094528e+01
   7.5800000e+02   1.0094812e+01
   7.5900000e+02   1.0094885e+01
   7.6000000e+02   1.0094670e+01
   7.6100000e+02   1.0094555e+01
   7.6200000e+02   1.0094838e+01
   7.6300000e+02   1.0094652e+01
   7.6400000e+02   1.0094508e+01
   7.6500000e+02   1.0094768e+01
   7.6600000e+02   1.0094630e+01
   7.6700000e+02   1.0094579e+01
   7.6800000e+02   1.0094528e+01
   7.6900000e+02   1.0094463e+01
   7.7000000e+02   1.0094737e+01
   7.7100000e+02   1.0094636e+01
   7.7200000e+02   1.0094660e+01
   7.7300000e+02   1.0094587e+01
   7.7400000e+02   1.0094589e+01
   7.7500000e+02   1.0094422e+01
   7.7600000e+02   1.0094418e+01
   7.7700000e+02   1.0094687e+01
   7.7800000e+02   1.0094712e+01
   7.7900000e+02   1.0094579e+01
   7.8000000e+02   1.0094525e+01
