   0.0000000e+00   1.0112354e+01
   1.0000000e+00   1.0106984e+01
   2.0000000e+00   1.0105579e+01
   3.0000000e+00   1.0105228e+01
   4.0000000e+00   1.0104435e+01
   5.0000000e+00   1.0103794e+01
   6.0000000e+00   1.0103479e+01
   7.0000000e+00   1.0103227e+01
   8.0000000e+00   1.0102692e+01
   9.0000000e+00   1.0102478e+01
   1.0000000e+01   1.0102016e+01
   1.1000000e+01   1.0101705e+01
   1.2000000e+01   1.0101639e+01
   1.3000000e+01   1.0101623e+01
   1.4000000e+01   1.0101240e+01
   1.5000000e+01   1.0101029e+01
   1.6000000e+01   1.0100779e+01
   1.7000000e+01   1.0100418e+01
   1.8000000e+01   1.0100593e+01
   1.9000000e+01   1.0100275e+01
   2.0000000e+01   1.0100388e+01
   2.1000000e+01   1.0099966e+01
   2.2000000e+01   1.0099859e+01
   2.3000000e+01   1.0099839e+01
   2.4000000e+01   1.0099896e+01
   2.5000000e+01   1.0099805e+01
   2.6000000e+01   1.0099522e+01
   2.7000000e+01   1.0099505e+01
   2.8000000e+01   1.0099349e+01
   2.9000000e+01   1.0099173e+01
   3.0000000e+01   1.0099054e+01
   3.1000000e+01   1.0098864e+01
   3.2000000e+01   1.0098645e+01
   3.3000000e+01   1.0098809e+01
   3.4000000e+01   1.0098599e+01
   3.5000000e+01   1.0098437e+01
   3.6000000e+01   1.0098742e+01
   3.7000000e+01   1.0098250e+01
   3.8000000e+01   1.0098068e+01
   3.9000000e+01   1.0097885e+01
   4.0000000e+01   1.0097796e+01
   4.1000000e+01   1.0097854e+01
   4.2000000e+01   1.0097537e+01
   4.3000000e+01   1.0097710e+01
   4.4000000e+01   1.0097609e+01
   4.5000000e+01   1.0097419e+01
   4.6000000e+01   1.0097298e+01
   4.7000000e+01   1.0097289e+01
   4.8000000e+01   1.0097344e+01
   4.9000000e+01   1.0097307e+01
   5.0000000e+01   1.0097254e+01
   5.1000000e+01   1.0097192e+01
   5.2000000e+01   1.0097063e+01
   5.3000000e+01   1.0096900e+01
   5.4000000e+01   1.0096952e+01
   5.5000000e+01   1.0096789e+01
   5.6000000e+01   1.0096749e+01
   5.7000000e+01   1.0096553e+01
   5.8000000e+01   1.0096284e+01
   5.9000000e+01   1.0096293e+01
   6.0000000e+01   1.0096244e+01
   6.1000000e+01   1.0096103e+01
   6.2000000e+01   1.0096251e+01
   6.3000000e+01   1.0096135e+01
   6.4000000e+01   1.0096246e+01
   6.5000000e+01   1.0095933e+01
   6.6000000e+01   1.0095892e+01
   6.7000000e+01   1.0095916e+01
   6.8000000e+01   1.0095773e+01
   6.9000000e+01   1.0095670e+01
   7.0000000e+01   1.0095752e+01
   7.1000000e+01   1.0095439e+01
   7.2000000e+01   1.0095584e+01
   7.3000000e+01   1.0095364e+01
   7.4000000e+01   1.0095265e+01
   7.5000000e+01   1.0095431e+01
   7.6000000e+01   1.0095375e+01
   7.7000000e+01   1.0095354e+01
   7.8000000e+01   1.0095294e+01
   7.9000000e+01   1.0094987e+01
   8.0000000e+01   1.0095099e+01
   8.1000000e+01   1.0095034e+01
   8.2000000e+01   1.0095088e+01
   8.3000000e+01   1.0094882e+01
   8.4000000e+01   1.0094673e+01
   8.5000000e+01   1.0094994e+01
   8.6000000e+01   1.0094751e+01
   8.7000000e+01   1.0094725e+01
   8.8000000e+01   1.0094507e+01
   8.9000000e+01   1.0094196e+01
   9.0000000e+01   1.0094414e+01
   9.1000000e+01   1.0094743e+01
   9.2000000e+01   1.0094428e+01
   9.3000000e+01   1.0094585e+01
   9.4000000e+01   1.0094076e+01
   9.5000000e+01   1.0094307e+01
   9.6000000e+01   1.0094044e+01
   9.7000000e+01   1.0094086e+01
   9.8000000e+01   1.0094002e+01
   9.9000000e+01   1.0094086e+01
   1.0000000e+02   1.0094099e+01
   1.0100000e+02   1.0093790e+01
   1.0200000e+02   1.0094179e+01
   1.0300000e+02   1.0093703e+01
   1.0400000e+02   1.0093750e+01
   1.0500000e+02   1.0093719e+01
   1.0600000e+02   1.0093681e+01
   1.0700000e+02   1.0093750e+01
   1.0800000e+02   1.0093934e+01
   1.0900000e+02   1.0093293e+01
   1.1000000e+02   1.0093239e+01
   1.1100000e+02   1.0093162e+01
   1.1200000e+02   1.0093014e+01
   1.1300000e+02   1.0093173e+01
   1.1400000e+02   1.0093150e+01
   1.1500000e+02   1.0093303e+01
   1.1600000e+02   1.0092962e+01
   1.1700000e+02   1.0092897e+01
   1.1800000e+02   1.0092884e+01
   1.1900000e+02   1.0092880e+01
   1.2000000e+02   1.0092966e+01
   1.2100000e+02   1.0093071e+01
   1.2200000e+02   1.0092728e+01
   1.2300000e+02   1.0092820e+01
   1.2400000e+02   1.0092644e+01
   1.2500000e+02   1.0092489e+01
   1.2600000e+02   1.0092507e+01
   1.2700000e+02   1.0092603e+01
   1.2800000e+02   1.0092528e+01
   1.2900000e+02   1.0092482e+01
   1.3000000e+02   1.0092188e+01
   1.3100000e+02   1.0092131e+01
   1.3200000e+02   1.0092217e+01
   1.3300000e+02   1.0092350e+01
   1.3400000e+02   1.0092074e+01
   1.3500000e+02   1.0092106e+01
   1.3600000e+02   1.0092222e+01
   1.3700000e+02   1.0092220e+01
   1.3800000e+02   1.0092149e+01
   1.3900000e+02   1.0091543e+01
   1.4000000e+02   1.0092038e+01
   1.4100000e+02   1.0091656e+01
   1.4200000e+02   1.0091623e+01
   1.4300000e+02   1.0091823e+01
   1.4400000e+02   1.0091723e+01
   1.4500000e+02   1.0091731e+01
   1.4600000e+02   1.0091689e+01
   1.4700000e+02   1.0091558e+01
   1.4800000e+02   1.0091708e+01
   1.4900000e+02   1.0091736e+01
   1.5000000e+02   1.0091568e+01
   1.5100000e+02   1.0091491e+01
   1.5200000e+02   1.0091680e+01
   1.5300000e+02   1.0091686e+01
   1.5400000e+02   1.0091529e+01
   1.5500000e+02   1.0091624e+01
   1.5600000e+02   1.0091503e+01
   1.5700000e+02   1.0091394e+01
   1.5800000e+02   1.0091492e+01
   1.5900000e+02   1.0091374e+01
   1.6000000e+02   1.0091319e+01
   1.6100000e+02   1.0091391e+01
   1.6200000e+02   1.0091334e+01
   1.6300000e+02   1.0091277e+01
   1.6400000e+02   1.0091161e+01
   1.6500000e+02   1.0091230e+01
   1.6600000e+02   1.0091108e+01
   1.6700000e+02   1.0089072e+01
   1.6800000e+02   1.0080399e+01
   1.6900000e+02   1.0072765e+01
   1.7000000e+02   1.0077699e+01
   1.7100000e+02   1.0084218e+01
   1.7200000e+02   1.0087692e+01
   1.7300000e+02   1.0089412e+01
   1.7400000e+02   1.0089819e+01
   1.7500000e+02   1.0090416e+01
   1.7600000e+02   1.0090222e+01
   1.7700000e+02   1.0090362e+01
   1.7800000e+02   1.0090585e+01
   1.7900000e+02   1.0088141e+01
   1.8000000e+02   1.0066824e+01
   1.8100000e+02   1.0043229e+01
   1.8200000e+02   1.0049027e+01
   1.8300000e+02   1.0062513e+01
   1.8400000e+02   1.0069434e+01
   1.8500000e+02   1.0071044e+01
   1.8600000e+02   1.0071090e+01
   1.8700000e+02   1.0073191e+01
   1.8800000e+02   1.0076495e+01
   1.8900000e+02   1.0080212e+01
   1.9000000e+02   1.0083559e+01
   1.9100000e+02   1.0086636e+01
   1.9200000e+02   1.0087795e+01
   1.9300000e+02   1.0088585e+01
   1.9400000e+02   1.0088761e+01
   1.9500000e+02   1.0089033e+01
   1.9600000e+02   1.0089334e+01
   1.9700000e+02   1.0089373e+01
   1.9800000e+02   1.0089255e+01
   1.9900000e+02   1.0089021e+01
   2.0000000e+02   1.0089135e+01
   2.0100000e+02   1.0089333e+01
   2.0200000e+02   1.0089259e+01
   2.0300000e+02   1.0089178e+01
   2.0400000e+02   1.0089456e+01
   2.0500000e+02   1.0089249e+01
   2.0600000e+02   1.0089141e+01
   2.0700000e+02   1.0089352e+01
   2.0800000e+02   1.0089398e+01
   2.0900000e+02   1.0089274e+01
   2.1000000e+02   1.0088943e+01
   2.1100000e+02   1.0088937e+01
   2.1200000e+02   1.0089089e+01
   2.1300000e+02   1.0089065e+01
   2.1400000e+02   1.0089045e+01
   2.1500000e+02   1.0089238e+01
   2.1600000e+02   1.0089411e+01
   2.1700000e+02   1.0089189e+01
   2.1800000e+02   1.0088998e+01
   2.1900000e+02   1.0088899e+01
   2.2000000e+02   1.0089072e+01
   2.2100000e+02   1.0088998e+01
   2.2200000e+02   1.0088677e+01
   2.2300000e+02   1.0088287e+01
   2.2400000e+02   1.0088290e+01
   2.2500000e+02   1.0087631e+01
   2.2600000e+02   1.0087132e+01
   2.2700000e+02   1.0086469e+01
   2.2800000e+02   1.0086088e+01
   2.2900000e+02   1.0085874e+01
   2.3000000e+02   1.0086038e+01
   2.3100000e+02   1.0086298e+01
   2.3200000e+02   1.0086865e+01
   2.3300000e+02   1.0087088e+01
   2.3400000e+02   1.0087349e+01
   2.3500000e+02   1.0087428e+01
   2.3600000e+02   1.0087732e+01
   2.3700000e+02   1.0087684e+01
   2.3800000e+02   1.0087663e+01
   2.3900000e+02   1.0087872e+01
   2.4000000e+02   1.0087592e+01
   2.4100000e+02   1.0087250e+01
   2.4200000e+02   1.0087552e+01
   2.4300000e+02   1.0087363e+01
   2.4400000e+02   1.0087436e+01
   2.4500000e+02   1.0087067e+01
   2.4600000e+02   1.0086117e+01
   2.4700000e+02   1.0085009e+01
   2.4800000e+02   1.0082220e+01
   2.4900000e+02   1.0078496e+01
   2.5000000e+02   1.0073778e+01
   2.5100000e+02   1.0069970e+01
   2.5200000e+02   1.0068229e+01
   2.5300000e+02   1.0068585e+01
   2.5400000e+02   1.0070442e+01
   2.5500000e+02   1.0073609e+01
   2.5600000e+02   1.0075992e+01
   2.5700000e+02   1.0078014e+01
   2.5800000e+02   1.0078018e+01
   2.5900000e+02   1.0076914e+01
   2.6000000e+02   1.0076034e+01
   2.6100000e+02   1.0074316e+01
   2.6200000e+02   1.0073198e+01
   2.6300000e+02   1.0072058e+01
   2.6400000e+02   1.0071572e+01
   2.6500000e+02   1.0070423e+01
   2.6600000e+02   1.0069564e+01
   2.6700000e+02   1.0069211e+01
   2.6800000e+02   1.0070200e+01
   2.6900000e+02   1.0072153e+01
   2.7000000e+02   1.0074496e+01
   2.7100000e+02   1.0077206e+01
   2.7200000e+02   1.0079281e+01
   2.7300000e+02   1.0080673e+01
   2.7400000e+02   1.0081752e+01
   2.7500000e+02   1.0082228e+01
   2.7600000e+02   1.0082373e+01
   2.7700000e+02   1.0081899e+01
   2.7800000e+02   1.0081460e+01
   2.7900000e+02   1.0081708e+01
   2.8000000e+02   1.0081803e+01
   2.8100000e+02   1.0082115e+01
   2.8200000e+02   1.0082689e+01
   2.8300000e+02   1.0083002e+01
   2.8400000e+02   1.0083356e+01
   2.8500000e+02   1.0083651e+01
   2.8600000e+02   1.0083496e+01
   2.8700000e+02   1.0083045e+01
   2.8800000e+02   1.0083620e+01
   2.8900000e+02   1.0084028e+01
   2.9000000e+02   1.0084257e+01
   2.9100000e+02   1.0084448e+01
   2.9200000e+02   1.0085141e+01
   2.9300000e+02   1.0084917e+01
   2.9400000e+02   1.0085053e+01
   2.9500000e+02   1.0085166e+01
   2.9600000e+02   1.0085347e+01
   2.9700000e+02   1.0085491e+01
   2.9800000e+02   1.0085076e+01
   2.9900000e+02   1.0085493e+01
   3.0000000e+02   1.0085765e+01
   3.0100000e+02   1.0085773e+01
   3.0200000e+02   1.0085516e+01
   3.0300000e+02   1.0085398e+01
   3.0400000e+02   1.0085201e+01
   3.0500000e+02   1.0085003e+01
   3.0600000e+02   1.0084264e+01
   3.0700000e+02   1.0083719e+01
   3.0800000e+02   1.0082593e+01
   3.0900000e+02   1.0081375e+01
   3.1000000e+02   1.0079461e+01
   3.1100000e+02   1.0077640e+01
   3.1200000e+02   1.0074920e+01
   3.1300000e+02   1.0071743e+01
   3.1400000e+02   1.0068369e+01
   3.1500000e+02   1.0066229e+01
   3.1600000e+02   1.0065421e+01
   3.1700000e+02   1.0065947e+01
   3.1800000e+02   1.0067069e+01
   3.1900000e+02   1.0067936e+01
   3.2000000e+02   1.0067731e+01
   3.2100000e+02   1.0065752e+01
   3.2200000e+02   1.0062199e+01
   3.2300000e+02   1.0057996e+01
   3.2400000e+02   1.0053612e+01
   3.2500000e+02   1.0051140e+01
   3.2600000e+02   1.0050143e+01
   3.2700000e+02   1.0050756e+01
   3.2800000e+02   1.0052894e+01
   3.2900000e+02   1.0055575e+01
   3.3000000e+02   1.0058999e+01
   3.3100000e+02   1.0062820e+01
   3.3200000e+02   1.0066533e+01
   3.3300000e+02   1.0070714e+01
   3.3400000e+02   1.0074190e+01
   3.3500000e+02   1.0077090e+01
   3.3600000e+02   1.0079064e+01
   3.3700000e+02   1.0080356e+01
   3.3800000e+02   1.0080478e+01
   3.3900000e+02   1.0079964e+01
   3.4000000e+02   1.0079117e+01
   3.4100000e+02   1.0077449e+01
   3.4200000e+02   1.0076444e+01
   3.4300000e+02   1.0075141e+01
   3.4400000e+02   1.0074879e+01
   3.4500000e+02   1.0075370e+01
   3.4600000e+02   1.0076094e+01
   3.4700000e+02   1.0077452e+01
   3.4800000e+02   1.0078733e+01
   3.4900000e+02   1.0080091e+01
   3.5000000e+02   1.0081788e+01
   3.5100000e+02   1.0082485e+01
   3.5200000e+02   1.0082459e+01
   3.5300000e+02   1.0082893e+01
   3.5400000e+02   1.0083741e+01
   3.5500000e+02   1.0083594e+01
   3.5600000e+02   1.0083988e+01
   3.5700000e+02   1.0083637e+01
   3.5800000e+02   1.0084030e+01
   3.5900000e+02   1.0084133e+01
   3.6000000e+02   1.0083831e+01
   3.6100000e+02   1.0083951e+01
   3.6200000e+02   1.0083573e+01
   3.6300000e+02   1.0083019e+01
   3.6400000e+02   1.0083047e+01
   3.6500000e+02   1.0082898e+01
   3.6600000e+02   1.0081966e+01
   3.6700000e+02   1.0082126e+01
   3.6800000e+02   1.0081930e+01
   3.6900000e+02   1.0082472e+01
   3.7000000e+02   1.0082374e+01
   3.7100000e+02   1.0082704e+01
   3.7200000e+02   1.0083052e+01
   3.7300000e+02   1.0083539e+01
   3.7400000e+02   1.0083686e+01
   3.7500000e+02   1.0083782e+01
   3.7600000e+02   1.0084192e+01
   3.7700000e+02   1.0083974e+01
   3.7800000e+02   1.0084360e+01
   3.7900000e+02   1.0084196e+01
   3.8000000e+02   1.0084347e+01
   3.8100000e+02   1.0083920e+01
   3.8200000e+02   1.0084088e+01
   3.8300000e+02   1.0084071e+01
   3.8400000e+02   1.0084120e+01
   3.8500000e+02   1.0083934e+01
   3.8600000e+02   1.0084074e+01
   3.8700000e+02   1.0083909e+01
   3.8800000e+02   1.0083964e+01
   3.8900000e+02   1.0083803e+01
   3.9000000e+02   1.0083595e+01
   3.9100000e+02   1.0083339e+01
   3.9200000e+02   1.0083031e+01
   3.9300000e+02   1.0082590e+01
   3.9400000e+02   1.0082320e+01
   3.9500000e+02   1.0082422e+01
   3.9600000e+02   1.0081901e+01
   3.9700000e+02   1.0081935e+01
   3.9800000e+02   1.0082220e+01
   3.9900000e+02   1.0082049e+01
   4.0000000e+02   1.0082315e+01
   4.0100000e+02   1.0082747e+01
   4.0200000e+02   1.0082984e+01
   4.0300000e+02   1.0083157e+01
   4.0400000e+02   1.0083467e+01
   4.0500000e+02   1.0083688e+01
   4.0600000e+02   1.0083896e+01
   4.0700000e+02   1.0083633e+01
   4.0800000e+02   1.0083857e+01
   4.0900000e+02   1.0084022e+01
   4.1000000e+02   1.0083880e+01
   4.1100000e+02   1.0083737e+01
   4.1200000e+02   1.0083940e+01
   4.1300000e+02   1.0083791e+01
   4.1400000e+02   1.0083811e+01
   4.1500000e+02   1.0083849e+01
   4.1600000e+02   1.0083976e+01
   4.1700000e+02   1.0083710e+01
   4.1800000e+02   1.0083796e+01
   4.1900000e+02   1.0084031e+01
   4.2000000e+02   1.0083542e+01
   4.2100000e+02   1.0083674e+01
   4.2200000e+02   1.0083578e+01
   4.2300000e+02   1.0083663e+01
   4.2400000e+02   1.0083562e+01
   4.2500000e+02   1.0083511e+01
   4.2600000e+02   1.0083357e+01
   4.2700000e+02   1.0083628e+01
   4.2800000e+02   1.0083470e+01
   4.2900000e+02   1.0083315e+01
   4.3000000e+02   1.0083440e+01
   4.3100000e+02   1.0083606e+01
   4.3200000e+02   1.0083351e+01
   4.3300000e+02   1.0083359e+01
   4.3400000e+02   1.0083562e+01
   4.3500000e+02   1.0083440e+01
   4.3600000e+02   1.0083272e+01
   4.3700000e+02   1.0083437e+01
   4.3800000e+02   1.0083300e+01
   4.3900000e+02   1.0083208e+01
   4.4000000e+02   1.0083421e+01
   4.4100000e+02   1.0083133e+01
   4.4200000e+02   1.0083105e+01
   4.4300000e+02   1.0083228e+01
   4.4400000e+02   1.0082809e+01
   4.4500000e+02   1.0082610e+01
   4.4600000e+02   1.0082040e+01
   4.4700000e+02   1.0081426e+01
   4.4800000e+02   1.0080748e+01
   4.4900000e+02   1.0079677e+01
   4.5000000e+02   1.0078216e+01
   4.5100000e+02   1.0076654e+01
   4.5200000e+02   1.0075574e+01
   4.5300000e+02   1.0073844e+01
   4.5400000e+02   1.0073172e+01
   4.5500000e+02   1.0072307e+01
   4.5600000e+02   1.0072243e+01
   4.5700000e+02   1.0073180e+01
   4.5800000e+02   1.0073993e+01
   4.5900000e+02   1.0075050e+01
   4.6000000e+02   1.0076353e+01
   4.6100000e+02   1.0077510e+01
   4.6200000e+02   1.0078827e+01
   4.6300000e+02   1.0079779e+01
   4.6400000e+02   1.0080641e+01
   4.6500000e+02   1.0081147e+01
   4.6600000e+02   1.0081367e+01
   4.6700000e+02   1.0081903e+01
   4.6800000e+02   1.0082227e+01
   4.6900000e+02   1.0082141e+01
   4.7000000e+02   1.0082020e+01
   4.7100000e+02   1.0082372e+01
   4.7200000e+02   1.0081835e+01
   4.7300000e+02   1.0082394e+01
   4.7400000e+02   1.0082502e+01
   4.7500000e+02   1.0082353e+01
   4.7600000e+02   1.0082224e+01
   4.7700000e+02   1.0082282e+01
   4.7800000e+02   1.0082077e+01
   4.7900000e+02   1.0082308e+01
   4.8000000e+02   1.0082467e+01
   4.8100000e+02   1.0082502e+01
   4.8200000e+02   1.0082386e+01
   4.8300000e+02   1.0082302e+01
   4.8400000e+02   1.0082394e+01
   4.8500000e+02   1.0082646e+01
   4.8600000e+02   1.0082018e+01
   4.8700000e+02   1.0082348e+01
   4.8800000e+02   1.0082236e+01
   4.8900000e+02   1.0082025e+01
   4.9000000e+02   1.0082135e+01
   4.9100000e+02   1.0082390e+01
   4.9200000e+02   1.0082303e+01
   4.9300000e+02   1.0081932e+01
   4.9400000e+02   1.0082231e+01
   4.9500000e+02   1.0082052e+01
   4.9600000e+02   1.0082242e+01
   4.9700000e+02   1.0081984e+01
   4.9800000e+02   1.0082040e+01
   4.9900000e+02   1.0081931e+01
   5.0000000e+02   1.0081965e+01
   5.0100000e+02   1.0081888e+01
   5.0200000e+02   1.0081753e+01
   5.0300000e+02   1.0082079e+01
   5.0400000e+02   1.0082023e+01
   5.0500000e+02   1.0082129e+01
   5.0600000e+02   1.0081869e+01
   5.0700000e+02   1.0082086e+01
   5.0800000e+02   1.0082078e+01
   5.0900000e+02   1.0082040e+01
   5.1000000e+02   1.0081914e+01
   5.1100000e+02   1.0081952e+01
   5.1200000e+02   1.0081988e+01
   5.1300000e+02   1.0082087e+01
   5.1400000e+02   1.0081877e+01
   5.1500000e+02   1.0081683e+01
   5.1600000e+02   1.0081907e+01
   5.1700000e+02   1.0081937e+01
   5.1800000e+02   1.0081591e+01
   5.1900000e+02   1.0081947e+01
   5.2000000e+02   1.0081518e+01
   5.2100000e+02   1.0081984e+01
   5.2200000e+02   1.0081862e+01
   5.2300000e+02   1.0081534e+01
   5.2400000e+02   1.0081640e+01
   5.2500000e+02   1.0081408e+01
   5.2600000e+02   1.0081598e+01
   5.2700000e+02   1.0081595e+01
   5.2800000e+02   1.0081500e+01
   5.2900000e+02   1.0081760e+01
   5.3000000e+02   1.0081639e+01
   5.3100000e+02   1.0081427e+01
   5.3200000e+02   1.0081422e+01
   5.3300000e+02   1.0081552e+01
   5.3400000e+02   1.0081677e+01
   5.3500000e+02   1.0081933e+01
   5.3600000e+02   1.0081572e+01
   5.3700000e+02   1.0081749e+01
   5.3800000e+02   1.0081433e+01
   5.3900000e+02   1.0081763e+01
   5.4000000e+02   1.0081518e+01
   5.4100000e+02   1.0081633e+01
   5.4200000e+02   1.0081351e+01
   5.4300000e+02   1.0081414e+01
   5.4400000e+02   1.0081408e+01
   5.4500000e+02   1.0081392e+01
   5.4600000e+02   1.0081089e+01
   5.4700000e+02   1.0081406e+01
   5.4800000e+02   1.0081044e+01
   5.4900000e+02   1.0081279e+01
   5.5000000e+02   1.0081242e+01
   5.5100000e+02   1.0081302e+01
   5.5200000e+02   1.0081336e+01
   5.5300000e+02   1.0081229e+01
   5.5400000e+02   1.0081415e+01
   5.5500000e+02   1.0081110e+01
   5.5600000e+02   1.0081387e+01
   5.5700000e+02   1.0081475e+01
   5.5800000e+02   1.0080917e+01
   5.5900000e+02   1.0081281e+01
   5.6000000e+02   1.0081299e+01
   5.6100000e+02   1.0081326e+01
   5.6200000e+02   1.0081121e+01
   5.6300000e+02   1.0081318e+01
   5.6400000e+02   1.0081507e+01
   5.6500000e+02   1.0081176e+01
   5.6600000e+02   1.0081424e+01
   5.6700000e+02   1.0081146e+01
   5.6800000e+02   1.0081065e+01
   5.6900000e+02   1.0081102e+01
   5.7000000e+02   1.0081315e+01
   5.7100000e+02   1.0081060e+01
   5.7200000e+02   1.0081143e+01
   5.7300000e+02   1.0081196e+01
   5.7400000e+02   1.0080953e+01
   5.7500000e+02   1.0080647e+01
   5.7600000e+02   1.0081248e+01
   5.7700000e+02   1.0080810e+01
   5.7800000e+02   1.0080919e+01
   5.7900000e+02   1.0080903e+01
   5.8000000e+02   1.0080716e+01
   5.8100000e+02   1.0080816e+01
   5.8200000e+02   1.0080691e+01
   5.8300000e+02   1.0080639e+01
   5.8400000e+02   1.0080622e+01
   5.8500000e+02   1.0080823e+01
   5.8600000e+02   1.0080578e+01
   5.8700000e+02   1.0080388e+01
   5.8800000e+02   1.0080390e+01
   5.8900000e+02   1.0080516e+01
   5.9000000e+02   1.0080417e+01
   5.9100000e+02   1.0080504e+01
   5.9200000e+02   1.0080445e+01
   5.9300000e+02   1.0080582e+01
   5.9400000e+02   1.0080372e+01
   5.9500000e+02   1.0080495e+01
   5.9600000e+02   1.0080354e+01
   5.9700000e+02   1.0080561e+01
   5.9800000e+02   1.0080215e+01
   5.9900000e+02   1.0080477e+01
   6.0000000e+02   1.0080574e+01
   6.0100000e+02   1.0080577e+01
   6.0200000e+02   1.0080557e+01
   6.0300000e+02   1.0080656e+01
   6.0400000e+02   1.0080604e+01
   6.0500000e+02   1.0080570e+01
   6.0600000e+02   1.0080425e+01
   6.0700000e+02   1.0080450e+01
   6.0800000e+02   1.0080469e+01
   6.0900000e+02   1.0080384e+01
   6.1000000e+02   1.0080434e+01
   6.1100000e+02   1.0080226e+01
   6.1200000e+02   1.0080260e+01
   6.1300000e+02   1.0080464e+01
   6.1400000e+02   1.0080213e+01
   6.1500000e+02   1.0080358e+01
   6.1600000e+02   1.0080276e+01
   6.1700000e+02   1.0080037e+01
   6.1800000e+02   1.0080281e+01
   6.1900000e+02   1.0080210e+01
   6.2000000e+02   1.0080339e+01
   6.2100000e+02   1.0080190e+01
   6.2200000e+02   1.0080103e+01
   6.2300000e+02   1.0080287e+01
   6.2400000e+02   1.0080102e+01
   6.2500000e+02   1.0080401e+01
   6.2600000e+02   1.0080208e+01
   6.2700000e+02   1.0080128e+01
   6.2800000e+02   1.0080130e+01
   6.2900000e+02   1.0080151e+01
   6.3000000e+02   1.0079973e+01
   6.3100000e+02   1.0080109e+01
   6.3200000e+02   1.0080114e+01
   6.3300000e+02   1.0079774e+01
   6.3400000e+02   1.0080023e+01
   6.3500000e+02   1.0079801e+01
   6.3600000e+02   1.0079947e+01
   6.3700000e+02   1.0079842e+01
   6.3800000e+02   1.0079735e+01
   6.3900000e+02   1.0079794e+01
   6.4000000e+02   1.0079705e+01
   6.4100000e+02   1.0079733e+01
   6.4200000e+02   1.0079523e+01
   6.4300000e+02   1.0079543e+01
   6.4400000e+02   1.0079537e+01
   6.4500000e+02   1.0079357e+01
   6.4600000e+02   1.0079547e+01
   6.4700000e+02   1.0079604e+01
   6.4800000e+02   1.0079404e+01
   6.4900000e+02   1.0079477e+01
   6.5000000e+02   1.0079481e+01
   6.5100000e+02   1.0079508e+01
   6.5200000e+02   1.0079552e+01
   6.5300000e+02   1.0079687e+01
   6.5400000e+02   1.0079756e+01
   6.5500000e+02   1.0079680e+01
   6.5600000e+02   1.0079670e+01
   6.5700000e+02   1.0079610e+01
   6.5800000e+02   1.0079756e+01
   6.5900000e+02   1.0079575e+01
   6.6000000e+02   1.0079617e+01
   6.6100000e+02   1.0079851e+01
   6.6200000e+02   1.0079585e+01
   6.6300000e+02   1.0079638e+01
   6.6400000e+02   1.0079664e+01
   6.6500000e+02   1.0079557e+01
   6.6600000e+02   1.0079524e+01
   6.6700000e+02   1.0079644e+01
   6.6800000e+02   1.0079543e+01
   6.6900000e+02   1.0079428e+01
   6.7000000e+02   1.0079494e+01
   6.7100000e+02   1.0079564e+01
   6.7200000e+02   1.0079584e+01
   6.7300000e+02   1.0079544e+01
   6.7400000e+02   1.0079517e+01
   6.7500000e+02   1.0079545e+01
   6.7600000e+02   1.0079391e+01
   6.7700000e+02   1.0079292e+01
   6.7800000e+02   1.0079513e+01
   6.7900000e+02   1.0079369e+01
   6.8000000e+02   1.0079532e+01
   6.8100000e+02   1.0079704e+01
   6.8200000e+02   1.0079254e+01
   6.8300000e+02   1.0079497e+01
   6.8400000e+02   1.0079613e+01
   6.8500000e+02   1.0079172e+01
   6.8600000e+02   1.0079237e+01
   6.8700000e+02   1.0078944e+01
   6.8800000e+02   1.0079058e+01
   6.8900000e+02   1.0079007e+01
   6.9000000e+02   1.0079004e+01
   6.9100000e+02   1.0079049e+01
   6.9200000e+02   1.0079010e+01
   6.9300000e+02   1.0078960e+01
   6.9400000e+02   1.0079086e+01
   6.9500000e+02   1.0078984e+01
   6.9600000e+02   1.0078802e+01
   6.9700000e+02   1.0078595e+01
   6.9800000e+02   1.0078577e+01
   6.9900000e+02   1.0078641e+01
   7.0000000e+02   1.0078739e+01
   7.0100000e+02   1.0078644e+01
   7.0200000e+02   1.0078896e+01
   7.0300000e+02   1.0078678e+01
   7.0400000e+02   1.0078767e+01
   7.0500000e+02   1.0078692e+01
   7.0600000e+02   1.0078723e+01
   7.0700000e+02   1.0078884e+01
   7.0800000e+02   1.0078907e+01
   7.0900000e+02   1.0078759e+01
   7.1000000e+02   1.0078817e+01
   7.1100000e+02   1.0078990e+01
   7.1200000e+02   1.0078755e+01
   7.1300000e+02   1.0078692e+01
   7.1400000e+02   1.0078554e+01
   7.1500000e+02   1.0078752e+01
   7.1600000e+02   1.0078887e+01
   7.1700000e+02   1.0078699e+01
   7.1800000e+02   1.0078708e+01
   7.1900000e+02   1.0078589e+01
   7.2000000e+02   1.0078663e+01
   7.2100000e+02   1.0078772e+01
   7.2200000e+02   1.0078451e+01
   7.2300000e+02   1.0078451e+01
   7.2400000e+02   1.0078780e+01
   7.2500000e+02   1.0078737e+01
   7.2600000e+02   1.0078348e+01
   7.2700000e+02   1.0078662e+01
   7.2800000e+02   1.0078635e+01
   7.2900000e+02   1.0078735e+01
   7.3000000e+02   1.0078654e+01
   7.3100000e+02   1.0078865e+01
   7.3200000e+02   1.0079067e+01
   7.3300000e+02   1.0078785e+01
   7.3400000e+02   1.0078591e+01
   7.3500000e+02   1.0078718e+01
   7.3600000e+02   1.0078789e+01
   7.3700000e+02   1.0078491e+01
   7.3800000e+02   1.0078693e+01
   7.3900000e+02   1.0078673e+01
   7.4000000e+02   1.0078557e+01
   7.4100000e+02   1.0078558e+01
   7.4200000e+02   1.0078329e+01
   7.4300000e+02   1.0078303e+01
   7.4400000e+02   1.0077995e+01
   7.4500000e+02   1.0078094e+01
   7.4600000e+02   1.0077727e+01
   7.4700000e+02   1.0078392e+01
   7.4800000e+02   1.0078257e+01
   7.4900000e+02   1.0077988e+01
   7.5000000e+02   1.0078163e+01
   7.5100000e+02   1.0077834e+01
   7.5200000e+02   1.0078210e+01
   7.5300000e+02   1.0078254e+01
   7.5400000e+02   1.0078030e+01
   7.5500000e+02   1.0078242e+01
   7.5600000e+02   1.0078299e+01
   7.5700000e+02   1.0078190e+01
   7.5800000e+02   1.0078116e+01
   7.5900000e+02   1.0077913e+01
   7.6000000e+02   1.0078034e+01
   7.6100000e+02   1.0078161e+01
   7.6200000e+02   1.0078174e+01
   7.6300000e+02   1.0078068e+01
   7.6400000e+02   1.0078349e+01
   7.6500000e+02   1.0077956e+01
   7.6600000e+02   1.0078003e+01
   7.6700000e+02   1.0078224e+01
   7.6800000e+02   1.0078116e+01
   7.6900000e+02   1.0077768e+01
   7.7000000e+02   1.0078196e+01
   7.7100000e+02   1.0078022e+01
   7.7200000e+02   1.0077952e+01
   7.7300000e+02   1.0078031e+01
   7.7400000e+02   1.0078071e+01
   7.7500000e+02   1.0078219e+01
   7.7600000e+02   1.0078203e+01
   7.7700000e+02   1.0078218e+01
   7.7800000e+02   1.0077780e+01
   7.7900000e+02   1.0078121e+01
   7.8000000e+02   1.0077771e+01
