   0.0000000e+00   1.0199870e+01
   1.0000000e+00   1.0194214e+01
   2.0000000e+00   1.0193041e+01
   3.0000000e+00   1.0191991e+01
   4.0000000e+00   1.0191249e+01
   5.0000000e+00   1.0190855e+01
   6.0000000e+00   1.0190524e+01
   7.0000000e+00   1.0190149e+01
   8.0000000e+00   1.0189405e+01
   9.0000000e+00   1.0189149e+01
   1.0000000e+01   1.0188780e+01
   1.1000000e+01   1.0188621e+01
   1.2000000e+01   1.0188300e+01
   1.3000000e+01   1.0188015e+01
   1.4000000e+01   1.0187867e+01
   1.5000000e+01   1.0187605e+01
   1.6000000e+01   1.0187439e+01
   1.7000000e+01   1.0187292e+01
   1.8000000e+01   1.0187105e+01
   1.9000000e+01   1.0187043e+01
   2.0000000e+01   1.0186704e+01
   2.1000000e+01   1.0186599e+01
   2.2000000e+01   1.0186688e+01
   2.3000000e+01   1.0186697e+01
   2.4000000e+01   1.0186219e+01
   2.5000000e+01   1.0186005e+01
   2.6000000e+01   1.0185990e+01
   2.7000000e+01   1.0185996e+01
   2.8000000e+01   1.0185796e+01
   2.9000000e+01   1.0185655e+01
   3.0000000e+01   1.0185510e+01
   3.1000000e+01   1.0185336e+01
   3.2000000e+01   1.0185215e+01
   3.3000000e+01   1.0185366e+01
   3.4000000e+01   1.0185036e+01
   3.5000000e+01   1.0184889e+01
   3.6000000e+01   1.0184841e+01
   3.7000000e+01   1.0184866e+01
   3.8000000e+01   1.0184720e+01
   3.9000000e+01   1.0184282e+01
   4.0000000e+01   1.0184545e+01
   4.1000000e+01   1.0184565e+01
   4.2000000e+01   1.0184439e+01
   4.3000000e+01   1.0184316e+01
   4.4000000e+01   1.0184106e+01
   4.5000000e+01   1.0183875e+01
   4.6000000e+01   1.0183995e+01
   4.7000000e+01   1.0183975e+01
   4.8000000e+01   1.0183946e+01
   4.9000000e+01   1.0183774e+01
   5.0000000e+01   1.0183550e+01
   5.1000000e+01   1.0183615e+01
   5.2000000e+01   1.0183382e+01
   5.3000000e+01   1.0183259e+01
   5.4000000e+01   1.0183345e+01
   5.5000000e+01   1.0183323e+01
   5.6000000e+01   1.0183515e+01
   5.7000000e+01   1.0183337e+01
   5.8000000e+01   1.0183095e+01
   5.9000000e+01   1.0183168e+01
   6.0000000e+01   1.0182990e+01
   6.1000000e+01   1.0182805e+01
   6.2000000e+01   1.0182736e+01
   6.3000000e+01   1.0182777e+01
   6.4000000e+01   1.0182617e+01
   6.5000000e+01   1.0182616e+01
   6.6000000e+01   1.0182484e+01
   6.7000000e+01   1.0182443e+01
   6.8000000e+01   1.0182308e+01
   6.9000000e+01   1.0182249e+01
   7.0000000e+01   1.0182047e+01
   7.1000000e+01   1.0181883e+01
   7.2000000e+01   1.0181843e+01
   7.3000000e+01   1.0181776e+01
   7.4000000e+01   1.0181769e+01
   7.5000000e+01   1.0181865e+01
   7.6000000e+01   1.0181705e+01
   7.7000000e+01   1.0181472e+01
   7.8000000e+01   1.0181554e+01
   7.9000000e+01   1.0181573e+01
   8.0000000e+01   1.0181436e+01
   8.1000000e+01   1.0181284e+01
   8.2000000e+01   1.0181533e+01
   8.3000000e+01   1.0181456e+01
   8.4000000e+01   1.0181179e+01
   8.5000000e+01   1.0181342e+01
   8.6000000e+01   1.0181264e+01
   8.7000000e+01   1.0181298e+01
   8.8000000e+01   1.0181272e+01
   8.9000000e+01   1.0181086e+01
   9.0000000e+01   1.0180967e+01
   9.1000000e+01   1.0180829e+01
   9.2000000e+01   1.0180684e+01
   9.3000000e+01   1.0180838e+01
   9.4000000e+01   1.0180910e+01
   9.5000000e+01   1.0180786e+01
   9.6000000e+01   1.0180648e+01
   9.7000000e+01   1.0180553e+01
   9.8000000e+01   1.0180660e+01
   9.9000000e+01   1.0180518e+01
   1.0000000e+02   1.0180498e+01
   1.0100000e+02   1.0180649e+01
   1.0200000e+02   1.0180338e+01
   1.0300000e+02   1.0180486e+01
   1.0400000e+02   1.0180672e+01
   1.0500000e+02   1.0180501e+01
   1.0600000e+02   1.0180398e+01
   1.0700000e+02   1.0180407e+01
   1.0800000e+02   1.0180221e+01
   1.0900000e+02   1.0180348e+01
   1.1000000e+02   1.0180333e+01
   1.1100000e+02   1.0180398e+01
   1.1200000e+02   1.0180397e+01
   1.1300000e+02   1.0180140e+01
   1.1400000e+02   1.0180580e+01
   1.1500000e+02   1.0179944e+01
   1.1600000e+02   1.0180043e+01
   1.1700000e+02   1.0179987e+01
   1.1800000e+02   1.0180077e+01
   1.1900000e+02   1.0180244e+01
   1.2000000e+02   1.0180032e+01
   1.2100000e+02   1.0180072e+01
   1.2200000e+02   1.0179858e+01
   1.2300000e+02   1.0179814e+01
   1.2400000e+02   1.0179634e+01
   1.2500000e+02   1.0179751e+01
   1.2600000e+02   1.0179564e+01
   1.2700000e+02   1.0179898e+01
   1.2800000e+02   1.0179471e+01
   1.2900000e+02   1.0179564e+01
   1.3000000e+02   1.0179549e+01
   1.3100000e+02   1.0179727e+01
   1.3200000e+02   1.0179584e+01
   1.3300000e+02   1.0179412e+01
   1.3400000e+02   1.0179267e+01
   1.3500000e+02   1.0179458e+01
   1.3600000e+02   1.0179363e+01
   1.3700000e+02   1.0179387e+01
   1.3800000e+02   1.0179484e+01
   1.3900000e+02   1.0179325e+01
   1.4000000e+02   1.0179380e+01
   1.4100000e+02   1.0179175e+01
   1.4200000e+02   1.0179323e+01
   1.4300000e+02   1.0179277e+01
   1.4400000e+02   1.0179268e+01
   1.4500000e+02   1.0179149e+01
   1.4600000e+02   1.0179344e+01
   1.4700000e+02   1.0179189e+01
   1.4800000e+02   1.0179156e+01
   1.4900000e+02   1.0178808e+01
   1.5000000e+02   1.0179189e+01
   1.5100000e+02   1.0178998e+01
   1.5200000e+02   1.0178891e+01
   1.5300000e+02   1.0178960e+01
   1.5400000e+02   1.0178656e+01
   1.5500000e+02   1.0178788e+01
   1.5600000e+02   1.0178821e+01
   1.5700000e+02   1.0178896e+01
   1.5800000e+02   1.0178479e+01
   1.5900000e+02   1.0178505e+01
   1.6000000e+02   1.0178492e+01
   1.6100000e+02   1.0178281e+01
   1.6200000e+02   1.0178540e+01
   1.6300000e+02   1.0178634e+01
   1.6400000e+02   1.0178468e+01
   1.6500000e+02   1.0178470e+01
   1.6600000e+02   1.0178559e+01
   1.6700000e+02   1.0178149e+01
   1.6800000e+02   1.0174814e+01
   1.6900000e+02   1.0164584e+01
   1.7000000e+02   1.0160169e+01
   1.7100000e+02   1.0166299e+01
   1.7200000e+02   1.0172056e+01
   1.7300000e+02   1.0174831e+01
   1.7400000e+02   1.0176366e+01
   1.7500000e+02   1.0177037e+01
   1.7600000e+02   1.0177286e+01
   1.7700000e+02   1.0177681e+01
   1.7800000e+02   1.0177821e+01
   1.7900000e+02   1.0177461e+01
   1.8000000e+02   1.0172984e+01
   1.8100000e+02   1.0151080e+01
   1.8200000e+02   1.0136425e+01
   1.8300000e+02   1.0138595e+01
   1.8400000e+02   1.0148227e+01
   1.8500000e+02   1.0152651e+01
   1.8600000e+02   1.0153257e+01
   1.8700000e+02   1.0154718e+01
   1.8800000e+02   1.0158587e+01
   1.8900000e+02   1.0164613e+01
   1.9000000e+02   1.0170156e+01
   1.9100000e+02   1.0173303e+01
   1.9200000e+02   1.0174561e+01
   1.9300000e+02   1.0175721e+01
   1.9400000e+02   1.0176173e+01
   1.9500000e+02   1.0176222e+01
   1.9600000e+02   1.0176386e+01
   1.9700000e+02   1.0176662e+01
   1.9800000e+02   1.0176945e+01
   1.9900000e+02   1.0176185e+01
   2.0000000e+02   1.0176648e+01
   2.0100000e+02   1.0176660e+01
   2.0200000e+02   1.0176532e+01
   2.0300000e+02   1.0176546e+01
   2.0400000e+02   1.0176576e+01
   2.0500000e+02   1.0176592e+01
   2.0600000e+02   1.0176696e+01
   2.0700000e+02   1.0176870e+01
   2.0800000e+02   1.0176858e+01
   2.0900000e+02   1.0176811e+01
   2.1000000e+02   1.0176752e+01
   2.1100000e+02   1.0176440e+01
   2.1200000e+02   1.0176547e+01
   2.1300000e+02   1.0176539e+01
   2.1400000e+02   1.0176447e+01
   2.1500000e+02   1.0176602e+01
   2.1600000e+02   1.0176651e+01
   2.1700000e+02   1.0176455e+01
   2.1800000e+02   1.0176553e+01
   2.1900000e+02   1.0176545e+01
   2.2000000e+02   1.0176433e+01
   2.2100000e+02   1.0176326e+01
   2.2200000e+02   1.0176390e+01
   2.2300000e+02   1.0176709e+01
   2.2400000e+02   1.0176559e+01
   2.2500000e+02   1.0176376e+01
   2.2600000e+02   1.0176490e+01
   2.2700000e+02   1.0176503e+01
   2.2800000e+02   1.0176176e+01
   2.2900000e+02   1.0176409e+01
   2.3000000e+02   1.0176206e+01
   2.3100000e+02   1.0176179e+01
   2.3200000e+02   1.0176559e+01
   2.3300000e+02   1.0176288e+01
   2.3400000e+02   1.0176089e+01
   2.3500000e+02   1.0176361e+01
   2.3600000e+02   1.0176270e+01
   2.3700000e+02   1.0176077e+01
   2.3800000e+02   1.0176134e+01
   2.3900000e+02   1.0176061e+01
   2.4000000e+02   1.0176039e+01
   2.4100000e+02   1.0175850e+01
   2.4200000e+02   1.0175820e+01
   2.4300000e+02   1.0176071e+01
   2.4400000e+02   1.0175747e+01
   2.4500000e+02   1.0175772e+01
   2.4600000e+02   1.0175461e+01
   2.4700000e+02   1.0175348e+01
   2.4800000e+02   1.0174988e+01
   2.4900000e+02   1.0175048e+01
   2.5000000e+02   1.0174115e+01
   2.5100000e+02   1.0173489e+01
   2.5200000e+02   1.0172988e+01
   2.5300000e+02   1.0172497e+01
   2.5400000e+02   1.0172491e+01
   2.5500000e+02   1.0173039e+01
   2.5600000e+02   1.0173154e+01
   2.5700000e+02   1.0173494e+01
   2.5800000e+02   1.0173672e+01
   2.5900000e+02   1.0173692e+01
   2.6000000e+02   1.0173381e+01
   2.6100000e+02   1.0173339e+01
   2.6200000e+02   1.0172887e+01
   2.6300000e+02   1.0173027e+01
   2.6400000e+02   1.0172837e+01
   2.6500000e+02   1.0172625e+01
   2.6600000e+02   1.0172351e+01
   2.6700000e+02   1.0172133e+01
   2.6800000e+02   1.0172195e+01
   2.6900000e+02   1.0172645e+01
   2.7000000e+02   1.0172479e+01
   2.7100000e+02   1.0173158e+01
   2.7200000e+02   1.0173603e+01
   2.7300000e+02   1.0173510e+01
   2.7400000e+02   1.0174125e+01
   2.7500000e+02   1.0174115e+01
   2.7600000e+02   1.0174186e+01
   2.7700000e+02   1.0174103e+01
   2.7800000e+02   1.0174242e+01
   2.7900000e+02   1.0174202e+01
   2.8000000e+02   1.0174238e+01
   2.8100000e+02   1.0174074e+01
   2.8200000e+02   1.0174505e+01
   2.8300000e+02   1.0174254e+01
   2.8400000e+02   1.0174360e+01
   2.8500000e+02   1.0174530e+01
   2.8600000e+02   1.0174115e+01
   2.8700000e+02   1.0174294e+01
   2.8800000e+02   1.0174178e+01
   2.8900000e+02   1.0174236e+01
   2.9000000e+02   1.0174351e+01
   2.9100000e+02   1.0174147e+01
   2.9200000e+02   1.0174567e+01
   2.9300000e+02   1.0174367e+01
   2.9400000e+02   1.0174317e+01
   2.9500000e+02   1.0174141e+01
   2.9600000e+02   1.0174204e+01
   2.9700000e+02   1.0174256e+01
   2.9800000e+02   1.0174293e+01
   2.9900000e+02   1.0174143e+01
   3.0000000e+02   1.0174167e+01
   3.0100000e+02   1.0174161e+01
   3.0200000e+02   1.0174212e+01
   3.0300000e+02   1.0174027e+01
   3.0400000e+02   1.0173792e+01
   3.0500000e+02   1.0173672e+01
   3.0600000e+02   1.0173201e+01
   3.0700000e+02   1.0172732e+01
   3.0800000e+02   1.0172340e+01
   3.0900000e+02   1.0171400e+01
   3.1000000e+02   1.0170056e+01
   3.1100000e+02   1.0168597e+01
   3.1200000e+02   1.0166233e+01
   3.1300000e+02   1.0163648e+01
   3.1400000e+02   1.0161199e+01
   3.1500000e+02   1.0158487e+01
   3.1600000e+02   1.0157244e+01
   3.1700000e+02   1.0156862e+01
   3.1800000e+02   1.0157550e+01
   3.1900000e+02   1.0158404e+01
   3.2000000e+02   1.0158633e+01
   3.2100000e+02   1.0157486e+01
   3.2200000e+02   1.0154927e+01
   3.2300000e+02   1.0151058e+01
   3.2400000e+02   1.0146924e+01
   3.2500000e+02   1.0143346e+01
   3.2600000e+02   1.0141843e+01
   3.2700000e+02   1.0141736e+01
   3.2800000e+02   1.0142468e+01
   3.2900000e+02   1.0144764e+01
   3.3000000e+02   1.0147347e+01
   3.3100000e+02   1.0150684e+01
   3.3200000e+02   1.0154322e+01
   3.3300000e+02   1.0157706e+01
   3.3400000e+02   1.0161666e+01
   3.3500000e+02   1.0164440e+01
   3.3600000e+02   1.0166743e+01
   3.3700000e+02   1.0168201e+01
   3.3800000e+02   1.0168612e+01
   3.3900000e+02   1.0168381e+01
   3.4000000e+02   1.0167817e+01
   3.4100000e+02   1.0166521e+01
   3.4200000e+02   1.0165059e+01
   3.4300000e+02   1.0163978e+01
   3.4400000e+02   1.0163728e+01
   3.4500000e+02   1.0163565e+01
   3.4600000e+02   1.0164441e+01
   3.4700000e+02   1.0165613e+01
   3.4800000e+02   1.0167161e+01
   3.4900000e+02   1.0168471e+01
   3.5000000e+02   1.0169502e+01
   3.5100000e+02   1.0170159e+01
   3.5200000e+02   1.0170986e+01
   3.5300000e+02   1.0171363e+01
   3.5400000e+02   1.0171648e+01
   3.5500000e+02   1.0171895e+01
   3.5600000e+02   1.0172004e+01
   3.5700000e+02   1.0172167e+01
   3.5800000e+02   1.0172263e+01
   3.5900000e+02   1.0172110e+01
   3.6000000e+02   1.0171928e+01
   3.6100000e+02   1.0171777e+01
   3.6200000e+02   1.0171848e+01
   3.6300000e+02   1.0171456e+01
   3.6400000e+02   1.0171536e+01
   3.6500000e+02   1.0170931e+01
   3.6600000e+02   1.0170772e+01
   3.6700000e+02   1.0170477e+01
   3.6800000e+02   1.0170603e+01
   3.6900000e+02   1.0170686e+01
   3.7000000e+02   1.0170887e+01
   3.7100000e+02   1.0170845e+01
   3.7200000e+02   1.0171546e+01
   3.7300000e+02   1.0171652e+01
   3.7400000e+02   1.0172039e+01
   3.7500000e+02   1.0172015e+01
   3.7600000e+02   1.0171837e+01
   3.7700000e+02   1.0172254e+01
   3.7800000e+02   1.0172461e+01
   3.7900000e+02   1.0172618e+01
   3.8000000e+02   1.0172347e+01
   3.8100000e+02   1.0172198e+01
   3.8200000e+02   1.0172374e+01
   3.8300000e+02   1.0172466e+01
   3.8400000e+02   1.0172324e+01
   3.8500000e+02   1.0172076e+01
   3.8600000e+02   1.0172091e+01
   3.8700000e+02   1.0172354e+01
   3.8800000e+02   1.0172031e+01
   3.8900000e+02   1.0171742e+01
   3.9000000e+02   1.0171790e+01
   3.9100000e+02   1.0171561e+01
   3.9200000e+02   1.0171177e+01
   3.9300000e+02   1.0170891e+01
   3.9400000e+02   1.0170760e+01
   3.9500000e+02   1.0170716e+01
   3.9600000e+02   1.0170337e+01
   3.9700000e+02   1.0170304e+01
   3.9800000e+02   1.0170361e+01
   3.9900000e+02   1.0170528e+01
   4.0000000e+02   1.0170977e+01
   4.0100000e+02   1.0171253e+01
   4.0200000e+02   1.0171433e+01
   4.0300000e+02   1.0171713e+01
   4.0400000e+02   1.0171748e+01
   4.0500000e+02   1.0171989e+01
   4.0600000e+02   1.0171778e+01
   4.0700000e+02   1.0172181e+01
   4.0800000e+02   1.0172350e+01
   4.0900000e+02   1.0172041e+01
   4.1000000e+02   1.0172209e+01
   4.1100000e+02   1.0172040e+01
   4.1200000e+02   1.0172249e+01
   4.1300000e+02   1.0172082e+01
   4.1400000e+02   1.0171875e+01
   4.1500000e+02   1.0172030e+01
   4.1600000e+02   1.0171909e+01
   4.1700000e+02   1.0171800e+01
   4.1800000e+02   1.0172034e+01
   4.1900000e+02   1.0171848e+01
   4.2000000e+02   1.0171803e+01
   4.2100000e+02   1.0171738e+01
   4.2200000e+02   1.0171641e+01
   4.2300000e+02   1.0171673e+01
   4.2400000e+02   1.0171782e+01
   4.2500000e+02   1.0171719e+01
   4.2600000e+02   1.0171632e+01
   4.2700000e+02   1.0171666e+01
   4.2800000e+02   1.0171643e+01
   4.2900000e+02   1.0171519e+01
   4.3000000e+02   1.0171411e+01
   4.3100000e+02   1.0171694e+01
   4.3200000e+02   1.0171652e+01
   4.3300000e+02   1.0171719e+01
   4.3400000e+02   1.0171524e+01
   4.3500000e+02   1.0171528e+01
   4.3600000e+02   1.0171611e+01
   4.3700000e+02   1.0171357e+01
   4.3800000e+02   1.0171565e+01
   4.3900000e+02   1.0171503e+01
   4.4000000e+02   1.0171227e+01
   4.4100000e+02   1.0170831e+01
   4.4200000e+02   1.0170648e+01
   4.4300000e+02   1.0169734e+01
   4.4400000e+02   1.0168388e+01
   4.4500000e+02   1.0166359e+01
   4.4600000e+02   1.0163157e+01
   4.4700000e+02   1.0158467e+01
   4.4800000e+02   1.0151474e+01
   4.4900000e+02   1.0142605e+01
   4.5000000e+02   1.0132618e+01
   4.5100000e+02   1.0121670e+01
   4.5200000e+02   1.0111453e+01
   4.5300000e+02   1.0103165e+01
   4.5400000e+02   1.0097795e+01
   4.5500000e+02   1.0095915e+01
   4.5600000e+02   1.0097776e+01
   4.5700000e+02   1.0103346e+01
   4.5800000e+02   1.0110999e+01
   4.5900000e+02   1.0120080e+01
   4.6000000e+02   1.0129331e+01
   4.6100000e+02   1.0138519e+01
   4.6200000e+02   1.0146018e+01
   4.6300000e+02   1.0152438e+01
   4.6400000e+02   1.0157051e+01
   4.6500000e+02   1.0160842e+01
   4.6600000e+02   1.0163499e+01
   4.6700000e+02   1.0165385e+01
   4.6800000e+02   1.0166400e+01
   4.6900000e+02   1.0167410e+01
   4.7000000e+02   1.0168044e+01
   4.7100000e+02   1.0168264e+01
   4.7200000e+02   1.0168845e+01
   4.7300000e+02   1.0168885e+01
   4.7400000e+02   1.0169280e+01
   4.7500000e+02   1.0169322e+01
   4.7600000e+02   1.0169252e+01
   4.7700000e+02   1.0169342e+01
   4.7800000e+02   1.0169314e+01
   4.7900000e+02   1.0169639e+01
   4.8000000e+02   1.0169598e+01
   4.8100000e+02   1.0169729e+01
   4.8200000e+02   1.0169670e+01
   4.8300000e+02   1.0169562e+01
   4.8400000e+02   1.0169745e+01
   4.8500000e+02   1.0169746e+01
   4.8600000e+02   1.0170025e+01
   4.8700000e+02   1.0169853e+01
   4.8800000e+02   1.0170144e+01
   4.8900000e+02   1.0169866e+01
   4.9000000e+02   1.0170166e+01
   4.9100000e+02   1.0169856e+01
   4.9200000e+02   1.0170029e+01
   4.9300000e+02   1.0170261e+01
   4.9400000e+02   1.0169961e+01
   4.9500000e+02   1.0170095e+01
   4.9600000e+02   1.0170227e+01
   4.9700000e+02   1.0170088e+01
   4.9800000e+02   1.0170259e+01
   4.9900000e+02   1.0170041e+01
   5.0000000e+02   1.0170170e+01
   5.0100000e+02   1.0170019e+01
   5.0200000e+02   1.0170031e+01
   5.0300000e+02   1.0170075e+01
   5.0400000e+02   1.0170240e+01
   5.0500000e+02   1.0170306e+01
   5.0600000e+02   1.0170290e+01
   5.0700000e+02   1.0170414e+01
   5.0800000e+02   1.0169978e+01
   5.0900000e+02   1.0170178e+01
   5.1000000e+02   1.0170422e+01
   5.1100000e+02   1.0170262e+01
   5.1200000e+02   1.0170269e+01
   5.1300000e+02   1.0170220e+01
   5.1400000e+02   1.0170301e+01
   5.1500000e+02   1.0170146e+01
   5.1600000e+02   1.0170453e+01
   5.1700000e+02   1.0170246e+01
   5.1800000e+02   1.0170353e+01
   5.1900000e+02   1.0170172e+01
   5.2000000e+02   1.0170176e+01
   5.2100000e+02   1.0170271e+01
   5.2200000e+02   1.0170072e+01
   5.2300000e+02   1.0169909e+01
   5.2400000e+02   1.0170178e+01
   5.2500000e+02   1.0170094e+01
   5.2600000e+02   1.0170059e+01
   5.2700000e+02   1.0170135e+01
   5.2800000e+02   1.0169820e+01
   5.2900000e+02   1.0170144e+01
   5.3000000e+02   1.0170062e+01
   5.3100000e+02   1.0169994e+01
   5.3200000e+02   1.0169998e+01
   5.3300000e+02   1.0169789e+01
   5.3400000e+02   1.0169851e+01
   5.3500000e+02   1.0170078e+01
   5.3600000e+02   1.0169840e+01
   5.3700000e+02   1.0170038e+01
   5.3800000e+02   1.0169762e+01
   5.3900000e+02   1.0169738e+01
   5.4000000e+02   1.0169651e+01
   5.4100000e+02   1.0169551e+01
   5.4200000e+02   1.0169418e+01
   5.4300000e+02   1.0169233e+01
   5.4400000e+02   1.0169571e+01
   5.4500000e+02   1.0169672e+01
   5.4600000e+02   1.0169551e+01
   5.4700000e+02   1.0169368e+01
   5.4800000e+02   1.0169569e+01
   5.4900000e+02   1.0169761e+01
   5.5000000e+02   1.0169586e+01
   5.5100000e+02   1.0169552e+01
   5.5200000e+02   1.0169417e+01
   5.5300000e+02   1.0169437e+01
   5.5400000e+02   1.0169476e+01
   5.5500000e+02   1.0169395e+01
   5.5600000e+02   1.0169489e+01
   5.5700000e+02   1.0169281e+01
   5.5800000e+02   1.0169387e+01
   5.5900000e+02   1.0169628e+01
   5.6000000e+02   1.0169600e+01
   5.6100000e+02   1.0169654e+01
   5.6200000e+02   1.0169282e+01
   5.6300000e+02   1.0169497e+01
   5.6400000e+02   1.0169478e+01
   5.6500000e+02   1.0169471e+01
   5.6600000e+02   1.0169407e+01
   5.6700000e+02   1.0169418e+01
   5.6800000e+02   1.0169342e+01
   5.6900000e+02   1.0169290e+01
   5.7000000e+02   1.0169126e+01
   5.7100000e+02   1.0169345e+01
   5.7200000e+02   1.0169274e+01
   5.7300000e+02   1.0169230e+01
   5.7400000e+02   1.0169299e+01
   5.7500000e+02   1.0169123e+01
   5.7600000e+02   1.0169489e+01
   5.7700000e+02   1.0169173e+01
   5.7800000e+02   1.0169344e+01
   5.7900000e+02   1.0168915e+01
   5.8000000e+02   1.0169226e+01
   5.8100000e+02   1.0169324e+01
   5.8200000e+02   1.0169162e+01
   5.8300000e+02   1.0169310e+01
   5.8400000e+02   1.0169060e+01
   5.8500000e+02   1.0169096e+01
   5.8600000e+02   1.0169352e+01
   5.8700000e+02   1.0169100e+01
   5.8800000e+02   1.0169149e+01
   5.8900000e+02   1.0169129e+01
   5.9000000e+02   1.0169085e+01
   5.9100000e+02   1.0168956e+01
   5.9200000e+02   1.0168973e+01
   5.9300000e+02   1.0169099e+01
   5.9400000e+02   1.0168934e+01
   5.9500000e+02   1.0169167e+01
   5.9600000e+02   1.0169051e+01
   5.9700000e+02   1.0169087e+01
   5.9800000e+02   1.0169074e+01
   5.9900000e+02   1.0168782e+01
   6.0000000e+02   1.0168756e+01
   6.0100000e+02   1.0168917e+01
   6.0200000e+02   1.0168984e+01
   6.0300000e+02   1.0168797e+01
   6.0400000e+02   1.0169031e+01
   6.0500000e+02   1.0169047e+01
   6.0600000e+02   1.0168797e+01
   6.0700000e+02   1.0168663e+01
   6.0800000e+02   1.0168701e+01
   6.0900000e+02   1.0168848e+01
   6.1000000e+02   1.0168725e+01
   6.1100000e+02   1.0168965e+01
   6.1200000e+02   1.0168729e+01
   6.1300000e+02   1.0168648e+01
   6.1400000e+02   1.0168635e+01
   6.1500000e+02   1.0168654e+01
   6.1600000e+02   1.0168794e+01
   6.1700000e+02   1.0168684e+01
   6.1800000e+02   1.0169000e+01
   6.1900000e+02   1.0168720e+01
   6.2000000e+02   1.0169097e+01
   6.2100000e+02   1.0168961e+01
   6.2200000e+02   1.0168829e+01
   6.2300000e+02   1.0168822e+01
   6.2400000e+02   1.0168808e+01
   6.2500000e+02   1.0168747e+01
   6.2600000e+02   1.0168685e+01
   6.2700000e+02   1.0168889e+01
   6.2800000e+02   1.0168505e+01
   6.2900000e+02   1.0168795e+01
   6.3000000e+02   1.0168514e+01
   6.3100000e+02   1.0168637e+01
   6.3200000e+02   1.0168750e+01
   6.3300000e+02   1.0168365e+01
   6.3400000e+02   1.0168778e+01
   6.3500000e+02   1.0168494e+01
   6.3600000e+02   1.0168648e+01
   6.3700000e+02   1.0168577e+01
   6.3800000e+02   1.0168690e+01
   6.3900000e+02   1.0168435e+01
   6.4000000e+02   1.0168427e+01
   6.4100000e+02   1.0168435e+01
   6.4200000e+02   1.0168367e+01
   6.4300000e+02   1.0168191e+01
   6.4400000e+02   1.0167988e+01
   6.4500000e+02   1.0168495e+01
   6.4600000e+02   1.0168297e+01
   6.4700000e+02   1.0168638e+01
   6.4800000e+02   1.0168448e+01
   6.4900000e+02   1.0168423e+01
   6.5000000e+02   1.0168266e+01
   6.5100000e+02   1.0168422e+01
   6.5200000e+02   1.0168376e+01
   6.5300000e+02   1.0168067e+01
   6.5400000e+02   1.0168248e+01
   6.5500000e+02   1.0168245e+01
   6.5600000e+02   1.0168258e+01
   6.5700000e+02   1.0168086e+01
   6.5800000e+02   1.0168025e+01
   6.5900000e+02   1.0167987e+01
   6.6000000e+02   1.0168312e+01
   6.6100000e+02   1.0168043e+01
   6.6200000e+02   1.0167864e+01
   6.6300000e+02   1.0168032e+01
   6.6400000e+02   1.0168054e+01
   6.6500000e+02   1.0168038e+01
   6.6600000e+02   1.0168036e+01
   6.6700000e+02   1.0168070e+01
   6.6800000e+02   1.0167670e+01
   6.6900000e+02   1.0167881e+01
   6.7000000e+02   1.0167969e+01
   6.7100000e+02   1.0168075e+01
   6.7200000e+02   1.0168380e+01
   6.7300000e+02   1.0167946e+01
   6.7400000e+02   1.0167977e+01
   6.7500000e+02   1.0168025e+01
   6.7600000e+02   1.0167893e+01
   6.7700000e+02   1.0167744e+01
   6.7800000e+02   1.0167642e+01
   6.7900000e+02   1.0167548e+01
   6.8000000e+02   1.0167273e+01
   6.8100000e+02   1.0167258e+01
   6.8200000e+02   1.0166751e+01
   6.8300000e+02   1.0166651e+01
   6.8400000e+02   1.0166101e+01
   6.8500000e+02   1.0165320e+01
   6.8600000e+02   1.0165280e+01
   6.8700000e+02   1.0164502e+01
   6.8800000e+02   1.0163761e+01
   6.8900000e+02   1.0163222e+01
   6.9000000e+02   1.0162415e+01
   6.9100000e+02   1.0162338e+01
   6.9200000e+02   1.0161859e+01
   6.9300000e+02   1.0161773e+01
   6.9400000e+02   1.0161585e+01
   6.9500000e+02   1.0161662e+01
   6.9600000e+02   1.0161761e+01
   6.9700000e+02   1.0162131e+01
   6.9800000e+02   1.0162399e+01
   6.9900000e+02   1.0162915e+01
   7.0000000e+02   1.0163658e+01
   7.0100000e+02   1.0163998e+01
   7.0200000e+02   1.0164513e+01
   7.0300000e+02   1.0164990e+01
   7.0400000e+02   1.0165264e+01
   7.0500000e+02   1.0165817e+01
   7.0600000e+02   1.0166001e+01
   7.0700000e+02   1.0166343e+01
   7.0800000e+02   1.0166450e+01
   7.0900000e+02   1.0166599e+01
   7.1000000e+02   1.0167039e+01
   7.1100000e+02   1.0166746e+01
   7.1200000e+02   1.0167187e+01
   7.1300000e+02   1.0167159e+01
   7.1400000e+02   1.0167111e+01
   7.1500000e+02   1.0167121e+01
   7.1600000e+02   1.0167059e+01
   7.1700000e+02   1.0167310e+01
   7.1800000e+02   1.0167173e+01
   7.1900000e+02   1.0167051e+01
   7.2000000e+02   1.0167233e+01
   7.2100000e+02   1.0167171e+01
   7.2200000e+02   1.0167370e+01
   7.2300000e+02   1.0167353e+01
   7.2400000e+02   1.0167232e+01
   7.2500000e+02   1.0167366e+01
   7.2600000e+02   1.0167276e+01
   7.2700000e+02   1.0167392e+01
   7.2800000e+02   1.0167327e+01
   7.2900000e+02   1.0167419e+01
   7.3000000e+02   1.0166913e+01
   7.3100000e+02   1.0167141e+01
   7.3200000e+02   1.0166950e+01
   7.3300000e+02   1.0166962e+01
   7.3400000e+02   1.0167211e+01
   7.3500000e+02   1.0167318e+01
   7.3600000e+02   1.0167181e+01
   7.3700000e+02   1.0166992e+01
   7.3800000e+02   1.0166774e+01
   7.3900000e+02   1.0167041e+01
   7.4000000e+02   1.0166853e+01
   7.4100000e+02   1.0167159e+01
   7.4200000e+02   1.0167060e+01
   7.4300000e+02   1.0166885e+01
   7.4400000e+02   1.0166963e+01
   7.4500000e+02   1.0166849e+01
   7.4600000e+02   1.0167094e+01
   7.4700000e+02   1.0166860e+01
   7.4800000e+02   1.0166838e+01
   7.4900000e+02   1.0166931e+01
   7.5000000e+02   1.0166885e+01
   7.5100000e+02   1.0166695e+01
   7.5200000e+02   1.0167077e+01
   7.5300000e+02   1.0166710e+01
   7.5400000e+02   1.0167115e+01
   7.5500000e+02   1.0167034e+01
   7.5600000e+02   1.0166986e+01
   7.5700000e+02   1.0167133e+01
   7.5800000e+02   1.0167370e+01
   7.5900000e+02   1.0166951e+01
   7.6000000e+02   1.0167035e+01
   7.6100000e+02   1.0167201e+01
   7.6200000e+02   1.0166865e+01
   7.6300000e+02   1.0166800e+01
   7.6400000e+02   1.0166768e+01
   7.6500000e+02   1.0166919e+01
   7.6600000e+02   1.0166989e+01
   7.6700000e+02   1.0166819e+01
   7.6800000e+02   1.0166694e+01
   7.6900000e+02   1.0166852e+01
   7.7000000e+02   1.0166849e+01
   7.7100000e+02   1.0166919e+01
   7.7200000e+02   1.0166717e+01
   7.7300000e+02   1.0166729e+01
   7.7400000e+02   1.0166736e+01
   7.7500000e+02   1.0166610e+01
   7.7600000e+02   1.0166642e+01
   7.7700000e+02   1.0166681e+01
   7.7800000e+02   1.0166577e+01
   7.7900000e+02   1.0166446e+01
   7.8000000e+02   1.0166274e+01
