   0.0000000e+00   1.0133546e+01
   1.0000000e+00   1.0128521e+01
   2.0000000e+00   1.0127288e+01
   3.0000000e+00   1.0126108e+01
   4.0000000e+00   1.0125648e+01
   5.0000000e+00   1.0125189e+01
   6.0000000e+00   1.0124653e+01
   7.0000000e+00   1.0124121e+01
   8.0000000e+00   1.0123666e+01
   9.0000000e+00   1.0123185e+01
   1.0000000e+01   1.0122935e+01
   1.1000000e+01   1.0122868e+01
   1.2000000e+01   1.0122400e+01
   1.3000000e+01   1.0122119e+01
   1.4000000e+01   1.0122228e+01
   1.5000000e+01   1.0122078e+01
   1.6000000e+01   1.0121413e+01
   1.7000000e+01   1.0121579e+01
   1.8000000e+01   1.0121534e+01
   1.9000000e+01   1.0121016e+01
   2.0000000e+01   1.0120668e+01
   2.1000000e+01   1.0120678e+01
   2.2000000e+01   1.0120747e+01
   2.3000000e+01   1.0120414e+01
   2.4000000e+01   1.0120149e+01
   2.5000000e+01   1.0120183e+01
   2.6000000e+01   1.0119876e+01
   2.7000000e+01   1.0119823e+01
   2.8000000e+01   1.0119758e+01
   2.9000000e+01   1.0119173e+01
   3.0000000e+01   1.0119266e+01
   3.1000000e+01   1.0119233e+01
   3.2000000e+01   1.0119119e+01
   3.3000000e+01   1.0119098e+01
   3.4000000e+01   1.0118801e+01
   3.5000000e+01   1.0119041e+01
   3.6000000e+01   1.0118878e+01
   3.7000000e+01   1.0118870e+01
   3.8000000e+01   1.0118500e+01
   3.9000000e+01   1.0118706e+01
   4.0000000e+01   1.0118152e+01
   4.1000000e+01   1.0118583e+01
   4.2000000e+01   1.0118086e+01
   4.3000000e+01   1.0118348e+01
   4.4000000e+01   1.0117939e+01
   4.5000000e+01   1.0117919e+01
   4.6000000e+01   1.0117851e+01
   4.7000000e+01   1.0117451e+01
   4.8000000e+01   1.0117536e+01
   4.9000000e+01   1.0117604e+01
   5.0000000e+01   1.0117260e+01
   5.1000000e+01   1.0117423e+01
   5.2000000e+01   1.0116834e+01
   5.3000000e+01   1.0117124e+01
   5.4000000e+01   1.0116695e+01
   5.5000000e+01   1.0116702e+01
   5.6000000e+01   1.0116690e+01
   5.7000000e+01   1.0116447e+01
   5.8000000e+01   1.0116498e+01
   5.9000000e+01   1.0116381e+01
   6.0000000e+01   1.0116320e+01
   6.1000000e+01   1.0116247e+01
   6.2000000e+01   1.0116052e+01
   6.3000000e+01   1.0116112e+01
   6.4000000e+01   1.0115928e+01
   6.5000000e+01   1.0115841e+01
   6.6000000e+01   1.0115834e+01
   6.7000000e+01   1.0115703e+01
   6.8000000e+01   1.0115484e+01
   6.9000000e+01   1.0115351e+01
   7.0000000e+01   1.0115426e+01
   7.1000000e+01   1.0115424e+01
   7.2000000e+01   1.0115391e+01
   7.3000000e+01   1.0115490e+01
   7.4000000e+01   1.0115136e+01
   7.5000000e+01   1.0114963e+01
   7.6000000e+01   1.0115112e+01
   7.7000000e+01   1.0115147e+01
   7.8000000e+01   1.0114876e+01
   7.9000000e+01   1.0114919e+01
   8.0000000e+01   1.0114483e+01
   8.1000000e+01   1.0114453e+01
   8.2000000e+01   1.0114853e+01
   8.3000000e+01   1.0114701e+01
   8.4000000e+01   1.0114457e+01
   8.5000000e+01   1.0114729e+01
   8.6000000e+01   1.0114398e+01
   8.7000000e+01   1.0114537e+01
   8.8000000e+01   1.0114371e+01
   8.9000000e+01   1.0114491e+01
   9.0000000e+01   1.0114240e+01
   9.1000000e+01   1.0114408e+01
   9.2000000e+01   1.0114340e+01
   9.3000000e+01   1.0114073e+01
   9.4000000e+01   1.0114464e+01
   9.5000000e+01   1.0114134e+01
   9.6000000e+01   1.0114078e+01
   9.7000000e+01   1.0114186e+01
   9.8000000e+01   1.0114026e+01
   9.9000000e+01   1.0114054e+01
   1.0000000e+02   1.0113828e+01
   1.0100000e+02   1.0113819e+01
   1.0200000e+02   1.0113650e+01
   1.0300000e+02   1.0113472e+01
   1.0400000e+02   1.0113597e+01
   1.0500000e+02   1.0113521e+01
   1.0600000e+02   1.0113301e+01
   1.0700000e+02   1.0113293e+01
   1.0800000e+02   1.0113270e+01
   1.0900000e+02   1.0113378e+01
   1.1000000e+02   1.0113440e+01
   1.1100000e+02   1.0113431e+01
   1.1200000e+02   1.0113226e+01
   1.1300000e+02   1.0113151e+01
   1.1400000e+02   1.0112763e+01
   1.1500000e+02   1.0112949e+01
   1.1600000e+02   1.0112765e+01
   1.1700000e+02   1.0112589e+01
   1.1800000e+02   1.0112889e+01
   1.1900000e+02   1.0112536e+01
   1.2000000e+02   1.0112425e+01
   1.2100000e+02   1.0112533e+01
   1.2200000e+02   1.0112539e+01
   1.2300000e+02   1.0112380e+01
   1.2400000e+02   1.0112121e+01
   1.2500000e+02   1.0112139e+01
   1.2600000e+02   1.0112254e+01
   1.2700000e+02   1.0112262e+01
   1.2800000e+02   1.0112107e+01
   1.2900000e+02   1.0112071e+01
   1.3000000e+02   1.0112148e+01
   1.3100000e+02   1.0111832e+01
   1.3200000e+02   1.0112028e+01
   1.3300000e+02   1.0111638e+01
   1.3400000e+02   1.0111810e+01
   1.3500000e+02   1.0111531e+01
   1.3600000e+02   1.0111475e+01
   1.3700000e+02   1.0111284e+01
   1.3800000e+02   1.0111573e+01
   1.3900000e+02   1.0111180e+01
   1.4000000e+02   1.0111289e+01
   1.4100000e+02   1.0111216e+01
   1.4200000e+02   1.0111231e+01
   1.4300000e+02   1.0111193e+01
   1.4400000e+02   1.0110981e+01
   1.4500000e+02   1.0110953e+01
   1.4600000e+02   1.0111049e+01
   1.4700000e+02   1.0110807e+01
   1.4800000e+02   1.0110915e+01
   1.4900000e+02   1.0110675e+01
   1.5000000e+02   1.0111062e+01
   1.5100000e+02   1.0110821e+01
   1.5200000e+02   1.0110801e+01
   1.5300000e+02   1.0110948e+01
   1.5400000e+02   1.0110828e+01
   1.5500000e+02   1.0110730e+01
   1.5600000e+02   1.0110929e+01
   1.5700000e+02   1.0110791e+01
   1.5800000e+02   1.0110563e+01
   1.5900000e+02   1.0110545e+01
   1.6000000e+02   1.0110403e+01
   1.6100000e+02   1.0110610e+01
   1.6200000e+02   1.0110477e+01
   1.6300000e+02   1.0110559e+01
   1.6400000e+02   1.0110672e+01
   1.6500000e+02   1.0110314e+01
   1.6600000e+02   1.0110193e+01
   1.6700000e+02   1.0108051e+01
   1.6800000e+02   1.0099933e+01
   1.6900000e+02   1.0092104e+01
   1.7000000e+02   1.0096045e+01
   1.7100000e+02   1.0103272e+01
   1.7200000e+02   1.0106689e+01
   1.7300000e+02   1.0108156e+01
   1.7400000e+02   1.0108795e+01
   1.7500000e+02   1.0108768e+01
   1.7600000e+02   1.0109039e+01
   1.7700000e+02   1.0109079e+01
   1.7800000e+02   1.0108900e+01
   1.7900000e+02   1.0107271e+01
   1.8000000e+02   1.0088530e+01
   1.8100000e+02   1.0066792e+01
   1.8200000e+02   1.0071846e+01
   1.8300000e+02   1.0081451e+01
   1.8400000e+02   1.0085710e+01
   1.8500000e+02   1.0086297e+01
   1.8600000e+02   1.0087900e+01
   1.8700000e+02   1.0090521e+01
   1.8800000e+02   1.0094653e+01
   1.8900000e+02   1.0099334e+01
   1.9000000e+02   1.0103736e+01
   1.9100000e+02   1.0105837e+01
   1.9200000e+02   1.0106601e+01
   1.9300000e+02   1.0107228e+01
   1.9400000e+02   1.0107540e+01
   1.9500000e+02   1.0107713e+01
   1.9600000e+02   1.0107826e+01
   1.9700000e+02   1.0107691e+01
   1.9800000e+02   1.0107780e+01
   1.9900000e+02   1.0107920e+01
   2.0000000e+02   1.0108044e+01
   2.0100000e+02   1.0108270e+01
   2.0200000e+02   1.0107831e+01
   2.0300000e+02   1.0108053e+01
   2.0400000e+02   1.0107928e+01
   2.0500000e+02   1.0108020e+01
   2.0600000e+02   1.0107940e+01
   2.0700000e+02   1.0108029e+01
   2.0800000e+02   1.0108021e+01
   2.0900000e+02   1.0108044e+01
   2.1000000e+02   1.0108160e+01
   2.1100000e+02   1.0107795e+01
   2.1200000e+02   1.0107970e+01
   2.1300000e+02   1.0107952e+01
   2.1400000e+02   1.0107850e+01
   2.1500000e+02   1.0107979e+01
   2.1600000e+02   1.0107660e+01
   2.1700000e+02   1.0107551e+01
   2.1800000e+02   1.0107604e+01
   2.1900000e+02   1.0107491e+01
   2.2000000e+02   1.0107357e+01
   2.2100000e+02   1.0107252e+01
   2.2200000e+02   1.0107183e+01
   2.2300000e+02   1.0107089e+01
   2.2400000e+02   1.0107054e+01
   2.2500000e+02   1.0106428e+01
   2.2600000e+02   1.0106281e+01
   2.2700000e+02   1.0105892e+01
   2.2800000e+02   1.0105435e+01
   2.2900000e+02   1.0105345e+01
   2.3000000e+02   1.0105451e+01
   2.3100000e+02   1.0105461e+01
   2.3200000e+02   1.0105853e+01
   2.3300000e+02   1.0105938e+01
   2.3400000e+02   1.0106401e+01
   2.3500000e+02   1.0106213e+01
   2.3600000e+02   1.0106378e+01
   2.3700000e+02   1.0106234e+01
   2.3800000e+02   1.0106480e+01
   2.3900000e+02   1.0106286e+01
   2.4000000e+02   1.0106101e+01
   2.4100000e+02   1.0106234e+01
   2.4200000e+02   1.0106173e+01
   2.4300000e+02   1.0106138e+01
   2.4400000e+02   1.0105937e+01
   2.4500000e+02   1.0105777e+01
   2.4600000e+02   1.0105151e+01
   2.4700000e+02   1.0104032e+01
   2.4800000e+02   1.0101998e+01
   2.4900000e+02   1.0098860e+01
   2.5000000e+02   1.0095086e+01
   2.5100000e+02   1.0091939e+01
   2.5200000e+02   1.0090348e+01
   2.5300000e+02   1.0090533e+01
   2.5400000e+02   1.0092238e+01
   2.5500000e+02   1.0094652e+01
   2.5600000e+02   1.0096709e+01
   2.5700000e+02   1.0098215e+01
   2.5800000e+02   1.0098176e+01
   2.5900000e+02   1.0097496e+01
   2.6000000e+02   1.0096410e+01
   2.6100000e+02   1.0095121e+01
   2.6200000e+02   1.0094327e+01
   2.6300000e+02   1.0093209e+01
   2.6400000e+02   1.0092821e+01
   2.6500000e+02   1.0091891e+01
   2.6600000e+02   1.0090895e+01
   2.6700000e+02   1.0090504e+01
   2.6800000e+02   1.0091657e+01
   2.6900000e+02   1.0092803e+01
   2.7000000e+02   1.0094876e+01
   2.7100000e+02   1.0096820e+01
   2.7200000e+02   1.0098886e+01
   2.7300000e+02   1.0100148e+01
   2.7400000e+02   1.0101148e+01
   2.7500000e+02   1.0101528e+01
   2.7600000e+02   1.0101438e+01
   2.7700000e+02   1.0100706e+01
   2.7800000e+02   1.0101295e+01
   2.7900000e+02   1.0101039e+01
   2.8000000e+02   1.0101130e+01
   2.8100000e+02   1.0101839e+01
   2.8200000e+02   1.0102043e+01
   2.8300000e+02   1.0101933e+01
   2.8400000e+02   1.0101903e+01
   2.8500000e+02   1.0102195e+01
   2.8600000e+02   1.0101998e+01
   2.8700000e+02   1.0102251e+01
   2.8800000e+02   1.0102380e+01
   2.8900000e+02   1.0102594e+01
   2.9000000e+02   1.0102933e+01
   2.9100000e+02   1.0103051e+01
   2.9200000e+02   1.0102975e+01
   2.9300000e+02   1.0103055e+01
   2.9400000e+02   1.0103306e+01
   2.9500000e+02   1.0103313e+01
   2.9600000e+02   1.0103562e+01
   2.9700000e+02   1.0103434e+01
   2.9800000e+02   1.0103670e+01
   2.9900000e+02   1.0103756e+01
   3.0000000e+02   1.0103609e+01
   3.0100000e+02   1.0103580e+01
   3.0200000e+02   1.0103432e+01
   3.0300000e+02   1.0103478e+01
   3.0400000e+02   1.0102916e+01
   3.0500000e+02   1.0102339e+01
   3.0600000e+02   1.0101881e+01
   3.0700000e+02   1.0100955e+01
   3.0800000e+02   1.0099862e+01
   3.0900000e+02   1.0098568e+01
   3.1000000e+02   1.0097270e+01
   3.1100000e+02   1.0094823e+01
   3.1200000e+02   1.0091536e+01
   3.1300000e+02   1.0088183e+01
   3.1400000e+02   1.0085003e+01
   3.1500000e+02   1.0082354e+01
   3.1600000e+02   1.0081557e+01
   3.1700000e+02   1.0082046e+01
   3.1800000e+02   1.0083343e+01
   3.1900000e+02   1.0084160e+01
   3.2000000e+02   1.0083639e+01
   3.2100000e+02   1.0081117e+01
   3.2200000e+02   1.0077104e+01
   3.2300000e+02   1.0072275e+01
   3.2400000e+02   1.0067317e+01
   3.2500000e+02   1.0064404e+01
   3.2600000e+02   1.0063510e+01
   3.2700000e+02   1.0064310e+01
   3.2800000e+02   1.0066545e+01
   3.2900000e+02   1.0069433e+01
   3.3000000e+02   1.0073309e+01
   3.3100000e+02   1.0077510e+01
   3.3200000e+02   1.0082031e+01
   3.3300000e+02   1.0086217e+01
   3.3400000e+02   1.0090299e+01
   3.3500000e+02   1.0093427e+01
   3.3600000e+02   1.0095921e+01
   3.3700000e+02   1.0097077e+01
   3.3800000e+02   1.0097288e+01
   3.3900000e+02   1.0096935e+01
   3.4000000e+02   1.0095609e+01
   3.4100000e+02   1.0094304e+01
   3.4200000e+02   1.0092880e+01
   3.4300000e+02   1.0091383e+01
   3.4400000e+02   1.0091021e+01
   3.4500000e+02   1.0091511e+01
   3.4600000e+02   1.0092143e+01
   3.4700000e+02   1.0093945e+01
   3.4800000e+02   1.0095784e+01
   3.4900000e+02   1.0097539e+01
   3.5000000e+02   1.0098193e+01
   3.5100000e+02   1.0099322e+01
   3.5200000e+02   1.0100134e+01
   3.5300000e+02   1.0100691e+01
   3.5400000e+02   1.0100823e+01
   3.5500000e+02   1.0101185e+01
   3.5600000e+02   1.0101410e+01
   3.5700000e+02   1.0101165e+01
   3.5800000e+02   1.0101350e+01
   3.5900000e+02   1.0101520e+01
   3.6000000e+02   1.0101215e+01
   3.6100000e+02   1.0101030e+01
   3.6200000e+02   1.0101017e+01
   3.6300000e+02   1.0100653e+01
   3.6400000e+02   1.0100496e+01
   3.6500000e+02   1.0100000e+01
   3.6600000e+02   1.0100030e+01
   3.6700000e+02   1.0099375e+01
   3.6800000e+02   1.0099228e+01
   3.6900000e+02   1.0099384e+01
   3.7000000e+02   1.0099230e+01
   3.7100000e+02   1.0100030e+01
   3.7200000e+02   1.0100285e+01
   3.7300000e+02   1.0100459e+01
   3.7400000e+02   1.0100713e+01
   3.7500000e+02   1.0101076e+01
   3.7600000e+02   1.0101358e+01
   3.7700000e+02   1.0101497e+01
   3.7800000e+02   1.0101230e+01
   3.7900000e+02   1.0101211e+01
   3.8000000e+02   1.0101394e+01
   3.8100000e+02   1.0101499e+01
   3.8200000e+02   1.0101504e+01
   3.8300000e+02   1.0101188e+01
   3.8400000e+02   1.0101289e+01
   3.8500000e+02   1.0101124e+01
   3.8600000e+02   1.0101242e+01
   3.8700000e+02   1.0101260e+01
   3.8800000e+02   1.0100976e+01
   3.8900000e+02   1.0101044e+01
   3.9000000e+02   1.0100631e+01
   3.9100000e+02   1.0100487e+01
   3.9200000e+02   1.0100531e+01
   3.9300000e+02   1.0099792e+01
   3.9400000e+02   1.0099583e+01
   3.9500000e+02   1.0099269e+01
   3.9600000e+02   1.0098907e+01
   3.9700000e+02   1.0098799e+01
   3.9800000e+02   1.0098884e+01
   3.9900000e+02   1.0098984e+01
   4.0000000e+02   1.0099032e+01
   4.0100000e+02   1.0099554e+01
   4.0200000e+02   1.0099807e+01
   4.0300000e+02   1.0099737e+01
   4.0400000e+02   1.0100335e+01
   4.0500000e+02   1.0100409e+01
   4.0600000e+02   1.0100675e+01
   4.0700000e+02   1.0100759e+01
   4.0800000e+02   1.0100434e+01
   4.0900000e+02   1.0100759e+01
   4.1000000e+02   1.0100407e+01
   4.1100000e+02   1.0100614e+01
   4.1200000e+02   1.0100596e+01
   4.1300000e+02   1.0100756e+01
   4.1400000e+02   1.0100699e+01
   4.1500000e+02   1.0100713e+01
   4.1600000e+02   1.0100754e+01
   4.1700000e+02   1.0100629e+01
   4.1800000e+02   1.0100222e+01
   4.1900000e+02   1.0100337e+01
   4.2000000e+02   1.0100451e+01
   4.2100000e+02   1.0100720e+01
   4.2200000e+02   1.0100235e+01
   4.2300000e+02   1.0100437e+01
   4.2400000e+02   1.0100251e+01
   4.2500000e+02   1.0100502e+01
   4.2600000e+02   1.0100328e+01
   4.2700000e+02   1.0100151e+01
   4.2800000e+02   1.0100465e+01
   4.2900000e+02   1.0100257e+01
   4.3000000e+02   1.0099825e+01
   4.3100000e+02   1.0099971e+01
   4.3200000e+02   1.0100330e+01
   4.3300000e+02   1.0100066e+01
   4.3400000e+02   1.0100076e+01
   4.3500000e+02   1.0100142e+01
   4.3600000e+02   1.0100065e+01
   4.3700000e+02   1.0100171e+01
   4.3800000e+02   1.0100032e+01
   4.3900000e+02   1.0100279e+01
   4.4000000e+02   1.0100048e+01
   4.4100000e+02   1.0100176e+01
   4.4200000e+02   1.0099914e+01
   4.4300000e+02   1.0099623e+01
   4.4400000e+02   1.0099290e+01
   4.4500000e+02   1.0099063e+01
   4.4600000e+02   1.0098549e+01
   4.4700000e+02   1.0097550e+01
   4.4800000e+02   1.0096658e+01
   4.4900000e+02   1.0094954e+01
   4.5000000e+02   1.0093082e+01
   4.5100000e+02   1.0091274e+01
   4.5200000e+02   1.0089365e+01
   4.5300000e+02   1.0087351e+01
   4.5400000e+02   1.0086058e+01
   4.5500000e+02   1.0085740e+01
   4.5600000e+02   1.0085554e+01
   4.5700000e+02   1.0086155e+01
   4.5800000e+02   1.0087464e+01
   4.5900000e+02   1.0089115e+01
   4.6000000e+02   1.0090776e+01
   4.6100000e+02   1.0092710e+01
   4.6200000e+02   1.0093959e+01
   4.6300000e+02   1.0095100e+01
   4.6400000e+02   1.0096295e+01
   4.6500000e+02   1.0097018e+01
   4.6600000e+02   1.0097735e+01
   4.6700000e+02   1.0098293e+01
   4.6800000e+02   1.0098401e+01
   4.6900000e+02   1.0098530e+01
   4.7000000e+02   1.0098855e+01
   4.7100000e+02   1.0098982e+01
   4.7200000e+02   1.0098714e+01
   4.7300000e+02   1.0098618e+01
   4.7400000e+02   1.0098727e+01
   4.7500000e+02   1.0099047e+01
   4.7600000e+02   1.0098709e+01
   4.7700000e+02   1.0098966e+01
   4.7800000e+02   1.0098684e+01
   4.7900000e+02   1.0098733e+01
   4.8000000e+02   1.0098723e+01
   4.8100000e+02   1.0098717e+01
   4.8200000e+02   1.0098616e+01
   4.8300000e+02   1.0098683e+01
   4.8400000e+02   1.0098519e+01
   4.8500000e+02   1.0098527e+01
   4.8600000e+02   1.0098735e+01
   4.8700000e+02   1.0098737e+01
   4.8800000e+02   1.0098771e+01
   4.8900000e+02   1.0098616e+01
   4.9000000e+02   1.0098421e+01
   4.9100000e+02   1.0098749e+01
   4.9200000e+02   1.0098489e+01
   4.9300000e+02   1.0098750e+01
   4.9400000e+02   1.0098672e+01
   4.9500000e+02   1.0098805e+01
   4.9600000e+02   1.0098678e+01
   4.9700000e+02   1.0098600e+01
   4.9800000e+02   1.0098503e+01
   4.9900000e+02   1.0098517e+01
   5.0000000e+02   1.0098520e+01
   5.0100000e+02   1.0098475e+01
   5.0200000e+02   1.0098425e+01
   5.0300000e+02   1.0098603e+01
   5.0400000e+02   1.0098668e+01
   5.0500000e+02   1.0098510e+01
   5.0600000e+02   1.0098429e+01
   5.0700000e+02   1.0097641e+01
   5.0800000e+02   1.0098058e+01
   5.0900000e+02   1.0098153e+01
   5.1000000e+02   1.0098237e+01
   5.1100000e+02   1.0098101e+01
   5.1200000e+02   1.0098250e+01
   5.1300000e+02   1.0097914e+01
   5.1400000e+02   1.0098064e+01
   5.1500000e+02   1.0098118e+01
   5.1600000e+02   1.0098087e+01
   5.1700000e+02   1.0097679e+01
   5.1800000e+02   1.0097894e+01
   5.1900000e+02   1.0097942e+01
   5.2000000e+02   1.0097967e+01
   5.2100000e+02   1.0097761e+01
   5.2200000e+02   1.0097982e+01
   5.2300000e+02   1.0098088e+01
   5.2400000e+02   1.0098039e+01
   5.2500000e+02   1.0097834e+01
   5.2600000e+02   1.0098014e+01
   5.2700000e+02   1.0098114e+01
   5.2800000e+02   1.0097902e+01
   5.2900000e+02   1.0097917e+01
   5.3000000e+02   1.0097677e+01
   5.3100000e+02   1.0097733e+01
   5.3200000e+02   1.0097719e+01
   5.3300000e+02   1.0097685e+01
   5.3400000e+02   1.0097657e+01
   5.3500000e+02   1.0097871e+01
   5.3600000e+02   1.0097655e+01
   5.3700000e+02   1.0097828e+01
   5.3800000e+02   1.0097771e+01
   5.3900000e+02   1.0097881e+01
   5.4000000e+02   1.0097434e+01
   5.4100000e+02   1.0097638e+01
   5.4200000e+02   1.0097659e+01
   5.4300000e+02   1.0097321e+01
   5.4400000e+02   1.0097364e+01
   5.4500000e+02   1.0097601e+01
   5.4600000e+02   1.0097137e+01
   5.4700000e+02   1.0097296e+01
   5.4800000e+02   1.0097106e+01
   5.4900000e+02   1.0097128e+01
   5.5000000e+02   1.0097328e+01
   5.5100000e+02   1.0097138e+01
   5.5200000e+02   1.0097157e+01
   5.5300000e+02   1.0097145e+01
   5.5400000e+02   1.0096924e+01
   5.5500000e+02   1.0097167e+01
   5.5600000e+02   1.0097353e+01
   5.5700000e+02   1.0097226e+01
   5.5800000e+02   1.0097196e+01
   5.5900000e+02   1.0096826e+01
   5.6000000e+02   1.0096989e+01
   5.6100000e+02   1.0097359e+01
   5.6200000e+02   1.0097536e+01
   5.6300000e+02   1.0097372e+01
   5.6400000e+02   1.0096857e+01
   5.6500000e+02   1.0097010e+01
   5.6600000e+02   1.0097154e+01
   5.6700000e+02   1.0097258e+01
   5.6800000e+02   1.0096910e+01
   5.6900000e+02   1.0096546e+01
   5.7000000e+02   1.0096579e+01
   5.7100000e+02   1.0096668e+01
   5.7200000e+02   1.0097376e+01
   5.7300000e+02   1.0096829e+01
   5.7400000e+02   1.0096868e+01
   5.7500000e+02   1.0097031e+01
   5.7600000e+02   1.0096809e+01
   5.7700000e+02   1.0096841e+01
   5.7800000e+02   1.0096957e+01
   5.7900000e+02   1.0096547e+01
   5.8000000e+02   1.0096878e+01
   5.8100000e+02   1.0096746e+01
   5.8200000e+02   1.0096608e+01
   5.8300000e+02   1.0096688e+01
   5.8400000e+02   1.0096608e+01
   5.8500000e+02   1.0096216e+01
   5.8600000e+02   1.0096372e+01
   5.8700000e+02   1.0096481e+01
   5.8800000e+02   1.0096304e+01
   5.8900000e+02   1.0096096e+01
   5.9000000e+02   1.0096499e+01
   5.9100000e+02   1.0096454e+01
   5.9200000e+02   1.0096436e+01
   5.9300000e+02   1.0096334e+01
   5.9400000e+02   1.0096327e+01
   5.9500000e+02   1.0096232e+01
   5.9600000e+02   1.0096495e+01
   5.9700000e+02   1.0096147e+01
   5.9800000e+02   1.0096226e+01
   5.9900000e+02   1.0096110e+01
   6.0000000e+02   1.0096360e+01
   6.0100000e+02   1.0096133e+01
   6.0200000e+02   1.0096242e+01
   6.0300000e+02   1.0096148e+01
   6.0400000e+02   1.0096191e+01
   6.0500000e+02   1.0095857e+01
   6.0600000e+02   1.0096066e+01
   6.0700000e+02   1.0096149e+01
   6.0800000e+02   1.0096096e+01
   6.0900000e+02   1.0096116e+01
   6.1000000e+02   1.0096263e+01
   6.1100000e+02   1.0095874e+01
   6.1200000e+02   1.0096098e+01
   6.1300000e+02   1.0095878e+01
   6.1400000e+02   1.0095678e+01
   6.1500000e+02   1.0095917e+01
   6.1600000e+02   1.0096039e+01
   6.1700000e+02   1.0096199e+01
   6.1800000e+02   1.0095828e+01
   6.1900000e+02   1.0095867e+01
   6.2000000e+02   1.0096297e+01
   6.2100000e+02   1.0095802e+01
   6.2200000e+02   1.0095914e+01
   6.2300000e+02   1.0096054e+01
   6.2400000e+02   1.0095979e+01
   6.2500000e+02   1.0095799e+01
   6.2600000e+02   1.0095992e+01
   6.2700000e+02   1.0095823e+01
   6.2800000e+02   1.0095915e+01
   6.2900000e+02   1.0095821e+01
   6.3000000e+02   1.0095776e+01
   6.3100000e+02   1.0096218e+01
   6.3200000e+02   1.0095889e+01
   6.3300000e+02   1.0095687e+01
   6.3400000e+02   1.0095779e+01
   6.3500000e+02   1.0095777e+01
   6.3600000e+02   1.0095486e+01
   6.3700000e+02   1.0095623e+01
   6.3800000e+02   1.0095620e+01
   6.3900000e+02   1.0095558e+01
   6.4000000e+02   1.0095644e+01
   6.4100000e+02   1.0095590e+01
   6.4200000e+02   1.0095408e+01
   6.4300000e+02   1.0095557e+01
   6.4400000e+02   1.0095315e+01
   6.4500000e+02   1.0095453e+01
   6.4600000e+02   1.0095493e+01
   6.4700000e+02   1.0095384e+01
   6.4800000e+02   1.0095327e+01
   6.4900000e+02   1.0095598e+01
   6.5000000e+02   1.0095155e+01
   6.5100000e+02   1.0095598e+01
   6.5200000e+02   1.0095063e+01
   6.5300000e+02   1.0095416e+01
   6.5400000e+02   1.0095418e+01
   6.5500000e+02   1.0095147e+01
   6.5600000e+02   1.0095235e+01
   6.5700000e+02   1.0095186e+01
   6.5800000e+02   1.0095397e+01
   6.5900000e+02   1.0095074e+01
   6.6000000e+02   1.0095461e+01
   6.6100000e+02   1.0095214e+01
   6.6200000e+02   1.0095205e+01
   6.6300000e+02   1.0094998e+01
   6.6400000e+02   1.0095264e+01
   6.6500000e+02   1.0095121e+01
   6.6600000e+02   1.0094877e+01
   6.6700000e+02   1.0095141e+01
   6.6800000e+02   1.0094870e+01
   6.6900000e+02   1.0095067e+01
   6.7000000e+02   1.0094757e+01
   6.7100000e+02   1.0094791e+01
   6.7200000e+02   1.0094728e+01
   6.7300000e+02   1.0094818e+01
   6.7400000e+02   1.0094437e+01
   6.7500000e+02   1.0094790e+01
   6.7600000e+02   1.0094599e+01
   6.7700000e+02   1.0094599e+01
   6.7800000e+02   1.0094685e+01
   6.7900000e+02   1.0094649e+01
   6.8000000e+02   1.0094336e+01
   6.8100000e+02   1.0094268e+01
   6.8200000e+02   1.0094424e+01
   6.8300000e+02   1.0094261e+01
   6.8400000e+02   1.0094370e+01
   6.8500000e+02   1.0094019e+01
   6.8600000e+02   1.0094375e+01
   6.8700000e+02   1.0094494e+01
   6.8800000e+02   1.0094241e+01
   6.8900000e+02   1.0094261e+01
   6.9000000e+02   1.0094490e+01
   6.9100000e+02   1.0094517e+01
   6.9200000e+02   1.0094524e+01
   6.9300000e+02   1.0094330e+01
   6.9400000e+02   1.0094353e+01
   6.9500000e+02   1.0094302e+01
   6.9600000e+02   1.0094351e+01
   6.9700000e+02   1.0094315e+01
   6.9800000e+02   1.0094391e+01
   6.9900000e+02   1.0094479e+01
   7.0000000e+02   1.0094047e+01
   7.0100000e+02   1.0094223e+01
   7.0200000e+02   1.0094264e+01
   7.0300000e+02   1.0094179e+01
   7.0400000e+02   1.0094131e+01
   7.0500000e+02   1.0094079e+01
   7.0600000e+02   1.0094116e+01
   7.0700000e+02   1.0093933e+01
   7.0800000e+02   1.0094282e+01
   7.0900000e+02   1.0094052e+01
   7.1000000e+02   1.0093992e+01
   7.1100000e+02   1.0093793e+01
   7.1200000e+02   1.0093852e+01
   7.1300000e+02   1.0093945e+01
   7.1400000e+02   1.0093821e+01
   7.1500000e+02   1.0093733e+01
   7.1600000e+02   1.0093809e+01
   7.1700000e+02   1.0093601e+01
   7.1800000e+02   1.0093935e+01
   7.1900000e+02   1.0094037e+01
   7.2000000e+02   1.0093839e+01
   7.2100000e+02   1.0093515e+01
   7.2200000e+02   1.0093662e+01
   7.2300000e+02   1.0093624e+01
   7.2400000e+02   1.0093594e+01
   7.2500000e+02   1.0093581e+01
   7.2600000e+02   1.0093689e+01
   7.2700000e+02   1.0093562e+01
   7.2800000e+02   1.0093510e+01
   7.2900000e+02   1.0093525e+01
   7.3000000e+02   1.0093394e+01
   7.3100000e+02   1.0093527e+01
   7.3200000e+02   1.0093541e+01
   7.3300000e+02   1.0093898e+01
   7.3400000e+02   1.0093197e+01
   7.3500000e+02   1.0093742e+01
   7.3600000e+02   1.0093514e+01
   7.3700000e+02   1.0093808e+01
   7.3800000e+02   1.0093691e+01
   7.3900000e+02   1.0093403e+01
   7.4000000e+02   1.0093546e+01
   7.4100000e+02   1.0093535e+01
   7.4200000e+02   1.0093289e+01
   7.4300000e+02   1.0093429e+01
   7.4400000e+02   1.0093402e+01
   7.4500000e+02   1.0093658e+01
   7.4600000e+02   1.0093427e+01
   7.4700000e+02   1.0093218e+01
   7.4800000e+02   1.0093038e+01
   7.4900000e+02   1.0093180e+01
   7.5000000e+02   1.0093293e+01
   7.5100000e+02   1.0093428e+01
   7.5200000e+02   1.0092943e+01
   7.5300000e+02   1.0093283e+01
   7.5400000e+02   1.0093074e+01
   7.5500000e+02   1.0093257e+01
   7.5600000e+02   1.0093129e+01
   7.5700000e+02   1.0093332e+01
   7.5800000e+02   1.0092940e+01
   7.5900000e+02   1.0092842e+01
   7.6000000e+02   1.0093487e+01
   7.6100000e+02   1.0092934e+01
   7.6200000e+02   1.0093139e+01
   7.6300000e+02   1.0092997e+01
   7.6400000e+02   1.0093139e+01
   7.6500000e+02   1.0093103e+01
   7.6600000e+02   1.0093182e+01
   7.6700000e+02   1.0093171e+01
   7.6800000e+02   1.0092952e+01
   7.6900000e+02   1.0093347e+01
   7.7000000e+02   1.0093286e+01
   7.7100000e+02   1.0093252e+01
   7.7200000e+02   1.0093037e+01
   7.7300000e+02   1.0093079e+01
   7.7400000e+02   1.0092811e+01
   7.7500000e+02   1.0092909e+01
   7.7600000e+02   1.0093019e+01
   7.7700000e+02   1.0092899e+01
   7.7800000e+02   1.0092556e+01
   7.7900000e+02   1.0092846e+01
   7.8000000e+02   1.0092789e+01
