0	10.44362649316902
1	10.44049702768901
2	10.43996143942131
3	10.43947555862205
4	10.43896598624749
5	10.43900059777494
6	10.43848478263539
7	10.43840266892983
8	10.43803494327556
9	10.43800085347655
10	10.43760421171773
11	10.43739369076289
12	10.43715601435432
13	10.43698438987764
14	10.4369748333661
15	10.43688067269542
16	10.4367318235469
17	10.43658574651994
18	10.43630211413359
19	10.43632722297485
20	10.43625929586906
21	10.43599330625593
22	10.43585717592377
23	10.43597348582885
24	10.43605144225388
25	10.435587844331
26	10.43586609967532
27	10.43567008373266
28	10.43550122680669
29	10.43523940429299
30	10.4354231388292
31	10.43507846851325
32	10.43494015199255
33	10.43504986380488
34	10.43488242184537
35	10.4345442861462
36	10.4348271753964
37	10.4344289542001
38	10.43410569149539
39	10.43438442590013
40	10.43425991194778
41	10.43392981935345
42	10.43383854525759
43	10.43398133716777
44	10.43396176285999
45	10.43401731337569
46	10.43384387763112
47	10.43365192611607
48	10.433586808164
49	10.4337205491679
50	10.43381750182767
51	10.4333846624866
52	10.43329456507328
53	10.43326050094882
54	10.43321014074219
55	10.43328184464236
56	10.43314092377169
57	10.43282792391827
58	10.43301075153212
59	10.43311209510247
60	10.43294382519532
61	10.43268279777535
62	10.43291522588222
63	10.43271264965253
64	10.43278460953946
65	10.43298148790512
66	10.43287808375938
67	10.4327690671464
68	10.4327334677475
69	10.43262364524128
70	10.43273304462639
71	10.43270140867313
72	10.43299425115472
73	10.43266667213195
74	10.43281339211555
75	10.43228330992459
76	10.43224499861585
77	10.43220178935818
78	10.43203397655792
79	10.43219309106753
80	10.43231314185403
81	10.43240379271506
82	10.4320947822932
83	10.43197939625755
84	10.4321495322407
85	10.43174633496563
86	10.4319544158498
87	10.43155291773056
88	10.43169993179302
89	10.43133634310003
90	10.43130047490936
91	10.43141944911042
92	10.43130128838224
93	10.43125446429019
94	10.43116884615976
95	10.43115108884853
96	10.43089516607619
97	10.43121821380873
98	10.43115325290058
99	10.4310860889198
100	10.43092963538264
101	10.43078160262443
102	10.43086698786133
103	10.43064731488086
104	10.43073533100831
105	10.43103093762196
106	10.43061293146496
107	10.43067859160352
108	10.43031446270975
109	10.43042823685832
110	10.43023769635035
111	10.43036850912287
112	10.43025837045109
113	10.43028633674429
114	10.43020486652462
115	10.43013655042129
116	10.4300847785127
117	10.42986291105584
118	10.42972655404423
119	10.43000273217026
120	10.4298659602444
121	10.4298034020971
122	10.42971455045795
123	10.42950874924111
124	10.42985997625702
125	10.42937240390307
126	10.42962761077236
127	10.42984029510364
128	10.42946334687904
129	10.42947325016244
130	10.42950296999002
131	10.4294662581631
132	10.42951664870927
133	10.42915604814522
134	10.4294556401481
135	10.42942122627206
136	10.42918162619284
137	10.42941274534672
138	10.4292074750834
139	10.42924905082345
140	10.42908728524296
141	10.42919745480641
142	10.42900350799708
143	10.42902893435081
144	10.42914240946369
145	10.4291315128986
146	10.42906228976209
147	10.42888968106482
148	10.42875532198299
149	10.42878886201148
150	10.42865597074642
151	10.42866378174673
152	10.42880402839925
153	10.42874630464788
154	10.42871488845438
155	10.42869124207452
156	10.42853718305338
157	10.42854950851982
158	10.42829788502207
159	10.42842157278829
160	10.42834115938334
161	10.42829438671807
162	10.42844005170289
163	10.42823143157926
164	10.42815572584374
165	10.42719343239045
166	10.41978956687707
167	10.39863804395163
168	10.38940458154894
169	10.39947859515777
170	10.41158426350425
171	10.41856444759177
172	10.42170800514914
173	10.42247689856947
174	10.4229456643577
175	10.42391848301212
176	10.42460639774481
177	10.42092064225759
178	10.36630589516635
179	10.3296263954532
180	10.34798107519038
181	10.35692926680067
182	10.35981181080319
183	10.36335950773761
184	10.36698211352925
185	10.37404607139415
186	10.38316506849407
187	10.39315435747007
188	10.40190830548138
189	10.4090861773737
190	10.41383907669087
191	10.41693887092274
192	10.418885648802
193	10.42001598102492
194	10.42122417367282
195	10.42197812027987
196	10.4224477176516
197	10.4225958533648
198	10.42333352470183
199	10.42380779204494
200	10.42461500804453
201	10.42498692983351
202	10.42558620211832
203	10.42604470055367
204	10.4261661146503
205	10.42615245006465
206	10.42647897900342
207	10.42659348909862
208	10.42641998196819
209	10.42649324765132
210	10.42643714155532
211	10.42677981665505
212	10.42673279378209
213	10.42662157929023
214	10.42670332331724
215	10.42636024761795
216	10.42638968265598
217	10.42592871787547
218	10.42587964760568
219	10.42512015056355
220	10.42395413780933
221	10.42295635084218
222	10.42168628220059
223	10.42058894467612
224	10.42002567586842
225	10.41955812900149
226	10.4194643227448
227	10.41932387264681
228	10.42040445900282
229	10.42077980158451
230	10.42120048139627
231	10.4217542230558
232	10.42216921015771
233	10.42236193291687
234	10.42289942771229
235	10.42303356626413
236	10.42304803321067
237	10.42293867859753
238	10.42309337859122
239	10.42275484161523
240	10.4224667778945
241	10.42084397372685
242	10.41801769147088
243	10.41311471686325
244	10.4060950156472
245	10.39803355671299
246	10.39021468417523
247	10.38469297350971
248	10.38217306130217
249	10.38256353077134
250	10.3843211316402
251	10.38646688254419
252	10.38799259443162
253	10.38792285411732
254	10.38695177351832
255	10.38503614518926
256	10.38279967485658
257	10.3808825998053
258	10.37876511316455
259	10.37702418552154
260	10.37523443559581
261	10.37386499787418
262	10.37382453472451
263	10.37547112533047
264	10.37842422250313
265	10.3821368576516
266	10.38651040846826
267	10.39049371794365
268	10.39401240948279
269	10.39650451295629
270	10.39890642341647
271	10.40011665282392
272	10.40191148991992
273	10.4032645751666
274	10.40485589715099
275	10.40627093651756
276	10.40783953229397
277	10.40896198667866
278	10.40999312613648
279	10.41086479213877
280	10.41136974407337
281	10.4122198212146
282	10.41344319691571
283	10.4140740962916
284	10.41514213246524
285	10.41620338856536
286	10.41687427508982
287	10.41783368710274
288	10.41851380607294
289	10.41934939025146
290	10.4199330795798
291	10.4203578120958
292	10.42098757686759
293	10.42155618011107
294	10.42131384907438
295	10.42205950143844
296	10.4221031031484
297	10.42202523892486
298	10.42180530083091
299	10.42147461638681
300	10.42052276299728
301	10.41988468239224
302	10.41819028174823
303	10.41618489413397
304	10.41336805143499
305	10.4101979589708
306	10.40585707028418
307	10.40116373559473
308	10.39710072438219
309	10.39358288762323
310	10.39212034919583
311	10.39036776527782
312	10.38992518711401
313	10.38811284713511
314	10.38491624151778
315	10.38028490666858
316	10.3747881418959
317	10.36896748997817
318	10.36404716053631
319	10.36098386102484
320	10.35941405108978
321	10.35941953312785
322	10.3613580378265
323	10.36393428795356
324	10.36769854826274
325	10.37217459543008
326	10.37701937302968
327	10.38203380114494
328	10.38673405217191
329	10.39107021895697
330	10.39428165026678
331	10.39697107248969
332	10.39839937360456
333	10.3994092937103
334	10.39956232110324
335	10.39970679673447
336	10.39987001933515
337	10.40015642511635
338	10.40100607081
339	10.40266008000299
340	10.40461701428281
341	10.40671842095072
342	10.40854614386673
343	10.41053771349593
344	10.41211070644194
345	10.41364724404959
346	10.41515707363417
347	10.41623663550345
348	10.41749689480267
349	10.41804894525925
350	10.41882255507722
351	10.41957001080343
352	10.41956352645593
353	10.41989167861948
354	10.42016811936665
355	10.41991890430973
356	10.42003535977291
357	10.41984286497659
358	10.41971137625162
359	10.4194364119069
360	10.41939389648711
361	10.41926410461052
362	10.41969133247948
363	10.4200304404965
364	10.42030362879602
365	10.42057334161371
366	10.42078150125897
367	10.42085138812133
368	10.42134041783505
369	10.42128871069637
370	10.42191307764376
371	10.42179433928534
372	10.42180850455102
373	10.42233360386637
374	10.42245976182682
375	10.42221161995997
376	10.42194214431281
377	10.42201724744561
378	10.42279961976821
379	10.42250914135867
380	10.42222327204728
381	10.42235618185493
382	10.42174277019688
383	10.42203775793247
384	10.42146067095836
385	10.42067387174725
386	10.42032095119714
387	10.42035558696118
388	10.42028984064666
389	10.42037106161261
390	10.42039857814789
391	10.42035216541413
392	10.42027099086475
393	10.42086329043123
394	10.42070469208971
395	10.42112179107156
396	10.42094355567963
397	10.42119748254184
398	10.42131021554496
399	10.42129957321677
400	10.42184289571288
401	10.4215414526598
402	10.42188205800579
403	10.42205631127147
404	10.42223060545941
405	10.42206447460553
406	10.42212333082282
407	10.42216098014862
408	10.42208232441166
409	10.42215843801531
410	10.42212461793669
411	10.4220682702982
412	10.42226143988635
413	10.42200144171857
414	10.42243373275258
415	10.42245512303313
416	10.42230733703501
417	10.42206196488382
418	10.4221766559185
419	10.4222266950768
420	10.4223613251981
421	10.42237838546405
422	10.42222213116355
423	10.42228208607536
424	10.42234484550866
425	10.42212138554999
426	10.4222079906703
427	10.42216115616005
428	10.42240895063104
429	10.42235277921116
430	10.42214912657473
431	10.42245335647196
432	10.42180693335908
433	10.42223581493737
434	10.42227947676346
435	10.42230723721604
436	10.42170043168365
437	10.42154571732217
438	10.42091149682275
439	10.42045993550014
440	10.41980022963104
441	10.41905123905948
442	10.41862471150203
443	10.41750740176643
444	10.41694197673553
445	10.41632339425731
446	10.41610172054065
447	10.41558699777176
448	10.41590627893547
449	10.41581466130266
450	10.41616196615623
451	10.41699890619083
452	10.41699468972721
453	10.41786369675328
454	10.41783885998652
455	10.41837612752224
456	10.41906625139522
457	10.4195192439753
458	10.41969545942013
459	10.42009737311227
460	10.41959231908576
461	10.42017332232848
462	10.4201139541079
463	10.4199803598317
464	10.42054172484604
465	10.42050020897294
466	10.42070609779474
467	10.4207272577605
468	10.4206825777292
469	10.42074337658596
470	10.42112418240831
471	10.42104685427319
472	10.42076651754892
473	10.42117648021148
474	10.42095406196671
475	10.42065428715728
476	10.4212616423773
477	10.42147229687873
478	10.42141414121852
479	10.42080835485327
480	10.42049142708379
481	10.42119304676827
482	10.42112829517363
483	10.42127799989606
484	10.42121502129495
485	10.42100992170276
486	10.420738811785
487	10.42095375459386
488	10.42100098252369
489	10.42091630475497
490	10.42092075821512
491	10.42094753429471
492	10.42088555313819
493	10.42109041481592
494	10.4207648238195
495	10.42075041584903
496	10.4210421104277
497	10.42078609836319
498	10.42084261117844
499	10.42081882574975
500	10.42080443745707
501	10.42092114876956
502	10.42096666137701
503	10.42067414276217
504	10.42076665673404
505	10.42068737767337
506	10.42090058931071
507	10.42042772935914
508	10.42065599985222
509	10.42051305450581
510	10.42060173630794
511	10.42089298890685
512	10.42084801190014
513	10.42062031308023
514	10.42099724153657
515	10.42099105494024
516	10.420318881319
517	10.42095642344152
518	10.42037249675108
519	10.4203881166799
520	10.42059722622435
521	10.42048825013887
522	10.42045591045378
523	10.4202866663341
524	10.42048729905574
525	10.42059259917341
526	10.42060121285851
527	10.42041150702051
528	10.42054282678478
529	10.42038351231629
530	10.42033120625475
531	10.42015675605856
532	10.42042551510137
533	10.42012827114046
534	10.42029623660687
535	10.42032854580405
536	10.42024234315619
537	10.42001478810191
538	10.42038952997834
539	10.42029229552855
540	10.4201548985778
541	10.42027163219453
542	10.41972088764528
543	10.41980814750077
544	10.42013149467829
545	10.420130297906
546	10.42015003946908
547	10.41992816934295
548	10.42001383836453
549	10.41994993590499
550	10.41972648766623
551	10.41979276219345
552	10.42010947859311
553	10.41985215532373
554	10.42016209774314
555	10.41969041165142
556	10.41987866404656
557	10.41985133504443
558	10.41986110917252
559	10.41966399956692
560	10.41998153787674
561	10.42000814876035
562	10.41995514069788
563	10.41973259970868
564	10.42004560284801
565	10.42017204680918
566	10.42021118527952
567	10.42015427233963
568	10.42013595801759
569	10.42019302995571
570	10.42025561641841
571	10.4203203485956
572	10.42036378167633
573	10.42030934939668
574	10.42015410843396
575	10.41997870054453
576	10.41988958454667
577	10.41977715452914
578	10.41966320587408
579	10.42006650179274
580	10.42003596632506
581	10.41971680911154
582	10.41967549638122
583	10.41964908462078
584	10.41965199452536
585	10.41982113480399
586	10.41945853453303
587	10.41951947172638
588	10.4193529564095
589	10.41938077415017
590	10.41946970816184
591	10.41940174220854
592	10.41956167229729
593	10.4194532768858
594	10.41948789134691
595	10.41956001153822
596	10.41940165645545
597	10.41946831698149
598	10.41955747556685
599	10.41932658683641
600	10.41930915413898
601	10.41971060546134
602	10.41945308357286
603	10.41957538368584
604	10.41942000973995
605	10.41958273532158
606	10.41953358300714
607	10.41943158187145
608	10.41941926770137
609	10.41944058421442
610	10.41918166899177
611	10.41921515889733
612	10.41921148007017
613	10.41950051988792
614	10.41953481530755
615	10.4192843202477
616	10.41947342570805
617	10.41932056809698
618	10.41929042666189
619	10.41923203467689
620	10.41912580356544
621	10.41913391311968
622	10.41932461704087
623	10.41913442250414
624	10.41925884407245
625	10.41913112436364
626	10.41927845966068
627	10.41890037630723
628	10.419012205393
629	10.41923031401604
630	10.41914717658218
631	10.41907335145573
632	10.41908309397322
633	10.41901063437387
634	10.41905494266011
635	10.41893940115616
636	10.41857056786215
637	10.41860623156046
638	10.41878557582228
639	10.41868352689917
640	10.41883389603017
641	10.41845346028738
642	10.41870234959496
643	10.41861714684344
644	10.41886041331069
645	10.41859325549744
646	10.41883352519379
647	10.41865359970532
648	10.41862980046115
649	10.41875710831872
650	10.41848744943397
651	10.41873174164472
652	10.41858097718663
653	10.41862336569345
654	10.41856309771521
655	10.41853049401093
656	10.418756278426
657	10.41849295469567
658	10.41857504552569
659	10.41845593278126
660	10.41853550175097
661	10.41855930355953
662	10.41866773710314
663	10.41854179625146
664	10.41861559002207
665	10.41865085347884
666	10.41841099821133
667	10.41832458737171
668	10.41864956136857
669	10.41850179240102
670	10.41847723537436
671	10.41850500678685
672	10.41841786036348
673	10.41846638201171
674	10.41822245104956
675	10.41836408877713
676	10.41855753906853
677	10.41811486466694
678	10.41823240487067
679	10.41857805096164
680	10.41811068765934
681	10.41846049159316
682	10.41839268121839
683	10.41848973000304
684	10.41822749327431
685	10.41829174452737
686	10.41817575966827
687	10.41812640757245
688	10.41792391857352
689	10.41819808417346
690	10.41798548105304
691	10.41822966510535
692	10.41799959369838
693	10.41812718342062
694	10.41782422209493
695	10.41810575575848
696	10.41755346257823
697	10.41783396484044
698	10.41791802186055
699	10.41783814711411
700	10.41750612216732
701	10.41800925155974
702	10.41795121409282
703	10.41810069250433
704	10.41798467843586
705	10.41775968183335
706	10.41751425960674
707	10.41754365481057
708	10.41778954240254
709	10.41762409707101
710	10.41729120441077
711	10.41758855308263
712	10.41754916382319
713	10.41747433317712
714	10.41752794478484
715	10.41760339923662
716	10.41762478443279
717	10.41757107148117
718	10.41754697385642
719	10.41736682579635
720	10.41756068620437
721	10.41752530813011
722	10.41727736478118
723	10.41757090656914
724	10.4174424544651
725	10.41759751090367
726	10.41719299376812
727	10.41746263830924
728	10.41730344576558
729	10.41739848321469
730	10.41774795472022
731	10.41753934969599
732	10.41751487049504
733	10.4173791023569
734	10.41747608774255
735	10.41737190776944
736	10.41724036856157
737	10.41736870639351
738	10.41769330384689
739	10.41757440065
740	10.41730698227315
741	10.41737569812059
742	10.417368545125
743	10.41742329703916
744	10.41727279206876
745	10.41728754057541
746	10.41723130517785
747	10.41707303375894
748	10.4170167725274
749	10.4169803542883
750	10.41703353698948
751	10.41698810966814
752	10.41708040593911
753	10.41707371670403
754	10.41708923130553
755	10.41728914289616
756	10.41693217458863
757	10.41708470230988
758	10.4169891680458
759	10.41675697038706
760	10.41718417192951
761	10.41714706444443
762	10.41701812598349
763	10.41690985582033
764	10.41693011190334
765	10.41695179045236
766	10.41705792993322
767	10.41684859029976
768	10.4170077669818
769	10.4167467145599
770	10.41690508681153
771	10.41692151320593
772	10.41695178597488
773	10.41689350654963
774	10.41667159530876
775	10.41704531984495
776	10.41695477924865
777	10.41682168605369
778	10.41670755858004
779	10.41692435682881
780	10.41662155442486
