0	10.40335664330832
1	10.40042234937877
2	10.39973479551765
3	10.39926087828573
4	10.39912432077011
5	10.39817620065988
6	10.39784667365738
7	10.39755384674719
8	10.39731166711404
9	10.39706921893874
10	10.39705655346804
11	10.39697311233264
12	10.39675920144679
13	10.39673774366337
14	10.39674633289044
15	10.39640746800037
16	10.39636066166713
17	10.39630235455938
18	10.39604742060407
19	10.39594212709501
20	10.39588568504074
21	10.39571785151653
22	10.39568921320143
23	10.39546953757215
24	10.39545734553545
25	10.39541824342201
26	10.39523771850058
27	10.394921277241
28	10.39526327453485
29	10.39522679173137
30	10.39502679542642
31	10.39483849675475
32	10.39502147806083
33	10.39475494780027
34	10.39470060798888
35	10.39445295550818
36	10.39438360270748
37	10.39439139767113
38	10.39425065783639
39	10.39441925038614
40	10.39426829430531
41	10.39397680366502
42	10.39415971930937
43	10.39389854807277
44	10.39366286312767
45	10.39364991677483
46	10.39381445698364
47	10.39390846611479
48	10.39362512827621
49	10.39359753269561
50	10.39345671153232
51	10.39350863385526
52	10.39335792766319
53	10.39346299726202
54	10.39349948474072
55	10.39318134531992
56	10.39353173114147
57	10.39340101425532
58	10.39329961882456
59	10.39317995877196
60	10.39304838594546
61	10.39327217588325
62	10.39306393910523
63	10.39289714277205
64	10.3928997156582
65	10.3927086310407
66	10.39284191421628
67	10.39275315093642
68	10.39257481489806
69	10.392773111681
70	10.39279618421089
71	10.39264489279788
72	10.39257902459035
73	10.39259883868357
74	10.39270586817819
75	10.39255036629139
76	10.39223338862094
77	10.39223393415513
78	10.39243631683311
79	10.39232609660945
80	10.39244938241304
81	10.39224341247333
82	10.39214273149194
83	10.39203239636987
84	10.39205050714096
85	10.39198082223333
86	10.3921631745688
87	10.3920053204723
88	10.39185918382542
89	10.39210249412133
90	10.39168039838327
91	10.3916650929864
92	10.39192082130602
93	10.39145210138594
94	10.3915964444532
95	10.39153370560252
96	10.39148547801711
97	10.39130624373755
98	10.39126257945646
99	10.39143249978124
100	10.39145200532487
101	10.39122215354557
102	10.39123800717086
103	10.39116318285061
104	10.39109958228787
105	10.39118472384163
106	10.39152922950288
107	10.39132953873055
108	10.39142237520772
109	10.39104231481713
110	10.39113677714491
111	10.39104405952733
112	10.39103050915673
113	10.39095832531715
114	10.39108524339229
115	10.39091263679257
116	10.39065638694556
117	10.39096014024569
118	10.39072647804262
119	10.390767823406
120	10.39079966083985
121	10.3906735222217
122	10.39062687128027
123	10.39068470386317
124	10.39064806731868
125	10.39064458949751
126	10.39066890897609
127	10.39059860621578
128	10.390822328136
129	10.39067193777685
130	10.39055274412952
131	10.39060651505407
132	10.39040173342323
133	10.39028274557707
134	10.39038722947187
135	10.39026124458138
136	10.39025040997931
137	10.39026401323135
138	10.39036634769632
139	10.39035160872535
140	10.39029199767993
141	10.39005836857282
142	10.39030706324957
143	10.38982367144651
144	10.3899714513165
145	10.3897696301672
146	10.38989363511091
147	10.38985660915963
148	10.39023324718064
149	10.38996696031338
150	10.3898891028688
151	10.38960659316939
152	10.38941328183083
153	10.38952537616806
154	10.38951127828432
155	10.38961327659623
156	10.38949676646784
157	10.38950248197375
158	10.38915491152364
159	10.38934155031052
160	10.3894420979575
161	10.38935468676181
162	10.38921850034468
163	10.38918538615308
164	10.38923524193258
165	10.38739415766776
166	10.37628390402762
167	10.35622213400469
168	10.35512006714354
169	10.36721911901637
170	10.3770837135082
171	10.38239109027509
172	10.38364059938123
173	10.3843798561606
174	10.38430756008458
175	10.38498515339149
176	10.38526447016124
177	10.37626315413974
178	10.32749654401574
179	10.31781788225392
180	10.32386829148635
181	10.3262894856592
182	10.330630006807
183	10.33541510919739
184	10.3390974597278
185	10.34089775055486
186	10.34239849219662
187	10.34735031189764
188	10.35558996856063
189	10.36430023938176
190	10.37135816901678
191	10.37604930563775
192	10.37852773298807
193	10.38009818936316
194	10.38096368203563
195	10.38180808226128
196	10.38235790743099
197	10.38301836051336
198	10.3836722737654
199	10.38405366965694
200	10.38461035390278
201	10.38516875884477
202	10.38540295860492
203	10.38587134425927
204	10.38627901639605
205	10.38666163291662
206	10.38701965046525
207	10.38744858516086
208	10.38762115474539
209	10.38760010174124
210	10.38800219563952
211	10.38805705372875
212	10.38829753045381
213	10.38802312523738
214	10.38789584912808
215	10.38831689224529
216	10.38819462954796
217	10.38790179317139
218	10.38818984965057
219	10.38773059682871
220	10.38782640082283
221	10.38755234002949
222	10.38798582912775
223	10.38823084977457
224	10.38807008906851
225	10.38817455028291
226	10.38776942114067
227	10.38797520817477
228	10.38788482205928
229	10.38810390859638
230	10.38824510967936
231	10.38788975635894
232	10.38802355173973
233	10.38768044122884
234	10.38814676881714
235	10.3880502084643
236	10.3882122014662
237	10.3883142723491
238	10.3880560489514
239	10.38788565284955
240	10.3879152425427
241	10.38781248155856
242	10.38766780837911
243	10.38698662282897
244	10.38625147527441
245	10.3857587130503
246	10.38481640816571
247	10.3846206249044
248	10.38424914174251
249	10.38475802793837
250	10.38493239151059
251	10.38492347619821
252	10.38502202940479
253	10.38494983029749
254	10.3848926520799
255	10.38458040951455
256	10.38425452535009
257	10.38405290634647
258	10.38382738955949
259	10.38367276668064
260	10.38341110464791
261	10.38338799647329
262	10.38340454951872
263	10.38354177198969
264	10.38379680989825
265	10.38433529634704
266	10.38429462386387
267	10.38498453186303
268	10.38487037131477
269	10.38481415841754
270	10.38497973474438
271	10.38518004548291
272	10.38517693381236
273	10.38541171264788
274	10.38539394562104
275	10.38559376606405
276	10.38560316051708
277	10.38559941110813
278	10.38590893836642
279	10.38571811275287
280	10.38595212080804
281	10.38604462807414
282	10.38598465727831
283	10.38588332693777
284	10.3860290824639
285	10.38599785171788
286	10.38610678010571
287	10.38598617545519
288	10.38608476142701
289	10.38643134008158
290	10.38599085021066
291	10.38600589514794
292	10.38640795946013
293	10.38609574716935
294	10.3864913442738
295	10.38617348592782
296	10.38610193235071
297	10.38587435691732
298	10.38551674216764
299	10.38501753355947
300	10.38427880801294
301	10.38314947393671
302	10.38182663772935
303	10.37991524351526
304	10.37719832118159
305	10.37395088391291
306	10.36999660588496
307	10.36630962368001
308	10.36338716171616
309	10.36099109371353
310	10.35992174644878
311	10.3595890082146
312	10.35869573633428
313	10.35690403377113
314	10.35316106512502
315	10.34829713301837
316	10.34270459521778
317	10.3377545622135
318	10.33354958589577
319	10.33121340133502
320	10.33029803613519
321	10.33084203832571
322	10.33284371806136
323	10.33556155451795
324	10.33870376013819
325	10.34289692645301
326	10.34712127348957
327	10.35094070344169
328	10.35507162185319
329	10.35779994294799
330	10.35989150218228
331	10.3610446650056
332	10.3616669458643
333	10.36155397726735
334	10.36125760704851
335	10.36091810873375
336	10.36136248075144
337	10.36191230560856
338	10.36344659815451
339	10.36497450908115
340	10.36711354460141
341	10.36920044174246
342	10.37095618766377
343	10.3726824101487
344	10.37421365345622
345	10.3752801631923
346	10.37682785638481
347	10.37770937973265
348	10.37865006952215
349	10.37948294310439
350	10.38007706096921
351	10.3807389141571
352	10.38120580548286
353	10.38160333832857
354	10.38188330903255
355	10.38189779982345
356	10.3816939299878
357	10.38161525622244
358	10.38139248853899
359	10.3811938857394
360	10.38151067859155
361	10.38171791380307
362	10.38191289942307
363	10.3822988190612
364	10.38266610356045
365	10.38294259185607
366	10.38325823918385
367	10.38382977982099
368	10.38383273516134
369	10.38420097923771
370	10.38402257099484
371	10.38417983016195
372	10.38433304761952
373	10.38446881097114
374	10.38452551365242
375	10.38453734632125
376	10.38444777545517
377	10.38465390878537
378	10.38443269613291
379	10.38436744944325
380	10.38419565504233
381	10.3841069118954
382	10.38370025990625
383	10.38383177453788
384	10.38290904016082
385	10.38269279142573
386	10.38229162136202
387	10.38217717097235
388	10.38247516346442
389	10.38235646909855
390	10.38233324254554
391	10.38265721477124
392	10.38264242498628
393	10.38337346896859
394	10.38321553477134
395	10.38337950032975
396	10.38378099937752
397	10.38394977408824
398	10.38380132524517
399	10.38406825915442
400	10.38409476306255
401	10.38431209886187
402	10.3840693822948
403	10.38419015406113
404	10.38438373178094
405	10.38445558224525
406	10.38407212059085
407	10.38373856536172
408	10.38409923162338
409	10.38403179747137
410	10.38398522440006
411	10.38421100249632
412	10.38421416813846
413	10.38415408020058
414	10.38428550339935
415	10.38397219447284
416	10.38423828557763
417	10.38403560087498
418	10.38406604692879
419	10.3841962149334
420	10.38399136328048
421	10.38409622280911
422	10.38407564835113
423	10.3841826731428
424	10.38421146518332
425	10.38393800886215
426	10.38406743583311
427	10.38415375417699
428	10.38430177488398
429	10.38401889298291
430	10.38378023865556
431	10.38356518420745
432	10.38285433922413
433	10.38177225308795
434	10.37965336023233
435	10.37650575417068
436	10.3712722922669
437	10.36363491237433
438	10.35319215899415
439	10.33909025129637
440	10.32306584895308
441	10.30501071617016
442	10.28592141236391
443	10.26934357874768
444	10.25571406056485
445	10.24669583950586
446	10.24338539384697
447	10.24528660524994
448	10.25083044032525
449	10.25906824088544
450	10.26975797755545
451	10.28073476571136
452	10.29135740490376
453	10.30132099209046
454	10.31035312070321
455	10.31846879927506
456	10.32517399632802
457	10.33109731803216
458	10.33647582905584
459	10.34135437430587
460	10.34548324692822
461	10.34926594067891
462	10.35277050109968
463	10.35502149073062
464	10.3580558011275
465	10.35997351563145
466	10.36214343850798
467	10.36404189297342
468	10.36576874288019
469	10.36757127286501
470	10.36936886366122
471	10.37094140119058
472	10.37226130740426
473	10.37414784326344
474	10.37552241528265
475	10.37670462527497
476	10.37786464301946
477	10.37881068876719
478	10.37983330761164
479	10.38069310706556
480	10.38085912069317
481	10.38145235622696
482	10.38160665341165
483	10.38206417269577
484	10.38235402804557
485	10.38271820262497
486	10.38257485309691
487	10.38283151967611
488	10.38277772283193
489	10.38302483468
490	10.3830879481983
491	10.38268505207006
492	10.38270495078087
493	10.3828547316436
494	10.383122905485
495	10.38283883648404
496	10.38295940471646
497	10.38283747731587
498	10.38283374453262
499	10.38292549893294
500	10.38284585562893
501	10.38262418572363
502	10.38301523802653
503	10.38298383683017
504	10.38293048106398
505	10.38299409822109
506	10.38301558734487
507	10.3830452378273
508	10.3831850320444
509	10.38304586653504
510	10.38312298960121
511	10.3830349176455
512	10.38309798240448
513	10.38318600603038
514	10.38319303650408
515	10.38343513450042
516	10.38329390950893
517	10.38304376590189
518	10.38297625350892
519	10.38317352384181
520	10.38321250616763
521	10.38311885770016
522	10.38283388498421
523	10.38281018225069
524	10.38271011467205
525	10.38288894548665
526	10.38300313442646
527	10.38286876414294
528	10.38284403423442
529	10.38304431412445
530	10.38283003928997
531	10.38253500127251
532	10.38253019872411
533	10.38272562941918
534	10.38267167445954
535	10.38304781111836
536	10.38307872326227
537	10.38288859056612
538	10.38265990316342
539	10.38299694480667
540	10.38320257544317
541	10.38295239521624
542	10.38283133488373
543	10.38266105500095
544	10.38275097753013
545	10.38273362489832
546	10.38261953788457
547	10.38279105990374
548	10.3827456308624
549	10.38263948743742
550	10.3828278360118
551	10.38271803378484
552	10.38286734120858
553	10.38267647912963
554	10.38262894021539
555	10.38267190187358
556	10.38257256071505
557	10.38240500474548
558	10.38272819086786
559	10.38277918983621
560	10.38256083627183
561	10.38254719537127
562	10.38243316159276
563	10.3824423956898
564	10.38239870952456
565	10.38275050303257
566	10.38244522402023
567	10.38270411712776
568	10.38256266133968
569	10.38278048673741
570	10.38268747613564
571	10.38273978323851
572	10.38264551206245
573	10.38265928232485
574	10.38260493345111
575	10.38254123798406
576	10.38264245620839
577	10.38253851014411
578	10.38239874212491
579	10.38256525311553
580	10.38254076608799
581	10.38254278162537
582	10.38248179049542
583	10.382272705713
584	10.38244373494854
585	10.38267507600592
586	10.38255208003829
587	10.38275546268879
588	10.38217181808961
589	10.38234353277754
590	10.38215315455054
591	10.38224244924166
592	10.382303351881
593	10.3821629443343
594	10.38208660612194
595	10.38217670346229
596	10.38210057446987
597	10.38202777086012
598	10.3817865413607
599	10.38185750833588
600	10.38210149193692
601	10.38223506556453
602	10.38212038669188
603	10.38207662934691
604	10.3821092948494
605	10.38230876328272
606	10.38226080526656
607	10.38205413824233
608	10.38195273096156
609	10.38204537556116
610	10.38200288487387
611	10.38202454696824
612	10.3818592788976
613	10.38198351816103
614	10.38234923361535
615	10.38244963185066
616	10.38238634829359
617	10.3822006292691
618	10.38247506984635
619	10.38217396953046
620	10.3823246315101
621	10.38233894746857
622	10.38223539168652
623	10.38230332076145
624	10.38223421036621
625	10.38245718443387
626	10.38213241994576
627	10.38213329792282
628	10.38198927822587
629	10.38163526647579
630	10.38245667487696
631	10.38197849373765
632	10.38192771342734
633	10.38181386606438
634	10.38210328148533
635	10.38169695587612
636	10.38201568677227
637	10.38176793068811
638	10.38218035855162
639	10.38246813874227
640	10.38228916501858
641	10.38187486878145
642	10.38202629732528
643	10.38209807531796
644	10.38199554598544
645	10.38245705782785
646	10.38218689484977
647	10.3820050074132
648	10.38198156986652
649	10.38220485450394
650	10.38181456862007
651	10.38180278240097
652	10.38212111289433
653	10.38192120897183
654	10.3817592188081
655	10.38203918526799
656	10.3819098501943
657	10.38186991261228
658	10.382121619956
659	10.38192460745655
660	10.38164299201526
661	10.38179119762125
662	10.38159309179638
663	10.38153415383164
664	10.38128152948533
665	10.38092112874626
666	10.38071480684844
667	10.38011877448305
668	10.37985771943394
669	10.37931527176195
670	10.37871821872955
671	10.37773275035994
672	10.37707899448508
673	10.37568865414178
674	10.37469820519452
675	10.37344257639259
676	10.3723232891804
677	10.37087068287429
678	10.3701006960801
679	10.36916548222269
680	10.36848097696645
681	10.36795247684044
682	10.36801981725787
683	10.36757568067114
684	10.3678339830196
685	10.36851620235795
686	10.36877473434319
687	10.36958768754394
688	10.37021204854821
689	10.37117651960464
690	10.37194554411446
691	10.37257798072475
692	10.37329707780401
693	10.37390268981648
694	10.37473430316803
695	10.37536200148316
696	10.37582629562881
697	10.37638502504193
698	10.37719015883386
699	10.37740360327851
700	10.37780641268968
701	10.37833644522146
702	10.37850221770454
703	10.37852564897309
704	10.3789209537857
705	10.37938432108709
706	10.37948180059074
707	10.37957754246157
708	10.3800464225502
709	10.37987697244984
710	10.3802233320158
711	10.38029970784887
712	10.38054643080097
713	10.38073446336453
714	10.38090480871318
715	10.38084445248427
716	10.38098892782352
717	10.38127316795887
718	10.38111170727944
719	10.38131006032615
720	10.38133731958284
721	10.38130425310606
722	10.38128942834068
723	10.38151095769517
724	10.38148706040463
725	10.3814809460163
726	10.38119740460765
727	10.3813948407415
728	10.38137175082045
729	10.38132599052626
730	10.38147285636723
731	10.38111599622995
732	10.38107886873064
733	10.38112232832441
734	10.38117172748524
735	10.38110221941229
736	10.3814479258238
737	10.3814009070486
738	10.38149095694538
739	10.3814019903941
740	10.38116636441809
741	10.38126701585267
742	10.38125740207618
743	10.3811329512006
744	10.38104777458083
745	10.38066893639487
746	10.38124300610359
747	10.3809391520286
748	10.38105863183198
749	10.38107691306245
750	10.38087989918127
751	10.38119796845485
752	10.3809821127063
753	10.38072125255386
754	10.38099673361183
755	10.38125425817817
756	10.38106625009436
757	10.38086820420291
758	10.38092947980713
759	10.38078453383795
760	10.38106704627528
761	10.38083007802978
762	10.38045927823761
763	10.38083598795408
764	10.38089355870749
765	10.38070775410774
766	10.38064243498194
767	10.38076590195463
768	10.38053148299403
769	10.38088193536179
770	10.38085526915417
771	10.38076440660199
772	10.38097905970927
773	10.38076022499024
774	10.38095073631138
775	10.38060337554518
776	10.38062953586516
777	10.38068401315281
778	10.38052702313865
779	10.38042957717767
780	10.38035298645015
