0	10.40397055387889
1	10.40090927873982
2	10.40014614607097
3	10.39973895754757
4	10.39934870634133
5	10.39904814937279
6	10.39881776709634
7	10.3985360518258
8	10.39819937521094
9	10.3982791575061
10	10.39783222223426
11	10.3977778300044
12	10.39770413082785
13	10.39749542635104
14	10.39723062125873
15	10.39691351554628
16	10.39703008286396
17	10.39692217725383
18	10.3967969804241
19	10.39650573569462
20	10.3965473292082
21	10.3963508580083
22	10.3963264154176
23	10.39604912553121
24	10.39596005522791
25	10.39595004157811
26	10.39588145943582
27	10.39575112572209
28	10.39573907460084
29	10.39561974409026
30	10.39551064461783
31	10.39554571378853
32	10.39527179649843
33	10.39552695263972
34	10.39522012436538
35	10.395393643507
36	10.39526525272219
37	10.39515151532497
38	10.39488549199046
39	10.39494498471859
40	10.39457846199627
41	10.39487721027081
42	10.39459075907824
43	10.39446765687513
44	10.39431721709812
45	10.39438293116144
46	10.39429297562132
47	10.39440910235991
48	10.39407108761437
49	10.39418685868443
50	10.39371285880927
51	10.39386397074959
52	10.39405803279635
53	10.39361041513928
54	10.39359278770217
55	10.39362458595815
56	10.39338201924527
57	10.39345917467019
58	10.39360423621948
59	10.39351485113263
60	10.3933530380496
61	10.39331268330391
62	10.39303000804016
63	10.39300396781274
64	10.39324389174547
65	10.39286519808685
66	10.39317753012085
67	10.39298137039779
68	10.39287099559915
69	10.39277863317969
70	10.39282811236197
71	10.39275319592645
72	10.3927788706032
73	10.39245465955018
74	10.39261779558537
75	10.39272704669155
76	10.39248911141573
77	10.39254888234249
78	10.39259498880636
79	10.3925739371962
80	10.39260988311696
81	10.39254772412211
82	10.39252001850631
83	10.39252022567608
84	10.39235684577351
85	10.39238201786059
86	10.39216872123029
87	10.39220342607301
88	10.39210120179941
89	10.39203192730362
90	10.39188916760979
91	10.39196258755368
92	10.39189091450502
93	10.39168929085104
94	10.39193450707923
95	10.39174864930265
96	10.39174996337281
97	10.39168243775135
98	10.39165297115186
99	10.39166092412928
100	10.39158843589399
101	10.39145847322175
102	10.39090962007183
103	10.39140897195135
104	10.39149403337197
105	10.39141628930605
106	10.39112552373448
107	10.39104469946439
108	10.39084924968487
109	10.3910418755364
110	10.39076822224612
111	10.39078718769405
112	10.39078570368734
113	10.39085631743365
114	10.39065859744899
115	10.39047366624731
116	10.39045111438872
117	10.39063349220111
118	10.39051074785159
119	10.39048605648091
120	10.39015396465359
121	10.39021360915532
122	10.39039743451883
123	10.39046499816461
124	10.39034088556645
125	10.39049190541128
126	10.39020881112564
127	10.39038585240706
128	10.39003892370891
129	10.39004461433048
130	10.39012542570828
131	10.39015274849769
132	10.39014628824224
133	10.3901461008067
134	10.38978730657522
135	10.38975503281784
136	10.38985511805782
137	10.38983187558057
138	10.38974031830593
139	10.38968642205082
140	10.38981977947315
141	10.38982229438166
142	10.38971330890006
143	10.3898736111862
144	10.38985973376287
145	10.38981936408151
146	10.38965552440843
147	10.38972914267719
148	10.38967725278159
149	10.3894206767581
150	10.38943870840783
151	10.38954984226111
152	10.38948691573253
153	10.38938920959936
154	10.38944334173318
155	10.3892093558796
156	10.38912448080774
157	10.38932710867209
158	10.3891899132543
159	10.38931247552203
160	10.38924186474377
161	10.38896377666258
162	10.38915423869693
163	10.3892222005869
164	10.38878649292358
165	10.38711833707414
166	10.37469867706897
167	10.3545233761833
168	10.35563801555044
169	10.3686002362
170	10.37851806675689
171	10.38230396560111
172	10.38323787809115
173	10.38315400147735
174	10.3839280055339
175	10.38468222296005
176	10.38497836891919
177	10.37405532013393
178	10.32196256473902
179	10.30731277453354
180	10.31967351350991
181	10.32251458595067
182	10.32900197375244
183	10.33748844376267
184	10.34053281418903
185	10.33923909799902
186	10.34323238448578
187	10.35167601630903
188	10.35953341571868
189	10.36583839722857
190	10.37145467271303
191	10.37590987810764
192	10.3788758684283
193	10.38053418882782
194	10.3816490017705
195	10.38263301816479
196	10.38330334084807
197	10.38403199501917
198	10.38494533462038
199	10.38490122114443
200	10.38531604323032
201	10.38612663063774
202	10.38611053781983
203	10.38674007322634
204	10.38719935866257
205	10.38734607996175
206	10.38764702811946
207	10.3877925108937
208	10.38811310109259
209	10.3881661250104
210	10.38802625444962
211	10.38789064238975
212	10.38790982148021
213	10.38792852770753
214	10.38786026181263
215	10.38764730817717
216	10.38757058320125
217	10.38784173877698
218	10.38735813821869
219	10.38690422258088
220	10.38646407080789
221	10.38570855346357
222	10.38484284018568
223	10.38446638578991
224	10.38393518681308
225	10.38408699049629
226	10.38425093701482
227	10.38437619676345
228	10.38475952532618
229	10.3850489153852
230	10.38507673588604
231	10.38538586571191
232	10.38542285805594
233	10.38528353729508
234	10.3855074204076
235	10.38551226269134
236	10.38559645921176
237	10.38549333305252
238	10.38561589197376
239	10.3852755240367
240	10.38435304352584
241	10.38282889641237
242	10.37943599657342
243	10.37469930767765
244	10.36891584391455
245	10.36264268766532
246	10.35807470004088
247	10.35588450782258
248	10.35615920815276
249	10.35777212676417
250	10.35973980439579
251	10.36117716528549
252	10.36126977141013
253	10.36002832611406
254	10.35822068761002
255	10.35622526672797
256	10.35411830872796
257	10.35256747559497
258	10.35088956273681
259	10.34934025435486
260	10.34843333666711
261	10.34832711559598
262	10.34910265509661
263	10.35134844259526
264	10.35424239895026
265	10.35739790556296
266	10.36064902159208
267	10.36282577394313
268	10.36427079670184
269	10.36544381156777
270	10.36642438641402
271	10.36728869093309
272	10.36821976206419
273	10.36931935632728
274	10.37069991480101
275	10.37216624796296
276	10.37326433366216
277	10.37404743672447
278	10.37479485825285
279	10.37548655642782
280	10.3761023246624
281	10.37686263396186
282	10.37766181462581
283	10.37856255063064
284	10.37913100697686
285	10.37986105740186
286	10.38064708771582
287	10.38126261886844
288	10.38175922687656
289	10.38238613350918
290	10.38263493356411
291	10.38311673587793
292	10.38346015790174
293	10.38360651034199
294	10.38375656099377
295	10.38386571069022
296	10.38328470859997
297	10.38349121021987
298	10.38281361771451
299	10.3821970738871
300	10.38108338106484
301	10.37948010096582
302	10.37714163514611
303	10.37439836226299
304	10.37045679329312
305	10.36598906267443
306	10.36121653415277
307	10.35666737230221
308	10.35369371490673
309	10.35184528565993
310	10.35096487123907
311	10.35049227535389
312	10.34869882908179
313	10.34475947550954
314	10.33943433980217
315	10.33258061272463
316	10.32578441700309
317	10.3202945306666
318	10.31706498051087
319	10.31591342929621
320	10.31681827133178
321	10.31899575064309
322	10.3223015730859
323	10.32644967109902
324	10.33098388128641
325	10.33630480932521
326	10.34109695671953
327	10.34566790029178
328	10.34938048837018
329	10.35237287745371
330	10.35414128176124
331	10.35515511944876
332	10.35580370943907
333	10.35596384678467
334	10.35597762533081
335	10.35661130159511
336	10.35760696904485
337	10.35926146402312
338	10.36155063477974
339	10.36403261363324
340	10.36608038231616
341	10.36827054080604
342	10.37026068068394
343	10.37254031534667
344	10.37383121979099
345	10.37512562020576
346	10.37663940551287
347	10.37777113536378
348	10.3785746821281
349	10.37938699512435
350	10.38004077830247
351	10.38047746737112
352	10.38085273736991
353	10.38071763290201
354	10.38076584476047
355	10.3808640920534
356	10.38060172730133
357	10.38043661587379
358	10.38033389403562
359	10.38063363007182
360	10.38057918889197
361	10.38100854108599
362	10.38157883815363
363	10.38188342614533
364	10.38209269374307
365	10.38264231763663
366	10.38281829418611
367	10.3833226700594
368	10.38342747386628
369	10.38323999353486
370	10.38360501181666
371	10.38383916256341
372	10.38378126497026
373	10.38381836727565
374	10.3838973776724
375	10.38409234363301
376	10.38384207652974
377	10.38358231720613
378	10.38375593463312
379	10.38369874980331
380	10.38320146361922
381	10.38307347032273
382	10.38297773266695
383	10.38221073827539
384	10.38200658778104
385	10.38177282179053
386	10.38200650077434
387	10.3818271271493
388	10.38191842847183
389	10.38219623462475
390	10.38197961618501
391	10.38205141623381
392	10.38247482590624
393	10.38284731346109
394	10.38308653724415
395	10.38325259972474
396	10.3833279455122
397	10.38366503373531
398	10.38373569691284
399	10.3839231137588
400	10.38386650609527
401	10.3839670102938
402	10.38407010887766
403	10.38406972113251
404	10.3843407972238
405	10.38414536637416
406	10.38434419407999
407	10.38435543899077
408	10.38398692788969
409	10.38451229879394
410	10.38425824321004
411	10.38447157887024
412	10.38444716463239
413	10.38433395361927
414	10.38470081581796
415	10.38470759239249
416	10.38418253458718
417	10.38459715562627
418	10.3844452526293
419	10.38440264827525
420	10.38455853553457
421	10.38444833563589
422	10.38448316710531
423	10.38464726711787
424	10.38458738858017
425	10.38450039466682
426	10.38447642135085
427	10.38474639321616
428	10.38474434411543
429	10.3845715771568
430	10.38446661247884
431	10.38428794788755
432	10.38432652290159
433	10.38396324127714
434	10.38369775824269
435	10.38300386674077
436	10.38252858375155
437	10.38162490872516
438	10.38028697598347
439	10.37897999875825
440	10.37722614081931
441	10.37588992054977
442	10.37427182673069
443	10.37352624723749
444	10.37258265912487
445	10.37203217681221
446	10.37245807567879
447	10.37275189666786
448	10.37345820647428
449	10.37448636240471
450	10.37497373369451
451	10.37588929017445
452	10.37695587842394
453	10.37753994396179
454	10.37817596490549
455	10.37877588194841
456	10.37947662863077
457	10.37960827159097
458	10.37999530441245
459	10.38091153408629
460	10.38110560063356
461	10.38138073867533
462	10.38150317183881
463	10.38188323601652
464	10.38208618675815
465	10.3824434490278
466	10.38256667774098
467	10.38245360278311
468	10.38261599152738
469	10.3827166267436
470	10.38309034522139
471	10.38305846066443
472	10.38285061651035
473	10.38331442531827
474	10.38338409028382
475	10.38328792320419
476	10.38316873493979
477	10.38338297611712
478	10.38346613858299
479	10.38367012585813
480	10.38368153222635
481	10.38380468978208
482	10.38338857066159
483	10.38360788909991
484	10.3836212629507
485	10.38361928471345
486	10.38358608117322
487	10.38367334050319
488	10.38354574997661
489	10.3838000054538
490	10.38344535865248
491	10.38353296769435
492	10.38343136113796
493	10.38345867959928
494	10.3833968490153
495	10.38324281536451
496	10.38346026781254
497	10.383161766784
498	10.38305589760845
499	10.38337246380089
500	10.38325619846899
501	10.38325965997217
502	10.38345352753566
503	10.38297407029177
504	10.38319632761329
505	10.38301055153803
506	10.3831660934008
507	10.3829623769481
508	10.38298227015575
509	10.38302416715464
510	10.38266442521411
511	10.38290293261716
512	10.38317305978917
513	10.38306982143675
514	10.38311114300266
515	10.38296335421208
516	10.38304184430114
517	10.38298825762064
518	10.38326923376088
519	10.38313026511235
520	10.38290080850656
521	10.38306485851456
522	10.38288229883862
523	10.38287558451665
524	10.38273317353363
525	10.38292422125023
526	10.38305653980647
527	10.38283414918124
528	10.38270766935122
529	10.38268747137842
530	10.38320350844767
531	10.38240932547272
532	10.38276421259366
533	10.38315132189089
534	10.38333103999329
535	10.38283439377502
536	10.38256443716995
537	10.3825907866801
538	10.38299341546826
539	10.38305392608302
540	10.38283036193182
541	10.38272963413704
542	10.38258009135348
543	10.38249728375034
544	10.38263155135511
545	10.38223260128269
546	10.38234596673456
547	10.38273794558441
548	10.38255875012741
549	10.38249758837896
550	10.38258637387409
551	10.38244428861829
552	10.38262021645042
553	10.38266996650176
554	10.38266965863835
555	10.38258368837376
556	10.38231383465653
557	10.38243325790158
558	10.38222431022808
559	10.38249636655173
560	10.38204806473937
561	10.38242254335472
562	10.38253939027812
563	10.38222551409858
564	10.38279720842813
565	10.38225127541365
566	10.3819166608722
567	10.38210910542506
568	10.38259504876464
569	10.38268718783332
570	10.38256395366932
571	10.38222615594768
572	10.38231576951907
573	10.38199382890355
574	10.38227032604419
575	10.38189879608806
576	10.38199259806218
577	10.38213538816945
578	10.38211775946886
579	10.38203349138909
580	10.3818973781989
581	10.38189986488304
582	10.38188043245461
583	10.3819552239445
584	10.38199217739736
585	10.38172663328667
586	10.3818198390852
587	10.38177340981704
588	10.38140075584904
589	10.38150647244576
590	10.38170802367539
591	10.38142873682011
592	10.38172140613748
593	10.38147369510898
594	10.38166809938213
595	10.38154334230338
596	10.3817301977184
597	10.38171675558373
598	10.38155685574842
599	10.38171500250423
600	10.38149808182476
601	10.38186620113216
602	10.38172273418147
603	10.38156992467076
604	10.38166571275318
605	10.38167520894562
606	10.38152836381525
607	10.38149716177258
608	10.38169208119404
609	10.38132674432371
610	10.38174706254986
611	10.38170481757594
612	10.38154982303935
613	10.3818492188805
614	10.38150247764763
615	10.38145323008863
616	10.38152049367063
617	10.38138515737039
618	10.3815546033507
619	10.38146546464245
620	10.38144983953129
621	10.38140471461105
622	10.38115793563798
623	10.38156479146698
624	10.38149929842212
625	10.38155958827709
626	10.38166455491821
627	10.38160871237493
628	10.38165801650004
629	10.38169117576051
630	10.38165285500727
631	10.38172893271521
632	10.3816841789931
633	10.38154744482362
634	10.38144709955322
635	10.38184798249682
636	10.38162807788615
637	10.38140456984966
638	10.38177786846392
639	10.3814853905558
640	10.38149129886832
641	10.38151642244146
642	10.38162644432008
643	10.38115960490004
644	10.38141335121917
645	10.38149377697973
646	10.38103148958091
647	10.38132535163897
648	10.38122242106276
649	10.38149754224581
650	10.38154257544295
651	10.38157316744739
652	10.38119757523323
653	10.38122042749377
654	10.38124750370304
655	10.38132918015777
656	10.38131789048649
657	10.3815367188414
658	10.38124398782065
659	10.38125144906267
660	10.38143295621362
661	10.38121485946614
662	10.38129027346493
663	10.3811877692356
664	10.38126295864899
665	10.38121070876313
666	10.38132550571128
667	10.38087745934985
668	10.38098262738239
669	10.38108240263399
670	10.38106949613609
671	10.38119508876425
672	10.38096413885089
673	10.38105708429853
674	10.38113102841402
675	10.38121277948592
676	10.38120926122837
677	10.38104907094569
678	10.38114178451827
679	10.38095208691518
680	10.38120862997411
681	10.38129340396031
682	10.38122153735032
683	10.38117197276391
684	10.38114427621368
685	10.38109700848976
686	10.38116582547823
687	10.38106916023001
688	10.38090673825974
689	10.3809823945626
690	10.38092649554388
691	10.38091074846661
692	10.38062676040894
693	10.38065884898376
694	10.38061973014447
695	10.38065765725534
696	10.38069079072113
697	10.38087021514023
698	10.38089408075349
699	10.38084691649387
700	10.3808752835749
701	10.38098018938623
702	10.38088448889488
703	10.38112315040658
704	10.38107879446705
705	10.38087366971086
706	10.38082390636834
707	10.38086377612568
708	10.38094853945072
709	10.3808468871407
710	10.38068598979037
711	10.3808606625722
712	10.38057569899057
713	10.38086072725394
714	10.38100227480893
715	10.3804829434157
716	10.38045384219138
717	10.38028330299027
718	10.38061940362407
719	10.38063661162982
720	10.3805953990008
721	10.38048839358491
722	10.38062434508688
723	10.38060070841128
724	10.38021617453236
725	10.38044369280235
726	10.3803487296724
727	10.38034625958159
728	10.38070416905543
729	10.37977920255577
730	10.38064481526263
731	10.38018941454423
732	10.38014891673362
733	10.38082949347614
734	10.38049878968293
735	10.37991584591854
736	10.38043023995818
737	10.38013578066239
738	10.3803089587962
739	10.38042508662787
740	10.38018674746087
741	10.37990041790341
742	10.38034066091063
743	10.38008119957249
744	10.38032090611732
745	10.37973568227042
746	10.37978513407802
747	10.38010881602039
748	10.37999816642214
749	10.38039762218944
750	10.38068982576067
751	10.3800182760317
752	10.38050250540621
753	10.38027575096472
754	10.38023723374626
755	10.38055021900892
756	10.38011868796977
757	10.38002875355368
758	10.38031764135841
759	10.38009496264197
760	10.38013762622575
761	10.38004358786466
762	10.38022675984577
763	10.38044591928897
764	10.37988765984136
765	10.37999373528366
766	10.37999992709948
767	10.37987452698251
768	10.3803194241386
769	10.38028168424481
770	10.38012548176475
771	10.3800912705861
772	10.38001715998384
773	10.37986115051602
774	10.38018405809692
775	10.3801239339487
776	10.37977264803137
777	10.38019873814353
778	10.37974372921045
779	10.37961088731722
780	10.37987829423542
