0	10.43205311063434
1	10.42938227280791
2	10.42857178841602
3	10.42827253120851
4	10.42774862841629
5	10.42750209139023
6	10.42728108711263
7	10.42718142563609
8	10.42698914455489
9	10.42650436871121
10	10.42690956605028
11	10.42648940516372
12	10.42629708592557
13	10.42612171391498
14	10.42600383877841
15	10.42596470179028
16	10.42567799096491
17	10.42558400406544
18	10.42547107545936
19	10.42518913377036
20	10.4250617591169
21	10.42500847205877
22	10.42478752860214
23	10.42486182196032
24	10.424915872129
25	10.42484891217923
26	10.42439070291206
27	10.42448755220902
28	10.42419967036653
29	10.42402325141181
30	10.42394717367579
31	10.42404826091012
32	10.42382760108993
33	10.42383705670548
34	10.42373576396613
35	10.42366467833871
36	10.42344403784624
37	10.42370857486505
38	10.42356583332364
39	10.42289084867845
40	10.42311777719144
41	10.42313383563156
42	10.4228402496736
43	10.42292705431103
44	10.4227103642996
45	10.42276815850575
46	10.42236597468919
47	10.42260812163765
48	10.42254773842745
49	10.4224201910111
50	10.42258046151969
51	10.42218262043009
52	10.42213663022327
53	10.42210521755407
54	10.42219180492293
55	10.42192561429807
56	10.42174707807781
57	10.42198071711493
58	10.42166663660974
59	10.42176224598982
60	10.42164986815349
61	10.42166022144364
62	10.42143000870154
63	10.42122446474646
64	10.4213544771461
65	10.42099208376385
66	10.42106545718616
67	10.42091882668988
68	10.42092940171905
69	10.42101224008144
70	10.42091371708281
71	10.42107820901311
72	10.42102670216588
73	10.42095782176747
74	10.42062926517357
75	10.42079076315443
76	10.42103401454136
77	10.42042697331186
78	10.42075903516787
79	10.42063825035204
80	10.42056638941747
81	10.42058664564108
82	10.42053467949086
83	10.4203989699245
84	10.42056818246873
85	10.42031733234185
86	10.42019612263927
87	10.42019943226193
88	10.42011851903025
89	10.41998888762474
90	10.42016985139979
91	10.41988983285521
92	10.42015731646632
93	10.42008384720216
94	10.42010252796991
95	10.42008137572615
96	10.41963753362951
97	10.4197033890289
98	10.41972465562012
99	10.4191978843305
100	10.41947141424913
101	10.41921945677815
102	10.41939945111475
103	10.4192861301517
104	10.41929146341148
105	10.41932064901972
106	10.41921592363253
107	10.41901057397011
108	10.41915443411697
109	10.41918060017848
110	10.41913685168166
111	10.41912683601131
112	10.41894709186883
113	10.41907663478653
114	10.41915361362163
115	10.41876060368357
116	10.41895414993198
117	10.41892458238332
118	10.41886305696576
119	10.41879399472357
120	10.41881765799455
121	10.41858267008871
122	10.41862158044061
123	10.41861288817285
124	10.4186542104423
125	10.41845419276679
126	10.41829971081209
127	10.41826036096389
128	10.41851657808197
129	10.41822147415916
130	10.41812664617331
131	10.4180773707125
132	10.41807816259523
133	10.41817796612742
134	10.41839727971281
135	10.41808267979767
136	10.41820771422671
137	10.41824945423137
138	10.41799724448949
139	10.41812706790237
140	10.41827103727923
141	10.41824281405561
142	10.41807037533222
143	10.41795747523144
144	10.41820619625836
145	10.41781601374013
146	10.41783948997088
147	10.41798530191123
148	10.41810849905449
149	10.41785287758962
150	10.41775842566553
151	10.41772347041111
152	10.41798910834582
153	10.4176623442733
154	10.41757487133526
155	10.41765473646076
156	10.4176032840639
157	10.41777100061446
158	10.41776013734995
159	10.41759433673586
160	10.41776073539702
161	10.41735102139026
162	10.4172849238026
163	10.41731484062245
164	10.41714698752062
165	10.41642941228019
166	10.40872067227177
167	10.38881121369758
168	10.38103769986143
169	10.39237494207716
170	10.404083791081
171	10.41079400392855
172	10.41261842642301
173	10.41299934645655
174	10.41278501729129
175	10.41289022185261
176	10.41308564445932
177	10.41019352540347
178	10.36976396234249
179	10.337205519654
180	10.35188031474941
181	10.35789968019362
182	10.36205883612764
183	10.36552133862389
184	10.36593946930817
185	10.36486721659392
186	10.36575725842743
187	10.37345732398024
188	10.38486702304959
189	10.39328424413546
190	10.39905107019462
191	10.40237075583798
192	10.40446957954845
193	10.40616798230645
194	10.40746731934584
195	10.40879858239448
196	10.4095618865198
197	10.41012311254002
198	10.41068477163026
199	10.41152691261013
200	10.41195235375328
201	10.41226824231843
202	10.41253419263239
203	10.41283941214913
204	10.41333593747144
205	10.41362782451236
206	10.41407111886891
207	10.41433525234236
208	10.41476563673522
209	10.41494321265171
210	10.41530669521469
211	10.41502950178665
212	10.41540633945473
213	10.4156908551735
214	10.41533229002702
215	10.41527200699789
216	10.41501013052278
217	10.41483109572786
218	10.41452060056004
219	10.4137215019053
220	10.41301944451964
221	10.4115150749314
222	10.41040583360237
223	10.40923390379781
224	10.40824042125379
225	10.40779742379577
226	10.40815690162632
227	10.40855548925276
228	10.40908984422305
229	10.40968514706754
230	10.41023567340557
231	10.41046773265572
232	10.41074324617579
233	10.41087367016059
234	10.4108932380095
235	10.41056067058987
236	10.41077506262751
237	10.41075264824732
238	10.41058249996681
239	10.41079492779746
240	10.40998090952567
241	10.40898909730816
242	10.40564903009521
243	10.40065563519284
244	10.39386450151173
245	10.3861452619983
246	10.3788887103181
247	10.37345886599891
248	10.37194671752346
249	10.37366804811848
250	10.37633397306981
251	10.37930815544807
252	10.38098013391604
253	10.38098463857879
254	10.37897503601809
255	10.37625368791067
256	10.37291307071777
257	10.37014658199474
258	10.36758997983554
259	10.3650412075765
260	10.36350343180312
261	10.36235097585058
262	10.36216351009528
263	10.36413144359751
264	10.36709374582218
265	10.37127249830333
266	10.37532813160043
267	10.37919201214664
268	10.38174043470269
269	10.38338009501146
270	10.38424154362264
271	10.38465573442471
272	10.38495454660385
273	10.38598963995475
274	10.38728205169539
275	10.38891481077903
276	10.39053830436033
277	10.39236093676332
278	10.3933861558281
279	10.39417292953131
280	10.39539338745732
281	10.39594882504732
282	10.39691305601381
283	10.39827029653899
284	10.3988886308247
285	10.40031294691298
286	10.40141931549692
287	10.40233364036028
288	10.40320793267449
289	10.40413505079566
290	10.40482941578188
291	10.40559270134018
292	10.40634937053305
293	10.40697958803573
294	10.40747973689507
295	10.40815185217643
296	10.40859288995809
297	10.40834947179467
298	10.40805765206538
299	10.40740471691598
300	10.40686586895008
301	10.40542340704344
302	10.40411370204918
303	10.40170949911568
304	10.39896352789608
305	10.39447261626592
306	10.38982739933281
307	10.38467936939224
308	10.3797513123273
309	10.37621787950528
310	10.37470417637331
311	10.37416082320083
312	10.37412682125031
313	10.37302782845392
314	10.3698876131973
315	10.36425806747189
316	10.35777854562629
317	10.35018837290603
318	10.34381075165573
319	10.34033538321345
320	10.33847584625317
321	10.33950049338773
322	10.34211643973802
323	10.34541186876265
324	10.35025888616422
325	10.35567853469414
326	10.36034446324558
327	10.36582063983639
328	10.37025440909878
329	10.37395237623479
330	10.37644114143226
331	10.37812376940578
332	10.37908364213912
333	10.37925493694292
334	10.37857269885536
335	10.37806747113807
336	10.37790330443606
337	10.37874910087706
338	10.38025224872511
339	10.38251676476189
340	10.38519261608951
341	10.38754319033415
342	10.39032578427435
343	10.39227781175457
344	10.3945010050814
345	10.39582093897833
346	10.39733287014375
347	10.39891096288814
348	10.40014536627177
349	10.40136648104295
350	10.40265059693774
351	10.40362563740106
352	10.40461495221729
353	10.40493110501405
354	10.40542439952493
355	10.40547070889919
356	10.4060058846753
357	10.40588416279739
358	10.40538740429932
359	10.40550369441459
360	10.40548743442893
361	10.40571298664212
362	10.40623958960335
363	10.40662804167143
364	10.40717864548465
365	10.4078067755199
366	10.40814149910307
367	10.40859841846214
368	10.40921911597193
369	10.40932948362267
370	10.40989539646001
371	10.40998363915539
372	10.4100563951508
373	10.41049138329117
374	10.41063265872729
375	10.41081984633446
376	10.41065812732242
377	10.41096021705603
378	10.41081004305832
379	10.4106006644518
380	10.41064103703146
381	10.41029350118996
382	10.41007613807016
383	10.40986415540097
384	10.40936249606528
385	10.40873636678724
386	10.4084564715559
387	10.4081563069151
388	10.40790094873353
389	10.40805221415118
390	10.40826861231874
391	10.40857989411248
392	10.40856796099301
393	10.40894171872437
394	10.40962694635917
395	10.40981318630858
396	10.41007708391506
397	10.4102768034896
398	10.41046803631725
399	10.41065938250364
400	10.41042805843166
401	10.41038374364551
402	10.41069440871511
403	10.41090101194589
404	10.4108634980134
405	10.41095900152953
406	10.41066379219546
407	10.41102767278098
408	10.41061233620362
409	10.4110532737383
410	10.41073910345778
411	10.41094221108032
412	10.41110434894909
413	10.41110674674325
414	10.41121330451657
415	10.41137101952422
416	10.41128591774712
417	10.41116740237835
418	10.41128215561161
419	10.41123904894686
420	10.41161818988978
421	10.41116202769252
422	10.41156931785919
423	10.4115357084359
424	10.4116695207198
425	10.4113760043478
426	10.4113224734445
427	10.41173061848903
428	10.41142862505899
429	10.41155565109346
430	10.41155869028371
431	10.41153679431253
432	10.41155368756693
433	10.41129471222858
434	10.41165419663689
435	10.41109164969316
436	10.41049405558734
437	10.41063141848073
438	10.40971513925634
439	10.40880931819848
440	10.40741140693273
441	10.40655406732311
442	10.40472073356711
443	10.40309856393252
444	10.40156941491745
445	10.40012052762312
446	10.39972307952421
447	10.39939054328549
448	10.39955228240388
449	10.39967756737889
450	10.40047257857629
451	10.40160629824719
452	10.40213529227386
453	10.40336642500415
454	10.40416302428647
455	10.40471733345813
456	10.40535640804202
457	10.40571960368217
458	10.4064022778538
459	10.40671906691144
460	10.40667456766002
461	10.40731287584444
462	10.40787997049338
463	10.40814247166014
464	10.40803004957317
465	10.40810787606574
466	10.40824122498657
467	10.40906813388829
468	10.40921689807658
469	10.40960936958605
470	10.40937757988471
471	10.4093235394451
472	10.40939367341493
473	10.40957207832911
474	10.40982013597361
475	10.40988127498446
476	10.41033601130552
477	10.41013458232827
478	10.41034024808453
479	10.41044624245782
480	10.41047365485482
481	10.41034443168344
482	10.41048271222263
483	10.4103849577765
484	10.41041794512649
485	10.41079219082852
486	10.41048086712932
487	10.41056390687249
488	10.41062296641644
489	10.41066110426896
490	10.41067278122824
491	10.41060441540251
492	10.41048028269395
493	10.41082891650558
494	10.41058899039337
495	10.41075591389822
496	10.41071241345026
497	10.41047584282477
498	10.41071530081465
499	10.41063651212098
500	10.41061260955904
501	10.41053194465291
502	10.41080492179514
503	10.41054059754501
504	10.41060154300921
505	10.4107385956793
506	10.41072028286822
507	10.41042512754173
508	10.41058625812483
509	10.41045631975936
510	10.41060721322951
511	10.4105133620011
512	10.41044296536971
513	10.4105078766279
514	10.41051420038746
515	10.41033602258657
516	10.41028104074546
517	10.41036544285512
518	10.41039651720067
519	10.41029007873512
520	10.41040582120444
521	10.41030157764143
522	10.41003736929606
523	10.41022272810499
524	10.41043914263426
525	10.4101375505269
526	10.41050084255048
527	10.41015261853013
528	10.41017212373219
529	10.41040734493198
530	10.41036501158604
531	10.41035170359137
532	10.40991782402186
533	10.41001632763682
534	10.40999551694848
535	10.41023516382458
536	10.40982093472753
537	10.40979353222719
538	10.40973847051461
539	10.40956366130285
540	10.40991928714171
541	10.41009050131694
542	10.40974240092851
543	10.40975051066041
544	10.40982983997149
545	10.40964267679531
546	10.4099873177678
547	10.41022585918595
548	10.41013467222701
549	10.40970468221705
550	10.40963819365483
551	10.40971457808645
552	10.40958509474667
553	10.4094627890422
554	10.40991462598421
555	10.40972529998395
556	10.40980869111212
557	10.40960786843165
558	10.40957509953024
559	10.40936767064509
560	10.40954192179538
561	10.40946991183594
562	10.40941092648656
563	10.40943245849556
564	10.40946392132696
565	10.4095631023337
566	10.40968699005006
567	10.40934485489678
568	10.40917730944526
569	10.40928815507779
570	10.40960977648284
571	10.40937110453627
572	10.40941628919376
573	10.40943331480994
574	10.40944638920156
575	10.4093501278006
576	10.4095046825783
577	10.4092914712863
578	10.40948593199672
579	10.40947158068547
580	10.40927294328892
581	10.40935500717925
582	10.40896405424431
583	10.40945687011104
584	10.40919472462069
585	10.40928473255115
586	10.40946037313877
587	10.40933040734167
588	10.40903932369257
589	10.40928485948052
590	10.40929928307841
591	10.40933883711138
592	10.40953435562629
593	10.40941551320856
594	10.40925604611164
595	10.40927231442769
596	10.40934628278879
597	10.40934051904414
598	10.40963567377425
599	10.4092875417724
600	10.40933608501372
601	10.40944287503034
602	10.40933112550818
603	10.40888672040684
604	10.4090172170588
605	10.4087453774255
606	10.40894050520834
607	10.40858433504079
608	10.40874444046589
609	10.40848640441726
610	10.40863768191134
611	10.40850139428347
612	10.40865950648027
613	10.40836339023251
614	10.40882026263497
615	10.40870778885016
616	10.40863354130772
617	10.40889597870178
618	10.40883334048309
619	10.40857902844866
620	10.40882998161223
621	10.40843029020163
622	10.40875595740136
623	10.40852988107114
624	10.40838010967593
625	10.40879956227269
626	10.4085054907438
627	10.40855858892784
628	10.40857331418976
629	10.40844933122437
630	10.4085005766244
631	10.40840311726636
632	10.40853414700063
633	10.40819666474841
634	10.4082352822785
635	10.40855674736138
636	10.40818034810393
637	10.40798648747909
638	10.40819614826157
639	10.40794585082617
640	10.4079974484992
641	10.40816040103403
642	10.4080022628897
643	10.40783712741083
644	10.40815889259694
645	10.40812392648578
646	10.4081149876557
647	10.4080714058174
648	10.40806651487181
649	10.40799215159328
650	10.40802309133982
651	10.40815706393534
652	10.4078752718019
653	10.40798783757337
654	10.40806656045494
655	10.40785359943696
656	10.40795379858314
657	10.40796920374311
658	10.40775879571225
659	10.40773425966358
660	10.40799300172002
661	10.40797632634402
662	10.4078008566376
663	10.40772976392951
664	10.40789160305686
665	10.407692490756
666	10.40773583221621
667	10.4077518242954
668	10.40768153803793
669	10.40755208108793
670	10.40775461845502
671	10.40797246582445
672	10.4078652662374
673	10.40782368632974
674	10.40775083400467
675	10.40786499006965
676	10.40759523007058
677	10.40798921360289
678	10.4078405684876
679	10.40764399748982
680	10.40779974566342
681	10.40773391546576
682	10.40766761048227
683	10.40739570771331
684	10.40742382984307
685	10.40765124548877
686	10.40791023987471
687	10.40755629214174
688	10.40767157723251
689	10.40752142412937
690	10.40753179213711
691	10.40745524884928
692	10.40756177423443
693	10.40769890114851
694	10.40769620341395
695	10.40743508711083
696	10.40746804300703
697	10.40749990554821
698	10.40766967558387
699	10.40752888092658
700	10.40763123266572
701	10.40764380946356
702	10.40732292134636
703	10.40735590503303
704	10.40743630797569
705	10.40734910300876
706	10.40771731773532
707	10.40773582753565
708	10.40766402917398
709	10.40748166744287
710	10.40733832599131
711	10.40764531521785
712	10.40737157215398
713	10.40754260462244
714	10.40760849069779
715	10.40755289283589
716	10.40774847172398
717	10.40767616551526
718	10.40743483549452
719	10.40744544198929
720	10.4075771537434
721	10.40715938332341
722	10.4072511516359
723	10.40759912571018
724	10.40770390063898
725	10.40754256946917
726	10.40760813947262
727	10.40755366456757
728	10.40743693398564
729	10.40721658334319
730	10.40723287776372
731	10.40737518277222
732	10.40744197918988
733	10.407089444407
734	10.40713587539259
735	10.40731544228649
736	10.40700294200776
737	10.4071207211717
738	10.40716174206785
739	10.40727802903838
740	10.4071074270267
741	10.40725209839665
742	10.40701118871856
743	10.40725241950863
744	10.4073062988994
745	10.40709632894688
746	10.40729240096221
747	10.40714024845636
748	10.40721270573471
749	10.40715402145932
750	10.40705745507052
751	10.40725475970515
752	10.40722006459363
753	10.40686349727433
754	10.40704357308602
755	10.40701824653271
756	10.40718372361803
757	10.40680775512916
758	10.40710388376446
759	10.40702145296502
760	10.40698120839647
761	10.40698567331021
762	10.40701012946159
763	10.40678723840025
764	10.40702238371305
765	10.40669505879362
766	10.40685515303715
767	10.40718894354926
768	10.4069382317992
769	10.40680871402777
770	10.40678740167183
771	10.40684083350676
772	10.40681436604874
773	10.40692291077139
774	10.40677818296714
775	10.40685689047629
776	10.40679261896817
777	10.40666528180237
778	10.406792396433
779	10.40683740270622
780	10.40688601233951
