0	10.40134706046038
1	10.39844089314086
2	10.397740866714
3	10.3969276802038
4	10.39653471047348
5	10.39631134799602
6	10.39621799045692
7	10.39581906330992
8	10.39561733035826
9	10.39547751870387
10	10.39548003334545
11	10.39522567160267
12	10.39500509388022
13	10.39514368865646
14	10.39485888682783
15	10.39472933217173
16	10.39461425230605
17	10.39438809387771
18	10.39450360721404
19	10.39431557231949
20	10.39444299168312
21	10.39404542749209
22	10.39385316016795
23	10.39363610520294
24	10.39376661481728
25	10.39314296884063
26	10.3934808783455
27	10.39353705593811
28	10.39330753787706
29	10.39301211492098
30	10.39321173725019
31	10.39291950226571
32	10.39308032755782
33	10.39284740112248
34	10.39274531237795
35	10.39270715196552
36	10.39267795727643
37	10.39240731835666
38	10.39210451857029
39	10.3923491473683
40	10.39214272430696
41	10.39217972723252
42	10.39232769512327
43	10.39218291871964
44	10.39204782196719
45	10.39216121355522
46	10.39198979389273
47	10.39190738369556
48	10.39172075295032
49	10.39186711915936
50	10.39159217381777
51	10.39167933510821
52	10.39152142724922
53	10.39170005756839
54	10.39142483431651
55	10.39134081033614
56	10.39122575562861
57	10.39129864791919
58	10.39107177357784
59	10.39119476534988
60	10.39102593943546
61	10.39103867885805
62	10.39098233843881
63	10.39111796816098
64	10.39103619832684
65	10.39092802420512
66	10.39084376797891
67	10.39059110238932
68	10.39065800893485
69	10.39063016226263
70	10.39036275327973
71	10.3907201872059
72	10.39031293613532
73	10.39041986957679
74	10.39038911448719
75	10.39044191968997
76	10.39039956624849
77	10.39022110913117
78	10.39036078248478
79	10.38992913135134
80	10.39001427074184
81	10.38989481955217
82	10.39016264865769
83	10.38984147912995
84	10.38967897189873
85	10.38965833685822
86	10.38937521135878
87	10.38949876088688
88	10.38945255414011
89	10.38934590187448
90	10.38938213115856
91	10.38960700224128
92	10.38916892051256
93	10.38918313867636
94	10.38917317552681
95	10.38940553445126
96	10.38920577686757
97	10.3893747523162
98	10.38910830194185
99	10.38922683137544
100	10.38893063765927
101	10.38909784908688
102	10.38905553328268
103	10.38916058788665
104	10.38905501858193
105	10.38868092832808
106	10.38897312083223
107	10.38902075727513
108	10.38903020830778
109	10.38872967522971
110	10.38888701460859
111	10.38881148892322
112	10.38899549198811
113	10.38868396443733
114	10.38878818378116
115	10.38879626781438
116	10.3887220610685
117	10.38867749399318
118	10.38884470381126
119	10.38827761530314
120	10.38876975294928
121	10.38849366327152
122	10.38862614055715
123	10.38841260099956
124	10.38848120007157
125	10.38853867021262
126	10.38854398309358
127	10.38842934838032
128	10.38837574732492
129	10.38844798710006
130	10.38848939817083
131	10.3883121215561
132	10.38838259696724
133	10.38838383826738
134	10.38831620600666
135	10.38801440462248
136	10.38792815335224
137	10.38740335969628
138	10.38766143306658
139	10.38762626256716
140	10.38770094606599
141	10.38780476494911
142	10.38774756604076
143	10.38731926798618
144	10.3876472433945
145	10.38733973900798
146	10.3871966039172
147	10.38742964227328
148	10.38722210254054
149	10.38720247907471
150	10.38713374441221
151	10.38732559628381
152	10.38723244833302
153	10.38728329384354
154	10.38710533637035
155	10.38698157097093
156	10.38742079442919
157	10.38709319152499
158	10.38707919066885
159	10.38700551618396
160	10.38719009819409
161	10.38738599507723
162	10.38717960021801
163	10.38728367027471
164	10.38680841269426
165	10.3846625569194
166	10.3709505895405
167	10.35371558573621
168	10.35484200973281
169	10.3660689876739
170	10.37555339776732
171	10.38020267956078
172	10.38183854902538
173	10.38246629197149
174	10.38281709420023
175	10.38339384542392
176	10.38290406077702
177	10.3670944828557
178	10.32100848604849
179	10.31507304491119
180	10.32018503933563
181	10.32370698019775
182	10.33082024629187
183	10.33744025249973
184	10.34052427322791
185	10.34173948945655
186	10.34355521924838
187	10.34722968682454
188	10.35308280805389
189	10.35944057282377
190	10.36721923965718
191	10.37356319467704
192	10.37675485142486
193	10.37862811377129
194	10.3798439832924
195	10.38084436306835
196	10.38168902972635
197	10.38201312936899
198	10.38250772565127
199	10.38290766541805
200	10.38334896857249
201	10.38364117335763
202	10.38373494487471
203	10.38431942924216
204	10.38429329687206
205	10.38438609961071
206	10.38451571464314
207	10.38489506308343
208	10.38500270775417
209	10.3853637712498
210	10.38539483056327
211	10.38545673954858
212	10.38559730296493
213	10.3854832779132
214	10.38542162325261
215	10.38586166184451
216	10.38522925866646
217	10.38523586965816
218	10.38475420040902
219	10.38444048397144
220	10.38376791830236
221	10.38270113648125
222	10.38218304994592
223	10.3817577920032
224	10.3809945968124
225	10.38087077691946
226	10.38167621440749
227	10.38197460547814
228	10.38191977471527
229	10.38205544443605
230	10.38271282170251
231	10.38302664550845
232	10.38345876915219
233	10.38319711967653
234	10.38325341438721
235	10.38357434151088
236	10.38307583734527
237	10.38314089885681
238	10.38314938299342
239	10.38250015963292
240	10.38141175969295
241	10.3792442221687
242	10.3751457222153
243	10.36955807947981
244	10.36234599045503
245	10.35539645256984
246	10.3499126271713
247	10.34745895605921
248	10.34780740594728
249	10.34952547304283
250	10.35190678789213
251	10.35376167691722
252	10.35408598879675
253	10.35330633543934
254	10.35113483657511
255	10.34899297493786
256	10.3466537891493
257	10.34426051793618
258	10.34203844417013
259	10.33987217928042
260	10.33846946831317
261	10.33820364500038
262	10.3399536466316
263	10.34226830495108
264	10.34605695660866
265	10.35009526702052
266	10.35352954147916
267	10.35656233440548
268	10.35853066324347
269	10.3600576365052
270	10.36087994521716
271	10.36155058489021
272	10.36250668755585
273	10.36331592632815
274	10.36492501433547
275	10.36626208872184
276	10.36725556935901
277	10.36875702148564
278	10.36948016107473
279	10.37043159060015
280	10.371198880744
281	10.37203662799293
282	10.37285799101657
283	10.37367819280593
284	10.37441396266863
285	10.37546734071825
286	10.37601556128718
287	10.37683917282695
288	10.37743712098991
289	10.37770238051136
290	10.37826467616973
291	10.37908796490762
292	10.3792124938019
293	10.37954274272799
294	10.37996397402077
295	10.38033755860825
296	10.38018206408411
297	10.37987418943696
298	10.37923127178088
299	10.37858939903187
300	10.37724771457244
301	10.37561157262895
302	10.3736697414149
303	10.36988101843788
304	10.36581654971909
305	10.36069085037218
306	10.35575231893994
307	10.35094474288346
308	10.34747525278728
309	10.34556956891129
310	10.34442472964431
311	10.34395631522837
312	10.34220733584116
313	10.33828204605931
314	10.33251434054579
315	10.32557632989452
316	10.31884399530824
317	10.31301966847492
318	10.30947224030893
319	10.3078551066619
320	10.30816096179554
321	10.31065309174726
322	10.31438325170947
323	10.31918330393363
324	10.32484197052087
325	10.33065940438433
326	10.33628404373839
327	10.34159644309957
328	10.34553653239628
329	10.34859165703137
330	10.35068361680996
331	10.35161279165528
332	10.35155281822989
333	10.35132543094468
334	10.35132696892596
335	10.3509990034102
336	10.35213061662676
337	10.35340146151816
338	10.35610803402808
339	10.35835997439824
340	10.3609697940095
341	10.36351337624422
342	10.36562575275209
343	10.36755051427471
344	10.36901166748393
345	10.37064739051901
346	10.37135380002127
347	10.37297362647633
348	10.37339127009134
349	10.3748732929773
350	10.37524779406741
351	10.37605349046908
352	10.37658093931684
353	10.37686025545954
354	10.37670940091111
355	10.37671500382342
356	10.37696723813151
357	10.37640299790459
358	10.37642694854957
359	10.37677207844783
360	10.37690225620965
361	10.37720213737263
362	10.37778335752313
363	10.37810285452837
364	10.37876472516008
365	10.37924724634826
366	10.37959094564618
367	10.38000175345677
368	10.37995548973783
369	10.38008459621374
370	10.38049836937016
371	10.38065225432005
372	10.38110505007126
373	10.38125034536927
374	10.38095738056599
375	10.3812428249401
376	10.3814352754842
377	10.38125501023935
378	10.38128728160333
379	10.38108185870764
380	10.38071475207488
381	10.3804466275794
382	10.38000898899402
383	10.37948900875394
384	10.37897173915033
385	10.3787346017611
386	10.37852809647199
387	10.37819527167438
388	10.37828942535508
389	10.37854882500873
390	10.37889594181562
391	10.37896575199343
392	10.3793649108862
393	10.37947381328293
394	10.3801088597823
395	10.38016639293793
396	10.37989627516719
397	10.38047881951011
398	10.38039495910244
399	10.38039647975326
400	10.38072321455046
401	10.38082016294153
402	10.3808219017829
403	10.38094060000948
404	10.38089443389022
405	10.38072212182118
406	10.38113466830613
407	10.3811667712184
408	10.38090394732352
409	10.38085197829978
410	10.38125513066649
411	10.38079404867646
412	10.38116353670917
413	10.38107282284033
414	10.38126406840996
415	10.38136849034521
416	10.38134237643403
417	10.38123031093364
418	10.38157509026556
419	10.38120773159931
420	10.3810628658825
421	10.38136809273841
422	10.38132414492643
423	10.38147619973361
424	10.38117626511556
425	10.38171587114338
426	10.38117728044213
427	10.38136921317138
428	10.38106596475314
429	10.38125761800253
430	10.38116836553559
431	10.38126094621294
432	10.38119720327122
433	10.38090164107005
434	10.38083672665135
435	10.38037408943864
436	10.37970574549496
437	10.37891501372247
438	10.37753411363013
439	10.37674059094882
440	10.37511788051014
441	10.37366556703307
442	10.37246382702821
443	10.37128981714969
444	10.37013273483094
445	10.37008178745329
446	10.3700901154669
447	10.37050336586632
448	10.3710379518066
449	10.37174725196537
450	10.37290221755029
451	10.37375598454715
452	10.37449864569251
453	10.37525606331552
454	10.37594233831485
455	10.37639846041661
456	10.37689520235908
457	10.37728448888485
458	10.37794203988718
459	10.37813734084424
460	10.37812703767653
461	10.37824852157283
462	10.37876676319598
463	10.37879019153655
464	10.37931334416804
465	10.3793909759374
466	10.37953845540657
467	10.37930874969327
468	10.37961047600481
469	10.37952423183887
470	10.37949482841778
471	10.37976848468495
472	10.38016626250169
473	10.37991473190962
474	10.38015617136631
475	10.3802530607495
476	10.37998834755633
477	10.37991373684099
478	10.3802128763005
479	10.38037278893834
480	10.38034571934782
481	10.38046130059282
482	10.38052994521942
483	10.38026680806581
484	10.38015071962565
485	10.38061921733764
486	10.38048844596655
487	10.38031747816519
488	10.38039999169576
489	10.38016789232479
490	10.38019156825406
491	10.38017284449158
492	10.38008406703092
493	10.38021398235834
494	10.38010289201854
495	10.38020054568532
496	10.38020582206568
497	10.38030941756565
498	10.38035093122224
499	10.38041213120606
500	10.38023707647681
501	10.3800940013941
502	10.380187630212
503	10.38003905322491
504	10.38014077774812
505	10.38011283689079
506	10.38032936644232
507	10.38006519995335
508	10.38021672922329
509	10.38035214902062
510	10.38015054652918
511	10.38006256670228
512	10.38019781570366
513	10.38029965185351
514	10.37976643366992
515	10.38001483489397
516	10.38015126912478
517	10.38026459357223
518	10.38032781394615
519	10.3802526268036
520	10.37995785397396
521	10.3801834812316
522	10.38010295305134
523	10.38014455234279
524	10.3799538654424
525	10.3802390296238
526	10.38021433199367
527	10.38003561090451
528	10.38021037350922
529	10.3799580161665
530	10.37998191566818
531	10.37983527030277
532	10.37989786920191
533	10.38024201381498
534	10.38038787147775
535	10.37999672691803
536	10.3802686964424
537	10.38011487280576
538	10.37988307800442
539	10.38026620534104
540	10.37992869595055
541	10.37993248918569
542	10.37983164793958
543	10.37969589949863
544	10.3797011500944
545	10.37971478086128
546	10.37970003391456
547	10.37963236327519
548	10.37982272388974
549	10.3796489592763
550	10.37989263125552
551	10.3794734561529
552	10.37966058695665
553	10.37986096033687
554	10.37994661008678
555	10.37994219289135
556	10.37970650372209
557	10.37995388873461
558	10.37937905366636
559	10.37926592015093
560	10.37942441727381
561	10.37975738398518
562	10.37941732198683
563	10.37930561350537
564	10.37937927477499
565	10.37935563874868
566	10.37947012315308
567	10.37921735012468
568	10.37913205492668
569	10.37893009645429
570	10.37943975819269
571	10.37933165379868
572	10.3791059204698
573	10.37931234559587
574	10.37913918577632
575	10.37912403566098
576	10.37901298276914
577	10.37923541125118
578	10.37895891113857
579	10.37950059744571
580	10.37881806472623
581	10.37915342452456
582	10.37948445876666
583	10.37932080173353
584	10.37939772612195
585	10.37910633825934
586	10.37919513613892
587	10.37884663677694
588	10.37888173518024
589	10.378458579547
590	10.37861256909366
591	10.37864813741236
592	10.37863235693405
593	10.37913372891106
594	10.3788684341257
595	10.37917815599082
596	10.37920165680251
597	10.37886964401596
598	10.37873462121567
599	10.37896082119888
600	10.37909998115536
601	10.37899836663501
602	10.37896211989319
603	10.37880642718876
604	10.37892450381487
605	10.37888422529131
606	10.37892527754922
607	10.37875163964163
608	10.37862294109341
609	10.37892586731037
610	10.37882873295337
611	10.37858768758969
612	10.37875500443175
613	10.37867414090225
614	10.37865034983258
615	10.37888002887518
616	10.37898875208408
617	10.37832156282182
618	10.37873249010076
619	10.37868259457544
620	10.37849433368551
621	10.37857987342235
622	10.37847525649981
623	10.3785064111004
624	10.37871139006056
625	10.37863764035262
626	10.37855321284262
627	10.37843195043237
628	10.37854781107387
629	10.3783058385674
630	10.3784593633581
631	10.3783041730008
632	10.3785500962865
633	10.37901321848488
634	10.37855906230576
635	10.37847331051425
636	10.37844473811105
637	10.37849150470356
638	10.37823568652465
639	10.37855227897024
640	10.37821035745783
641	10.37794090877615
642	10.37815265687554
643	10.37834430590172
644	10.37808252676397
645	10.37837192232621
646	10.3783415417879
647	10.37822202267038
648	10.37833358578054
649	10.37824890255273
650	10.37814676034803
651	10.37829796469408
652	10.37811541374549
653	10.3784227013192
654	10.3781555805996
655	10.37811462688908
656	10.37823829646713
657	10.37816207472047
658	10.37832313587755
659	10.37826891363737
660	10.37829040495264
661	10.37800005465541
662	10.378076718355
663	10.37811841739922
664	10.37782419229415
665	10.37796734956532
666	10.37778554972672
667	10.37827921297714
668	10.37809076756452
669	10.3781849253019
670	10.37818856497417
671	10.37792637615497
672	10.37783195800524
673	10.3778286065636
674	10.3779135676702
675	10.37776229309617
676	10.37783142230126
677	10.3777856001231
678	10.3779255032291
679	10.37808022430605
680	10.37799413534338
681	10.37809362375698
682	10.37791696570461
683	10.37802597771187
684	10.37817527382969
685	10.37787647823095
686	10.37788254192246
687	10.37794088262941
688	10.37793372627904
689	10.37780366657834
690	10.37796136576893
691	10.37810140520441
692	10.37787138307053
693	10.37783791845403
694	10.37756239339704
695	10.37787046800636
696	10.37777422994002
697	10.37754720660897
698	10.37758651091273
699	10.37766757620394
700	10.37774625309762
701	10.37760408877727
702	10.37762834295724
703	10.37758433013495
704	10.37775988273746
705	10.37771916114703
706	10.37757913077953
707	10.37766905493977
708	10.37780046741608
709	10.37799659747003
710	10.377624164041
711	10.37756782322538
712	10.37772901030328
713	10.37775273543551
714	10.37755648611687
715	10.37750715016747
716	10.37734955389662
717	10.37744843666198
718	10.37736301232982
719	10.37740445142839
720	10.37742610789377
721	10.37747433852702
722	10.37738603274779
723	10.37733109719657
724	10.3775782817953
725	10.3775011137134
726	10.37736602266016
727	10.37739420393454
728	10.37755976767235
729	10.37735942505924
730	10.37740770599632
731	10.37744782313945
732	10.37744475476496
733	10.37759224302703
734	10.37732328707224
735	10.37752612537066
736	10.37769108890058
737	10.37761684374646
738	10.37755501708134
739	10.37777929360493
740	10.37772596334526
741	10.37759881237285
742	10.37747457312631
743	10.37765759842216
744	10.37753963745683
745	10.37756102166071
746	10.37754175614638
747	10.37749851561214
748	10.37759097039948
749	10.37748378539684
750	10.37749112496386
751	10.37715871580633
752	10.37725715808738
753	10.37787803583451
754	10.37757115366762
755	10.37692670450984
756	10.37696088951916
757	10.37713974976265
758	10.3769138175991
759	10.37710728754426
760	10.37689545419885
761	10.37696797120993
762	10.37726007577847
763	10.37736791975465
764	10.37730758924348
765	10.37757984580255
766	10.37721783580795
767	10.377360108107
768	10.37722933108982
769	10.37753866828119
770	10.37739328787816
771	10.3774737455371
772	10.3773743501942
773	10.37734194301203
774	10.37735736258649
775	10.37729665806691
776	10.37704022734116
777	10.37725861352027
778	10.3769898358328
779	10.37728285098421
780	10.37707000507762
