0	10.39723841700629
1	10.39449994039289
2	10.39354256019461
3	10.39311624086672
4	10.39315210271566
5	10.39256132299591
6	10.39231638149412
7	10.39194054318507
8	10.39193516269992
9	10.39191501030343
10	10.39145431408251
11	10.3912788454812
12	10.39126367659401
13	10.39107672664959
14	10.3911002448049
15	10.39087996882542
16	10.39092147448342
17	10.39084057821318
18	10.39075821409177
19	10.39064917464781
20	10.39055167828471
21	10.39055175856211
22	10.39037712732802
23	10.39054441153728
24	10.39014050369904
25	10.39026419782334
26	10.38991725780475
27	10.39012002487999
28	10.38976876758201
29	10.38994222465497
30	10.38980994656611
31	10.38962090245713
32	10.38954541591319
33	10.38927999455691
34	10.38959175640443
35	10.38921387194193
36	10.38920318519115
37	10.3890958746606
38	10.38896906982826
39	10.38901514265571
40	10.38908078767417
41	10.38857302010884
42	10.38912391978261
43	10.38873813488342
44	10.38881652368773
45	10.38875800300981
46	10.38864370842518
47	10.38838681924658
48	10.38866878926775
49	10.3884283839048
50	10.38857378585561
51	10.38839726825101
52	10.38818444812281
53	10.38843746464078
54	10.38802471602056
55	10.38787927593251
56	10.38801958422413
57	10.38814818077311
58	10.38791371437802
59	10.3879434916686
60	10.38754278975172
61	10.38793254817577
62	10.38767073972783
63	10.3877441289714
64	10.38748930732538
65	10.38726863440345
66	10.3874942427432
67	10.3874632336131
68	10.38740080726218
69	10.38723534798567
70	10.38717860149003
71	10.38729011465875
72	10.38724974143468
73	10.38726295243245
74	10.38715757322571
75	10.38729410832431
76	10.3872047524994
77	10.3870017860643
78	10.38686796174043
79	10.38696408627495
80	10.38681939937491
81	10.38668288733319
82	10.38683332205617
83	10.38649344307676
84	10.3865439434995
85	10.38650297306044
86	10.38650655468007
87	10.38598230821598
88	10.38626739713429
89	10.38630503478714
90	10.3862419846884
91	10.38617658125446
92	10.38620315192309
93	10.386107976984
94	10.38609513588241
95	10.38606531407303
96	10.38600620927101
97	10.38620561236091
98	10.38615660863811
99	10.38603496267235
100	10.38595868261107
101	10.38602657227779
102	10.38599356656308
103	10.38629140734775
104	10.38615874509625
105	10.38622204306588
106	10.38591891188754
107	10.38585604529014
108	10.38549397998816
109	10.38585478755128
110	10.38562960225851
111	10.38560128508828
112	10.38528077818675
113	10.38551216928439
114	10.38500442883178
115	10.38525155990144
116	10.38509823233899
117	10.38511336638111
118	10.38517883817237
119	10.38487039013801
120	10.38482893494038
121	10.38468624255927
122	10.38515201655653
123	10.38498036240705
124	10.38503308982624
125	10.38493766391988
126	10.38491336468481
127	10.38490839239218
128	10.38489052173815
129	10.38459808057942
130	10.38485473656206
131	10.38485798992569
132	10.38468902139569
133	10.38462425848639
134	10.3848517217725
135	10.38454391900526
136	10.38463982732734
137	10.38472302427476
138	10.38459320051582
139	10.38478902595163
140	10.38439293272649
141	10.3847095808596
142	10.38454668061435
143	10.38433784900654
144	10.38440283972008
145	10.38446851936554
146	10.38426334422441
147	10.38441690059981
148	10.38447140791071
149	10.38422985299454
150	10.38464434720543
151	10.38453180129288
152	10.38408043209391
153	10.38435677910562
154	10.3843059133622
155	10.38426865303716
156	10.38429447872584
157	10.38400446947035
158	10.38407296293417
159	10.38400823762086
160	10.38410492538829
161	10.38401735068675
162	10.38397402686094
163	10.38399451744549
164	10.3839695705155
165	10.38235203325677
166	10.37168122312193
167	10.35151278612704
168	10.34921366009269
169	10.36055376190281
170	10.37087205256995
171	10.37574104664418
172	10.37727823273405
173	10.37754703173196
174	10.37803495444297
175	10.37872742235504
176	10.37942309718942
177	10.37227898939277
178	10.32133633168184
179	10.30782843322247
180	10.31479456358511
181	10.31755543785024
182	10.3227000085378
183	10.3284409558479
184	10.33236053273626
185	10.33441258635611
186	10.33520483633752
187	10.34049925611436
188	10.34940466717358
189	10.35886711896051
190	10.36579291680353
191	10.37061218028869
192	10.37372553060431
193	10.37552199814712
194	10.37685391298795
195	10.37768059382136
196	10.37849686754119
197	10.37911486345582
198	10.37919456607819
199	10.37984662202506
200	10.38018556568028
201	10.38027277809293
202	10.38048911462568
203	10.38091910937646
204	10.38121300208904
205	10.38143452466953
206	10.38169884821016
207	10.38172901979864
208	10.38200167410524
209	10.38211322410587
210	10.38171983753046
211	10.38240665729895
212	10.38190104692049
213	10.38197581613443
214	10.38216530062484
215	10.38162727941143
216	10.38137911041319
217	10.38080225782071
218	10.3800810758814
219	10.37889555752229
220	10.37691263211439
221	10.37448896817788
222	10.37254866848553
223	10.37058952917844
224	10.36907551658619
225	10.36892235861429
226	10.3690872171308
227	10.36974837240943
228	10.37042806649506
229	10.3713814196883
230	10.37189201814085
231	10.3722340127973
232	10.37296842887644
233	10.37311331956734
234	10.37365171875122
235	10.37375775317968
236	10.37382705617893
237	10.37428668999996
238	10.374633122937
239	10.37443531425715
240	10.37387240795678
241	10.37185102409878
242	10.36774773472553
243	10.3616997300426
244	10.35371032705134
245	10.344920757789
246	10.33719961011623
247	10.33227468095233
248	10.33111076744719
249	10.33276457835561
250	10.3357133975792
251	10.33779855595596
252	10.33872921696547
253	10.33770578434318
254	10.33588842473932
255	10.33308586300436
256	10.33046840366153
257	10.3282292079215
258	10.32595896616158
259	10.32377024584664
260	10.32210020804214
261	10.32163145469572
262	10.32243402467931
263	10.32473405490518
264	10.32843505283563
265	10.33294975165499
266	10.33776404956067
267	10.34190466719623
268	10.34466771148638
269	10.34720058450952
270	10.34875257418999
271	10.35001318113942
272	10.35162268199941
273	10.3532825361062
274	10.35512006624215
275	10.3571214390716
276	10.35898691508572
277	10.3604347565056
278	10.36208390381233
279	10.36328239635272
280	10.36389410970252
281	10.36473492436806
282	10.36580795743132
283	10.36687130102208
284	10.36792754316911
285	10.36918470055565
286	10.37007718145661
287	10.37128066504419
288	10.37176857129579
289	10.37261429135113
290	10.37358212848459
291	10.37438662827135
292	10.3748888438052
293	10.37568666066544
294	10.37621901604483
295	10.37655350637323
296	10.37647969713949
297	10.3769633116911
298	10.37679883243709
299	10.37638551284646
300	10.37562497153843
301	10.37479140203625
302	10.37362390128562
303	10.37175325979531
304	10.36974472596432
305	10.36685049097585
306	10.36354467954578
307	10.36006120328388
308	10.35670407704941
309	10.35445837737101
310	10.35312185797701
311	10.3528074507581
312	10.35226521375494
313	10.35076944855723
314	10.34831603920986
315	10.34442562469538
316	10.3402710105507
317	10.3358307835777
318	10.33239014652109
319	10.33015465240308
320	10.32968912301194
321	10.33042712888746
322	10.33179948625528
323	10.33431703127603
324	10.33724253957742
325	10.34052578680385
326	10.34415276322594
327	10.3477585618488
328	10.35122656945326
329	10.35398691640581
330	10.35638098230343
331	10.35817105866627
332	10.35925961859223
333	10.36004270354951
334	10.36030303927943
335	10.36046651353546
336	10.36086062741701
337	10.36094010878389
338	10.36211741207602
339	10.36345461789549
340	10.36460077488869
341	10.36626583572503
342	10.36747979268318
343	10.36906408982889
344	10.37011389318068
345	10.37121262685597
346	10.37207535948641
347	10.37323743969353
348	10.37366382015678
349	10.37461460812345
350	10.37523115835836
351	10.37558206726218
352	10.37595873584124
353	10.37617943348271
354	10.37644146395663
355	10.3763700591223
356	10.37679442325926
357	10.37607792037195
358	10.37616150033309
359	10.37606972262318
360	10.37586204754421
361	10.37620629004265
362	10.3761434840304
363	10.37642276033196
364	10.37659798399809
365	10.37690423391754
366	10.37740971562329
367	10.37733552942088
368	10.37780301839452
369	10.37798419592548
370	10.37793501111079
371	10.37851772243319
372	10.37833213197853
373	10.3783863236454
374	10.3785059541537
375	10.37865084063871
376	10.37890847449323
377	10.37877849804446
378	10.37875313907619
379	10.37847110309505
380	10.37848245844655
381	10.37831865605027
382	10.37830947291979
383	10.37786487823843
384	10.37756523808892
385	10.37720749272958
386	10.37683122665851
387	10.37656277291303
388	10.3766883682529
389	10.3763187002582
390	10.37636652600681
391	10.37636163249093
392	10.37644514775884
393	10.37687491408273
394	10.37706774919042
395	10.37725171036344
396	10.37693145668753
397	10.37727076690765
398	10.37769230908261
399	10.37763263032447
400	10.37778870263301
401	10.37793045575831
402	10.37823932722453
403	10.37807767334415
404	10.3782611582705
405	10.37827074649032
406	10.37820948850824
407	10.37826455360747
408	10.37816043251432
409	10.37832736098638
410	10.378211143743
411	10.37831583358772
412	10.37842254903501
413	10.37818434440232
414	10.37833741511906
415	10.37834810045978
416	10.37824329528599
417	10.37812846257167
418	10.37798395954236
419	10.37810765591322
420	10.37798386479512
421	10.37794117495834
422	10.37789623710174
423	10.37757038851908
424	10.37777723099562
425	10.3777080220512
426	10.37764408969537
427	10.37785275319371
428	10.37783184624413
429	10.37782430988451
430	10.37796411915062
431	10.3778372888329
432	10.37785683723974
433	10.37789363208252
434	10.37768749122956
435	10.37758037686912
436	10.37762553854625
437	10.37744443049187
438	10.37732195380044
439	10.37691311504888
440	10.37678477710388
441	10.37620856388393
442	10.37603196949141
443	10.37529924398444
444	10.37487835740129
445	10.37480831828311
446	10.37437077427265
447	10.37428630727886
448	10.37451820751713
449	10.3744063181891
450	10.37464390634658
451	10.37482158775992
452	10.37532829589928
453	10.37523278510324
454	10.3754107071984
455	10.37546797705647
456	10.37597677083605
457	10.37610513265072
458	10.3763754716353
459	10.37625689100092
460	10.37644734726992
461	10.37696709335044
462	10.37693575335075
463	10.37695430353635
464	10.37679614052502
465	10.37716966160798
466	10.37670482602108
467	10.37700337057896
468	10.37699832323748
469	10.37745056332311
470	10.37734960911179
471	10.37760394518175
472	10.3773833832698
473	10.37750666505864
474	10.37752525772389
475	10.37750562577887
476	10.3776553636227
477	10.37737554885388
478	10.37739464926586
479	10.37739720861541
480	10.37740317695366
481	10.37725585708573
482	10.37721734094067
483	10.37736153600003
484	10.37712213394562
485	10.37725951620691
486	10.37742118135564
487	10.37698233387529
488	10.37718538786827
489	10.37697723356089
490	10.37716256228848
491	10.37738262397425
492	10.37726494201494
493	10.37722007303712
494	10.37709915701521
495	10.37769341917705
496	10.37714020087415
497	10.37715356106193
498	10.37744476910975
499	10.37752873702427
500	10.37745059699587
501	10.37755021269385
502	10.37745020543168
503	10.3776744188385
504	10.37729942096599
505	10.37726366441412
506	10.37734684213023
507	10.3772393033632
508	10.37695424235805
509	10.37725850666084
510	10.37725690953022
511	10.3770100902012
512	10.37720782154771
513	10.37704758779529
514	10.37708977667026
515	10.37694176786887
516	10.37659744011389
517	10.37720671422134
518	10.37678448970391
519	10.37672218546407
520	10.3765804721681
521	10.37710143492455
522	10.37677749177522
523	10.37667652337424
524	10.37665615843558
525	10.37688193846777
526	10.37665179682151
527	10.37669840740245
528	10.37653405731252
529	10.37693977229253
530	10.37661346541653
531	10.37677044146919
532	10.37670985567023
533	10.37674313486904
534	10.37679403814478
535	10.37685590051437
536	10.3766325851623
537	10.37648778092872
538	10.37671870996012
539	10.37663305147314
540	10.37662243626601
541	10.37664327438986
542	10.376682589382
543	10.37656017006368
544	10.37667532876045
545	10.37654899300837
546	10.37675405877593
547	10.37638045527233
548	10.37676343879784
549	10.3764080032695
550	10.37624524417874
551	10.37626404773142
552	10.37609012045075
553	10.37596559417536
554	10.37616109473956
555	10.37612089222998
556	10.37605302739679
557	10.37642644481918
558	10.37617939420331
559	10.37621206738277
560	10.37643305415179
561	10.3763035006319
562	10.37645926966048
563	10.37649622970183
564	10.37663360737521
565	10.37639515563043
566	10.37662700091688
567	10.37659721074401
568	10.3766531817569
569	10.37654975957653
570	10.37616874985107
571	10.37627852250788
572	10.37627739995299
573	10.37621083995548
574	10.3764743860635
575	10.37626199603269
576	10.37646769929196
577	10.37632601238275
578	10.37626928444353
579	10.37598999083475
580	10.37645290621435
581	10.37604193702621
582	10.37629658184154
583	10.37616078328508
584	10.37620509783693
585	10.37676298065819
586	10.37641119694341
587	10.3762296918876
588	10.37612420974062
589	10.37628265834192
590	10.376204715592
591	10.3760036121821
592	10.37611657916693
593	10.37602479760268
594	10.37605746395811
595	10.37622012884854
596	10.37607298486908
597	10.37628667264235
598	10.37636335555885
599	10.37615653431233
600	10.3764309064622
601	10.37642900730991
602	10.37622228596993
603	10.37631036202727
604	10.37610556985492
605	10.37607710634939
606	10.37632110775124
607	10.37619165749406
608	10.37609909742032
609	10.37613525498824
610	10.37602326874968
611	10.37611247698827
612	10.37581544322731
613	10.37569078526395
614	10.37563718401119
615	10.37574229852243
616	10.37586872414403
617	10.37565632779266
618	10.37591346876091
619	10.37564932900416
620	10.3754895258647
621	10.37556415053903
622	10.37562268272421
623	10.3756399612463
624	10.37551430114633
625	10.37558648442192
626	10.37551988778752
627	10.37564003371267
628	10.3755680865007
629	10.37541407567599
630	10.37517160846036
631	10.37525240158461
632	10.37556400536899
633	10.37542745561131
634	10.37550667020004
635	10.37534574950727
636	10.37547011279384
637	10.37527983313716
638	10.37561528451426
639	10.37530419662315
640	10.37515876694913
641	10.37557406587542
642	10.375151754882
643	10.37491289053156
644	10.37547873373651
645	10.37506706236287
646	10.37552361030215
647	10.37516193525082
648	10.37527191288672
649	10.3754928055609
650	10.37530344200675
651	10.37520609139986
652	10.37554033545618
653	10.37525316066153
654	10.37529014313778
655	10.37512881280936
656	10.37530376814657
657	10.37491551155463
658	10.37504277047932
659	10.37529322212751
660	10.37502717412809
661	10.37499093565701
662	10.37486997061276
663	10.37508530320257
664	10.37490233883439
665	10.37480446215533
666	10.37469249883465
667	10.3749102199047
668	10.37468424365398
669	10.3750133045786
670	10.37480556816742
671	10.37455585826296
672	10.37505333459644
673	10.37513450792505
674	10.37474999196402
675	10.3747549290281
676	10.37477075314293
677	10.37459632962402
678	10.3746084426138
679	10.37438887243662
680	10.3748964568606
681	10.37456752061377
682	10.37501881422592
683	10.37474871913424
684	10.37486701508688
685	10.37480136168874
686	10.37443344700535
687	10.37455336988935
688	10.37429714207949
689	10.37404243858777
690	10.37457280546795
691	10.37431375274432
692	10.37455544499457
693	10.3746467931701
694	10.37426741129395
695	10.37427640006139
696	10.37447491867781
697	10.37431537178999
698	10.37427612829936
699	10.3742191132788
700	10.37422759384544
701	10.37439815160463
702	10.37436997909342
703	10.37415338881039
704	10.37458805667832
705	10.37435369275844
706	10.37454167655025
707	10.37420468703498
708	10.37440123194288
709	10.37428684153827
710	10.3744310089265
711	10.37418554281219
712	10.37416845327226
713	10.37438987745557
714	10.37458520862748
715	10.37421991873574
716	10.37437490112048
717	10.37429114915953
718	10.37441747275533
719	10.37459424166023
720	10.37440863917845
721	10.37462756577332
722	10.37442041244052
723	10.37444359909693
724	10.3742912571301
725	10.37432994758145
726	10.3740224363784
727	10.37429980555709
728	10.37425838842881
729	10.3740699624459
730	10.37394108771263
731	10.37431180673665
732	10.37444052522939
733	10.37390617228668
734	10.37440455666721
735	10.3742193897768
736	10.37405181483216
737	10.37405463065769
738	10.37407586814153
739	10.37400489135853
740	10.37394167090647
741	10.37419630159229
742	10.37409202857789
743	10.37422254313975
744	10.37396347901184
745	10.37395756568649
746	10.37387787095908
747	10.37363969114877
748	10.37381679245797
749	10.3740402143134
750	10.37382583925488
751	10.37382983086438
752	10.37384895213572
753	10.3736269304383
754	10.37362772451836
755	10.37357641868812
756	10.37376406498221
757	10.37354952946883
758	10.37357083541013
759	10.37338623226371
760	10.37356220361752
761	10.37321811466274
762	10.37337782542478
763	10.37337684506579
764	10.37320405388282
765	10.37326839733613
766	10.37298635100706
767	10.37350475621316
768	10.37285312058009
769	10.37344710255577
770	10.37322534943296
771	10.37310322759339
772	10.37333701551681
773	10.37330638577165
774	10.37330852376084
775	10.37311745534032
776	10.37327715092455
777	10.37316251370282
778	10.37337903872611
779	10.37355569339021
780	10.37355941938058
