0	10.40344922000221
1	10.40024181679878
2	10.39980529220639
3	10.39904452296556
4	10.39862624696106
5	10.39818206827804
6	10.39840204537222
7	10.39799535858711
8	10.3977097116151
9	10.39726696960087
10	10.39737045200934
11	10.39681713100783
12	10.39674906028926
13	10.39693942494879
14	10.39661675068783
15	10.39648100450144
16	10.39632087475207
17	10.39619865260259
18	10.39606470778192
19	10.39603681512386
20	10.39573604559536
21	10.39562478260901
22	10.39553728105927
23	10.39555943738194
24	10.39529443496841
25	10.39539826496898
26	10.395213294187
27	10.39512814692824
28	10.39512031731513
29	10.39494425777737
30	10.39494869839173
31	10.39483921342661
32	10.39465025463265
33	10.39452543955272
34	10.39439618415081
35	10.39449832080417
36	10.39422144500102
37	10.39414834518652
38	10.39404496934472
39	10.39379866783271
40	10.39406456962771
41	10.39375411845579
42	10.39398984249103
43	10.39355022848209
44	10.39379007236439
45	10.39389711920641
46	10.39358589633733
47	10.39347390652067
48	10.39347936376244
49	10.39349703783303
50	10.39336622238916
51	10.39314585860411
52	10.39308325704532
53	10.39332645952269
54	10.39322933046921
55	10.39303990135333
56	10.39303152715095
57	10.39268309534678
58	10.3931489654573
59	10.39302114087922
60	10.39293746743838
61	10.39291929089067
62	10.39278121745627
63	10.3928316922228
64	10.39239487573333
65	10.39247237911006
66	10.39231707281977
67	10.39229763111315
68	10.39226706510211
69	10.39219447860567
70	10.39211804258522
71	10.39221693307397
72	10.39221048846339
73	10.39204805058906
74	10.39211505045844
75	10.39175644121142
76	10.39189727706829
77	10.39167355911991
78	10.39144842400484
79	10.39131267272573
80	10.39146278629165
81	10.39155456967367
82	10.39150676071969
83	10.39128724739088
84	10.39113707702111
85	10.39119456675097
86	10.39125199087151
87	10.39132468200448
88	10.39108222624715
89	10.39127180110413
90	10.39076468254875
91	10.39118347348663
92	10.39100884234894
93	10.39117596731502
94	10.39089141831727
95	10.39102885089438
96	10.39068793608104
97	10.39050100406774
98	10.39091483034702
99	10.39062188139685
100	10.39040711600336
101	10.39032411277892
102	10.39037421977793
103	10.39017145212601
104	10.3901958264319
105	10.39032854973129
106	10.39043494813778
107	10.39032301888927
108	10.39012178581398
109	10.39023257006066
110	10.39025532400619
111	10.3902757537689
112	10.38990397741807
113	10.38989777157831
114	10.38997444869447
115	10.39006807304962
116	10.39004410207144
117	10.39021915297833
118	10.38996497371464
119	10.38987004720671
120	10.38971358373556
121	10.39001195486103
122	10.38945767622694
123	10.38968013717143
124	10.38974338680141
125	10.38973328695128
126	10.38955319861324
127	10.38965286781822
128	10.38927736853613
129	10.38929924932147
130	10.38940086665005
131	10.3894146587245
132	10.3892916209692
133	10.38934975459186
134	10.38933092215183
135	10.38928836603876
136	10.38940372019718
137	10.38933730361378
138	10.38916883756375
139	10.38926590958474
140	10.38952680568191
141	10.38946527408201
142	10.38907383387693
143	10.38932975937552
144	10.38935093113413
145	10.38931973668634
146	10.38924153453833
147	10.38920425589256
148	10.38901062836843
149	10.38910614021321
150	10.38900748506895
151	10.38908942241838
152	10.3891096497326
153	10.38901354440892
154	10.38894526535532
155	10.38917028959925
156	10.38884054289851
157	10.38903902409883
158	10.38909898596686
159	10.38892417435392
160	10.38887520570099
161	10.38891589177297
162	10.38903201377596
163	10.38882051523254
164	10.38873147513494
165	10.38678191034037
166	10.37585211640436
167	10.35750027677135
168	10.35641370289911
169	10.36790560132995
170	10.37759063106356
171	10.38262420391778
172	10.38392891932525
173	10.3841883746493
174	10.38398286673027
175	10.38391971644485
176	10.38393526330331
177	10.37433143195217
178	10.33203808267566
179	10.32485397909416
180	10.32689966819972
181	10.32731121802624
182	10.33091536697529
183	10.33612766439534
184	10.34147009890936
185	10.34530478959314
186	10.34687283801198
187	10.34909765357494
188	10.35416534606561
189	10.36001658131007
190	10.36599333583444
191	10.37135575182669
192	10.37477710559119
193	10.37681584880547
194	10.37811692414097
195	10.37928183837593
196	10.38046230077247
197	10.38123776336551
198	10.38194290418499
199	10.38266394234434
200	10.38344207202346
201	10.38390703736154
202	10.38428629776942
203	10.38450111921429
204	10.38480634408754
205	10.38505243831423
206	10.38545358025462
207	10.38593241807776
208	10.38588797697284
209	10.38625873699304
210	10.38637806154054
211	10.38670444023321
212	10.38639273100668
213	10.38680014855484
214	10.38675665133594
215	10.38684937862731
216	10.38690196531681
217	10.38691081352783
218	10.38699579961132
219	10.3869220430859
220	10.38683183320279
221	10.38678080634858
222	10.38647083269674
223	10.38645407269607
224	10.386468650973
225	10.38648247671653
226	10.38665827248812
227	10.38666979990879
228	10.38664306502641
229	10.3867372663364
230	10.38656225344706
231	10.38656518991147
232	10.38669086112211
233	10.38662668189964
234	10.38639778071094
235	10.38662800143115
236	10.38676868802088
237	10.3865347684671
238	10.38651565352119
239	10.38662530454878
240	10.3861581665011
241	10.38594924784004
242	10.38527294150975
243	10.38373854081926
244	10.38182583348909
245	10.37984645034663
246	10.37823597504485
247	10.37769458516848
248	10.37752442624719
249	10.37833203100331
250	10.37900139266908
251	10.37938973524659
252	10.37934629135536
253	10.37915007467836
254	10.3784796333637
255	10.37782611825428
256	10.37694333351502
257	10.37649146192185
258	10.37539119017173
259	10.37520227681416
260	10.37488800516335
261	10.37454813990826
262	10.37484972757896
263	10.37570476990929
264	10.37618594814642
265	10.37713535104868
266	10.37773020351833
267	10.37870328085958
268	10.37900606368017
269	10.37924033800848
270	10.37950603321692
271	10.37953127443758
272	10.37986498202641
273	10.37998070206325
274	10.38028812940181
275	10.38092078289099
276	10.38100932889622
277	10.38130931260856
278	10.38147121966203
279	10.3815524949204
280	10.3819939053384
281	10.38225677109952
282	10.38233157699024
283	10.38279853120175
284	10.38255602823883
285	10.38303500273117
286	10.3827015806894
287	10.38297310033189
288	10.38306795875751
289	10.383315738242
290	10.38312983668467
291	10.38344719787404
292	10.38345237164298
293	10.38358296663724
294	10.38377866403171
295	10.38382288307769
296	10.38359518237456
297	10.38331696517325
298	10.3827033231708
299	10.3813708646269
300	10.38000748755535
301	10.37831481065783
302	10.37554278155082
303	10.37197934491026
304	10.36736002751016
305	10.36207114463219
306	10.35614186137618
307	10.35123721373395
308	10.34716644143427
309	10.34527684638114
310	10.34443804581117
311	10.34411637244809
312	10.34171698327127
313	10.33768059940853
314	10.33054479025053
315	10.3219649769883
316	10.31321588649005
317	10.30562925012853
318	10.30102388492913
319	10.29921721835117
320	10.29988520407274
321	10.3023722034849
322	10.3069113715041
323	10.31210783061198
324	10.31833363644795
325	10.3244833906256
326	10.33054369563804
327	10.33527833380852
328	10.3392540405671
329	10.34164199583849
330	10.34313847981299
331	10.34322724125982
332	10.34285232159117
333	10.34185542165716
334	10.34155714001863
335	10.3414946121704
336	10.34304309668216
337	10.345453049448
338	10.34874065849858
339	10.35233788717936
340	10.35601204124878
341	10.35910571713615
342	10.36174846760138
343	10.36388877409326
344	10.36598798697392
345	10.36760117411
346	10.36882742325354
347	10.37025230923131
348	10.37149693798724
349	10.37279939654439
350	10.37404717890668
351	10.37472047214377
352	10.37524928965922
353	10.37567539153165
354	10.37622670296861
355	10.37599153213183
356	10.37593824751406
357	10.37617921862338
358	10.37628903999671
359	10.37657171114651
360	10.37676242610997
361	10.3772717923208
362	10.37809170549359
363	10.37872650928741
364	10.37945378791676
365	10.38009371199236
366	10.38043936009296
367	10.38093012167954
368	10.38102307861844
369	10.3814506998634
370	10.38161874629221
371	10.38158444338313
372	10.38199431726454
373	10.38207553935781
374	10.3824964615621
375	10.38243705918076
376	10.3826494377254
377	10.38270505028307
378	10.38258235194603
379	10.38230103226718
380	10.38162739218084
381	10.38157698961076
382	10.38086190530115
383	10.38041417742025
384	10.38029731959882
385	10.37978213617026
386	10.37954886290104
387	10.37938706767175
388	10.37974050187836
389	10.37976015328031
390	10.38029462741639
391	10.38079450641792
392	10.38113998744968
393	10.38141846292223
394	10.38141482965757
395	10.38170564961487
396	10.38171421587991
397	10.38215056191746
398	10.38174637896887
399	10.38204762933395
400	10.38222871018239
401	10.38228076272089
402	10.38206348633688
403	10.38248567534059
404	10.38257861459582
405	10.38252223206498
406	10.38288417860206
407	10.38315344432094
408	10.38302771953694
409	10.38320154939705
410	10.38321637400276
411	10.38332164934182
412	10.38348558376206
413	10.38307107490999
414	10.38299094800938
415	10.38294400505705
416	10.3832043189496
417	10.38337205033039
418	10.38324537001138
419	10.3829846082886
420	10.38307016017823
421	10.38309770014871
422	10.38309892801093
423	10.38286671824121
424	10.38247542673121
425	10.38277549688045
426	10.38274524067365
427	10.3829249401933
428	10.38306897826092
429	10.38263680352585
430	10.38238620418414
431	10.3816780068219
432	10.38052598924489
433	10.37874923081837
434	10.37588402203047
435	10.37136158752445
436	10.36479304254764
437	10.35541768938603
438	10.34421250133087
439	10.33058292802145
440	10.31636764834201
441	10.30252917416114
442	10.29072672355648
443	10.28231731094363
444	10.27774399598209
445	10.27747579293382
446	10.28081481706582
447	10.28704918999793
448	10.29502011438849
449	10.30295254961873
450	10.31063701814829
451	10.31793926187215
452	10.32373777576173
453	10.32882465018074
454	10.33333308013861
455	10.33668425941343
456	10.3399406325523
457	10.34297536707372
458	10.34600206121888
459	10.34843182043606
460	10.35118948759461
461	10.3540792023694
462	10.35616048393731
463	10.3587444771186
464	10.36062521525494
465	10.3627576992478
466	10.36466868006922
467	10.36631063136287
468	10.3679781395754
469	10.36941582732084
470	10.37052530049008
471	10.37169439204792
472	10.37288091816424
473	10.37405284455431
474	10.37523270592046
475	10.37576708088508
476	10.37673987590669
477	10.37733175255041
478	10.37805453609549
479	10.37864013465068
480	10.37916231453409
481	10.3797644723315
482	10.38009152040951
483	10.38033352085126
484	10.38068310157655
485	10.38101626805261
486	10.38107527432165
487	10.38110919393535
488	10.38123892915417
489	10.3812816428158
490	10.38132667493465
491	10.38168664099121
492	10.38173593490326
493	10.38165556605214
494	10.38164310010051
495	10.38176269452962
496	10.38207841934282
497	10.38176987041991
498	10.38178895962765
499	10.38159520314307
500	10.38154074263932
501	10.38145941585807
502	10.3812917252657
503	10.38174904282843
504	10.38159413692193
505	10.38159483829294
506	10.38166475220391
507	10.38180226705167
508	10.3815285872896
509	10.38170538691934
510	10.38152932860735
511	10.38142900151017
512	10.38125503632695
513	10.38157958394143
514	10.38153923832864
515	10.3813504077743
516	10.38131145604908
517	10.38140358257229
518	10.38158411336445
519	10.38123132182843
520	10.38152469769466
521	10.38148406062414
522	10.38133807651259
523	10.38128630154695
524	10.38116640777908
525	10.38125905835392
526	10.38113198902072
527	10.38107486260679
528	10.38123931881674
529	10.38124712438379
530	10.38086363746918
531	10.38129786972262
532	10.38127536751707
533	10.38121883571454
534	10.38105281660833
535	10.38094944942146
536	10.3812568574017
537	10.38123541867972
538	10.38097664278227
539	10.3810908520917
540	10.38113389749921
541	10.38104868958713
542	10.38114923746876
543	10.38078932382084
544	10.3809104772773
545	10.380869695215
546	10.38067614732482
547	10.38068956929635
548	10.38063431305241
549	10.38079032152842
550	10.38066740868911
551	10.38065248180725
552	10.38091555155452
553	10.38088056590787
554	10.38070657170905
555	10.38066940684039
556	10.38068382364966
557	10.38077171139746
558	10.38095472190948
559	10.38094682624147
560	10.38081812330145
561	10.38082011346713
562	10.38105099468944
563	10.38066524024606
564	10.38075269951494
565	10.38086230767034
566	10.3807926931838
567	10.38117658539848
568	10.3809343354926
569	10.38076462954606
570	10.38092665492436
571	10.38101348351025
572	10.3807934550691
573	10.38077506862315
574	10.38051681535169
575	10.38078689637239
576	10.38040027599385
577	10.38072762414448
578	10.38073861811442
579	10.38063922520743
580	10.38073845284587
581	10.38056610886319
582	10.38049149544091
583	10.38061473200528
584	10.38055061834997
585	10.38024126061272
586	10.38035012007764
587	10.38044973741952
588	10.38053954315969
589	10.38026593278361
590	10.38049870176853
591	10.38042172052665
592	10.38040503360749
593	10.38050400324882
594	10.38044744512685
595	10.3803141502086
596	10.38020646909479
597	10.38032345214917
598	10.38047591806247
599	10.38033788411025
600	10.38017458450965
601	10.38022381393356
602	10.37996629657651
603	10.38014636270361
604	10.38006327598399
605	10.38021038089572
606	10.38012770336281
607	10.37992725325566
608	10.37996409077264
609	10.37997902746156
610	10.37999873729615
611	10.37988592129628
612	10.37994644021491
613	10.38004524385458
614	10.37996824855175
615	10.38019204098004
616	10.38002369102301
617	10.37990345780468
618	10.38020948515197
619	10.38017744700556
620	10.38016121756296
621	10.38030836996653
622	10.37992366817372
623	10.38002852887808
624	10.38038061884134
625	10.38029124775663
626	10.38025087204819
627	10.38037733893007
628	10.3802049655787
629	10.37998136202833
630	10.38021682723191
631	10.38036080235664
632	10.38041429690132
633	10.38013805478418
634	10.38048943219819
635	10.38026656327789
636	10.38021697964797
637	10.38012903677269
638	10.38029443965852
639	10.38025143682766
640	10.37999663942329
641	10.38023126708516
642	10.38035094055935
643	10.3801098720254
644	10.38012557408
645	10.38023784588881
646	10.3803033891194
647	10.38003937725071
648	10.38022521386695
649	10.38021677264926
650	10.38028139252527
651	10.38010164356239
652	10.38022775654393
653	10.38008087622457
654	10.38022497119417
655	10.38010359946961
656	10.38005565640796
657	10.38038321621517
658	10.37997346251956
659	10.38007629721211
660	10.37996915516536
661	10.37999763349107
662	10.37986694768838
663	10.37968927444608
664	10.37980104192623
665	10.37951525169419
666	10.37938280447271
667	10.37911374680556
668	10.37915343799473
669	10.37888470069901
670	10.37865427011324
671	10.37848939625435
672	10.37791784852554
673	10.3775595408497
674	10.37717464737655
675	10.37702945100441
676	10.37681063242411
677	10.37615658334082
678	10.37598975484699
679	10.37609720028144
680	10.37586814087423
681	10.37600523270719
682	10.37617958156656
683	10.37598027291991
684	10.3761180856634
685	10.37624864855157
686	10.3768264730542
687	10.37684640419264
688	10.3772734388527
689	10.37720482753841
690	10.37736869810394
691	10.37762978076561
692	10.37777425234572
693	10.37788016273254
694	10.3779810806766
695	10.37793305358245
696	10.37814636528877
697	10.37833561074598
698	10.37853924524057
699	10.37834829009278
700	10.37856329354582
701	10.37847232001716
702	10.37883732136927
703	10.37876435567239
704	10.3787139683488
705	10.37891916104416
706	10.37889387825697
707	10.37895791118087
708	10.37860387720897
709	10.37905596698161
710	10.37901050953691
711	10.37886226800826
712	10.37883107559206
713	10.37896761862233
714	10.37895458131032
715	10.37892425540361
716	10.37919578003375
717	10.37914752995277
718	10.37893731421043
719	10.37904037948747
720	10.37879771591327
721	10.37892675130291
722	10.37887918785772
723	10.37866551884768
724	10.378667953067
725	10.37877415265077
726	10.37896041298646
727	10.37920940000245
728	10.37878794569682
729	10.37890916382883
730	10.37910043450794
731	10.37887488095708
732	10.37913416836378
733	10.37908989915567
734	10.37896341942897
735	10.37906858365618
736	10.3791033045734
737	10.37887517794963
738	10.37875987746491
739	10.37863805403661
740	10.37878602190937
741	10.37876544677307
742	10.37870480191687
743	10.37861353942288
744	10.37857816348929
745	10.37885189796097
746	10.37863308603395
747	10.37888963294086
748	10.37865802073362
749	10.37876710824745
750	10.37875010847
751	10.37875029533503
752	10.37851361077416
753	10.37865820085063
754	10.37876532333992
755	10.37899379855307
756	10.37907387666575
757	10.37881894449155
758	10.37864304182362
759	10.37848698346431
760	10.3785396241218
761	10.37851328861305
762	10.37855166959951
763	10.37880541519056
764	10.37884341509054
765	10.37891993486899
766	10.37853066022439
767	10.37862274920039
768	10.37879239993129
769	10.37884014224543
770	10.37869180053774
771	10.37872183418343
772	10.37901956440771
773	10.37878477632521
774	10.37870003772179
775	10.37886231529987
776	10.37890079437767
777	10.37867979373614
778	10.37873494926509
779	10.378758566455
780	10.37845281919936
