0	10.37589630177077
1	10.37330619952287
2	10.37210498516872
3	10.3718735001864
4	10.37156392407221
5	10.37068779676716
6	10.37061976073468
7	10.37041285679409
8	10.37026521829685
9	10.37009337993885
10	10.36994880106039
11	10.36991518166457
12	10.36965081395977
13	10.36968683392856
14	10.36950660602635
15	10.36968749314192
16	10.36941516896259
17	10.36926940379362
18	10.36903311288409
19	10.36922459718361
20	10.36924109240638
21	10.36907010676674
22	10.36917566843747
23	10.36901943790967
24	10.36876426114047
25	10.36880756125626
26	10.36891431562265
27	10.36863982689637
28	10.3684685004971
29	10.36838661343918
30	10.36828166106107
31	10.36829600661811
32	10.36842268024047
33	10.36825636340548
34	10.36800771702533
35	10.36793681198545
36	10.36768791611875
37	10.36792392827949
38	10.36778682114616
39	10.36782978330806
40	10.3678608420342
41	10.36752401783352
42	10.3677592388273
43	10.36749940275534
44	10.36763231853444
45	10.36743962411594
46	10.36744262244218
47	10.36751509984839
48	10.36745737322441
49	10.36756633929488
50	10.36758332610289
51	10.36749917768309
52	10.36775590014816
53	10.36745670086
54	10.36734306711974
55	10.36739080900535
56	10.36762855160833
57	10.36723434541542
58	10.36748622592939
59	10.36741638435882
60	10.36756579500911
61	10.36737443977491
62	10.36722079314737
63	10.36748546353955
64	10.36729648151127
65	10.36729399267557
66	10.36736278559012
67	10.36727141456788
68	10.36719543297722
69	10.36702807375892
70	10.36730202994223
71	10.36714050877441
72	10.36700485066279
73	10.36737690931262
74	10.36712912983798
75	10.36695660685422
76	10.36697622842026
77	10.36671061594045
78	10.36691190507947
79	10.36709960515807
80	10.36695434920509
81	10.36675320272111
82	10.36686198615601
83	10.36692313618779
84	10.3667533767895
85	10.36685239171846
86	10.36682798313429
87	10.36679105900574
88	10.36661746675334
89	10.3666045481452
90	10.36657381422454
91	10.36676640149384
92	10.36661938825354
93	10.36675639866573
94	10.36678865864116
95	10.3665987472136
96	10.36667764842238
97	10.36665430352232
98	10.36660030621884
99	10.36657562487149
100	10.366519422362
101	10.36667213945027
102	10.36646113406074
103	10.36659183044853
104	10.36657990354301
105	10.36644583662326
106	10.36661933171083
107	10.36639660025794
108	10.36610523850043
109	10.36632836177458
110	10.36639000860828
111	10.36622132618831
112	10.36655527136213
113	10.36590574522456
114	10.36585230373473
115	10.36609537394328
116	10.3662324866668
117	10.36616793366486
118	10.36597352925364
119	10.36621716125171
120	10.36628651060566
121	10.36597096229145
122	10.36614158069141
123	10.36605741486241
124	10.36618643878397
125	10.36622656940286
126	10.36615706160133
127	10.36626428182388
128	10.3663483380857
129	10.36634746800023
130	10.3664273621486
131	10.36628732063449
132	10.36628279806727
133	10.3662501093737
134	10.36639425523602
135	10.36649001804866
136	10.36615314800924
137	10.36620292205709
138	10.3661089266977
139	10.36588990694416
140	10.36628945956217
141	10.36603017448137
142	10.36598590221191
143	10.36557928686259
144	10.36570254502346
145	10.365702080269
146	10.36551231686607
147	10.36577573009549
148	10.36569132893886
149	10.36548460064171
150	10.36541012535161
151	10.36548266904869
152	10.36525345497043
153	10.36545618193918
154	10.36540362611101
155	10.36518921717081
156	10.36532301537553
157	10.36576319577208
158	10.36571295320963
159	10.36555307980964
160	10.36555613437732
161	10.36576105310373
162	10.36585806396653
163	10.36545380020556
164	10.36530697790716
165	10.36280561962587
166	10.34796420004379
167	10.3284688833476
168	10.33040805014946
169	10.3427729053745
170	10.35287263924286
171	10.35772113792261
172	10.36001654606396
173	10.36121773948035
174	10.36223151976207
175	10.36266878189233
176	10.36279689130265
177	10.34001791251372
178	10.2830800588041
179	10.28617402993475
180	10.29526574964752
181	10.29902244492412
182	10.30619374050486
183	10.31499637158428
184	10.32005092596699
185	10.32168009326153
186	10.32416443905325
187	10.32923224791671
188	10.33563264215581
189	10.34317754434374
190	10.35011705872732
191	10.3555576586966
192	10.35888842889661
193	10.36049521386564
194	10.36142199323048
195	10.36194173876299
196	10.36215791927896
197	10.36317135069856
198	10.36328014233749
199	10.3631091227683
200	10.36384194139446
201	10.3637372074386
202	10.36418315090518
203	10.36461403617771
204	10.36472389250514
205	10.36509504361141
206	10.36501031796957
207	10.3650116594702
208	10.36522237684184
209	10.3651029398581
210	10.36504123287535
211	10.36496432332117
212	10.36511805107161
213	10.36507771083921
214	10.36522347510231
215	10.36508854513049
216	10.36530967858439
217	10.36525909307798
218	10.36522599487109
219	10.36522104551554
220	10.3650445295128
221	10.36511551943017
222	10.36517903792729
223	10.36515410682363
224	10.36501872454025
225	10.36526561561607
226	10.36512723762059
227	10.36490440448089
228	10.36495995967063
229	10.36499712428353
230	10.36486464403026
231	10.36514364624419
232	10.36478012262851
233	10.36501516243948
234	10.36481224599499
235	10.3647865951988
236	10.36501745144834
237	10.36494507907347
238	10.3646828784485
239	10.36464373557367
240	10.36472497117744
241	10.36471355157489
242	10.36452565204863
243	10.36402680931177
244	10.36361587380276
245	10.36297636007289
246	10.36287281586489
247	10.36263979989305
248	10.36246473840113
249	10.36248943606358
250	10.36270812864104
251	10.36273475725196
252	10.36293809161626
253	10.36265570687895
254	10.36292581238275
255	10.3625834886337
256	10.36245643195915
257	10.36260032332253
258	10.36213866235148
259	10.36237861003303
260	10.3621554099682
261	10.36216925609599
262	10.36249573529891
263	10.36222850108394
264	10.36264561449416
265	10.36288763714622
266	10.36305226254294
267	10.36285308365923
268	10.36305456658711
269	10.36293360607482
270	10.36328008373033
271	10.36302718724487
272	10.36322807501826
273	10.36325954851295
274	10.36344477214195
275	10.36349775402004
276	10.3636858808424
277	10.36349444377717
278	10.36369217108125
279	10.36370607932984
280	10.36359348658364
281	10.36364333337765
282	10.3638171622046
283	10.36367022072627
284	10.3636747488125
285	10.36389555895315
286	10.36393409423211
287	10.36375030968594
288	10.36374439356232
289	10.36353432189952
290	10.363463516478
291	10.36350121710168
292	10.36364901986492
293	10.36374818546963
294	10.36391137898895
295	10.36375511587577
296	10.36395065660386
297	10.36364456801247
298	10.36338325187754
299	10.36318248388129
300	10.36268833380265
301	10.36174101709154
302	10.36095002671693
303	10.35971119816643
304	10.35784713922915
305	10.35590028368114
306	10.35351798067846
307	10.3512323658413
308	10.34986421392011
309	10.34845656893805
310	10.3482096680636
311	10.34747747319879
312	10.34679671798919
313	10.34551643396903
314	10.34314332566853
315	10.34042350433365
316	10.33738368321207
317	10.33420200409438
318	10.33244661620698
319	10.33095505697547
320	10.33097622650534
321	10.33154327328187
322	10.33280563424363
323	10.33454285834104
324	10.33707997692909
325	10.33984769347092
326	10.34290092656682
327	10.34576414635954
328	10.34780180599317
329	10.35016031953246
330	10.35130866791493
331	10.35222219448359
332	10.35271712505822
333	10.35279077014392
334	10.35227003667632
335	10.35234718616841
336	10.35254816349291
337	10.3527461272717
338	10.35373213171987
339	10.3544861026685
340	10.35561017203932
341	10.35704098816875
342	10.35769500249475
343	10.35885999070066
344	10.3592601336956
345	10.36031425612685
346	10.36043751734193
347	10.36122138465764
348	10.36175010566891
349	10.36193521589556
350	10.36216090477405
351	10.36228596686332
352	10.36217856746353
353	10.36231092102933
354	10.36215363729843
355	10.36221582072779
356	10.36190806506765
357	10.36177876108594
358	10.36167744009991
359	10.36144547649688
360	10.36158487763157
361	10.36171562273976
362	10.3617363433887
363	10.36191315005992
364	10.36208604595968
365	10.36239418276166
366	10.36246974139978
367	10.36265512404891
368	10.36288694477435
369	10.3629845684109
370	10.36300325913667
371	10.36289101665543
372	10.36295826247839
373	10.36342963673869
374	10.36295995899393
375	10.36303067216059
376	10.36306395566676
377	10.36313273768014
378	10.36320215796364
379	10.36310020510129
380	10.3627708589251
381	10.36283208542998
382	10.36236050527538
383	10.36216265693234
384	10.36230877684454
385	10.36182112328184
386	10.36176230335402
387	10.36175875999469
388	10.36184946149121
389	10.36170683885479
390	10.36171814928748
391	10.36175210628168
392	10.36204026259529
393	10.3624142308199
394	10.3621630416818
395	10.36250873817057
396	10.36253038005615
397	10.36275541374601
398	10.3630193245897
399	10.36308685038592
400	10.36317378889993
401	10.3631688871715
402	10.36301970784336
403	10.3629291115891
404	10.3631295056391
405	10.36276849505658
406	10.36302490548311
407	10.36326309828615
408	10.36301763709991
409	10.36311748758072
410	10.36293073894588
411	10.36309098220036
412	10.36313929037703
413	10.36330370362739
414	10.36317400878333
415	10.36285646236557
416	10.36315579393828
417	10.36299096697539
418	10.36318150647266
419	10.36313919405319
420	10.36320881272189
421	10.36324575254389
422	10.36326995561381
423	10.3634387586432
424	10.36331618417559
425	10.36322899932691
426	10.36326768122349
427	10.36312613900361
428	10.36305949604392
429	10.36284721757451
430	10.36290482890143
431	10.36214405807822
432	10.36115057948682
433	10.35986107371716
434	10.3572583115425
435	10.35362957414444
436	10.34770663713439
437	10.33913613597732
438	10.32810069416257
439	10.31394997858065
440	10.2980237232052
441	10.2811131488175
442	10.26470079740252
443	10.25075680706165
444	10.24032488104682
445	10.23464077385473
446	10.23360742016672
447	10.23699016459186
448	10.24401880508536
449	10.25350608526364
450	10.26430735578694
451	10.27514256811253
452	10.28627759363924
453	10.29666421856125
454	10.30627829026152
455	10.3139693803562
456	10.32123473322366
457	10.32748743352828
458	10.33285843164686
459	10.3370189052472
460	10.34106068769032
461	10.34387427035775
462	10.34652272078744
463	10.34877863055286
464	10.35069479033916
465	10.35230719674488
466	10.35376898693069
467	10.35473637714279
468	10.35583653462052
469	10.35681057836567
470	10.35765290980129
471	10.35838790900446
472	10.35932122868788
473	10.3598579598164
474	10.3601927630306
475	10.36044999303781
476	10.36072368798498
477	10.36148148497673
478	10.36170400044297
479	10.36178397674134
480	10.36194272084302
481	10.36224662138331
482	10.36243202838648
483	10.36215155121124
484	10.36217481314955
485	10.3624387580937
486	10.36237526414627
487	10.36252865893771
488	10.36244966821156
489	10.36259726452258
490	10.36238755529365
491	10.36259220611039
492	10.3622483630413
493	10.36234758687881
494	10.36234861621163
495	10.36242174900293
496	10.36250426029547
497	10.36237021075245
498	10.36213913412674
499	10.36248173065981
500	10.36221567538359
501	10.36248660640533
502	10.36230144331352
503	10.36242051841467
504	10.3622098248596
505	10.36245037072712
506	10.36254171654332
507	10.36259185045743
508	10.3622412253587
509	10.36206366009637
510	10.36210525185719
511	10.36226775632087
512	10.36224603884849
513	10.36218634645892
514	10.36232284630636
515	10.3619177718507
516	10.36217597669501
517	10.36209388854532
518	10.36204857287117
519	10.36204207410867
520	10.36212225044074
521	10.36204142152088
522	10.36205509868141
523	10.36205118181477
524	10.36222320194657
525	10.36176233154141
526	10.36193112666062
527	10.36191924837114
528	10.3616836136709
529	10.36189473271622
530	10.36174881953095
531	10.36162722313518
532	10.36151620880631
533	10.36183881512405
534	10.36160649101813
535	10.36166286650575
536	10.3616085207571
537	10.36168877827973
538	10.36175966414159
539	10.36149551998208
540	10.36161287953299
541	10.36134345807898
542	10.36177072602292
543	10.3619856354335
544	10.36170847918846
545	10.36148480138194
546	10.36173365851872
547	10.36147977595761
548	10.36160265096753
549	10.36157936844576
550	10.36172479908544
551	10.36167480325858
552	10.36192260877768
553	10.36188208201413
554	10.36127869201789
555	10.36180032932152
556	10.36190370879901
557	10.3619645798636
558	10.36163732939758
559	10.36184588888009
560	10.36160927733775
561	10.36186043085551
562	10.36157972523799
563	10.36194475857622
564	10.36156942912184
565	10.36154733577878
566	10.36152701126786
567	10.36146559609158
568	10.36142221815676
569	10.36143674988902
570	10.36154937172141
571	10.36162736982301
572	10.36136717358934
573	10.3615067182944
574	10.36184531054569
575	10.36148816335504
576	10.36203764256141
577	10.36157504061455
578	10.36167936529584
579	10.36141571104781
580	10.36184561785158
581	10.36134326277636
582	10.36134553218458
583	10.36136407071704
584	10.36169001598561
585	10.36133863961838
586	10.36158555230996
587	10.36124983233224
588	10.36138196798302
589	10.3611679308843
590	10.36127435633787
591	10.36110535427221
592	10.36103399177546
593	10.36115854104154
594	10.36104499048903
595	10.361307142914
596	10.36153014367001
597	10.3613019830341
598	10.36131847553449
599	10.36109350377214
600	10.36110834080391
601	10.3610539808791
602	10.36151798871489
603	10.36135289951995
604	10.3612137179249
605	10.36124054695796
606	10.36147369082307
607	10.36141977678376
608	10.36139363656121
609	10.36116420195345
610	10.36132002016367
611	10.36119220947033
612	10.3611084700903
613	10.3610123602351
614	10.36091006495024
615	10.3611631223835
616	10.36126579477581
617	10.36133969122647
618	10.36137242696182
619	10.36122041487042
620	10.36113019196408
621	10.36156750705405
622	10.36137921033291
623	10.36167693021183
624	10.36153696803142
625	10.36128338732688
626	10.36127144762457
627	10.36160742898895
628	10.36146936221835
629	10.36128702367463
630	10.36163116197404
631	10.3611078509473
632	10.36129442332941
633	10.36110091412546
634	10.36124014571741
635	10.36105357288126
636	10.36112402628387
637	10.36123630417775
638	10.36069441131635
639	10.36133036042374
640	10.36078332829985
641	10.36119972612234
642	10.36106052571928
643	10.36087566682708
644	10.36120319840175
645	10.36118967113652
646	10.3611023372766
647	10.36086168032378
648	10.36131822465371
649	10.36094696599377
650	10.36107389079493
651	10.36088641712109
652	10.36086252472639
653	10.36088756057284
654	10.36077116444796
655	10.36080924500008
656	10.36070625479898
657	10.36097631493835
658	10.36051107258618
659	10.3609486480635
660	10.36040174551678
661	10.36077310919304
662	10.36016758301808
663	10.35978011904993
664	10.35933246061144
665	10.35919703692128
666	10.35852453815247
667	10.35786516115503
668	10.35649759343681
669	10.35482316910111
670	10.35298634618841
671	10.35054707416247
672	10.34850000403722
673	10.34602820857087
674	10.34361450470884
675	10.34129500667317
676	10.33937488581543
677	10.33702410134224
678	10.33574517874678
679	10.33434183201629
680	10.33372392819632
681	10.33365525958307
682	10.33358905747584
683	10.33469190127157
684	10.33530743313926
685	10.33684140655649
686	10.33858902599913
687	10.34030824992492
688	10.34194920713394
689	10.34377155181427
690	10.34564660857551
691	10.34735454210316
692	10.34868678900854
693	10.35031400419284
694	10.35136125305315
695	10.35284277713475
696	10.35347519784408
697	10.35440161694754
698	10.35510900068632
699	10.35565592706111
700	10.35665862553607
701	10.35749878080292
702	10.35742156678406
703	10.35794766075043
704	10.3582380172139
705	10.35873151213855
706	10.35900345585468
707	10.35882904464537
708	10.35938723426473
709	10.35945501924298
710	10.35944591356921
711	10.36003527095681
712	10.35990711657991
713	10.35967556924984
714	10.3597703633681
715	10.35993059486214
716	10.35992760227847
717	10.36041756423687
718	10.36000324954947
719	10.36022419105712
720	10.36019062040336
721	10.3603042139572
722	10.36014493310145
723	10.36049914251842
724	10.36028228409608
725	10.36051824430386
726	10.36055509826966
727	10.36026881572793
728	10.3605826081925
729	10.36070124072943
730	10.36053333241343
731	10.36077899433276
732	10.36061654128131
733	10.36027757739511
734	10.36082638972196
735	10.36040754277804
736	10.36085080657744
737	10.36052203783414
738	10.36009298465667
739	10.3603511535149
740	10.36044692236584
741	10.36062101795883
742	10.36013975078755
743	10.36056043843455
744	10.36002112995017
745	10.36042600930446
746	10.36025064621907
747	10.36045965515298
748	10.36078645533534
749	10.36022724975413
750	10.36070085086475
751	10.36059029886677
752	10.36061291330538
753	10.36010603815233
754	10.36071948334993
755	10.36014762793694
756	10.3602387852998
757	10.36063180248062
758	10.36022253178792
759	10.36000172868496
760	10.36011312533477
761	10.36035101036516
762	10.36044696710356
763	10.35985673907041
764	10.36049496414561
765	10.36036364945944
766	10.36037631522059
767	10.36021425029965
768	10.3604173166386
769	10.36064170440668
770	10.36000183833809
771	10.36065364090947
772	10.36014845658042
773	10.36035539581499
774	10.36061642661518
775	10.36016087897161
776	10.35965672548521
777	10.36021993010511
778	10.36045554143884
779	10.36035297975554
780	10.36040885811693
