   8.6000000e+00   3.3000000e+00   1.2000000e+02   5.5292827e-03   5.1407389e-01   3.9542057e-01   8.4976258e-02
   2.5400000e+01   5.1000000e+00   1.5000000e+02   5.6585292e-03   8.6659621e-02   4.7314180e-01   4.3454005e-01
   8.6000000e+00   6.0000000e+00   1.5000000e+02   2.0723225e-03   5.7636825e-02   4.4067375e-01   4.9961711e-01
   8.6000000e+00   5.1000000e+00   1.4000000e+02   1.2342272e-03   1.1564260e-01   4.9821707e-01   3.8490610e-01
   2.5400000e+01   4.2000000e+00   1.2000000e+02   1.5402763e-03   2.4560482e-01   5.2469127e-01   2.2816364e-01
   3.1000000e+01   2.4000000e+00   1.0000000e+02   3.9233663e-02   7.5366524e-01   1.9155422e-01   1.5546886e-02
   8.6000000e+00   1.5000000e+00   1.4000000e+02   4.9249212e-02   7.6542362e-01   1.7608123e-01   9.2459310e-03
   2.5400000e+01   3.3000000e+00   1.1000000e+02   4.1185024e-03   4.9085343e-01   4.1340825e-01   9.1619813e-02
   1.4200000e+01   4.2000000e+00   1.2000000e+02   5.6205262e-04   2.8593020e-01   5.1061974e-01   2.0288800e-01
   8.6000000e+00   3.3000000e+00   1.4000000e+02   2.9185899e-03   3.4392325e-01   4.7126272e-01   1.8189544e-01
   2.5400000e+01   5.1000000e+00   1.4000000e+02   1.4986695e-03   1.0860004e-01   4.8680756e-01   4.0309373e-01
   2.5400000e+01   1.5000000e+00   1.4000000e+02   5.6155195e-02   7.4628724e-01   1.7890989e-01   1.8647671e-02
   3.1000000e+01   5.1000000e+00   1.3000000e+02   9.4126322e-04   1.2311815e-01   5.0744594e-01   3.6849465e-01
   3.0000000e+00   1.5000000e+00   1.2000000e+02   1.4582030e-01   7.5589902e-01   9.0155340e-02   8.1253454e-03
   1.9800000e+01   2.4000000e+00   1.0000000e+02   6.3521554e-02   7.7382420e-01   1.5109994e-01   1.1554305e-02
   8.6000000e+00   5.1000000e+00   1.3000000e+02   2.0939202e-03   1.3709529e-01   5.1927810e-01   3.4153270e-01
   1.4200000e+01   2.4000000e+00   1.1000000e+02   2.9630616e-02   7.1287336e-01   2.3264575e-01   2.4850272e-02
   1.4200000e+01   6.0000000e+00   1.3000000e+02   5.6402344e-03   7.5846922e-02   4.8441471e-01   4.3409813e-01
   3.0000000e+00   2.4000000e+00   1.0000000e+02   3.8538982e-01   5.7817415e-01   2.9612146e-02   6.8238925e-03
   8.6000000e+00   5.1000000e+00   1.1000000e+02   7.8434343e-03   5.5218780e-01   3.6926461e-01   7.0704151e-02
   8.6000000e+00   1.5000000e+00   1.0000000e+02   2.5537778e-01   7.0081556e-01   4.1270453e-02   2.5362054e-03
   2.5400000e+01   2.4000000e+00   1.1000000e+02   1.2608465e-02   6.5213693e-01   2.9493061e-01   4.0323997e-02
   1.9800000e+01   6.0000000e+00   1.4000000e+02   0.0000000e+00   9.3134059e-02   4.4303142e-01   4.6383452e-01
   1.4200000e+01   2.4000000e+00   1.4000000e+02   8.3860930e-03   5.5161345e-01   3.5683473e-01   8.3165732e-02
   1.4200000e+01   6.0000000e+00   1.5000000e+02   2.8586130e-03   4.6238163e-02   4.2847075e-01   5.2243248e-01
   1.4200000e+01   5.1000000e+00   1.5000000e+02   8.6819626e-04   1.2614815e-01   4.7287327e-01   4.0011039e-01
   8.6000000e+00   2.4000000e+00   1.0000000e+02   1.5926686e-01   7.6625064e-01   7.1448264e-02   3.0342322e-03
   1.9800000e+01   3.3000000e+00   1.2000000e+02   9.5433785e-04   4.0140264e-01   4.6338985e-01   1.3425318e-01
   3.0000000e+00   4.2000000e+00   1.2000000e+02   2.0705487e-02   6.5305804e-01   2.8228006e-01   4.3956415e-02
   3.1000000e+01   1.5000000e+00   1.5000000e+02   5.1501557e-02   7.4402366e-01   1.8502918e-01   1.9445598e-02
   1.9800000e+01   6.0000000e+00   1.1000000e+02   6.9573618e-04   2.4817751e-01   5.2597384e-01   2.2515292e-01
   1.9800000e+01   1.5000000e+00   1.5000000e+02   5.5731785e-02   7.3839358e-01   1.8456322e-01   2.1311419e-02
   8.6000000e+00   2.4000000e+00   1.1000000e+02   5.6548708e-02   7.6952890e-01   1.6276673e-01   1.1155662e-02
   2.5400000e+01   2.4000000e+00   1.5000000e+02   1.3905388e-02   5.2663427e-01   3.6126459e-01   9.8195752e-02
   1.4200000e+01   5.1000000e+00   1.1000000e+02   3.8060535e-04   3.9629062e-01   4.7127110e-01   1.3205768e-01
   3.0000000e+00   4.2000000e+00   1.4000000e+02   1.3408708e-03   2.8118975e-01   4.8635409e-01   2.3111529e-01
   2.5400000e+01   5.1000000e+00   1.5000000e+02   1.9232595e-03   8.1566429e-02   4.7000720e-01   4.4650311e-01
   3.1000000e+01   1.5000000e+00   1.3000000e+02   5.4395139e-02   7.5016633e-01   1.7855201e-01   1.6886519e-02
   3.0000000e+00   5.1000000e+00   1.5000000e+02   4.2721699e-04   1.4578855e-01   4.7865415e-01   3.7513008e-01
   1.9800000e+01   2.4000000e+00   1.3000000e+02   1.1581177e-02   5.7995701e-01   3.4178291e-01   6.6678906e-02
   3.1000000e+01   1.5000000e+00   1.5000000e+02   5.0538520e-02   7.4496937e-01   1.8439036e-01   2.0101747e-02
