   0.0000000e+00   1.0327307e+01
   1.0000000e+00   1.0323889e+01
   2.0000000e+00   1.0323121e+01
   3.0000000e+00   1.0322638e+01
   4.0000000e+00   1.0322273e+01
   5.0000000e+00   1.0322752e+01
   6.0000000e+00   1.0322535e+01
   7.0000000e+00   1.0322701e+01
   8.0000000e+00   1.0322304e+01
   9.0000000e+00   1.0322002e+01
   1.0000000e+01   1.0321768e+01
   1.1000000e+01   1.0321700e+01
   1.2000000e+01   1.0321596e+01
   1.3000000e+01   1.0321271e+01
   1.4000000e+01   1.0321334e+01
   1.5000000e+01   1.0321303e+01
   1.6000000e+01   1.0321135e+01
   1.7000000e+01   1.0320832e+01
   1.8000000e+01   1.0320933e+01
   1.9000000e+01   1.0320768e+01
   2.0000000e+01   1.0320830e+01
   2.1000000e+01   1.0320577e+01
   2.2000000e+01   1.0320392e+01
   2.3000000e+01   1.0320475e+01
   2.4000000e+01   1.0320380e+01
   2.5000000e+01   1.0320088e+01
   2.6000000e+01   1.0320165e+01
   2.7000000e+01   1.0320285e+01
   2.8000000e+01   1.0320030e+01
   2.9000000e+01   1.0319877e+01
   3.0000000e+01   1.0319803e+01
   3.1000000e+01   1.0319652e+01
   3.2000000e+01   1.0319496e+01
   3.3000000e+01   1.0319529e+01
   3.4000000e+01   1.0319577e+01
   3.5000000e+01   1.0319236e+01
   3.6000000e+01   1.0319215e+01
   3.7000000e+01   1.0319298e+01
   3.8000000e+01   1.0319059e+01
   3.9000000e+01   1.0319322e+01
   4.0000000e+01   1.0319246e+01
   4.1000000e+01   1.0319143e+01
   4.2000000e+01   1.0318879e+01
   4.3000000e+01   1.0318988e+01
   4.4000000e+01   1.0318900e+01
   4.5000000e+01   1.0318725e+01
   4.6000000e+01   1.0318793e+01
   4.7000000e+01   1.0318721e+01
   4.8000000e+01   1.0318492e+01
   4.9000000e+01   1.0318410e+01
   5.0000000e+01   1.0318211e+01
   5.1000000e+01   1.0318335e+01
   5.2000000e+01   1.0318492e+01
   5.3000000e+01   1.0318132e+01
   5.4000000e+01   1.0318313e+01
   5.5000000e+01   1.0318096e+01
   5.6000000e+01   1.0318038e+01
   5.7000000e+01   1.0317976e+01
   5.8000000e+01   1.0317882e+01
   5.9000000e+01   1.0317595e+01
   6.0000000e+01   1.0317715e+01
   6.1000000e+01   1.0317665e+01
   6.2000000e+01   1.0317719e+01
   6.3000000e+01   1.0317635e+01
   6.4000000e+01   1.0317692e+01
   6.5000000e+01   1.0317375e+01
   6.6000000e+01   1.0317531e+01
   6.7000000e+01   1.0317263e+01
   6.8000000e+01   1.0317575e+01
   6.9000000e+01   1.0317527e+01
   7.0000000e+01   1.0317360e+01
   7.1000000e+01   1.0317142e+01
   7.2000000e+01   1.0317341e+01
   7.3000000e+01   1.0317166e+01
   7.4000000e+01   1.0317128e+01
   7.5000000e+01   1.0317221e+01
   7.6000000e+01   1.0317026e+01
   7.7000000e+01   1.0317078e+01
   7.8000000e+01   1.0316956e+01
   7.9000000e+01   1.0316836e+01
   8.0000000e+01   1.0317172e+01
   8.1000000e+01   1.0316999e+01
   8.2000000e+01   1.0316923e+01
   8.3000000e+01   1.0316609e+01
   8.4000000e+01   1.0316417e+01
   8.5000000e+01   1.0316586e+01
   8.6000000e+01   1.0316250e+01
   8.7000000e+01   1.0316181e+01
   8.8000000e+01   1.0316104e+01
   8.9000000e+01   1.0315671e+01
   9.0000000e+01   1.0315893e+01
   9.1000000e+01   1.0315789e+01
   9.2000000e+01   1.0315787e+01
   9.3000000e+01   1.0315646e+01
   9.4000000e+01   1.0315564e+01
   9.5000000e+01   1.0315254e+01
   9.6000000e+01   1.0315664e+01
   9.7000000e+01   1.0315302e+01
   9.8000000e+01   1.0315247e+01
   9.9000000e+01   1.0314954e+01
   1.0000000e+02   1.0315486e+01
   1.0100000e+02   1.0315356e+01
   1.0200000e+02   1.0314957e+01
   1.0300000e+02   1.0314932e+01
   1.0400000e+02   1.0314662e+01
   1.0500000e+02   1.0314895e+01
   1.0600000e+02   1.0314870e+01
   1.0700000e+02   1.0314722e+01
   1.0800000e+02   1.0314182e+01
   1.0900000e+02   1.0314582e+01
   1.1000000e+02   1.0314097e+01
   1.1100000e+02   1.0313994e+01
   1.1200000e+02   1.0313815e+01
   1.1300000e+02   1.0313800e+01
   1.1400000e+02   1.0313765e+01
   1.1500000e+02   1.0313838e+01
   1.1600000e+02   1.0314002e+01
   1.1700000e+02   1.0313631e+01
   1.1800000e+02   1.0313870e+01
   1.1900000e+02   1.0313825e+01
   1.2000000e+02   1.0313825e+01
   1.2100000e+02   1.0313754e+01
   1.2200000e+02   1.0313752e+01
   1.2300000e+02   1.0313678e+01
   1.2400000e+02   1.0313665e+01
   1.2500000e+02   1.0313617e+01
   1.2600000e+02   1.0313406e+01
   1.2700000e+02   1.0313362e+01
   1.2800000e+02   1.0313030e+01
   1.2900000e+02   1.0313187e+01
   1.3000000e+02   1.0313022e+01
   1.3100000e+02   1.0313287e+01
   1.3200000e+02   1.0313172e+01
   1.3300000e+02   1.0313055e+01
   1.3400000e+02   1.0312934e+01
   1.3500000e+02   1.0312921e+01
   1.3600000e+02   1.0313037e+01
   1.3700000e+02   1.0313002e+01
   1.3800000e+02   1.0313007e+01
   1.3900000e+02   1.0313207e+01
   1.4000000e+02   1.0313361e+01
   1.4100000e+02   1.0312987e+01
   1.4200000e+02   1.0312893e+01
   1.4300000e+02   1.0312759e+01
   1.4400000e+02   1.0312807e+01
   1.4500000e+02   1.0313217e+01
   1.4600000e+02   1.0312817e+01
   1.4700000e+02   1.0313131e+01
   1.4800000e+02   1.0313095e+01
   1.4900000e+02   1.0313156e+01
   1.5000000e+02   1.0312700e+01
   1.5100000e+02   1.0312774e+01
   1.5200000e+02   1.0312656e+01
   1.5300000e+02   1.0312535e+01
   1.5400000e+02   1.0312503e+01
   1.5500000e+02   1.0312546e+01
   1.5600000e+02   1.0312634e+01
   1.5700000e+02   1.0312465e+01
   1.5800000e+02   1.0312445e+01
   1.5900000e+02   1.0312421e+01
   1.6000000e+02   1.0312261e+01
   1.6100000e+02   1.0312288e+01
   1.6200000e+02   1.0312320e+01
   1.6300000e+02   1.0312160e+01
   1.6400000e+02   1.0312116e+01
   1.6500000e+02   1.0312174e+01
   1.6600000e+02   1.0311518e+01
   1.6700000e+02   1.0305170e+01
   1.6800000e+02   1.0287592e+01
   1.6900000e+02   1.0278927e+01
   1.7000000e+02   1.0287648e+01
   1.7100000e+02   1.0297810e+01
   1.7200000e+02   1.0303119e+01
   1.7300000e+02   1.0305070e+01
   1.7400000e+02   1.0306223e+01
   1.7500000e+02   1.0306345e+01
   1.7600000e+02   1.0307249e+01
   1.7700000e+02   1.0307965e+01
   1.7800000e+02   1.0305877e+01
   1.7900000e+02   1.0273787e+01
   1.8000000e+02   1.0225752e+01
   1.8100000e+02   1.0232839e+01
   1.8200000e+02   1.0249524e+01
   1.8300000e+02   1.0256214e+01
   1.8400000e+02   1.0261549e+01
   1.8500000e+02   1.0266450e+01
   1.8600000e+02   1.0271559e+01
   1.8700000e+02   1.0274025e+01
   1.8800000e+02   1.0275144e+01
   1.8900000e+02   1.0277325e+01
   1.9000000e+02   1.0280634e+01
   1.9100000e+02   1.0283810e+01
   1.9200000e+02   1.0287876e+01
   1.9300000e+02   1.0293379e+01
   1.9400000e+02   1.0298481e+01
   1.9500000e+02   1.0301532e+01
   1.9600000e+02   1.0303560e+01
   1.9700000e+02   1.0304847e+01
   1.9800000e+02   1.0306001e+01
   1.9900000e+02   1.0306705e+01
   2.0000000e+02   1.0307451e+01
   2.0100000e+02   1.0307990e+01
   2.0200000e+02   1.0308579e+01
   2.0300000e+02   1.0308606e+01
   2.0400000e+02   1.0309216e+01
   2.0500000e+02   1.0309277e+01
   2.0600000e+02   1.0309919e+01
   2.0700000e+02   1.0310135e+01
   2.0800000e+02   1.0310480e+01
   2.0900000e+02   1.0310652e+01
   2.1000000e+02   1.0310496e+01
   2.1100000e+02   1.0310473e+01
   2.1200000e+02   1.0310567e+01
   2.1300000e+02   1.0310596e+01
   2.1400000e+02   1.0310553e+01
   2.1500000e+02   1.0310523e+01
   2.1600000e+02   1.0310449e+01
   2.1700000e+02   1.0310288e+01
   2.1800000e+02   1.0310466e+01
   2.1900000e+02   1.0310688e+01
   2.2000000e+02   1.0310462e+01
   2.2100000e+02   1.0310490e+01
   2.2200000e+02   1.0310438e+01
   2.2300000e+02   1.0310589e+01
   2.2400000e+02   1.0310566e+01
   2.2500000e+02   1.0310566e+01
   2.2600000e+02   1.0310444e+01
   2.2700000e+02   1.0310203e+01
   2.2800000e+02   1.0310453e+01
   2.2900000e+02   1.0310377e+01
   2.3000000e+02   1.0310294e+01
   2.3100000e+02   1.0310209e+01
   2.3200000e+02   1.0310237e+01
   2.3300000e+02   1.0310155e+01
   2.3400000e+02   1.0309927e+01
   2.3500000e+02   1.0309826e+01
   2.3600000e+02   1.0309794e+01
   2.3700000e+02   1.0309853e+01
   2.3800000e+02   1.0309929e+01
   2.3900000e+02   1.0309831e+01
   2.4000000e+02   1.0310011e+01
   2.4100000e+02   1.0309794e+01
   2.4200000e+02   1.0309907e+01
   2.4300000e+02   1.0309850e+01
   2.4400000e+02   1.0309416e+01
   2.4500000e+02   1.0309256e+01
   2.4600000e+02   1.0309327e+01
   2.4700000e+02   1.0308966e+01
   2.4800000e+02   1.0308666e+01
   2.4900000e+02   1.0308778e+01
   2.5000000e+02   1.0308800e+01
   2.5100000e+02   1.0308621e+01
   2.5200000e+02   1.0308834e+01
   2.5300000e+02   1.0309189e+01
   2.5400000e+02   1.0309108e+01
   2.5500000e+02   1.0309031e+01
   2.5600000e+02   1.0309040e+01
   2.5700000e+02   1.0308853e+01
   2.5800000e+02   1.0308899e+01
   2.5900000e+02   1.0308668e+01
   2.6000000e+02   1.0308230e+01
   2.6100000e+02   1.0308200e+01
   2.6200000e+02   1.0308356e+01
   2.6300000e+02   1.0308084e+01
   2.6400000e+02   1.0308023e+01
   2.6500000e+02   1.0308212e+01
   2.6600000e+02   1.0308158e+01
   2.6700000e+02   1.0308064e+01
   2.6800000e+02   1.0308420e+01
   2.6900000e+02   1.0308455e+01
   2.7000000e+02   1.0308746e+01
   2.7100000e+02   1.0308472e+01
   2.7200000e+02   1.0308378e+01
   2.7300000e+02   1.0308522e+01
   2.7400000e+02   1.0308594e+01
   2.7500000e+02   1.0308553e+01
   2.7600000e+02   1.0308513e+01
   2.7700000e+02   1.0308612e+01
   2.7800000e+02   1.0308495e+01
   2.7900000e+02   1.0308698e+01
   2.8000000e+02   1.0308627e+01
   2.8100000e+02   1.0308783e+01
   2.8200000e+02   1.0308773e+01
   2.8300000e+02   1.0308582e+01
   2.8400000e+02   1.0308507e+01
   2.8500000e+02   1.0308603e+01
   2.8600000e+02   1.0309075e+01
   2.8700000e+02   1.0308894e+01
   2.8800000e+02   1.0308659e+01
   2.8900000e+02   1.0308758e+01
   2.9000000e+02   1.0308604e+01
   2.9100000e+02   1.0308871e+01
   2.9200000e+02   1.0308704e+01
   2.9300000e+02   1.0308677e+01
   2.9400000e+02   1.0308744e+01
   2.9500000e+02   1.0308755e+01
   2.9600000e+02   1.0308699e+01
   2.9700000e+02   1.0308440e+01
   2.9800000e+02   1.0308481e+01
   2.9900000e+02   1.0308580e+01
   3.0000000e+02   1.0308349e+01
   3.0100000e+02   1.0308381e+01
   3.0200000e+02   1.0308190e+01
   3.0300000e+02   1.0307812e+01
   3.0400000e+02   1.0307131e+01
   3.0500000e+02   1.0306625e+01
   3.0600000e+02   1.0305639e+01
   3.0700000e+02   1.0304725e+01
   3.0800000e+02   1.0302998e+01
   3.0900000e+02   1.0301372e+01
   3.1000000e+02   1.0299964e+01
   3.1100000e+02   1.0298805e+01
   3.1200000e+02   1.0298138e+01
   3.1300000e+02   1.0297975e+01
   3.1400000e+02   1.0297787e+01
   3.1500000e+02   1.0297341e+01
   3.1600000e+02   1.0296151e+01
   3.1700000e+02   1.0294841e+01
   3.1800000e+02   1.0292515e+01
   3.1900000e+02   1.0290366e+01
   3.2000000e+02   1.0288421e+01
   3.2100000e+02   1.0286481e+01
   3.2200000e+02   1.0286149e+01
   3.2300000e+02   1.0286082e+01
   3.2400000e+02   1.0286261e+01
   3.2500000e+02   1.0287139e+01
   3.2600000e+02   1.0288337e+01
   3.2700000e+02   1.0289826e+01
   3.2800000e+02   1.0291387e+01
   3.2900000e+02   1.0293206e+01
   3.3000000e+02   1.0294639e+01
   3.3100000e+02   1.0295915e+01
   3.3200000e+02   1.0297344e+01
   3.3300000e+02   1.0297968e+01
   3.3400000e+02   1.0298339e+01
   3.3500000e+02   1.0298561e+01
   3.3600000e+02   1.0298443e+01
   3.3700000e+02   1.0298201e+01
   3.3800000e+02   1.0298365e+01
   3.3900000e+02   1.0298386e+01
   3.4000000e+02   1.0298886e+01
   3.4100000e+02   1.0299567e+01
   3.4200000e+02   1.0300283e+01
   3.4300000e+02   1.0301050e+01
   3.4400000e+02   1.0302299e+01
   3.4500000e+02   1.0302652e+01
   3.4600000e+02   1.0303476e+01
   3.4700000e+02   1.0303972e+01
   3.4800000e+02   1.0304514e+01
   3.4900000e+02   1.0304975e+01
   3.5000000e+02   1.0304911e+01
   3.5100000e+02   1.0305324e+01
   3.5200000e+02   1.0305858e+01
   3.5300000e+02   1.0305715e+01
   3.5400000e+02   1.0306056e+01
   3.5500000e+02   1.0306015e+01
   3.5600000e+02   1.0306097e+01
   3.5700000e+02   1.0306049e+01
   3.5800000e+02   1.0306037e+01
   3.5900000e+02   1.0306044e+01
   3.6000000e+02   1.0306003e+01
   3.6100000e+02   1.0305869e+01
   3.6200000e+02   1.0305802e+01
   3.6300000e+02   1.0305908e+01
   3.6400000e+02   1.0306205e+01
   3.6500000e+02   1.0306185e+01
   3.6600000e+02   1.0306180e+01
   3.6700000e+02   1.0306531e+01
   3.6800000e+02   1.0306634e+01
   3.6900000e+02   1.0306686e+01
   3.7000000e+02   1.0306776e+01
   3.7100000e+02   1.0306832e+01
   3.7200000e+02   1.0306866e+01
   3.7300000e+02   1.0306970e+01
   3.7400000e+02   1.0307201e+01
   3.7500000e+02   1.0307097e+01
   3.7600000e+02   1.0307171e+01
   3.7700000e+02   1.0307279e+01
   3.7800000e+02   1.0307126e+01
   3.7900000e+02   1.0306947e+01
   3.8000000e+02   1.0307145e+01
   3.8100000e+02   1.0306988e+01
   3.8200000e+02   1.0307007e+01
   3.8300000e+02   1.0307208e+01
   3.8400000e+02   1.0306947e+01
   3.8500000e+02   1.0307071e+01
   3.8600000e+02   1.0307107e+01
   3.8700000e+02   1.0306684e+01
   3.8800000e+02   1.0306557e+01
   3.8900000e+02   1.0306649e+01
   3.9000000e+02   1.0306379e+01
   3.9100000e+02   1.0306555e+01
   3.9200000e+02   1.0306101e+01
   3.9300000e+02   1.0306326e+01
   3.9400000e+02   1.0306110e+01
   3.9500000e+02   1.0306109e+01
   3.9600000e+02   1.0306192e+01
   3.9700000e+02   1.0306392e+01
   3.9800000e+02   1.0306398e+01
   3.9900000e+02   1.0306669e+01
   4.0000000e+02   1.0306579e+01
   4.0100000e+02   1.0306817e+01
   4.0200000e+02   1.0306492e+01
   4.0300000e+02   1.0306656e+01
   4.0400000e+02   1.0306367e+01
   4.0500000e+02   1.0306752e+01
   4.0600000e+02   1.0306674e+01
   4.0700000e+02   1.0306803e+01
   4.0800000e+02   1.0306655e+01
   4.0900000e+02   1.0306866e+01
   4.1000000e+02   1.0306923e+01
   4.1100000e+02   1.0306413e+01
   4.1200000e+02   1.0306506e+01
   4.1300000e+02   1.0306835e+01
   4.1400000e+02   1.0306685e+01
   4.1500000e+02   1.0306730e+01
   4.1600000e+02   1.0306608e+01
   4.1700000e+02   1.0306623e+01
   4.1800000e+02   1.0306726e+01
   4.1900000e+02   1.0306702e+01
   4.2000000e+02   1.0306656e+01
   4.2100000e+02   1.0306684e+01
   4.2200000e+02   1.0306494e+01
   4.2300000e+02   1.0306805e+01
   4.2400000e+02   1.0306546e+01
   4.2500000e+02   1.0306624e+01
   4.2600000e+02   1.0306220e+01
   4.2700000e+02   1.0306316e+01
   4.2800000e+02   1.0306467e+01
   4.2900000e+02   1.0306489e+01
   4.3000000e+02   1.0306523e+01
   4.3100000e+02   1.0306499e+01
   4.3200000e+02   1.0306346e+01
   4.3300000e+02   1.0306441e+01
   4.3400000e+02   1.0306076e+01
   4.3500000e+02   1.0306058e+01
   4.3600000e+02   1.0305134e+01
   4.3700000e+02   1.0304093e+01
   4.3800000e+02   1.0301728e+01
   4.3900000e+02   1.0298554e+01
   4.4000000e+02   1.0293260e+01
   4.4100000e+02   1.0285380e+01
   4.4200000e+02   1.0275146e+01
   4.4300000e+02   1.0261693e+01
   4.4400000e+02   1.0245448e+01
   4.4500000e+02   1.0228107e+01
   4.4600000e+02   1.0210587e+01
   4.4700000e+02   1.0195201e+01
   4.4800000e+02   1.0182909e+01
   4.4900000e+02   1.0175528e+01
   4.5000000e+02   1.0173351e+01
   4.5100000e+02   1.0175755e+01
   4.5200000e+02   1.0182130e+01
   4.5300000e+02   1.0190861e+01
   4.5400000e+02   1.0201414e+01
   4.5500000e+02   1.0211524e+01
   4.5600000e+02   1.0221371e+01
   4.5700000e+02   1.0230273e+01
   4.5800000e+02   1.0238133e+01
   4.5900000e+02   1.0245025e+01
   4.6000000e+02   1.0250496e+01
   4.6100000e+02   1.0256147e+01
   4.6200000e+02   1.0260670e+01
   4.6300000e+02   1.0265259e+01
   4.6400000e+02   1.0269265e+01
   4.6500000e+02   1.0272970e+01
   4.6600000e+02   1.0276455e+01
   4.6700000e+02   1.0279824e+01
   4.6800000e+02   1.0282923e+01
   4.6900000e+02   1.0285472e+01
   4.7000000e+02   1.0288190e+01
   4.7100000e+02   1.0290366e+01
   4.7200000e+02   1.0292470e+01
   4.7300000e+02   1.0294510e+01
   4.7400000e+02   1.0296067e+01
   4.7500000e+02   1.0297640e+01
   4.7600000e+02   1.0299242e+01
   4.7700000e+02   1.0300202e+01
   4.7800000e+02   1.0301369e+01
   4.7900000e+02   1.0302258e+01
   4.8000000e+02   1.0302964e+01
   4.8100000e+02   1.0303347e+01
   4.8200000e+02   1.0303868e+01
   4.8300000e+02   1.0304204e+01
   4.8400000e+02   1.0304613e+01
   4.8500000e+02   1.0304804e+01
   4.8600000e+02   1.0304839e+01
   4.8700000e+02   1.0305037e+01
   4.8800000e+02   1.0304872e+01
   4.8900000e+02   1.0305034e+01
   4.9000000e+02   1.0305229e+01
   4.9100000e+02   1.0305014e+01
   4.9200000e+02   1.0305239e+01
   4.9300000e+02   1.0305468e+01
   4.9400000e+02   1.0305180e+01
   4.9500000e+02   1.0305292e+01
   4.9600000e+02   1.0305530e+01
   4.9700000e+02   1.0305635e+01
   4.9800000e+02   1.0305626e+01
   4.9900000e+02   1.0305900e+01
   5.0000000e+02   1.0305614e+01
   5.0100000e+02   1.0305719e+01
   5.0200000e+02   1.0305589e+01
   5.0300000e+02   1.0305412e+01
   5.0400000e+02   1.0305212e+01
   5.0500000e+02   1.0305319e+01
   5.0600000e+02   1.0305189e+01
   5.0700000e+02   1.0305194e+01
   5.0800000e+02   1.0305421e+01
   5.0900000e+02   1.0305245e+01
   5.1000000e+02   1.0305244e+01
   5.1100000e+02   1.0305424e+01
   5.1200000e+02   1.0305624e+01
   5.1300000e+02   1.0305474e+01
   5.1400000e+02   1.0305546e+01
   5.1500000e+02   1.0305340e+01
   5.1600000e+02   1.0305420e+01
   5.1700000e+02   1.0305402e+01
   5.1800000e+02   1.0305273e+01
   5.1900000e+02   1.0305494e+01
   5.2000000e+02   1.0305492e+01
   5.2100000e+02   1.0305681e+01
   5.2200000e+02   1.0305231e+01
   5.2300000e+02   1.0305478e+01
   5.2400000e+02   1.0305337e+01
   5.2500000e+02   1.0305314e+01
   5.2600000e+02   1.0305327e+01
   5.2700000e+02   1.0305331e+01
   5.2800000e+02   1.0305508e+01
   5.2900000e+02   1.0305218e+01
   5.3000000e+02   1.0305185e+01
   5.3100000e+02   1.0305339e+01
   5.3200000e+02   1.0305208e+01
   5.3300000e+02   1.0305248e+01
   5.3400000e+02   1.0305000e+01
   5.3500000e+02   1.0304956e+01
   5.3600000e+02   1.0305019e+01
   5.3700000e+02   1.0305034e+01
   5.3800000e+02   1.0304932e+01
   5.3900000e+02   1.0304948e+01
   5.4000000e+02   1.0305006e+01
   5.4100000e+02   1.0304919e+01
   5.4200000e+02   1.0304799e+01
   5.4300000e+02   1.0304747e+01
   5.4400000e+02   1.0305029e+01
   5.4500000e+02   1.0304826e+01
   5.4600000e+02   1.0304800e+01
   5.4700000e+02   1.0304764e+01
   5.4800000e+02   1.0304709e+01
   5.4900000e+02   1.0304585e+01
   5.5000000e+02   1.0304711e+01
   5.5100000e+02   1.0304447e+01
   5.5200000e+02   1.0304637e+01
   5.5300000e+02   1.0304735e+01
   5.5400000e+02   1.0304709e+01
   5.5500000e+02   1.0304929e+01
   5.5600000e+02   1.0304916e+01
   5.5700000e+02   1.0304635e+01
   5.5800000e+02   1.0304864e+01
   5.5900000e+02   1.0304816e+01
   5.6000000e+02   1.0304608e+01
   5.6100000e+02   1.0304901e+01
   5.6200000e+02   1.0304702e+01
   5.6300000e+02   1.0304870e+01
   5.6400000e+02   1.0304814e+01
   5.6500000e+02   1.0304791e+01
   5.6600000e+02   1.0304710e+01
   5.6700000e+02   1.0305050e+01
   5.6800000e+02   1.0304756e+01
   5.6900000e+02   1.0304394e+01
   5.7000000e+02   1.0304339e+01
   5.7100000e+02   1.0304635e+01
   5.7200000e+02   1.0304375e+01
   5.7300000e+02   1.0304438e+01
   5.7400000e+02   1.0304205e+01
   5.7500000e+02   1.0304540e+01
   5.7600000e+02   1.0304387e+01
   5.7700000e+02   1.0304502e+01
   5.7800000e+02   1.0304376e+01
   5.7900000e+02   1.0304342e+01
   5.8000000e+02   1.0304285e+01
   5.8100000e+02   1.0304229e+01
   5.8200000e+02   1.0303987e+01
   5.8300000e+02   1.0304359e+01
   5.8400000e+02   1.0304099e+01
   5.8500000e+02   1.0304075e+01
   5.8600000e+02   1.0304071e+01
   5.8700000e+02   1.0304126e+01
   5.8800000e+02   1.0304242e+01
   5.8900000e+02   1.0304053e+01
   5.9000000e+02   1.0304056e+01
   5.9100000e+02   1.0304177e+01
   5.9200000e+02   1.0303899e+01
   5.9300000e+02   1.0303944e+01
   5.9400000e+02   1.0303971e+01
   5.9500000e+02   1.0303874e+01
   5.9600000e+02   1.0304287e+01
   5.9700000e+02   1.0303967e+01
   5.9800000e+02   1.0304124e+01
   5.9900000e+02   1.0303832e+01
   6.0000000e+02   1.0303986e+01
   6.0100000e+02   1.0303999e+01
   6.0200000e+02   1.0303887e+01
   6.0300000e+02   1.0303865e+01
   6.0400000e+02   1.0303871e+01
   6.0500000e+02   1.0304042e+01
   6.0600000e+02   1.0303828e+01
   6.0700000e+02   1.0304143e+01
   6.0800000e+02   1.0304037e+01
   6.0900000e+02   1.0304032e+01
   6.1000000e+02   1.0303852e+01
   6.1100000e+02   1.0303959e+01
   6.1200000e+02   1.0303648e+01
   6.1300000e+02   1.0303772e+01
   6.1400000e+02   1.0303612e+01
   6.1500000e+02   1.0303814e+01
   6.1600000e+02   1.0303685e+01
   6.1700000e+02   1.0303575e+01
   6.1800000e+02   1.0303544e+01
   6.1900000e+02   1.0303676e+01
   6.2000000e+02   1.0303518e+01
   6.2100000e+02   1.0303624e+01
   6.2200000e+02   1.0303680e+01
   6.2300000e+02   1.0303822e+01
   6.2400000e+02   1.0303632e+01
   6.2500000e+02   1.0303767e+01
   6.2600000e+02   1.0303668e+01
   6.2700000e+02   1.0303585e+01
   6.2800000e+02   1.0303430e+01
   6.2900000e+02   1.0303916e+01
   6.3000000e+02   1.0304023e+01
   6.3100000e+02   1.0303524e+01
   6.3200000e+02   1.0303817e+01
   6.3300000e+02   1.0303806e+01
   6.3400000e+02   1.0303715e+01
   6.3500000e+02   1.0303800e+01
   6.3600000e+02   1.0303455e+01
   6.3700000e+02   1.0303569e+01
   6.3800000e+02   1.0303448e+01
   6.3900000e+02   1.0303614e+01
   6.4000000e+02   1.0303525e+01
   6.4100000e+02   1.0303396e+01
   6.4200000e+02   1.0303588e+01
   6.4300000e+02   1.0303746e+01
   6.4400000e+02   1.0303694e+01
   6.4500000e+02   1.0303194e+01
   6.4600000e+02   1.0303451e+01
   6.4700000e+02   1.0303379e+01
   6.4800000e+02   1.0303195e+01
   6.4900000e+02   1.0303224e+01
   6.5000000e+02   1.0303416e+01
   6.5100000e+02   1.0303261e+01
   6.5200000e+02   1.0303606e+01
   6.5300000e+02   1.0303304e+01
   6.5400000e+02   1.0303521e+01
   6.5500000e+02   1.0303333e+01
   6.5600000e+02   1.0303260e+01
   6.5700000e+02   1.0303187e+01
   6.5800000e+02   1.0303336e+01
   6.5900000e+02   1.0302993e+01
   6.6000000e+02   1.0303120e+01
   6.6100000e+02   1.0303292e+01
   6.6200000e+02   1.0303412e+01
   6.6300000e+02   1.0303220e+01
   6.6400000e+02   1.0303393e+01
   6.6500000e+02   1.0302707e+01
   6.6600000e+02   1.0302859e+01
   6.6700000e+02   1.0302940e+01
   6.6800000e+02   1.0302377e+01
   6.6900000e+02   1.0302185e+01
   6.7000000e+02   1.0301758e+01
   6.7100000e+02   1.0300877e+01
   6.7200000e+02   1.0299897e+01
   6.7300000e+02   1.0298593e+01
   6.7400000e+02   1.0296656e+01
   6.7500000e+02   1.0294401e+01
   6.7600000e+02   1.0291970e+01
   6.7700000e+02   1.0288911e+01
   6.7800000e+02   1.0285262e+01
   6.7900000e+02   1.0281301e+01
   6.8000000e+02   1.0276835e+01
   6.8100000e+02   1.0272524e+01
   6.8200000e+02   1.0268197e+01
   6.8300000e+02   1.0264135e+01
   6.8400000e+02   1.0261012e+01
   6.8500000e+02   1.0258426e+01
   6.8600000e+02   1.0256453e+01
   6.8700000e+02   1.0255563e+01
   6.8800000e+02   1.0255336e+01
   6.8900000e+02   1.0256006e+01
   6.9000000e+02   1.0257082e+01
   6.9100000e+02   1.0258998e+01
   6.9200000e+02   1.0261095e+01
   6.9300000e+02   1.0263474e+01
   6.9400000e+02   1.0266109e+01
   6.9500000e+02   1.0268779e+01
   6.9600000e+02   1.0271227e+01
   6.9700000e+02   1.0273772e+01
   6.9800000e+02   1.0276176e+01
   6.9900000e+02   1.0278652e+01
   7.0000000e+02   1.0280891e+01
   7.0100000e+02   1.0282808e+01
   7.0200000e+02   1.0284747e+01
   7.0300000e+02   1.0286575e+01
   7.0400000e+02   1.0288272e+01
   7.0500000e+02   1.0289557e+01
   7.0600000e+02   1.0291022e+01
   7.0700000e+02   1.0292513e+01
   7.0800000e+02   1.0293656e+01
   7.0900000e+02   1.0294583e+01
   7.1000000e+02   1.0295601e+01
   7.1100000e+02   1.0296451e+01
   7.1200000e+02   1.0297338e+01
   7.1300000e+02   1.0298103e+01
   7.1400000e+02   1.0298672e+01
   7.1500000e+02   1.0299239e+01
   7.1600000e+02   1.0299602e+01
   7.1700000e+02   1.0299931e+01
   7.1800000e+02   1.0300351e+01
   7.1900000e+02   1.0300786e+01
   7.2000000e+02   1.0300983e+01
   7.2100000e+02   1.0301349e+01
   7.2200000e+02   1.0301732e+01
   7.2300000e+02   1.0301651e+01
   7.2400000e+02   1.0301596e+01
   7.2500000e+02   1.0301723e+01
   7.2600000e+02   1.0301736e+01
   7.2700000e+02   1.0302055e+01
   7.2800000e+02   1.0301760e+01
   7.2900000e+02   1.0301990e+01
   7.3000000e+02   1.0302082e+01
   7.3100000e+02   1.0302219e+01
   7.3200000e+02   1.0302214e+01
   7.3300000e+02   1.0302326e+01
   7.3400000e+02   1.0302223e+01
   7.3500000e+02   1.0302298e+01
   7.3600000e+02   1.0302303e+01
   7.3700000e+02   1.0302252e+01
   7.3800000e+02   1.0302409e+01
   7.3900000e+02   1.0302334e+01
   7.4000000e+02   1.0302191e+01
   7.4100000e+02   1.0302282e+01
   7.4200000e+02   1.0301895e+01
   7.4300000e+02   1.0302130e+01
   7.4400000e+02   1.0302198e+01
   7.4500000e+02   1.0302245e+01
   7.4600000e+02   1.0301937e+01
   7.4700000e+02   1.0302404e+01
   7.4800000e+02   1.0302194e+01
   7.4900000e+02   1.0302187e+01
   7.5000000e+02   1.0302341e+01
   7.5100000e+02   1.0302360e+01
   7.5200000e+02   1.0302192e+01
   7.5300000e+02   1.0302350e+01
   7.5400000e+02   1.0302363e+01
   7.5500000e+02   1.0302108e+01
   7.5600000e+02   1.0302269e+01
   7.5700000e+02   1.0302221e+01
   7.5800000e+02   1.0302113e+01
   7.5900000e+02   1.0302154e+01
   7.6000000e+02   1.0302168e+01
   7.6100000e+02   1.0302074e+01
   7.6200000e+02   1.0301915e+01
   7.6300000e+02   1.0302192e+01
   7.6400000e+02   1.0302202e+01
   7.6500000e+02   1.0302417e+01
   7.6600000e+02   1.0302132e+01
   7.6700000e+02   1.0302069e+01
   7.6800000e+02   1.0301942e+01
   7.6900000e+02   1.0301946e+01
   7.7000000e+02   1.0301780e+01
   7.7100000e+02   1.0302144e+01
   7.7200000e+02   1.0302108e+01
   7.7300000e+02   1.0301705e+01
   7.7400000e+02   1.0301947e+01
   7.7500000e+02   1.0301770e+01
   7.7600000e+02   1.0301764e+01
   7.7700000e+02   1.0301803e+01
   7.7800000e+02   1.0301900e+01
   7.7900000e+02   1.0301849e+01
   7.8000000e+02   1.0301647e+01
