   0.0000000e+00   1.0295095e+01
   1.0000000e+00   1.0291600e+01
   2.0000000e+00   1.0290337e+01
   3.0000000e+00   1.0289856e+01
   4.0000000e+00   1.0289443e+01
   5.0000000e+00   1.0289106e+01
   6.0000000e+00   1.0288622e+01
   7.0000000e+00   1.0288778e+01
   8.0000000e+00   1.0288785e+01
   9.0000000e+00   1.0288137e+01
   1.0000000e+01   1.0288072e+01
   1.1000000e+01   1.0288078e+01
   1.2000000e+01   1.0287949e+01
   1.3000000e+01   1.0288136e+01
   1.4000000e+01   1.0288027e+01
   1.5000000e+01   1.0287823e+01
   1.6000000e+01   1.0287749e+01
   1.7000000e+01   1.0287373e+01
   1.8000000e+01   1.0287650e+01
   1.9000000e+01   1.0287432e+01
   2.0000000e+01   1.0287440e+01
   2.1000000e+01   1.0287414e+01
   2.2000000e+01   1.0286831e+01
   2.3000000e+01   1.0287259e+01
   2.4000000e+01   1.0287133e+01
   2.5000000e+01   1.0287042e+01
   2.6000000e+01   1.0287161e+01
   2.7000000e+01   1.0287063e+01
   2.8000000e+01   1.0287054e+01
   2.9000000e+01   1.0286896e+01
   3.0000000e+01   1.0286748e+01
   3.1000000e+01   1.0286486e+01
   3.2000000e+01   1.0286754e+01
   3.3000000e+01   1.0286432e+01
   3.4000000e+01   1.0286507e+01
   3.5000000e+01   1.0286514e+01
   3.6000000e+01   1.0286229e+01
   3.7000000e+01   1.0286271e+01
   3.8000000e+01   1.0286112e+01
   3.9000000e+01   1.0286080e+01
   4.0000000e+01   1.0286048e+01
   4.1000000e+01   1.0285745e+01
   4.2000000e+01   1.0286131e+01
   4.3000000e+01   1.0285983e+01
   4.4000000e+01   1.0285855e+01
   4.5000000e+01   1.0285443e+01
   4.6000000e+01   1.0285710e+01
   4.7000000e+01   1.0285432e+01
   4.8000000e+01   1.0285359e+01
   4.9000000e+01   1.0285485e+01
   5.0000000e+01   1.0285542e+01
   5.1000000e+01   1.0285288e+01
   5.2000000e+01   1.0285466e+01
   5.3000000e+01   1.0284942e+01
   5.4000000e+01   1.0285040e+01
   5.5000000e+01   1.0285376e+01
   5.6000000e+01   1.0285286e+01
   5.7000000e+01   1.0285156e+01
   5.8000000e+01   1.0285258e+01
   5.9000000e+01   1.0285434e+01
   6.0000000e+01   1.0285497e+01
   6.1000000e+01   1.0285677e+01
   6.2000000e+01   1.0285370e+01
   6.3000000e+01   1.0285085e+01
   6.4000000e+01   1.0285185e+01
   6.5000000e+01   1.0284684e+01
   6.6000000e+01   1.0285033e+01
   6.7000000e+01   1.0284892e+01
   6.8000000e+01   1.0284712e+01
   6.9000000e+01   1.0284877e+01
   7.0000000e+01   1.0284874e+01
   7.1000000e+01   1.0284643e+01
   7.2000000e+01   1.0285010e+01
   7.3000000e+01   1.0284801e+01
   7.4000000e+01   1.0284697e+01
   7.5000000e+01   1.0284320e+01
   7.6000000e+01   1.0284448e+01
   7.7000000e+01   1.0284147e+01
   7.8000000e+01   1.0284138e+01
   7.9000000e+01   1.0284438e+01
   8.0000000e+01   1.0284370e+01
   8.1000000e+01   1.0284408e+01
   8.2000000e+01   1.0284366e+01
   8.3000000e+01   1.0284325e+01
   8.4000000e+01   1.0284300e+01
   8.5000000e+01   1.0284164e+01
   8.6000000e+01   1.0284055e+01
   8.7000000e+01   1.0284159e+01
   8.8000000e+01   1.0284139e+01
   8.9000000e+01   1.0284148e+01
   9.0000000e+01   1.0283936e+01
   9.1000000e+01   1.0283732e+01
   9.2000000e+01   1.0283608e+01
   9.3000000e+01   1.0283858e+01
   9.4000000e+01   1.0283863e+01
   9.5000000e+01   1.0283818e+01
   9.6000000e+01   1.0283789e+01
   9.7000000e+01   1.0283672e+01
   9.8000000e+01   1.0283925e+01
   9.9000000e+01   1.0283545e+01
   1.0000000e+02   1.0283511e+01
   1.0100000e+02   1.0283350e+01
   1.0200000e+02   1.0283454e+01
   1.0300000e+02   1.0283336e+01
   1.0400000e+02   1.0283776e+01
   1.0500000e+02   1.0283465e+01
   1.0600000e+02   1.0283670e+01
   1.0700000e+02   1.0283358e+01
   1.0800000e+02   1.0283507e+01
   1.0900000e+02   1.0283712e+01
   1.1000000e+02   1.0283647e+01
   1.1100000e+02   1.0283446e+01
   1.1200000e+02   1.0283357e+01
   1.1300000e+02   1.0283690e+01
   1.1400000e+02   1.0283781e+01
   1.1500000e+02   1.0283621e+01
   1.1600000e+02   1.0283688e+01
   1.1700000e+02   1.0283427e+01
   1.1800000e+02   1.0283394e+01
   1.1900000e+02   1.0283824e+01
   1.2000000e+02   1.0283750e+01
   1.2100000e+02   1.0283691e+01
   1.2200000e+02   1.0283465e+01
   1.2300000e+02   1.0283261e+01
   1.2400000e+02   1.0283185e+01
   1.2500000e+02   1.0283311e+01
   1.2600000e+02   1.0283517e+01
   1.2700000e+02   1.0283427e+01
   1.2800000e+02   1.0283388e+01
   1.2900000e+02   1.0283103e+01
   1.3000000e+02   1.0283054e+01
   1.3100000e+02   1.0282999e+01
   1.3200000e+02   1.0283147e+01
   1.3300000e+02   1.0283326e+01
   1.3400000e+02   1.0283196e+01
   1.3500000e+02   1.0283019e+01
   1.3600000e+02   1.0283217e+01
   1.3700000e+02   1.0283224e+01
   1.3800000e+02   1.0283157e+01
   1.3900000e+02   1.0283041e+01
   1.4000000e+02   1.0282937e+01
   1.4100000e+02   1.0282550e+01
   1.4200000e+02   1.0282896e+01
   1.4300000e+02   1.0282699e+01
   1.4400000e+02   1.0282829e+01
   1.4500000e+02   1.0282631e+01
   1.4600000e+02   1.0282744e+01
   1.4700000e+02   1.0282874e+01
   1.4800000e+02   1.0282612e+01
   1.4900000e+02   1.0283022e+01
   1.5000000e+02   1.0282802e+01
   1.5100000e+02   1.0282842e+01
   1.5200000e+02   1.0282918e+01
   1.5300000e+02   1.0282828e+01
   1.5400000e+02   1.0282594e+01
   1.5500000e+02   1.0282462e+01
   1.5600000e+02   1.0282624e+01
   1.5700000e+02   1.0282574e+01
   1.5800000e+02   1.0282702e+01
   1.5900000e+02   1.0282546e+01
   1.6000000e+02   1.0282694e+01
   1.6100000e+02   1.0282571e+01
   1.6200000e+02   1.0282415e+01
   1.6300000e+02   1.0282408e+01
   1.6400000e+02   1.0282355e+01
   1.6500000e+02   1.0282475e+01
   1.6600000e+02   1.0281732e+01
   1.6700000e+02   1.0274909e+01
   1.6800000e+02   1.0255685e+01
   1.6900000e+02   1.0245192e+01
   1.7000000e+02   1.0253811e+01
   1.7100000e+02   1.0264315e+01
   1.7200000e+02   1.0270257e+01
   1.7300000e+02   1.0273636e+01
   1.7400000e+02   1.0275272e+01
   1.7500000e+02   1.0277081e+01
   1.7600000e+02   1.0278533e+01
   1.7700000e+02   1.0279314e+01
   1.7800000e+02   1.0277458e+01
   1.7900000e+02   1.0236137e+01
   1.8000000e+02   1.0172985e+01
   1.8100000e+02   1.0183847e+01
   1.8200000e+02   1.0210478e+01
   1.8300000e+02   1.0223460e+01
   1.8400000e+02   1.0227929e+01
   1.8500000e+02   1.0229119e+01
   1.8600000e+02   1.0231847e+01
   1.8700000e+02   1.0236905e+01
   1.8800000e+02   1.0245253e+01
   1.8900000e+02   1.0252138e+01
   1.9000000e+02   1.0257160e+01
   1.9100000e+02   1.0262115e+01
   1.9200000e+02   1.0266091e+01
   1.9300000e+02   1.0270856e+01
   1.9400000e+02   1.0274992e+01
   1.9500000e+02   1.0276972e+01
   1.9600000e+02   1.0278119e+01
   1.9700000e+02   1.0278630e+01
   1.9800000e+02   1.0279277e+01
   1.9900000e+02   1.0279432e+01
   2.0000000e+02   1.0279710e+01
   2.0100000e+02   1.0280557e+01
   2.0200000e+02   1.0280490e+01
   2.0300000e+02   1.0280722e+01
   2.0400000e+02   1.0280678e+01
   2.0500000e+02   1.0281050e+01
   2.0600000e+02   1.0280820e+01
   2.0700000e+02   1.0281028e+01
   2.0800000e+02   1.0281145e+01
   2.0900000e+02   1.0281024e+01
   2.1000000e+02   1.0281156e+01
   2.1100000e+02   1.0281112e+01
   2.1200000e+02   1.0281248e+01
   2.1300000e+02   1.0281137e+01
   2.1400000e+02   1.0281445e+01
   2.1500000e+02   1.0281246e+01
   2.1600000e+02   1.0281165e+01
   2.1700000e+02   1.0281163e+01
   2.1800000e+02   1.0281481e+01
   2.1900000e+02   1.0281340e+01
   2.2000000e+02   1.0281133e+01
   2.2100000e+02   1.0281407e+01
   2.2200000e+02   1.0281488e+01
   2.2300000e+02   1.0281449e+01
   2.2400000e+02   1.0281286e+01
   2.2500000e+02   1.0281149e+01
   2.2600000e+02   1.0281038e+01
   2.2700000e+02   1.0280978e+01
   2.2800000e+02   1.0281155e+01
   2.2900000e+02   1.0281117e+01
   2.3000000e+02   1.0281237e+01
   2.3100000e+02   1.0281119e+01
   2.3200000e+02   1.0281047e+01
   2.3300000e+02   1.0281180e+01
   2.3400000e+02   1.0281080e+01
   2.3500000e+02   1.0281045e+01
   2.3600000e+02   1.0281085e+01
   2.3700000e+02   1.0281291e+01
   2.3800000e+02   1.0281125e+01
   2.3900000e+02   1.0280918e+01
   2.4000000e+02   1.0281029e+01
   2.4100000e+02   1.0280685e+01
   2.4200000e+02   1.0280699e+01
   2.4300000e+02   1.0280670e+01
   2.4400000e+02   1.0280494e+01
   2.4500000e+02   1.0279599e+01
   2.4600000e+02   1.0279139e+01
   2.4700000e+02   1.0278460e+01
   2.4800000e+02   1.0278005e+01
   2.4900000e+02   1.0277260e+01
   2.5000000e+02   1.0277174e+01
   2.5100000e+02   1.0277065e+01
   2.5200000e+02   1.0277266e+01
   2.5300000e+02   1.0277293e+01
   2.5400000e+02   1.0277655e+01
   2.5500000e+02   1.0277517e+01
   2.5600000e+02   1.0277482e+01
   2.5700000e+02   1.0277177e+01
   2.5800000e+02   1.0276954e+01
   2.5900000e+02   1.0276835e+01
   2.6000000e+02   1.0276796e+01
   2.6100000e+02   1.0276529e+01
   2.6200000e+02   1.0276234e+01
   2.6300000e+02   1.0276201e+01
   2.6400000e+02   1.0276411e+01
   2.6500000e+02   1.0276497e+01
   2.6600000e+02   1.0277077e+01
   2.6700000e+02   1.0277359e+01
   2.6800000e+02   1.0277632e+01
   2.6900000e+02   1.0278352e+01
   2.7000000e+02   1.0278516e+01
   2.7100000e+02   1.0278764e+01
   2.7200000e+02   1.0278787e+01
   2.7300000e+02   1.0278975e+01
   2.7400000e+02   1.0279094e+01
   2.7500000e+02   1.0279243e+01
   2.7600000e+02   1.0279335e+01
   2.7700000e+02   1.0279513e+01
   2.7800000e+02   1.0279694e+01
   2.7900000e+02   1.0279745e+01
   2.8000000e+02   1.0279679e+01
   2.8100000e+02   1.0279762e+01
   2.8200000e+02   1.0279916e+01
   2.8300000e+02   1.0279895e+01
   2.8400000e+02   1.0279757e+01
   2.8500000e+02   1.0279675e+01
   2.8600000e+02   1.0280024e+01
   2.8700000e+02   1.0279840e+01
   2.8800000e+02   1.0279977e+01
   2.8900000e+02   1.0279657e+01
   2.9000000e+02   1.0279822e+01
   2.9100000e+02   1.0279773e+01
   2.9200000e+02   1.0279838e+01
   2.9300000e+02   1.0279687e+01
   2.9400000e+02   1.0279793e+01
   2.9500000e+02   1.0280023e+01
   2.9600000e+02   1.0280112e+01
   2.9700000e+02   1.0279880e+01
   2.9800000e+02   1.0279943e+01
   2.9900000e+02   1.0279634e+01
   3.0000000e+02   1.0279632e+01
   3.0100000e+02   1.0279174e+01
   3.0200000e+02   1.0278738e+01
   3.0300000e+02   1.0277488e+01
   3.0400000e+02   1.0276339e+01
   3.0500000e+02   1.0274697e+01
   3.0600000e+02   1.0272230e+01
   3.0700000e+02   1.0269475e+01
   3.0800000e+02   1.0266079e+01
   3.0900000e+02   1.0261936e+01
   3.1000000e+02   1.0258212e+01
   3.1100000e+02   1.0255193e+01
   3.1200000e+02   1.0252562e+01
   3.1300000e+02   1.0251386e+01
   3.1400000e+02   1.0250772e+01
   3.1500000e+02   1.0249390e+01
   3.1600000e+02   1.0247285e+01
   3.1700000e+02   1.0243643e+01
   3.1800000e+02   1.0238788e+01
   3.1900000e+02   1.0233799e+01
   3.2000000e+02   1.0228824e+01
   3.2100000e+02   1.0225088e+01
   3.2200000e+02   1.0222998e+01
   3.2300000e+02   1.0222111e+01
   3.2400000e+02   1.0222851e+01
   3.2500000e+02   1.0224847e+01
   3.2600000e+02   1.0228299e+01
   3.2700000e+02   1.0232090e+01
   3.2800000e+02   1.0237029e+01
   3.2900000e+02   1.0242213e+01
   3.3000000e+02   1.0247320e+01
   3.3100000e+02   1.0252128e+01
   3.3200000e+02   1.0255861e+01
   3.3300000e+02   1.0258855e+01
   3.3400000e+02   1.0261102e+01
   3.3500000e+02   1.0261772e+01
   3.3600000e+02   1.0262253e+01
   3.3700000e+02   1.0261825e+01
   3.3800000e+02   1.0261439e+01
   3.3900000e+02   1.0261173e+01
   3.4000000e+02   1.0261623e+01
   3.4100000e+02   1.0262364e+01
   3.4200000e+02   1.0263605e+01
   3.4300000e+02   1.0265196e+01
   3.4400000e+02   1.0266976e+01
   3.4500000e+02   1.0268776e+01
   3.4600000e+02   1.0270323e+01
   3.4700000e+02   1.0271820e+01
   3.4800000e+02   1.0273168e+01
   3.4900000e+02   1.0274133e+01
   3.5000000e+02   1.0275230e+01
   3.5100000e+02   1.0276119e+01
   3.5200000e+02   1.0276615e+01
   3.5300000e+02   1.0277018e+01
   3.5400000e+02   1.0277301e+01
   3.5500000e+02   1.0277474e+01
   3.5600000e+02   1.0277819e+01
   3.5700000e+02   1.0277509e+01
   3.5800000e+02   1.0277179e+01
   3.5900000e+02   1.0277033e+01
   3.6000000e+02   1.0276550e+01
   3.6100000e+02   1.0276273e+01
   3.6200000e+02   1.0276185e+01
   3.6300000e+02   1.0275869e+01
   3.6400000e+02   1.0275837e+01
   3.6500000e+02   1.0276152e+01
   3.6600000e+02   1.0276171e+01
   3.6700000e+02   1.0276652e+01
   3.6800000e+02   1.0276913e+01
   3.6900000e+02   1.0277245e+01
   3.7000000e+02   1.0277752e+01
   3.7100000e+02   1.0277960e+01
   3.7200000e+02   1.0278161e+01
   3.7300000e+02   1.0278232e+01
   3.7400000e+02   1.0278534e+01
   3.7500000e+02   1.0278582e+01
   3.7600000e+02   1.0278656e+01
   3.7700000e+02   1.0278566e+01
   3.7800000e+02   1.0278910e+01
   3.7900000e+02   1.0278831e+01
   3.8000000e+02   1.0279226e+01
   3.8100000e+02   1.0279200e+01
   3.8200000e+02   1.0278859e+01
   3.8300000e+02   1.0279281e+01
   3.8400000e+02   1.0278492e+01
   3.8500000e+02   1.0278323e+01
   3.8600000e+02   1.0278133e+01
   3.8700000e+02   1.0277846e+01
   3.8800000e+02   1.0277287e+01
   3.8900000e+02   1.0277048e+01
   3.9000000e+02   1.0276950e+01
   3.9100000e+02   1.0276335e+01
   3.9200000e+02   1.0276331e+01
   3.9300000e+02   1.0276165e+01
   3.9400000e+02   1.0276281e+01
   3.9500000e+02   1.0276132e+01
   3.9600000e+02   1.0276636e+01
   3.9700000e+02   1.0277046e+01
   3.9800000e+02   1.0277090e+01
   3.9900000e+02   1.0277511e+01
   4.0000000e+02   1.0277569e+01
   4.0100000e+02   1.0278003e+01
   4.0200000e+02   1.0277935e+01
   4.0300000e+02   1.0278017e+01
   4.0400000e+02   1.0278444e+01
   4.0500000e+02   1.0278422e+01
   4.0600000e+02   1.0278471e+01
   4.0700000e+02   1.0278708e+01
   4.0800000e+02   1.0278946e+01
   4.0900000e+02   1.0278894e+01
   4.1000000e+02   1.0279038e+01
   4.1100000e+02   1.0278940e+01
   4.1200000e+02   1.0278901e+01
   4.1300000e+02   1.0278828e+01
   4.1400000e+02   1.0278992e+01
   4.1500000e+02   1.0279279e+01
   4.1600000e+02   1.0278971e+01
   4.1700000e+02   1.0279299e+01
   4.1800000e+02   1.0278928e+01
   4.1900000e+02   1.0278767e+01
   4.2000000e+02   1.0278685e+01
   4.2100000e+02   1.0278807e+01
   4.2200000e+02   1.0278766e+01
   4.2300000e+02   1.0278678e+01
   4.2400000e+02   1.0278419e+01
   4.2500000e+02   1.0278633e+01
   4.2600000e+02   1.0278507e+01
   4.2700000e+02   1.0278569e+01
   4.2800000e+02   1.0278455e+01
   4.2900000e+02   1.0278538e+01
   4.3000000e+02   1.0278522e+01
   4.3100000e+02   1.0278681e+01
   4.3200000e+02   1.0278498e+01
   4.3300000e+02   1.0278497e+01
   4.3400000e+02   1.0277968e+01
   4.3500000e+02   1.0277769e+01
   4.3600000e+02   1.0277290e+01
   4.3700000e+02   1.0276103e+01
   4.3800000e+02   1.0274021e+01
   4.3900000e+02   1.0270849e+01
   4.4000000e+02   1.0265369e+01
   4.4100000e+02   1.0257608e+01
   4.4200000e+02   1.0246599e+01
   4.4300000e+02   1.0232282e+01
   4.4400000e+02   1.0214510e+01
   4.4500000e+02   1.0194539e+01
   4.4600000e+02   1.0173868e+01
   4.4700000e+02   1.0154486e+01
   4.4800000e+02   1.0137918e+01
   4.4900000e+02   1.0125911e+01
   4.5000000e+02   1.0119701e+01
   4.5100000e+02   1.0118933e+01
   4.5200000e+02   1.0124194e+01
   4.5300000e+02   1.0133305e+01
   4.5400000e+02   1.0145322e+01
   4.5500000e+02   1.0159245e+01
   4.5600000e+02   1.0173279e+01
   4.5700000e+02   1.0187545e+01
   4.5800000e+02   1.0201172e+01
   4.5900000e+02   1.0212859e+01
   4.6000000e+02   1.0223486e+01
   4.6100000e+02   1.0232799e+01
   4.6200000e+02   1.0240351e+01
   4.6300000e+02   1.0247165e+01
   4.6400000e+02   1.0252871e+01
   4.6500000e+02   1.0257457e+01
   4.6600000e+02   1.0260833e+01
   4.6700000e+02   1.0263941e+01
   4.6800000e+02   1.0266493e+01
   4.6900000e+02   1.0268446e+01
   4.7000000e+02   1.0270246e+01
   4.7100000e+02   1.0271456e+01
   4.7200000e+02   1.0272678e+01
   4.7300000e+02   1.0273994e+01
   4.7400000e+02   1.0274671e+01
   4.7500000e+02   1.0275541e+01
   4.7600000e+02   1.0276098e+01
   4.7700000e+02   1.0276357e+01
   4.7800000e+02   1.0276939e+01
   4.7900000e+02   1.0277126e+01
   4.8000000e+02   1.0277246e+01
   4.8100000e+02   1.0277398e+01
   4.8200000e+02   1.0277588e+01
   4.8300000e+02   1.0277856e+01
   4.8400000e+02   1.0277789e+01
   4.8500000e+02   1.0278081e+01
   4.8600000e+02   1.0278175e+01
   4.8700000e+02   1.0277954e+01
   4.8800000e+02   1.0277883e+01
   4.8900000e+02   1.0277990e+01
   4.9000000e+02   1.0277786e+01
   4.9100000e+02   1.0277963e+01
   4.9200000e+02   1.0277835e+01
   4.9300000e+02   1.0277989e+01
   4.9400000e+02   1.0277554e+01
   4.9500000e+02   1.0277959e+01
   4.9600000e+02   1.0278014e+01
   4.9700000e+02   1.0277883e+01
   4.9800000e+02   1.0277977e+01
   4.9900000e+02   1.0277966e+01
   5.0000000e+02   1.0277903e+01
   5.0100000e+02   1.0278110e+01
   5.0200000e+02   1.0277899e+01
   5.0300000e+02   1.0278083e+01
   5.0400000e+02   1.0278166e+01
   5.0500000e+02   1.0278390e+01
   5.0600000e+02   1.0278326e+01
   5.0700000e+02   1.0278067e+01
   5.0800000e+02   1.0278233e+01
   5.0900000e+02   1.0278154e+01
   5.1000000e+02   1.0278360e+01
   5.1100000e+02   1.0278076e+01
   5.1200000e+02   1.0278116e+01
   5.1300000e+02   1.0278058e+01
   5.1400000e+02   1.0278013e+01
   5.1500000e+02   1.0277854e+01
   5.1600000e+02   1.0277958e+01
   5.1700000e+02   1.0277698e+01
   5.1800000e+02   1.0277762e+01
   5.1900000e+02   1.0277884e+01
   5.2000000e+02   1.0277929e+01
   5.2100000e+02   1.0277849e+01
   5.2200000e+02   1.0278006e+01
   5.2300000e+02   1.0278126e+01
   5.2400000e+02   1.0278079e+01
   5.2500000e+02   1.0278058e+01
   5.2600000e+02   1.0277840e+01
   5.2700000e+02   1.0277923e+01
   5.2800000e+02   1.0278077e+01
   5.2900000e+02   1.0278274e+01
   5.3000000e+02   1.0277889e+01
   5.3100000e+02   1.0278067e+01
   5.3200000e+02   1.0278003e+01
   5.3300000e+02   1.0278193e+01
   5.3400000e+02   1.0277919e+01
   5.3500000e+02   1.0277876e+01
   5.3600000e+02   1.0277866e+01
   5.3700000e+02   1.0278086e+01
   5.3800000e+02   1.0278033e+01
   5.3900000e+02   1.0278047e+01
   5.4000000e+02   1.0277886e+01
   5.4100000e+02   1.0277778e+01
   5.4200000e+02   1.0277762e+01
   5.4300000e+02   1.0278132e+01
   5.4400000e+02   1.0278229e+01
   5.4500000e+02   1.0278010e+01
   5.4600000e+02   1.0277981e+01
   5.4700000e+02   1.0278125e+01
   5.4800000e+02   1.0277855e+01
   5.4900000e+02   1.0278076e+01
   5.5000000e+02   1.0278022e+01
   5.5100000e+02   1.0278135e+01
   5.5200000e+02   1.0277820e+01
   5.5300000e+02   1.0277722e+01
   5.5400000e+02   1.0278113e+01
   5.5500000e+02   1.0277951e+01
   5.5600000e+02   1.0277669e+01
   5.5700000e+02   1.0277953e+01
   5.5800000e+02   1.0277880e+01
   5.5900000e+02   1.0277837e+01
   5.6000000e+02   1.0277747e+01
   5.6100000e+02   1.0277700e+01
   5.6200000e+02   1.0278065e+01
   5.6300000e+02   1.0277978e+01
   5.6400000e+02   1.0277765e+01
   5.6500000e+02   1.0277916e+01
   5.6600000e+02   1.0277999e+01
   5.6700000e+02   1.0277642e+01
   5.6800000e+02   1.0277625e+01
   5.6900000e+02   1.0277405e+01
   5.7000000e+02   1.0277525e+01
   5.7100000e+02   1.0277556e+01
   5.7200000e+02   1.0277428e+01
   5.7300000e+02   1.0277295e+01
   5.7400000e+02   1.0277252e+01
   5.7500000e+02   1.0277545e+01
   5.7600000e+02   1.0277641e+01
   5.7700000e+02   1.0277243e+01
   5.7800000e+02   1.0277292e+01
   5.7900000e+02   1.0277283e+01
   5.8000000e+02   1.0277232e+01
   5.8100000e+02   1.0277357e+01
   5.8200000e+02   1.0277463e+01
   5.8300000e+02   1.0277441e+01
   5.8400000e+02   1.0277405e+01
   5.8500000e+02   1.0277410e+01
   5.8600000e+02   1.0277187e+01
   5.8700000e+02   1.0277286e+01
   5.8800000e+02   1.0277542e+01
   5.8900000e+02   1.0277137e+01
   5.9000000e+02   1.0277259e+01
   5.9100000e+02   1.0277223e+01
   5.9200000e+02   1.0277528e+01
   5.9300000e+02   1.0277534e+01
   5.9400000e+02   1.0277606e+01
   5.9500000e+02   1.0277299e+01
   5.9600000e+02   1.0277552e+01
   5.9700000e+02   1.0277092e+01
   5.9800000e+02   1.0277193e+01
   5.9900000e+02   1.0277326e+01
   6.0000000e+02   1.0277141e+01
   6.0100000e+02   1.0277374e+01
   6.0200000e+02   1.0277169e+01
   6.0300000e+02   1.0277181e+01
   6.0400000e+02   1.0277258e+01
   6.0500000e+02   1.0277098e+01
   6.0600000e+02   1.0277160e+01
   6.0700000e+02   1.0277174e+01
   6.0800000e+02   1.0277335e+01
   6.0900000e+02   1.0277407e+01
   6.1000000e+02   1.0277421e+01
   6.1100000e+02   1.0277338e+01
   6.1200000e+02   1.0277304e+01
   6.1300000e+02   1.0277397e+01
   6.1400000e+02   1.0277027e+01
   6.1500000e+02   1.0277400e+01
   6.1600000e+02   1.0277514e+01
   6.1700000e+02   1.0277717e+01
   6.1800000e+02   1.0277627e+01
   6.1900000e+02   1.0277430e+01
   6.2000000e+02   1.0277165e+01
   6.2100000e+02   1.0277337e+01
   6.2200000e+02   1.0277422e+01
   6.2300000e+02   1.0277404e+01
   6.2400000e+02   1.0277706e+01
   6.2500000e+02   1.0277438e+01
   6.2600000e+02   1.0277384e+01
   6.2700000e+02   1.0277473e+01
   6.2800000e+02   1.0277635e+01
   6.2900000e+02   1.0277483e+01
   6.3000000e+02   1.0277140e+01
   6.3100000e+02   1.0277248e+01
   6.3200000e+02   1.0277061e+01
   6.3300000e+02   1.0277207e+01
   6.3400000e+02   1.0277359e+01
   6.3500000e+02   1.0277058e+01
   6.3600000e+02   1.0277144e+01
   6.3700000e+02   1.0277072e+01
   6.3800000e+02   1.0276982e+01
   6.3900000e+02   1.0276960e+01
   6.4000000e+02   1.0277092e+01
   6.4100000e+02   1.0277064e+01
   6.4200000e+02   1.0277368e+01
   6.4300000e+02   1.0277083e+01
   6.4400000e+02   1.0277227e+01
   6.4500000e+02   1.0277116e+01
   6.4600000e+02   1.0277088e+01
   6.4700000e+02   1.0277162e+01
   6.4800000e+02   1.0277120e+01
   6.4900000e+02   1.0277044e+01
   6.5000000e+02   1.0276945e+01
   6.5100000e+02   1.0277162e+01
   6.5200000e+02   1.0276869e+01
   6.5300000e+02   1.0276963e+01
   6.5400000e+02   1.0277051e+01
   6.5500000e+02   1.0276740e+01
   6.5600000e+02   1.0276887e+01
   6.5700000e+02   1.0276584e+01
   6.5800000e+02   1.0276707e+01
   6.5900000e+02   1.0276979e+01
   6.6000000e+02   1.0276608e+01
   6.6100000e+02   1.0276755e+01
   6.6200000e+02   1.0276679e+01
   6.6300000e+02   1.0276655e+01
   6.6400000e+02   1.0276429e+01
   6.6500000e+02   1.0276760e+01
   6.6600000e+02   1.0276828e+01
   6.6700000e+02   1.0276581e+01
   6.6800000e+02   1.0276573e+01
   6.6900000e+02   1.0276609e+01
   6.7000000e+02   1.0276260e+01
   6.7100000e+02   1.0276087e+01
   6.7200000e+02   1.0276108e+01
   6.7300000e+02   1.0275637e+01
   6.7400000e+02   1.0275194e+01
   6.7500000e+02   1.0274486e+01
   6.7600000e+02   1.0273500e+01
   6.7700000e+02   1.0272665e+01
   6.7800000e+02   1.0271462e+01
   6.7900000e+02   1.0270233e+01
   6.8000000e+02   1.0268512e+01
   6.8100000e+02   1.0266913e+01
   6.8200000e+02   1.0265461e+01
   6.8300000e+02   1.0263531e+01
   6.8400000e+02   1.0261899e+01
   6.8500000e+02   1.0260502e+01
   6.8600000e+02   1.0259780e+01
   6.8700000e+02   1.0258617e+01
   6.8800000e+02   1.0258332e+01
   6.8900000e+02   1.0257749e+01
   6.9000000e+02   1.0258012e+01
   6.9100000e+02   1.0258287e+01
   6.9200000e+02   1.0259048e+01
   6.9300000e+02   1.0259951e+01
   6.9400000e+02   1.0261093e+01
   6.9500000e+02   1.0262345e+01
   6.9600000e+02   1.0263400e+01
   6.9700000e+02   1.0264860e+01
   6.9800000e+02   1.0266201e+01
   6.9900000e+02   1.0267501e+01
   7.0000000e+02   1.0268866e+01
   7.0100000e+02   1.0269728e+01
   7.0200000e+02   1.0270864e+01
   7.0300000e+02   1.0271812e+01
   7.0400000e+02   1.0272450e+01
   7.0500000e+02   1.0273376e+01
   7.0600000e+02   1.0273858e+01
   7.0700000e+02   1.0274241e+01
   7.0800000e+02   1.0274577e+01
   7.0900000e+02   1.0275002e+01
   7.1000000e+02   1.0275155e+01
   7.1100000e+02   1.0275402e+01
   7.1200000e+02   1.0275736e+01
   7.1300000e+02   1.0275893e+01
   7.1400000e+02   1.0275991e+01
   7.1500000e+02   1.0276009e+01
   7.1600000e+02   1.0275967e+01
   7.1700000e+02   1.0275962e+01
   7.1800000e+02   1.0276218e+01
   7.1900000e+02   1.0276147e+01
   7.2000000e+02   1.0276266e+01
   7.2100000e+02   1.0276059e+01
   7.2200000e+02   1.0276317e+01
   7.2300000e+02   1.0276413e+01
   7.2400000e+02   1.0276287e+01
   7.2500000e+02   1.0276185e+01
   7.2600000e+02   1.0276547e+01
   7.2700000e+02   1.0276578e+01
   7.2800000e+02   1.0276475e+01
   7.2900000e+02   1.0276349e+01
   7.3000000e+02   1.0276512e+01
   7.3100000e+02   1.0276568e+01
   7.3200000e+02   1.0276543e+01
   7.3300000e+02   1.0276627e+01
   7.3400000e+02   1.0276607e+01
   7.3500000e+02   1.0276516e+01
   7.3600000e+02   1.0276584e+01
   7.3700000e+02   1.0276301e+01
   7.3800000e+02   1.0276689e+01
   7.3900000e+02   1.0276521e+01
   7.4000000e+02   1.0276556e+01
   7.4100000e+02   1.0277035e+01
   7.4200000e+02   1.0276608e+01
   7.4300000e+02   1.0276447e+01
   7.4400000e+02   1.0276313e+01
   7.4500000e+02   1.0276495e+01
   7.4600000e+02   1.0276480e+01
   7.4700000e+02   1.0276546e+01
   7.4800000e+02   1.0276432e+01
   7.4900000e+02   1.0276284e+01
   7.5000000e+02   1.0276306e+01
   7.5100000e+02   1.0276503e+01
   7.5200000e+02   1.0276315e+01
   7.5300000e+02   1.0276349e+01
   7.5400000e+02   1.0276282e+01
   7.5500000e+02   1.0276338e+01
   7.5600000e+02   1.0276021e+01
   7.5700000e+02   1.0276204e+01
   7.5800000e+02   1.0276155e+01
   7.5900000e+02   1.0276090e+01
   7.6000000e+02   1.0276103e+01
   7.6100000e+02   1.0276094e+01
   7.6200000e+02   1.0276222e+01
   7.6300000e+02   1.0275731e+01
   7.6400000e+02   1.0276218e+01
   7.6500000e+02   1.0276101e+01
   7.6600000e+02   1.0276146e+01
   7.6700000e+02   1.0276122e+01
   7.6800000e+02   1.0276184e+01
   7.6900000e+02   1.0276151e+01
   7.7000000e+02   1.0276087e+01
   7.7100000e+02   1.0276205e+01
   7.7200000e+02   1.0276077e+01
   7.7300000e+02   1.0276137e+01
   7.7400000e+02   1.0276167e+01
   7.7500000e+02   1.0276217e+01
   7.7600000e+02   1.0276175e+01
   7.7700000e+02   1.0275928e+01
   7.7800000e+02   1.0276080e+01
   7.7900000e+02   1.0276019e+01
   7.8000000e+02   1.0275980e+01
