   0.0000000e+00   1.0315050e+01
   1.0000000e+00   1.0311450e+01
   2.0000000e+00   1.0310979e+01
   3.0000000e+00   1.0310448e+01
   4.0000000e+00   1.0309838e+01
   5.0000000e+00   1.0310316e+01
   6.0000000e+00   1.0309862e+01
   7.0000000e+00   1.0310104e+01
   8.0000000e+00   1.0309656e+01
   9.0000000e+00   1.0309779e+01
   1.0000000e+01   1.0309981e+01
   1.1000000e+01   1.0309333e+01
   1.2000000e+01   1.0309305e+01
   1.3000000e+01   1.0309029e+01
   1.4000000e+01   1.0309067e+01
   1.5000000e+01   1.0309106e+01
   1.6000000e+01   1.0308816e+01
   1.7000000e+01   1.0309037e+01
   1.8000000e+01   1.0308723e+01
   1.9000000e+01   1.0308801e+01
   2.0000000e+01   1.0308555e+01
   2.1000000e+01   1.0308366e+01
   2.2000000e+01   1.0307968e+01
   2.3000000e+01   1.0308028e+01
   2.4000000e+01   1.0308010e+01
   2.5000000e+01   1.0307898e+01
   2.6000000e+01   1.0307770e+01
   2.7000000e+01   1.0308275e+01
   2.8000000e+01   1.0307839e+01
   2.9000000e+01   1.0307572e+01
   3.0000000e+01   1.0307556e+01
   3.1000000e+01   1.0307552e+01
   3.2000000e+01   1.0307307e+01
   3.3000000e+01   1.0307438e+01
   3.4000000e+01   1.0307292e+01
   3.5000000e+01   1.0307221e+01
   3.6000000e+01   1.0306700e+01
   3.7000000e+01   1.0306819e+01
   3.8000000e+01   1.0307097e+01
   3.9000000e+01   1.0307028e+01
   4.0000000e+01   1.0306757e+01
   4.1000000e+01   1.0307165e+01
   4.2000000e+01   1.0306633e+01
   4.3000000e+01   1.0306451e+01
   4.4000000e+01   1.0306755e+01
   4.5000000e+01   1.0306553e+01
   4.6000000e+01   1.0306287e+01
   4.7000000e+01   1.0306483e+01
   4.8000000e+01   1.0306364e+01
   4.9000000e+01   1.0306117e+01
   5.0000000e+01   1.0306174e+01
   5.1000000e+01   1.0306016e+01
   5.2000000e+01   1.0306040e+01
   5.3000000e+01   1.0305697e+01
   5.4000000e+01   1.0305679e+01
   5.5000000e+01   1.0305453e+01
   5.6000000e+01   1.0305588e+01
   5.7000000e+01   1.0305608e+01
   5.8000000e+01   1.0305347e+01
   5.9000000e+01   1.0305108e+01
   6.0000000e+01   1.0305026e+01
   6.1000000e+01   1.0305103e+01
   6.2000000e+01   1.0305186e+01
   6.3000000e+01   1.0305081e+01
   6.4000000e+01   1.0304965e+01
   6.5000000e+01   1.0304777e+01
   6.6000000e+01   1.0304746e+01
   6.7000000e+01   1.0304842e+01
   6.8000000e+01   1.0304641e+01
   6.9000000e+01   1.0304776e+01
   7.0000000e+01   1.0304799e+01
   7.1000000e+01   1.0304763e+01
   7.2000000e+01   1.0304396e+01
   7.3000000e+01   1.0304618e+01
   7.4000000e+01   1.0304578e+01
   7.5000000e+01   1.0304254e+01
   7.6000000e+01   1.0304196e+01
   7.7000000e+01   1.0304204e+01
   7.8000000e+01   1.0304095e+01
   7.9000000e+01   1.0304035e+01
   8.0000000e+01   1.0304181e+01
   8.1000000e+01   1.0304024e+01
   8.2000000e+01   1.0303866e+01
   8.3000000e+01   1.0304092e+01
   8.4000000e+01   1.0303960e+01
   8.5000000e+01   1.0303848e+01
   8.6000000e+01   1.0303785e+01
   8.7000000e+01   1.0303935e+01
   8.8000000e+01   1.0303938e+01
   8.9000000e+01   1.0303641e+01
   9.0000000e+01   1.0303450e+01
   9.1000000e+01   1.0303642e+01
   9.2000000e+01   1.0303504e+01
   9.3000000e+01   1.0303499e+01
   9.4000000e+01   1.0303329e+01
   9.5000000e+01   1.0303529e+01
   9.6000000e+01   1.0303616e+01
   9.7000000e+01   1.0303644e+01
   9.8000000e+01   1.0303459e+01
   9.9000000e+01   1.0303635e+01
   1.0000000e+02   1.0303365e+01
   1.0100000e+02   1.0303466e+01
   1.0200000e+02   1.0303369e+01
   1.0300000e+02   1.0303373e+01
   1.0400000e+02   1.0302986e+01
   1.0500000e+02   1.0303121e+01
   1.0600000e+02   1.0303233e+01
   1.0700000e+02   1.0302838e+01
   1.0800000e+02   1.0302915e+01
   1.0900000e+02   1.0302767e+01
   1.1000000e+02   1.0302725e+01
   1.1100000e+02   1.0302712e+01
   1.1200000e+02   1.0303128e+01
   1.1300000e+02   1.0302848e+01
   1.1400000e+02   1.0302691e+01
   1.1500000e+02   1.0302526e+01
   1.1600000e+02   1.0302831e+01
   1.1700000e+02   1.0302573e+01
   1.1800000e+02   1.0302654e+01
   1.1900000e+02   1.0302614e+01
   1.2000000e+02   1.0302408e+01
   1.2100000e+02   1.0302500e+01
   1.2200000e+02   1.0302389e+01
   1.2300000e+02   1.0302288e+01
   1.2400000e+02   1.0302400e+01
   1.2500000e+02   1.0302274e+01
   1.2600000e+02   1.0302539e+01
   1.2700000e+02   1.0302609e+01
   1.2800000e+02   1.0302397e+01
   1.2900000e+02   1.0302332e+01
   1.3000000e+02   1.0302233e+01
   1.3100000e+02   1.0302512e+01
   1.3200000e+02   1.0302117e+01
   1.3300000e+02   1.0302398e+01
   1.3400000e+02   1.0301959e+01
   1.3500000e+02   1.0302195e+01
   1.3600000e+02   1.0302121e+01
   1.3700000e+02   1.0302272e+01
   1.3800000e+02   1.0302405e+01
   1.3900000e+02   1.0302181e+01
   1.4000000e+02   1.0302127e+01
   1.4100000e+02   1.0302066e+01
   1.4200000e+02   1.0302219e+01
   1.4300000e+02   1.0302361e+01
   1.4400000e+02   1.0302078e+01
   1.4500000e+02   1.0301850e+01
   1.4600000e+02   1.0301849e+01
   1.4700000e+02   1.0301766e+01
   1.4800000e+02   1.0301733e+01
   1.4900000e+02   1.0301499e+01
   1.5000000e+02   1.0301760e+01
   1.5100000e+02   1.0301558e+01
   1.5200000e+02   1.0301505e+01
   1.5300000e+02   1.0301528e+01
   1.5400000e+02   1.0301395e+01
   1.5500000e+02   1.0301522e+01
   1.5600000e+02   1.0301874e+01
   1.5700000e+02   1.0301374e+01
   1.5800000e+02   1.0301606e+01
   1.5900000e+02   1.0301459e+01
   1.6000000e+02   1.0301312e+01
   1.6100000e+02   1.0301461e+01
   1.6200000e+02   1.0301394e+01
   1.6300000e+02   1.0301661e+01
   1.6400000e+02   1.0301896e+01
   1.6500000e+02   1.0301516e+01
   1.6600000e+02   1.0300740e+01
   1.6700000e+02   1.0294909e+01
   1.6800000e+02   1.0277115e+01
   1.6900000e+02   1.0266252e+01
   1.7000000e+02   1.0272694e+01
   1.7100000e+02   1.0282551e+01
   1.7200000e+02   1.0289240e+01
   1.7300000e+02   1.0292537e+01
   1.7400000e+02   1.0294459e+01
   1.7500000e+02   1.0296258e+01
   1.7600000e+02   1.0297491e+01
   1.7700000e+02   1.0298432e+01
   1.7800000e+02   1.0296373e+01
   1.7900000e+02   1.0256685e+01
   1.8000000e+02   1.0207503e+01
   1.8100000e+02   1.0215168e+01
   1.8200000e+02   1.0230328e+01
   1.8300000e+02   1.0237305e+01
   1.8400000e+02   1.0243892e+01
   1.8500000e+02   1.0248307e+01
   1.8600000e+02   1.0251540e+01
   1.8700000e+02   1.0254220e+01
   1.8800000e+02   1.0260228e+01
   1.8900000e+02   1.0267752e+01
   1.9000000e+02   1.0274382e+01
   1.9100000e+02   1.0281745e+01
   1.9200000e+02   1.0287968e+01
   1.9300000e+02   1.0291804e+01
   1.9400000e+02   1.0294256e+01
   1.9500000e+02   1.0295636e+01
   1.9600000e+02   1.0296663e+01
   1.9700000e+02   1.0296952e+01
   1.9800000e+02   1.0297434e+01
   1.9900000e+02   1.0297876e+01
   2.0000000e+02   1.0298271e+01
   2.0100000e+02   1.0298252e+01
   2.0200000e+02   1.0299056e+01
   2.0300000e+02   1.0299281e+01
   2.0400000e+02   1.0299739e+01
   2.0500000e+02   1.0299754e+01
   2.0600000e+02   1.0299848e+01
   2.0700000e+02   1.0299796e+01
   2.0800000e+02   1.0299742e+01
   2.0900000e+02   1.0299912e+01
   2.1000000e+02   1.0299744e+01
   2.1100000e+02   1.0299710e+01
   2.1200000e+02   1.0299794e+01
   2.1300000e+02   1.0299602e+01
   2.1400000e+02   1.0299931e+01
   2.1500000e+02   1.0300333e+01
   2.1600000e+02   1.0300078e+01
   2.1700000e+02   1.0299999e+01
   2.1800000e+02   1.0300060e+01
   2.1900000e+02   1.0300089e+01
   2.2000000e+02   1.0299977e+01
   2.2100000e+02   1.0300040e+01
   2.2200000e+02   1.0300002e+01
   2.2300000e+02   1.0299932e+01
   2.2400000e+02   1.0299939e+01
   2.2500000e+02   1.0300313e+01
   2.2600000e+02   1.0299842e+01
   2.2700000e+02   1.0300130e+01
   2.2800000e+02   1.0300119e+01
   2.2900000e+02   1.0300049e+01
   2.3000000e+02   1.0299845e+01
   2.3100000e+02   1.0299974e+01
   2.3200000e+02   1.0300130e+01
   2.3300000e+02   1.0300049e+01
   2.3400000e+02   1.0299984e+01
   2.3500000e+02   1.0300226e+01
   2.3600000e+02   1.0299748e+01
   2.3700000e+02   1.0300021e+01
   2.3800000e+02   1.0299782e+01
   2.3900000e+02   1.0299635e+01
   2.4000000e+02   1.0300032e+01
   2.4100000e+02   1.0299872e+01
   2.4200000e+02   1.0299587e+01
   2.4300000e+02   1.0299858e+01
   2.4400000e+02   1.0299790e+01
   2.4500000e+02   1.0299400e+01
   2.4600000e+02   1.0299641e+01
   2.4700000e+02   1.0299288e+01
   2.4800000e+02   1.0299075e+01
   2.4900000e+02   1.0299158e+01
   2.5000000e+02   1.0299403e+01
   2.5100000e+02   1.0298945e+01
   2.5200000e+02   1.0299367e+01
   2.5300000e+02   1.0299135e+01
   2.5400000e+02   1.0299244e+01
   2.5500000e+02   1.0299036e+01
   2.5600000e+02   1.0299105e+01
   2.5700000e+02   1.0299053e+01
   2.5800000e+02   1.0299072e+01
   2.5900000e+02   1.0299161e+01
   2.6000000e+02   1.0298931e+01
   2.6100000e+02   1.0298949e+01
   2.6200000e+02   1.0298674e+01
   2.6300000e+02   1.0298821e+01
   2.6400000e+02   1.0298661e+01
   2.6500000e+02   1.0298898e+01
   2.6600000e+02   1.0298768e+01
   2.6700000e+02   1.0299077e+01
   2.6800000e+02   1.0299039e+01
   2.6900000e+02   1.0298953e+01
   2.7000000e+02   1.0299252e+01
   2.7100000e+02   1.0299203e+01
   2.7200000e+02   1.0299400e+01
   2.7300000e+02   1.0299383e+01
   2.7400000e+02   1.0299035e+01
   2.7500000e+02   1.0299035e+01
   2.7600000e+02   1.0299032e+01
   2.7700000e+02   1.0299129e+01
   2.7800000e+02   1.0299006e+01
   2.7900000e+02   1.0299116e+01
   2.8000000e+02   1.0299087e+01
   2.8100000e+02   1.0299106e+01
   2.8200000e+02   1.0298849e+01
   2.8300000e+02   1.0299010e+01
   2.8400000e+02   1.0298973e+01
   2.8500000e+02   1.0298985e+01
   2.8600000e+02   1.0298760e+01
   2.8700000e+02   1.0299110e+01
   2.8800000e+02   1.0298925e+01
   2.8900000e+02   1.0298923e+01
   2.9000000e+02   1.0298883e+01
   2.9100000e+02   1.0298879e+01
   2.9200000e+02   1.0299020e+01
   2.9300000e+02   1.0298889e+01
   2.9400000e+02   1.0298911e+01
   2.9500000e+02   1.0299129e+01
   2.9600000e+02   1.0299142e+01
   2.9700000e+02   1.0298813e+01
   2.9800000e+02   1.0298785e+01
   2.9900000e+02   1.0298698e+01
   3.0000000e+02   1.0298890e+01
   3.0100000e+02   1.0298659e+01
   3.0200000e+02   1.0298521e+01
   3.0300000e+02   1.0298362e+01
   3.0400000e+02   1.0297754e+01
   3.0500000e+02   1.0296993e+01
   3.0600000e+02   1.0296636e+01
   3.0700000e+02   1.0295878e+01
   3.0800000e+02   1.0294664e+01
   3.0900000e+02   1.0293964e+01
   3.1000000e+02   1.0292707e+01
   3.1100000e+02   1.0291751e+01
   3.1200000e+02   1.0291163e+01
   3.1300000e+02   1.0290674e+01
   3.1400000e+02   1.0290741e+01
   3.1500000e+02   1.0289997e+01
   3.1600000e+02   1.0289321e+01
   3.1700000e+02   1.0288353e+01
   3.1800000e+02   1.0287291e+01
   3.1900000e+02   1.0285636e+01
   3.2000000e+02   1.0284242e+01
   3.2100000e+02   1.0283136e+01
   3.2200000e+02   1.0282532e+01
   3.2300000e+02   1.0282376e+01
   3.2400000e+02   1.0282556e+01
   3.2500000e+02   1.0282886e+01
   3.2600000e+02   1.0283871e+01
   3.2700000e+02   1.0285062e+01
   3.2800000e+02   1.0286478e+01
   3.2900000e+02   1.0287974e+01
   3.3000000e+02   1.0288807e+01
   3.3100000e+02   1.0290627e+01
   3.3200000e+02   1.0291556e+01
   3.3300000e+02   1.0292237e+01
   3.3400000e+02   1.0292865e+01
   3.3500000e+02   1.0293065e+01
   3.3600000e+02   1.0293309e+01
   3.3700000e+02   1.0293040e+01
   3.3800000e+02   1.0293079e+01
   3.3900000e+02   1.0292825e+01
   3.4000000e+02   1.0292959e+01
   3.4100000e+02   1.0292979e+01
   3.4200000e+02   1.0293710e+01
   3.4300000e+02   1.0293888e+01
   3.4400000e+02   1.0294529e+01
   3.4500000e+02   1.0294753e+01
   3.4600000e+02   1.0295193e+01
   3.4700000e+02   1.0295507e+01
   3.4800000e+02   1.0295798e+01
   3.4900000e+02   1.0296391e+01
   3.5000000e+02   1.0296357e+01
   3.5100000e+02   1.0296494e+01
   3.5200000e+02   1.0297099e+01
   3.5300000e+02   1.0297136e+01
   3.5400000e+02   1.0297257e+01
   3.5500000e+02   1.0297211e+01
   3.5600000e+02   1.0296931e+01
   3.5700000e+02   1.0297171e+01
   3.5800000e+02   1.0296898e+01
   3.5900000e+02   1.0296498e+01
   3.6000000e+02   1.0296891e+01
   3.6100000e+02   1.0296876e+01
   3.6200000e+02   1.0296901e+01
   3.6300000e+02   1.0296646e+01
   3.6400000e+02   1.0297275e+01
   3.6500000e+02   1.0296552e+01
   3.6600000e+02   1.0296864e+01
   3.6700000e+02   1.0296869e+01
   3.6800000e+02   1.0297022e+01
   3.6900000e+02   1.0296897e+01
   3.7000000e+02   1.0297110e+01
   3.7100000e+02   1.0297300e+01
   3.7200000e+02   1.0297298e+01
   3.7300000e+02   1.0297548e+01
   3.7400000e+02   1.0297334e+01
   3.7500000e+02   1.0297739e+01
   3.7600000e+02   1.0297689e+01
   3.7700000e+02   1.0297650e+01
   3.7800000e+02   1.0297578e+01
   3.7900000e+02   1.0297748e+01
   3.8000000e+02   1.0297790e+01
   3.8100000e+02   1.0297676e+01
   3.8200000e+02   1.0297490e+01
   3.8300000e+02   1.0297936e+01
   3.8400000e+02   1.0297178e+01
   3.8500000e+02   1.0297380e+01
   3.8600000e+02   1.0297238e+01
   3.8700000e+02   1.0297222e+01
   3.8800000e+02   1.0296947e+01
   3.8900000e+02   1.0296694e+01
   3.9000000e+02   1.0296911e+01
   3.9100000e+02   1.0296791e+01
   3.9200000e+02   1.0296554e+01
   3.9300000e+02   1.0296266e+01
   3.9400000e+02   1.0296339e+01
   3.9500000e+02   1.0296531e+01
   3.9600000e+02   1.0296435e+01
   3.9700000e+02   1.0296903e+01
   3.9800000e+02   1.0296859e+01
   3.9900000e+02   1.0296956e+01
   4.0000000e+02   1.0296943e+01
   4.0100000e+02   1.0297109e+01
   4.0200000e+02   1.0297133e+01
   4.0300000e+02   1.0297202e+01
   4.0400000e+02   1.0297148e+01
   4.0500000e+02   1.0297284e+01
   4.0600000e+02   1.0297288e+01
   4.0700000e+02   1.0297312e+01
   4.0800000e+02   1.0297123e+01
   4.0900000e+02   1.0297263e+01
   4.1000000e+02   1.0297066e+01
   4.1100000e+02   1.0297417e+01
   4.1200000e+02   1.0297084e+01
   4.1300000e+02   1.0296968e+01
   4.1400000e+02   1.0297024e+01
   4.1500000e+02   1.0296918e+01
   4.1600000e+02   1.0296919e+01
   4.1700000e+02   1.0296912e+01
   4.1800000e+02   1.0297020e+01
   4.1900000e+02   1.0297016e+01
   4.2000000e+02   1.0296907e+01
   4.2100000e+02   1.0297141e+01
   4.2200000e+02   1.0296984e+01
   4.2300000e+02   1.0296962e+01
   4.2400000e+02   1.0296881e+01
   4.2500000e+02   1.0296787e+01
   4.2600000e+02   1.0297045e+01
   4.2700000e+02   1.0296717e+01
   4.2800000e+02   1.0296999e+01
   4.2900000e+02   1.0296754e+01
   4.3000000e+02   1.0296681e+01
   4.3100000e+02   1.0296609e+01
   4.3200000e+02   1.0296383e+01
   4.3300000e+02   1.0296119e+01
   4.3400000e+02   1.0296121e+01
   4.3500000e+02   1.0296037e+01
   4.3600000e+02   1.0295564e+01
   4.3700000e+02   1.0294315e+01
   4.3800000e+02   1.0292633e+01
   4.3900000e+02   1.0289503e+01
   4.4000000e+02   1.0285023e+01
   4.4100000e+02   1.0278114e+01
   4.4200000e+02   1.0268440e+01
   4.4300000e+02   1.0256222e+01
   4.4400000e+02   1.0240801e+01
   4.4500000e+02   1.0223827e+01
   4.4600000e+02   1.0206350e+01
   4.4700000e+02   1.0189921e+01
   4.4800000e+02   1.0176121e+01
   4.4900000e+02   1.0166594e+01
   4.5000000e+02   1.0162009e+01
   4.5100000e+02   1.0162175e+01
   4.5200000e+02   1.0166757e+01
   4.5300000e+02   1.0174659e+01
   4.5400000e+02   1.0184865e+01
   4.5500000e+02   1.0196732e+01
   4.5600000e+02   1.0208714e+01
   4.5700000e+02   1.0220434e+01
   4.5800000e+02   1.0231340e+01
   4.5900000e+02   1.0241748e+01
   4.6000000e+02   1.0250510e+01
   4.6100000e+02   1.0258055e+01
   4.6200000e+02   1.0264132e+01
   4.6300000e+02   1.0269346e+01
   4.6400000e+02   1.0273163e+01
   4.6500000e+02   1.0276684e+01
   4.6600000e+02   1.0279562e+01
   4.6700000e+02   1.0281960e+01
   4.6800000e+02   1.0283735e+01
   4.6900000e+02   1.0285331e+01
   4.7000000e+02   1.0286676e+01
   4.7100000e+02   1.0287840e+01
   4.7200000e+02   1.0289109e+01
   4.7300000e+02   1.0290119e+01
   4.7400000e+02   1.0290913e+01
   4.7500000e+02   1.0291658e+01
   4.7600000e+02   1.0292402e+01
   4.7700000e+02   1.0293171e+01
   4.7800000e+02   1.0293824e+01
   4.7900000e+02   1.0294333e+01
   4.8000000e+02   1.0294170e+01
   4.8100000e+02   1.0294784e+01
   4.8200000e+02   1.0295153e+01
   4.8300000e+02   1.0295272e+01
   4.8400000e+02   1.0295275e+01
   4.8500000e+02   1.0295456e+01
   4.8600000e+02   1.0295472e+01
   4.8700000e+02   1.0295509e+01
   4.8800000e+02   1.0295484e+01
   4.8900000e+02   1.0295494e+01
   4.9000000e+02   1.0295358e+01
   4.9100000e+02   1.0295559e+01
   4.9200000e+02   1.0295364e+01
   4.9300000e+02   1.0295615e+01
   4.9400000e+02   1.0295383e+01
   4.9500000e+02   1.0295252e+01
   4.9600000e+02   1.0295774e+01
   4.9700000e+02   1.0295622e+01
   4.9800000e+02   1.0295598e+01
   4.9900000e+02   1.0295707e+01
   5.0000000e+02   1.0295469e+01
   5.0100000e+02   1.0295735e+01
   5.0200000e+02   1.0295697e+01
   5.0300000e+02   1.0295605e+01
   5.0400000e+02   1.0295732e+01
   5.0500000e+02   1.0295860e+01
   5.0600000e+02   1.0296070e+01
   5.0700000e+02   1.0295702e+01
   5.0800000e+02   1.0295744e+01
   5.0900000e+02   1.0295714e+01
   5.1000000e+02   1.0295467e+01
   5.1100000e+02   1.0295946e+01
   5.1200000e+02   1.0295627e+01
   5.1300000e+02   1.0295901e+01
   5.1400000e+02   1.0295840e+01
   5.1500000e+02   1.0295594e+01
   5.1600000e+02   1.0295902e+01
   5.1700000e+02   1.0295807e+01
   5.1800000e+02   1.0295743e+01
   5.1900000e+02   1.0295829e+01
   5.2000000e+02   1.0295633e+01
   5.2100000e+02   1.0295761e+01
   5.2200000e+02   1.0295819e+01
   5.2300000e+02   1.0295626e+01
   5.2400000e+02   1.0295608e+01
   5.2500000e+02   1.0295784e+01
   5.2600000e+02   1.0295571e+01
   5.2700000e+02   1.0296028e+01
   5.2800000e+02   1.0296088e+01
   5.2900000e+02   1.0295922e+01
   5.3000000e+02   1.0295994e+01
   5.3100000e+02   1.0295950e+01
   5.3200000e+02   1.0295714e+01
   5.3300000e+02   1.0295637e+01
   5.3400000e+02   1.0295800e+01
   5.3500000e+02   1.0295745e+01
   5.3600000e+02   1.0295750e+01
   5.3700000e+02   1.0295810e+01
   5.3800000e+02   1.0295604e+01
   5.3900000e+02   1.0295718e+01
   5.4000000e+02   1.0295671e+01
   5.4100000e+02   1.0295777e+01
   5.4200000e+02   1.0295538e+01
   5.4300000e+02   1.0295274e+01
   5.4400000e+02   1.0295296e+01
   5.4500000e+02   1.0295290e+01
   5.4600000e+02   1.0295181e+01
   5.4700000e+02   1.0295520e+01
   5.4800000e+02   1.0295091e+01
   5.4900000e+02   1.0295266e+01
   5.5000000e+02   1.0295306e+01
   5.5100000e+02   1.0295406e+01
   5.5200000e+02   1.0295224e+01
   5.5300000e+02   1.0295450e+01
   5.5400000e+02   1.0295381e+01
   5.5500000e+02   1.0295227e+01
   5.5600000e+02   1.0295346e+01
   5.5700000e+02   1.0295402e+01
   5.5800000e+02   1.0295258e+01
   5.5900000e+02   1.0295160e+01
   5.6000000e+02   1.0295265e+01
   5.6100000e+02   1.0295242e+01
   5.6200000e+02   1.0295308e+01
   5.6300000e+02   1.0295408e+01
   5.6400000e+02   1.0295345e+01
   5.6500000e+02   1.0295399e+01
   5.6600000e+02   1.0295056e+01
   5.6700000e+02   1.0295103e+01
   5.6800000e+02   1.0294986e+01
   5.6900000e+02   1.0295123e+01
   5.7000000e+02   1.0295070e+01
   5.7100000e+02   1.0295170e+01
   5.7200000e+02   1.0295042e+01
   5.7300000e+02   1.0294945e+01
   5.7400000e+02   1.0295322e+01
   5.7500000e+02   1.0295192e+01
   5.7600000e+02   1.0295245e+01
   5.7700000e+02   1.0295130e+01
   5.7800000e+02   1.0295006e+01
   5.7900000e+02   1.0295154e+01
   5.8000000e+02   1.0294960e+01
   5.8100000e+02   1.0294953e+01
   5.8200000e+02   1.0294687e+01
   5.8300000e+02   1.0295277e+01
   5.8400000e+02   1.0295079e+01
   5.8500000e+02   1.0295157e+01
   5.8600000e+02   1.0294685e+01
   5.8700000e+02   1.0294637e+01
   5.8800000e+02   1.0294645e+01
   5.8900000e+02   1.0294685e+01
   5.9000000e+02   1.0294858e+01
   5.9100000e+02   1.0294630e+01
   5.9200000e+02   1.0294388e+01
   5.9300000e+02   1.0294346e+01
   5.9400000e+02   1.0294408e+01
   5.9500000e+02   1.0294521e+01
   5.9600000e+02   1.0294618e+01
   5.9700000e+02   1.0294660e+01
   5.9800000e+02   1.0294606e+01
   5.9900000e+02   1.0294570e+01
   6.0000000e+02   1.0294730e+01
   6.0100000e+02   1.0294541e+01
   6.0200000e+02   1.0294944e+01
   6.0300000e+02   1.0295057e+01
   6.0400000e+02   1.0294486e+01
   6.0500000e+02   1.0294883e+01
   6.0600000e+02   1.0294755e+01
   6.0700000e+02   1.0294896e+01
   6.0800000e+02   1.0294924e+01
   6.0900000e+02   1.0294762e+01
   6.1000000e+02   1.0294657e+01
   6.1100000e+02   1.0294999e+01
   6.1200000e+02   1.0294910e+01
   6.1300000e+02   1.0295141e+01
   6.1400000e+02   1.0294631e+01
   6.1500000e+02   1.0294669e+01
   6.1600000e+02   1.0294871e+01
   6.1700000e+02   1.0294817e+01
   6.1800000e+02   1.0294437e+01
   6.1900000e+02   1.0294558e+01
   6.2000000e+02   1.0294338e+01
   6.2100000e+02   1.0294513e+01
   6.2200000e+02   1.0294599e+01
   6.2300000e+02   1.0294417e+01
   6.2400000e+02   1.0294408e+01
   6.2500000e+02   1.0294568e+01
   6.2600000e+02   1.0294424e+01
   6.2700000e+02   1.0294334e+01
   6.2800000e+02   1.0294145e+01
   6.2900000e+02   1.0294043e+01
   6.3000000e+02   1.0294206e+01
   6.3100000e+02   1.0294206e+01
   6.3200000e+02   1.0293924e+01
   6.3300000e+02   1.0294214e+01
   6.3400000e+02   1.0294000e+01
   6.3500000e+02   1.0293988e+01
   6.3600000e+02   1.0293895e+01
   6.3700000e+02   1.0294159e+01
   6.3800000e+02   1.0294109e+01
   6.3900000e+02   1.0294192e+01
   6.4000000e+02   1.0294443e+01
   6.4100000e+02   1.0294141e+01
   6.4200000e+02   1.0294515e+01
   6.4300000e+02   1.0294097e+01
   6.4400000e+02   1.0294208e+01
   6.4500000e+02   1.0294509e+01
   6.4600000e+02   1.0294198e+01
   6.4700000e+02   1.0294234e+01
   6.4800000e+02   1.0294397e+01
   6.4900000e+02   1.0294142e+01
   6.5000000e+02   1.0294284e+01
   6.5100000e+02   1.0294312e+01
   6.5200000e+02   1.0294263e+01
   6.5300000e+02   1.0294057e+01
   6.5400000e+02   1.0294117e+01
   6.5500000e+02   1.0294079e+01
   6.5600000e+02   1.0293975e+01
   6.5700000e+02   1.0294068e+01
   6.5800000e+02   1.0293942e+01
   6.5900000e+02   1.0293762e+01
   6.6000000e+02   1.0293888e+01
   6.6100000e+02   1.0293469e+01
   6.6200000e+02   1.0294842e+01
   6.6300000e+02   1.0293882e+01
   6.6400000e+02   1.0293783e+01
   6.6500000e+02   1.0293673e+01
   6.6600000e+02   1.0293504e+01
   6.6700000e+02   1.0293227e+01
   6.6800000e+02   1.0292990e+01
   6.6900000e+02   1.0292433e+01
   6.7000000e+02   1.0291803e+01
   6.7100000e+02   1.0290911e+01
   6.7200000e+02   1.0289548e+01
   6.7300000e+02   1.0287520e+01
   6.7400000e+02   1.0284819e+01
   6.7500000e+02   1.0282075e+01
   6.7600000e+02   1.0278458e+01
   6.7700000e+02   1.0273943e+01
   6.7800000e+02   1.0268884e+01
   6.7900000e+02   1.0263372e+01
   6.8000000e+02   1.0257559e+01
   6.8100000e+02   1.0251292e+01
   6.8200000e+02   1.0245340e+01
   6.8300000e+02   1.0239878e+01
   6.8400000e+02   1.0235051e+01
   6.8500000e+02   1.0231295e+01
   6.8600000e+02   1.0228765e+01
   6.8700000e+02   1.0227406e+01
   6.8800000e+02   1.0227433e+01
   6.8900000e+02   1.0228506e+01
   6.9000000e+02   1.0230531e+01
   6.9100000e+02   1.0233606e+01
   6.9200000e+02   1.0236970e+01
   6.9300000e+02   1.0241021e+01
   6.9400000e+02   1.0245635e+01
   6.9500000e+02   1.0249574e+01
   6.9600000e+02   1.0254310e+01
   6.9700000e+02   1.0258364e+01
   6.9800000e+02   1.0262099e+01
   6.9900000e+02   1.0265774e+01
   7.0000000e+02   1.0269330e+01
   7.0100000e+02   1.0272072e+01
   7.0200000e+02   1.0275113e+01
   7.0300000e+02   1.0277389e+01
   7.0400000e+02   1.0279342e+01
   7.0500000e+02   1.0281137e+01
   7.0600000e+02   1.0282831e+01
   7.0700000e+02   1.0284215e+01
   7.0800000e+02   1.0285248e+01
   7.0900000e+02   1.0286533e+01
   7.1000000e+02   1.0287302e+01
   7.1100000e+02   1.0288326e+01
   7.1200000e+02   1.0289057e+01
   7.1300000e+02   1.0289400e+01
   7.1400000e+02   1.0290002e+01
   7.1500000e+02   1.0290742e+01
   7.1600000e+02   1.0291063e+01
   7.1700000e+02   1.0291580e+01
   7.1800000e+02   1.0291809e+01
   7.1900000e+02   1.0292043e+01
   7.2000000e+02   1.0292630e+01
   7.2100000e+02   1.0292649e+01
   7.2200000e+02   1.0292813e+01
   7.2300000e+02   1.0292832e+01
   7.2400000e+02   1.0293102e+01
   7.2500000e+02   1.0293078e+01
   7.2600000e+02   1.0292894e+01
   7.2700000e+02   1.0292926e+01
   7.2800000e+02   1.0292978e+01
   7.2900000e+02   1.0292827e+01
   7.3000000e+02   1.0292904e+01
   7.3100000e+02   1.0293044e+01
   7.3200000e+02   1.0293286e+01
   7.3300000e+02   1.0293268e+01
   7.3400000e+02   1.0293147e+01
   7.3500000e+02   1.0293503e+01
   7.3600000e+02   1.0293033e+01
   7.3700000e+02   1.0293184e+01
   7.3800000e+02   1.0293158e+01
   7.3900000e+02   1.0293368e+01
   7.4000000e+02   1.0293416e+01
   7.4100000e+02   1.0293508e+01
   7.4200000e+02   1.0293604e+01
   7.4300000e+02   1.0293193e+01
   7.4400000e+02   1.0293409e+01
   7.4500000e+02   1.0293819e+01
   7.4600000e+02   1.0293221e+01
   7.4700000e+02   1.0293380e+01
   7.4800000e+02   1.0293391e+01
   7.4900000e+02   1.0293547e+01
   7.5000000e+02   1.0293459e+01
   7.5100000e+02   1.0293770e+01
   7.5200000e+02   1.0293158e+01
   7.5300000e+02   1.0293132e+01
   7.5400000e+02   1.0293039e+01
   7.5500000e+02   1.0292968e+01
   7.5600000e+02   1.0293174e+01
   7.5700000e+02   1.0293029e+01
   7.5800000e+02   1.0293115e+01
   7.5900000e+02   1.0293177e+01
   7.6000000e+02   1.0293173e+01
   7.6100000e+02   1.0293007e+01
   7.6200000e+02   1.0293203e+01
   7.6300000e+02   1.0293556e+01
   7.6400000e+02   1.0292852e+01
   7.6500000e+02   1.0292875e+01
   7.6600000e+02   1.0293333e+01
   7.6700000e+02   1.0293180e+01
   7.6800000e+02   1.0292811e+01
   7.6900000e+02   1.0292984e+01
   7.7000000e+02   1.0293327e+01
   7.7100000e+02   1.0293400e+01
   7.7200000e+02   1.0293020e+01
   7.7300000e+02   1.0292711e+01
   7.7400000e+02   1.0293085e+01
   7.7500000e+02   1.0292860e+01
   7.7600000e+02   1.0292972e+01
   7.7700000e+02   1.0292965e+01
   7.7800000e+02   1.0292832e+01
   7.7900000e+02   1.0292894e+01
   7.8000000e+02   1.0292765e+01
