   0.0000000e+00   1.0310521e+01
   1.0000000e+00   1.0306979e+01
   2.0000000e+00   1.0306409e+01
   3.0000000e+00   1.0305625e+01
   4.0000000e+00   1.0305204e+01
   5.0000000e+00   1.0305009e+01
   6.0000000e+00   1.0304755e+01
   7.0000000e+00   1.0304473e+01
   8.0000000e+00   1.0304097e+01
   9.0000000e+00   1.0304008e+01
   1.0000000e+01   1.0303935e+01
   1.1000000e+01   1.0303532e+01
   1.2000000e+01   1.0303427e+01
   1.3000000e+01   1.0303277e+01
   1.4000000e+01   1.0303083e+01
   1.5000000e+01   1.0302964e+01
   1.6000000e+01   1.0302859e+01
   1.7000000e+01   1.0302870e+01
   1.8000000e+01   1.0302907e+01
   1.9000000e+01   1.0302881e+01
   2.0000000e+01   1.0302666e+01
   2.1000000e+01   1.0302376e+01
   2.2000000e+01   1.0302529e+01
   2.3000000e+01   1.0302064e+01
   2.4000000e+01   1.0302253e+01
   2.5000000e+01   1.0302002e+01
   2.6000000e+01   1.0302058e+01
   2.7000000e+01   1.0301749e+01
   2.8000000e+01   1.0301788e+01
   2.9000000e+01   1.0301668e+01
   3.0000000e+01   1.0301542e+01
   3.1000000e+01   1.0301487e+01
   3.2000000e+01   1.0301397e+01
   3.3000000e+01   1.0301459e+01
   3.4000000e+01   1.0301420e+01
   3.5000000e+01   1.0301613e+01
   3.6000000e+01   1.0301332e+01
   3.7000000e+01   1.0301294e+01
   3.8000000e+01   1.0301074e+01
   3.9000000e+01   1.0300983e+01
   4.0000000e+01   1.0301059e+01
   4.1000000e+01   1.0301019e+01
   4.2000000e+01   1.0300835e+01
   4.3000000e+01   1.0300998e+01
   4.4000000e+01   1.0300670e+01
   4.5000000e+01   1.0300664e+01
   4.6000000e+01   1.0300441e+01
   4.7000000e+01   1.0300380e+01
   4.8000000e+01   1.0300568e+01
   4.9000000e+01   1.0300313e+01
   5.0000000e+01   1.0300324e+01
   5.1000000e+01   1.0299931e+01
   5.2000000e+01   1.0300313e+01
   5.3000000e+01   1.0299995e+01
   5.4000000e+01   1.0299971e+01
   5.5000000e+01   1.0299829e+01
   5.6000000e+01   1.0299986e+01
   5.7000000e+01   1.0299876e+01
   5.8000000e+01   1.0300108e+01
   5.9000000e+01   1.0300055e+01
   6.0000000e+01   1.0299776e+01
   6.1000000e+01   1.0299661e+01
   6.2000000e+01   1.0299970e+01
   6.3000000e+01   1.0299715e+01
   6.4000000e+01   1.0299296e+01
   6.5000000e+01   1.0299329e+01
   6.6000000e+01   1.0299410e+01
   6.7000000e+01   1.0299511e+01
   6.8000000e+01   1.0299421e+01
   6.9000000e+01   1.0299319e+01
   7.0000000e+01   1.0299427e+01
   7.1000000e+01   1.0299374e+01
   7.2000000e+01   1.0299344e+01
   7.3000000e+01   1.0299253e+01
   7.4000000e+01   1.0299285e+01
   7.5000000e+01   1.0299008e+01
   7.6000000e+01   1.0298966e+01
   7.7000000e+01   1.0299035e+01
   7.8000000e+01   1.0298856e+01
   7.9000000e+01   1.0298958e+01
   8.0000000e+01   1.0299144e+01
   8.1000000e+01   1.0298781e+01
   8.2000000e+01   1.0298804e+01
   8.3000000e+01   1.0298647e+01
   8.4000000e+01   1.0298516e+01
   8.5000000e+01   1.0298516e+01
   8.6000000e+01   1.0298601e+01
   8.7000000e+01   1.0298341e+01
   8.8000000e+01   1.0298491e+01
   8.9000000e+01   1.0298290e+01
   9.0000000e+01   1.0298255e+01
   9.1000000e+01   1.0298419e+01
   9.2000000e+01   1.0298303e+01
   9.3000000e+01   1.0298022e+01
   9.4000000e+01   1.0298251e+01
   9.5000000e+01   1.0298075e+01
   9.6000000e+01   1.0298195e+01
   9.7000000e+01   1.0298006e+01
   9.8000000e+01   1.0298063e+01
   9.9000000e+01   1.0298037e+01
   1.0000000e+02   1.0297744e+01
   1.0100000e+02   1.0297828e+01
   1.0200000e+02   1.0297848e+01
   1.0300000e+02   1.0297862e+01
   1.0400000e+02   1.0297713e+01
   1.0500000e+02   1.0297873e+01
   1.0600000e+02   1.0297666e+01
   1.0700000e+02   1.0297602e+01
   1.0800000e+02   1.0297616e+01
   1.0900000e+02   1.0297453e+01
   1.1000000e+02   1.0297401e+01
   1.1100000e+02   1.0297553e+01
   1.1200000e+02   1.0297482e+01
   1.1300000e+02   1.0297347e+01
   1.1400000e+02   1.0297227e+01
   1.1500000e+02   1.0297066e+01
   1.1600000e+02   1.0297150e+01
   1.1700000e+02   1.0296972e+01
   1.1800000e+02   1.0297060e+01
   1.1900000e+02   1.0297272e+01
   1.2000000e+02   1.0296755e+01
   1.2100000e+02   1.0296857e+01
   1.2200000e+02   1.0297019e+01
   1.2300000e+02   1.0296970e+01
   1.2400000e+02   1.0296818e+01
   1.2500000e+02   1.0296938e+01
   1.2600000e+02   1.0297035e+01
   1.2700000e+02   1.0297004e+01
   1.2800000e+02   1.0296962e+01
   1.2900000e+02   1.0296624e+01
   1.3000000e+02   1.0297041e+01
   1.3100000e+02   1.0296800e+01
   1.3200000e+02   1.0296948e+01
   1.3300000e+02   1.0296609e+01
   1.3400000e+02   1.0296638e+01
   1.3500000e+02   1.0296753e+01
   1.3600000e+02   1.0296721e+01
   1.3700000e+02   1.0296506e+01
   1.3800000e+02   1.0296449e+01
   1.3900000e+02   1.0296620e+01
   1.4000000e+02   1.0296437e+01
   1.4100000e+02   1.0296622e+01
   1.4200000e+02   1.0296567e+01
   1.4300000e+02   1.0296283e+01
   1.4400000e+02   1.0296407e+01
   1.4500000e+02   1.0296334e+01
   1.4600000e+02   1.0296255e+01
   1.4700000e+02   1.0296429e+01
   1.4800000e+02   1.0296437e+01
   1.4900000e+02   1.0296212e+01
   1.5000000e+02   1.0296371e+01
   1.5100000e+02   1.0296318e+01
   1.5200000e+02   1.0296274e+01
   1.5300000e+02   1.0295925e+01
   1.5400000e+02   1.0295936e+01
   1.5500000e+02   1.0296405e+01
   1.5600000e+02   1.0296219e+01
   1.5700000e+02   1.0295846e+01
   1.5800000e+02   1.0296174e+01
   1.5900000e+02   1.0296090e+01
   1.6000000e+02   1.0296228e+01
   1.6100000e+02   1.0296146e+01
   1.6200000e+02   1.0296171e+01
   1.6300000e+02   1.0296086e+01
   1.6400000e+02   1.0296106e+01
   1.6500000e+02   1.0296079e+01
   1.6600000e+02   1.0295171e+01
   1.6700000e+02   1.0289195e+01
   1.6800000e+02   1.0272475e+01
   1.6900000e+02   1.0262689e+01
   1.7000000e+02   1.0269724e+01
   1.7100000e+02   1.0279642e+01
   1.7200000e+02   1.0285557e+01
   1.7300000e+02   1.0287474e+01
   1.7400000e+02   1.0289124e+01
   1.7500000e+02   1.0290543e+01
   1.7600000e+02   1.0291309e+01
   1.7700000e+02   1.0292039e+01
   1.7800000e+02   1.0290142e+01
   1.7900000e+02   1.0260292e+01
   1.8000000e+02   1.0216418e+01
   1.8100000e+02   1.0216662e+01
   1.8200000e+02   1.0228793e+01
   1.8300000e+02   1.0235487e+01
   1.8400000e+02   1.0242920e+01
   1.8500000e+02   1.0246456e+01
   1.8600000e+02   1.0248510e+01
   1.8700000e+02   1.0250571e+01
   1.8800000e+02   1.0252965e+01
   1.8900000e+02   1.0258293e+01
   1.9000000e+02   1.0265298e+01
   1.9100000e+02   1.0271313e+01
   1.9200000e+02   1.0277624e+01
   1.9300000e+02   1.0282384e+01
   1.9400000e+02   1.0285445e+01
   1.9500000e+02   1.0287422e+01
   1.9600000e+02   1.0288611e+01
   1.9700000e+02   1.0289349e+01
   1.9800000e+02   1.0290239e+01
   1.9900000e+02   1.0291064e+01
   2.0000000e+02   1.0291892e+01
   2.0100000e+02   1.0292621e+01
   2.0200000e+02   1.0292940e+01
   2.0300000e+02   1.0293545e+01
   2.0400000e+02   1.0293743e+01
   2.0500000e+02   1.0293921e+01
   2.0600000e+02   1.0294129e+01
   2.0700000e+02   1.0294448e+01
   2.0800000e+02   1.0294449e+01
   2.0900000e+02   1.0294482e+01
   2.1000000e+02   1.0294729e+01
   2.1100000e+02   1.0294485e+01
   2.1200000e+02   1.0294612e+01
   2.1300000e+02   1.0294493e+01
   2.1400000e+02   1.0294511e+01
   2.1500000e+02   1.0294399e+01
   2.1600000e+02   1.0294311e+01
   2.1700000e+02   1.0294411e+01
   2.1800000e+02   1.0294417e+01
   2.1900000e+02   1.0294308e+01
   2.2000000e+02   1.0294103e+01
   2.2100000e+02   1.0294317e+01
   2.2200000e+02   1.0293737e+01
   2.2300000e+02   1.0293860e+01
   2.2400000e+02   1.0293746e+01
   2.2500000e+02   1.0293760e+01
   2.2600000e+02   1.0293383e+01
   2.2700000e+02   1.0293333e+01
   2.2800000e+02   1.0293496e+01
   2.2900000e+02   1.0293497e+01
   2.3000000e+02   1.0293660e+01
   2.3100000e+02   1.0293526e+01
   2.3200000e+02   1.0293781e+01
   2.3300000e+02   1.0293637e+01
   2.3400000e+02   1.0293655e+01
   2.3500000e+02   1.0293723e+01
   2.3600000e+02   1.0293570e+01
   2.3700000e+02   1.0293828e+01
   2.3800000e+02   1.0293383e+01
   2.3900000e+02   1.0293876e+01
   2.4000000e+02   1.0293669e+01
   2.4100000e+02   1.0293500e+01
   2.4200000e+02   1.0293202e+01
   2.4300000e+02   1.0292363e+01
   2.4400000e+02   1.0291041e+01
   2.4500000e+02   1.0288677e+01
   2.4600000e+02   1.0285400e+01
   2.4700000e+02   1.0282540e+01
   2.4800000e+02   1.0279759e+01
   2.4900000e+02   1.0277905e+01
   2.5000000e+02   1.0277219e+01
   2.5100000e+02   1.0277743e+01
   2.5200000e+02   1.0278445e+01
   2.5300000e+02   1.0279297e+01
   2.5400000e+02   1.0279642e+01
   2.5500000e+02   1.0279708e+01
   2.5600000e+02   1.0278955e+01
   2.5700000e+02   1.0278061e+01
   2.5800000e+02   1.0277273e+01
   2.5900000e+02   1.0276439e+01
   2.6000000e+02   1.0275299e+01
   2.6100000e+02   1.0274367e+01
   2.6200000e+02   1.0273723e+01
   2.6300000e+02   1.0273060e+01
   2.6400000e+02   1.0272638e+01
   2.6500000e+02   1.0273389e+01
   2.6600000e+02   1.0274334e+01
   2.6700000e+02   1.0276137e+01
   2.6800000e+02   1.0277667e+01
   2.6900000e+02   1.0279287e+01
   2.7000000e+02   1.0280497e+01
   2.7100000e+02   1.0281814e+01
   2.7200000e+02   1.0282466e+01
   2.7300000e+02   1.0283019e+01
   2.7400000e+02   1.0283495e+01
   2.7500000e+02   1.0284079e+01
   2.7600000e+02   1.0284601e+01
   2.7700000e+02   1.0284947e+01
   2.7800000e+02   1.0285672e+01
   2.7900000e+02   1.0286157e+01
   2.8000000e+02   1.0286652e+01
   2.8100000e+02   1.0287317e+01
   2.8200000e+02   1.0287129e+01
   2.8300000e+02   1.0287881e+01
   2.8400000e+02   1.0288196e+01
   2.8500000e+02   1.0288784e+01
   2.8600000e+02   1.0289060e+01
   2.8700000e+02   1.0289472e+01
   2.8800000e+02   1.0289780e+01
   2.8900000e+02   1.0289799e+01
   2.9000000e+02   1.0290023e+01
   2.9100000e+02   1.0290268e+01
   2.9200000e+02   1.0290571e+01
   2.9300000e+02   1.0290596e+01
   2.9400000e+02   1.0290977e+01
   2.9500000e+02   1.0290987e+01
   2.9600000e+02   1.0291090e+01
   2.9700000e+02   1.0291002e+01
   2.9800000e+02   1.0291192e+01
   2.9900000e+02   1.0290879e+01
   3.0000000e+02   1.0290296e+01
   3.0100000e+02   1.0289634e+01
   3.0200000e+02   1.0288484e+01
   3.0300000e+02   1.0286714e+01
   3.0400000e+02   1.0284755e+01
   3.0500000e+02   1.0281852e+01
   3.0600000e+02   1.0277443e+01
   3.0700000e+02   1.0272348e+01
   3.0800000e+02   1.0266571e+01
   3.0900000e+02   1.0259416e+01
   3.1000000e+02   1.0252756e+01
   3.1100000e+02   1.0247761e+01
   3.1200000e+02   1.0244143e+01
   3.1300000e+02   1.0242177e+01
   3.1400000e+02   1.0241348e+01
   3.1500000e+02   1.0238991e+01
   3.1600000e+02   1.0234945e+01
   3.1700000e+02   1.0228215e+01
   3.1800000e+02   1.0219784e+01
   3.1900000e+02   1.0210704e+01
   3.2000000e+02   1.0202231e+01
   3.2100000e+02   1.0195970e+01
   3.2200000e+02   1.0192704e+01
   3.2300000e+02   1.0191632e+01
   3.2400000e+02   1.0192852e+01
   3.2500000e+02   1.0196014e+01
   3.2600000e+02   1.0201063e+01
   3.2700000e+02   1.0208101e+01
   3.2800000e+02   1.0215607e+01
   3.2900000e+02   1.0223596e+01
   3.3000000e+02   1.0231624e+01
   3.3100000e+02   1.0238380e+01
   3.3200000e+02   1.0244337e+01
   3.3300000e+02   1.0248968e+01
   3.3400000e+02   1.0251627e+01
   3.3500000e+02   1.0252893e+01
   3.3600000e+02   1.0253208e+01
   3.3700000e+02   1.0252727e+01
   3.3800000e+02   1.0252368e+01
   3.3900000e+02   1.0252363e+01
   3.4000000e+02   1.0253748e+01
   3.4100000e+02   1.0255964e+01
   3.4200000e+02   1.0258945e+01
   3.4300000e+02   1.0262273e+01
   3.4400000e+02   1.0265889e+01
   3.4500000e+02   1.0269223e+01
   3.4600000e+02   1.0272639e+01
   3.4700000e+02   1.0275122e+01
   3.4800000e+02   1.0277344e+01
   3.4900000e+02   1.0279278e+01
   3.5000000e+02   1.0281078e+01
   3.5100000e+02   1.0282800e+01
   3.5200000e+02   1.0283703e+01
   3.5300000e+02   1.0284997e+01
   3.5400000e+02   1.0285449e+01
   3.5500000e+02   1.0286082e+01
   3.5600000e+02   1.0286270e+01
   3.5700000e+02   1.0286155e+01
   3.5800000e+02   1.0286093e+01
   3.5900000e+02   1.0285807e+01
   3.6000000e+02   1.0285273e+01
   3.6100000e+02   1.0285287e+01
   3.6200000e+02   1.0284914e+01
   3.6300000e+02   1.0285186e+01
   3.6400000e+02   1.0284996e+01
   3.6500000e+02   1.0285557e+01
   3.6600000e+02   1.0285990e+01
   3.6700000e+02   1.0286568e+01
   3.6800000e+02   1.0287196e+01
   3.6900000e+02   1.0287853e+01
   3.7000000e+02   1.0288069e+01
   3.7100000e+02   1.0288345e+01
   3.7200000e+02   1.0288958e+01
   3.7300000e+02   1.0289212e+01
   3.7400000e+02   1.0289337e+01
   3.7500000e+02   1.0289607e+01
   3.7600000e+02   1.0289628e+01
   3.7700000e+02   1.0289970e+01
   3.7800000e+02   1.0290106e+01
   3.7900000e+02   1.0290562e+01
   3.8000000e+02   1.0290637e+01
   3.8100000e+02   1.0290400e+01
   3.8200000e+02   1.0290247e+01
   3.8300000e+02   1.0290131e+01
   3.8400000e+02   1.0290024e+01
   3.8500000e+02   1.0289601e+01
   3.8600000e+02   1.0288934e+01
   3.8700000e+02   1.0287949e+01
   3.8800000e+02   1.0287385e+01
   3.8900000e+02   1.0286935e+01
   3.9000000e+02   1.0286057e+01
   3.9100000e+02   1.0286126e+01
   3.9200000e+02   1.0285659e+01
   3.9300000e+02   1.0285788e+01
   3.9400000e+02   1.0286207e+01
   3.9500000e+02   1.0286390e+01
   3.9600000e+02   1.0286643e+01
   3.9700000e+02   1.0287473e+01
   3.9800000e+02   1.0287758e+01
   3.9900000e+02   1.0288309e+01
   4.0000000e+02   1.0288454e+01
   4.0100000e+02   1.0288884e+01
   4.0200000e+02   1.0289212e+01
   4.0300000e+02   1.0289333e+01
   4.0400000e+02   1.0289445e+01
   4.0500000e+02   1.0289747e+01
   4.0600000e+02   1.0289606e+01
   4.0700000e+02   1.0289938e+01
   4.0800000e+02   1.0290037e+01
   4.0900000e+02   1.0289969e+01
   4.1000000e+02   1.0289962e+01
   4.1100000e+02   1.0290253e+01
   4.1200000e+02   1.0290568e+01
   4.1300000e+02   1.0290300e+01
   4.1400000e+02   1.0290534e+01
   4.1500000e+02   1.0290244e+01
   4.1600000e+02   1.0290611e+01
   4.1700000e+02   1.0290518e+01
   4.1800000e+02   1.0290521e+01
   4.1900000e+02   1.0290688e+01
   4.2000000e+02   1.0290906e+01
   4.2100000e+02   1.0290702e+01
   4.2200000e+02   1.0290520e+01
   4.2300000e+02   1.0290728e+01
   4.2400000e+02   1.0290707e+01
   4.2500000e+02   1.0290666e+01
   4.2600000e+02   1.0290552e+01
   4.2700000e+02   1.0290408e+01
   4.2800000e+02   1.0290564e+01
   4.2900000e+02   1.0290628e+01
   4.3000000e+02   1.0290689e+01
   4.3100000e+02   1.0290571e+01
   4.3200000e+02   1.0290577e+01
   4.3300000e+02   1.0290238e+01
   4.3400000e+02   1.0290199e+01
   4.3500000e+02   1.0289951e+01
   4.3600000e+02   1.0289609e+01
   4.3700000e+02   1.0289006e+01
   4.3800000e+02   1.0288262e+01
   4.3900000e+02   1.0286372e+01
   4.4000000e+02   1.0283722e+01
   4.4100000e+02   1.0279697e+01
   4.4200000e+02   1.0274078e+01
   4.4300000e+02   1.0266491e+01
   4.4400000e+02   1.0257410e+01
   4.4500000e+02   1.0247322e+01
   4.4600000e+02   1.0236680e+01
   4.4700000e+02   1.0226296e+01
   4.4800000e+02   1.0217665e+01
   4.4900000e+02   1.0211560e+01
   4.5000000e+02   1.0208147e+01
   4.5100000e+02   1.0207731e+01
   4.5200000e+02   1.0209895e+01
   4.5300000e+02   1.0214119e+01
   4.5400000e+02   1.0219858e+01
   4.5500000e+02   1.0226359e+01
   4.5600000e+02   1.0233192e+01
   4.5700000e+02   1.0239427e+01
   4.5800000e+02   1.0245834e+01
   4.5900000e+02   1.0251000e+01
   4.6000000e+02   1.0256227e+01
   4.6100000e+02   1.0260277e+01
   4.6200000e+02   1.0264077e+01
   4.6300000e+02   1.0267481e+01
   4.6400000e+02   1.0270041e+01
   4.6500000e+02   1.0272530e+01
   4.6600000e+02   1.0274888e+01
   4.6700000e+02   1.0276454e+01
   4.6800000e+02   1.0278425e+01
   4.6900000e+02   1.0280271e+01
   4.7000000e+02   1.0281255e+01
   4.7100000e+02   1.0282361e+01
   4.7200000e+02   1.0284004e+01
   4.7300000e+02   1.0285036e+01
   4.7400000e+02   1.0286002e+01
   4.7500000e+02   1.0286830e+01
   4.7600000e+02   1.0287318e+01
   4.7700000e+02   1.0287741e+01
   4.7800000e+02   1.0288293e+01
   4.7900000e+02   1.0288725e+01
   4.8000000e+02   1.0288880e+01
   4.8100000e+02   1.0289031e+01
   4.8200000e+02   1.0289466e+01
   4.8300000e+02   1.0289344e+01
   4.8400000e+02   1.0289472e+01
   4.8500000e+02   1.0289620e+01
   4.8600000e+02   1.0289497e+01
   4.8700000e+02   1.0289649e+01
   4.8800000e+02   1.0289666e+01
   4.8900000e+02   1.0289740e+01
   4.9000000e+02   1.0289862e+01
   4.9100000e+02   1.0289551e+01
   4.9200000e+02   1.0289573e+01
   4.9300000e+02   1.0289691e+01
   4.9400000e+02   1.0289945e+01
   4.9500000e+02   1.0290014e+01
   4.9600000e+02   1.0289562e+01
   4.9700000e+02   1.0289478e+01
   4.9800000e+02   1.0289665e+01
   4.9900000e+02   1.0289405e+01
   5.0000000e+02   1.0289544e+01
   5.0100000e+02   1.0289485e+01
   5.0200000e+02   1.0289528e+01
   5.0300000e+02   1.0289506e+01
   5.0400000e+02   1.0289513e+01
   5.0500000e+02   1.0289535e+01
   5.0600000e+02   1.0289466e+01
   5.0700000e+02   1.0289617e+01
   5.0800000e+02   1.0289163e+01
   5.0900000e+02   1.0289272e+01
   5.1000000e+02   1.0289337e+01
   5.1100000e+02   1.0289422e+01
   5.1200000e+02   1.0289347e+01
   5.1300000e+02   1.0289462e+01
   5.1400000e+02   1.0289506e+01
   5.1500000e+02   1.0289327e+01
   5.1600000e+02   1.0289664e+01
   5.1700000e+02   1.0289563e+01
   5.1800000e+02   1.0289557e+01
   5.1900000e+02   1.0289595e+01
   5.2000000e+02   1.0289503e+01
   5.2100000e+02   1.0289707e+01
   5.2200000e+02   1.0289782e+01
   5.2300000e+02   1.0289316e+01
   5.2400000e+02   1.0289755e+01
   5.2500000e+02   1.0289552e+01
   5.2600000e+02   1.0289720e+01
   5.2700000e+02   1.0289377e+01
   5.2800000e+02   1.0289335e+01
   5.2900000e+02   1.0289680e+01
   5.3000000e+02   1.0289294e+01
   5.3100000e+02   1.0289174e+01
   5.3200000e+02   1.0289313e+01
   5.3300000e+02   1.0289507e+01
   5.3400000e+02   1.0289298e+01
   5.3500000e+02   1.0289346e+01
   5.3600000e+02   1.0289150e+01
   5.3700000e+02   1.0289281e+01
   5.3800000e+02   1.0289191e+01
   5.3900000e+02   1.0289456e+01
   5.4000000e+02   1.0289334e+01
   5.4100000e+02   1.0289209e+01
   5.4200000e+02   1.0289184e+01
   5.4300000e+02   1.0289280e+01
   5.4400000e+02   1.0289331e+01
   5.4500000e+02   1.0289371e+01
   5.4600000e+02   1.0289106e+01
   5.4700000e+02   1.0289152e+01
   5.4800000e+02   1.0289204e+01
   5.4900000e+02   1.0289304e+01
   5.5000000e+02   1.0289213e+01
   5.5100000e+02   1.0289266e+01
   5.5200000e+02   1.0289323e+01
   5.5300000e+02   1.0289289e+01
   5.5400000e+02   1.0289272e+01
   5.5500000e+02   1.0289164e+01
   5.5600000e+02   1.0289395e+01
   5.5700000e+02   1.0289149e+01
   5.5800000e+02   1.0289150e+01
   5.5900000e+02   1.0289159e+01
   5.6000000e+02   1.0289383e+01
   5.6100000e+02   1.0289206e+01
   5.6200000e+02   1.0289323e+01
   5.6300000e+02   1.0289366e+01
   5.6400000e+02   1.0289096e+01
   5.6500000e+02   1.0289312e+01
   5.6600000e+02   1.0289344e+01
   5.6700000e+02   1.0289294e+01
   5.6800000e+02   1.0288921e+01
   5.6900000e+02   1.0289120e+01
   5.7000000e+02   1.0288976e+01
   5.7100000e+02   1.0289064e+01
   5.7200000e+02   1.0289033e+01
   5.7300000e+02   1.0289004e+01
   5.7400000e+02   1.0288930e+01
   5.7500000e+02   1.0289124e+01
   5.7600000e+02   1.0289010e+01
   5.7700000e+02   1.0288847e+01
   5.7800000e+02   1.0288842e+01
   5.7900000e+02   1.0289262e+01
   5.8000000e+02   1.0289048e+01
   5.8100000e+02   1.0289068e+01
   5.8200000e+02   1.0289036e+01
   5.8300000e+02   1.0289139e+01
   5.8400000e+02   1.0289280e+01
   5.8500000e+02   1.0289125e+01
   5.8600000e+02   1.0288887e+01
   5.8700000e+02   1.0288946e+01
   5.8800000e+02   1.0288796e+01
   5.8900000e+02   1.0288885e+01
   5.9000000e+02   1.0288873e+01
   5.9100000e+02   1.0288967e+01
   5.9200000e+02   1.0289049e+01
   5.9300000e+02   1.0289055e+01
   5.9400000e+02   1.0288856e+01
   5.9500000e+02   1.0288762e+01
   5.9600000e+02   1.0288987e+01
   5.9700000e+02   1.0288956e+01
   5.9800000e+02   1.0288795e+01
   5.9900000e+02   1.0288696e+01
   6.0000000e+02   1.0288747e+01
   6.0100000e+02   1.0288581e+01
   6.0200000e+02   1.0288671e+01
   6.0300000e+02   1.0288666e+01
   6.0400000e+02   1.0288767e+01
   6.0500000e+02   1.0288687e+01
   6.0600000e+02   1.0288623e+01
   6.0700000e+02   1.0288574e+01
   6.0800000e+02   1.0288591e+01
   6.0900000e+02   1.0288681e+01
   6.1000000e+02   1.0288644e+01
   6.1100000e+02   1.0288595e+01
   6.1200000e+02   1.0288676e+01
   6.1300000e+02   1.0288662e+01
   6.1400000e+02   1.0288703e+01
   6.1500000e+02   1.0288581e+01
   6.1600000e+02   1.0288421e+01
   6.1700000e+02   1.0288366e+01
   6.1800000e+02   1.0288663e+01
   6.1900000e+02   1.0288423e+01
   6.2000000e+02   1.0288476e+01
   6.2100000e+02   1.0288435e+01
   6.2200000e+02   1.0288561e+01
   6.2300000e+02   1.0288590e+01
   6.2400000e+02   1.0288478e+01
   6.2500000e+02   1.0288277e+01
   6.2600000e+02   1.0288407e+01
   6.2700000e+02   1.0288452e+01
   6.2800000e+02   1.0288537e+01
   6.2900000e+02   1.0288565e+01
   6.3000000e+02   1.0288538e+01
   6.3100000e+02   1.0288685e+01
   6.3200000e+02   1.0288253e+01
   6.3300000e+02   1.0288459e+01
   6.3400000e+02   1.0288390e+01
   6.3500000e+02   1.0288432e+01
   6.3600000e+02   1.0288514e+01
   6.3700000e+02   1.0288356e+01
   6.3800000e+02   1.0288567e+01
   6.3900000e+02   1.0288358e+01
   6.4000000e+02   1.0288532e+01
   6.4100000e+02   1.0288545e+01
   6.4200000e+02   1.0288337e+01
   6.4300000e+02   1.0288381e+01
   6.4400000e+02   1.0288449e+01
   6.4500000e+02   1.0288231e+01
   6.4600000e+02   1.0288451e+01
   6.4700000e+02   1.0288214e+01
   6.4800000e+02   1.0288156e+01
   6.4900000e+02   1.0288483e+01
   6.5000000e+02   1.0288512e+01
   6.5100000e+02   1.0288375e+01
   6.5200000e+02   1.0288195e+01
   6.5300000e+02   1.0288190e+01
   6.5400000e+02   1.0287898e+01
   6.5500000e+02   1.0288250e+01
   6.5600000e+02   1.0288098e+01
   6.5700000e+02   1.0288132e+01
   6.5800000e+02   1.0288059e+01
   6.5900000e+02   1.0288262e+01
   6.6000000e+02   1.0287915e+01
   6.6100000e+02   1.0287994e+01
   6.6200000e+02   1.0287961e+01
   6.6300000e+02   1.0288102e+01
   6.6400000e+02   1.0288072e+01
   6.6500000e+02   1.0288138e+01
   6.6600000e+02   1.0288047e+01
   6.6700000e+02   1.0287909e+01
   6.6800000e+02   1.0288001e+01
   6.6900000e+02   1.0288097e+01
   6.7000000e+02   1.0288206e+01
   6.7100000e+02   1.0288083e+01
   6.7200000e+02   1.0287990e+01
   6.7300000e+02   1.0287584e+01
   6.7400000e+02   1.0287796e+01
   6.7500000e+02   1.0287855e+01
   6.7600000e+02   1.0287617e+01
   6.7700000e+02   1.0287525e+01
   6.7800000e+02   1.0287675e+01
   6.7900000e+02   1.0287112e+01
   6.8000000e+02   1.0287237e+01
   6.8100000e+02   1.0286891e+01
   6.8200000e+02   1.0287049e+01
   6.8300000e+02   1.0286782e+01
   6.8400000e+02   1.0286663e+01
   6.8500000e+02   1.0286770e+01
   6.8600000e+02   1.0286111e+01
   6.8700000e+02   1.0286262e+01
   6.8800000e+02   1.0286098e+01
   6.8900000e+02   1.0286237e+01
   6.9000000e+02   1.0286246e+01
   6.9100000e+02   1.0286135e+01
   6.9200000e+02   1.0286175e+01
   6.9300000e+02   1.0286190e+01
   6.9400000e+02   1.0286308e+01
   6.9500000e+02   1.0286220e+01
   6.9600000e+02   1.0286015e+01
   6.9700000e+02   1.0286416e+01
   6.9800000e+02   1.0286615e+01
   6.9900000e+02   1.0286729e+01
   7.0000000e+02   1.0286944e+01
   7.0100000e+02   1.0286810e+01
   7.0200000e+02   1.0286922e+01
   7.0300000e+02   1.0286948e+01
   7.0400000e+02   1.0287094e+01
   7.0500000e+02   1.0287020e+01
   7.0600000e+02   1.0287216e+01
   7.0700000e+02   1.0287195e+01
   7.0800000e+02   1.0286978e+01
   7.0900000e+02   1.0287111e+01
   7.1000000e+02   1.0287181e+01
   7.1100000e+02   1.0287279e+01
   7.1200000e+02   1.0287408e+01
   7.1300000e+02   1.0287323e+01
   7.1400000e+02   1.0287404e+01
   7.1500000e+02   1.0287252e+01
   7.1600000e+02   1.0287366e+01
   7.1700000e+02   1.0287376e+01
   7.1800000e+02   1.0287307e+01
   7.1900000e+02   1.0287251e+01
   7.2000000e+02   1.0287181e+01
   7.2100000e+02   1.0287235e+01
   7.2200000e+02   1.0287345e+01
   7.2300000e+02   1.0287297e+01
   7.2400000e+02   1.0287269e+01
   7.2500000e+02   1.0286956e+01
   7.2600000e+02   1.0287099e+01
   7.2700000e+02   1.0287172e+01
   7.2800000e+02   1.0287272e+01
   7.2900000e+02   1.0287252e+01
   7.3000000e+02   1.0287513e+01
   7.3100000e+02   1.0286960e+01
   7.3200000e+02   1.0287514e+01
   7.3300000e+02   1.0287111e+01
   7.3400000e+02   1.0287103e+01
   7.3500000e+02   1.0287217e+01
   7.3600000e+02   1.0287524e+01
   7.3700000e+02   1.0287294e+01
   7.3800000e+02   1.0287064e+01
   7.3900000e+02   1.0287206e+01
   7.4000000e+02   1.0287256e+01
   7.4100000e+02   1.0287395e+01
   7.4200000e+02   1.0287354e+01
   7.4300000e+02   1.0287252e+01
   7.4400000e+02   1.0287127e+01
   7.4500000e+02   1.0287093e+01
   7.4600000e+02   1.0287205e+01
   7.4700000e+02   1.0287084e+01
   7.4800000e+02   1.0287310e+01
   7.4900000e+02   1.0287257e+01
   7.5000000e+02   1.0286796e+01
   7.5100000e+02   1.0287246e+01
   7.5200000e+02   1.0287070e+01
   7.5300000e+02   1.0286875e+01
   7.5400000e+02   1.0286834e+01
   7.5500000e+02   1.0287271e+01
   7.5600000e+02   1.0287178e+01
   7.5700000e+02   1.0287044e+01
   7.5800000e+02   1.0287130e+01
   7.5900000e+02   1.0287277e+01
   7.6000000e+02   1.0287294e+01
   7.6100000e+02   1.0287166e+01
   7.6200000e+02   1.0287218e+01
   7.6300000e+02   1.0287328e+01
   7.6400000e+02   1.0286930e+01
   7.6500000e+02   1.0287253e+01
   7.6600000e+02   1.0287199e+01
   7.6700000e+02   1.0287251e+01
   7.6800000e+02   1.0287351e+01
   7.6900000e+02   1.0287195e+01
   7.7000000e+02   1.0287105e+01
   7.7100000e+02   1.0287283e+01
   7.7200000e+02   1.0287082e+01
   7.7300000e+02   1.0287148e+01
   7.7400000e+02   1.0287197e+01
   7.7500000e+02   1.0287101e+01
   7.7600000e+02   1.0286801e+01
   7.7700000e+02   1.0286997e+01
   7.7800000e+02   1.0286873e+01
   7.7900000e+02   1.0286972e+01
   7.8000000e+02   1.0286991e+01
