   0.0000000e+00   1.0297656e+01
   1.0000000e+00   1.0294311e+01
   2.0000000e+00   1.0293331e+01
   3.0000000e+00   1.0292801e+01
   4.0000000e+00   1.0292471e+01
   5.0000000e+00   1.0293156e+01
   6.0000000e+00   1.0293270e+01
   7.0000000e+00   1.0292978e+01
   8.0000000e+00   1.0293002e+01
   9.0000000e+00   1.0292550e+01
   1.0000000e+01   1.0292646e+01
   1.1000000e+01   1.0292193e+01
   1.2000000e+01   1.0292451e+01
   1.3000000e+01   1.0292187e+01
   1.4000000e+01   1.0291994e+01
   1.5000000e+01   1.0292102e+01
   1.6000000e+01   1.0292030e+01
   1.7000000e+01   1.0291580e+01
   1.8000000e+01   1.0291591e+01
   1.9000000e+01   1.0291340e+01
   2.0000000e+01   1.0291258e+01
   2.1000000e+01   1.0291085e+01
   2.2000000e+01   1.0291001e+01
   2.3000000e+01   1.0290897e+01
   2.4000000e+01   1.0291117e+01
   2.5000000e+01   1.0290769e+01
   2.6000000e+01   1.0290381e+01
   2.7000000e+01   1.0290643e+01
   2.8000000e+01   1.0290655e+01
   2.9000000e+01   1.0290444e+01
   3.0000000e+01   1.0290675e+01
   3.1000000e+01   1.0290274e+01
   3.2000000e+01   1.0290329e+01
   3.3000000e+01   1.0290525e+01
   3.4000000e+01   1.0290427e+01
   3.5000000e+01   1.0290439e+01
   3.6000000e+01   1.0290550e+01
   3.7000000e+01   1.0290270e+01
   3.8000000e+01   1.0290522e+01
   3.9000000e+01   1.0290266e+01
   4.0000000e+01   1.0290128e+01
   4.1000000e+01   1.0290360e+01
   4.2000000e+01   1.0290020e+01
   4.3000000e+01   1.0290268e+01
   4.4000000e+01   1.0290177e+01
   4.5000000e+01   1.0289925e+01
   4.6000000e+01   1.0290207e+01
   4.7000000e+01   1.0290096e+01
   4.8000000e+01   1.0290191e+01
   4.9000000e+01   1.0290017e+01
   5.0000000e+01   1.0289789e+01
   5.1000000e+01   1.0289694e+01
   5.2000000e+01   1.0289837e+01
   5.3000000e+01   1.0289558e+01
   5.4000000e+01   1.0289379e+01
   5.5000000e+01   1.0289300e+01
   5.6000000e+01   1.0289262e+01
   5.7000000e+01   1.0289313e+01
   5.8000000e+01   1.0289413e+01
   5.9000000e+01   1.0289183e+01
   6.0000000e+01   1.0289047e+01
   6.1000000e+01   1.0288929e+01
   6.2000000e+01   1.0289087e+01
   6.3000000e+01   1.0289183e+01
   6.4000000e+01   1.0288973e+01
   6.5000000e+01   1.0289044e+01
   6.6000000e+01   1.0289018e+01
   6.7000000e+01   1.0288667e+01
   6.8000000e+01   1.0288864e+01
   6.9000000e+01   1.0288790e+01
   7.0000000e+01   1.0288849e+01
   7.1000000e+01   1.0288922e+01
   7.2000000e+01   1.0288783e+01
   7.3000000e+01   1.0288791e+01
   7.4000000e+01   1.0289097e+01
   7.5000000e+01   1.0288685e+01
   7.6000000e+01   1.0288801e+01
   7.7000000e+01   1.0288822e+01
   7.8000000e+01   1.0288366e+01
   7.9000000e+01   1.0288472e+01
   8.0000000e+01   1.0288420e+01
   8.1000000e+01   1.0288191e+01
   8.2000000e+01   1.0288088e+01
   8.3000000e+01   1.0288112e+01
   8.4000000e+01   1.0288156e+01
   8.5000000e+01   1.0287936e+01
   8.6000000e+01   1.0287893e+01
   8.7000000e+01   1.0287931e+01
   8.8000000e+01   1.0287709e+01
   8.9000000e+01   1.0287688e+01
   9.0000000e+01   1.0287863e+01
   9.1000000e+01   1.0287655e+01
   9.2000000e+01   1.0287644e+01
   9.3000000e+01   1.0287664e+01
   9.4000000e+01   1.0287521e+01
   9.5000000e+01   1.0287385e+01
   9.6000000e+01   1.0287654e+01
   9.7000000e+01   1.0287466e+01
   9.8000000e+01   1.0287291e+01
   9.9000000e+01   1.0287023e+01
   1.0000000e+02   1.0287066e+01
   1.0100000e+02   1.0287200e+01
   1.0200000e+02   1.0287174e+01
   1.0300000e+02   1.0286931e+01
   1.0400000e+02   1.0286961e+01
   1.0500000e+02   1.0287280e+01
   1.0600000e+02   1.0286937e+01
   1.0700000e+02   1.0287161e+01
   1.0800000e+02   1.0286811e+01
   1.0900000e+02   1.0286660e+01
   1.1000000e+02   1.0286838e+01
   1.1100000e+02   1.0286832e+01
   1.1200000e+02   1.0286768e+01
   1.1300000e+02   1.0286382e+01
   1.1400000e+02   1.0286533e+01
   1.1500000e+02   1.0286551e+01
   1.1600000e+02   1.0286542e+01
   1.1700000e+02   1.0286409e+01
   1.1800000e+02   1.0286413e+01
   1.1900000e+02   1.0286148e+01
   1.2000000e+02   1.0286112e+01
   1.2100000e+02   1.0286272e+01
   1.2200000e+02   1.0286160e+01
   1.2300000e+02   1.0286268e+01
   1.2400000e+02   1.0286173e+01
   1.2500000e+02   1.0286316e+01
   1.2600000e+02   1.0286190e+01
   1.2700000e+02   1.0286411e+01
   1.2800000e+02   1.0286434e+01
   1.2900000e+02   1.0286234e+01
   1.3000000e+02   1.0286450e+01
   1.3100000e+02   1.0286549e+01
   1.3200000e+02   1.0286342e+01
   1.3300000e+02   1.0286492e+01
   1.3400000e+02   1.0286485e+01
   1.3500000e+02   1.0286340e+01
   1.3600000e+02   1.0286094e+01
   1.3700000e+02   1.0286233e+01
   1.3800000e+02   1.0286017e+01
   1.3900000e+02   1.0286138e+01
   1.4000000e+02   1.0286144e+01
   1.4100000e+02   1.0285960e+01
   1.4200000e+02   1.0285904e+01
   1.4300000e+02   1.0285985e+01
   1.4400000e+02   1.0286057e+01
   1.4500000e+02   1.0285896e+01
   1.4600000e+02   1.0285858e+01
   1.4700000e+02   1.0285723e+01
   1.4800000e+02   1.0285814e+01
   1.4900000e+02   1.0285685e+01
   1.5000000e+02   1.0285691e+01
   1.5100000e+02   1.0285518e+01
   1.5200000e+02   1.0285865e+01
   1.5300000e+02   1.0285787e+01
   1.5400000e+02   1.0285792e+01
   1.5500000e+02   1.0285621e+01
   1.5600000e+02   1.0285637e+01
   1.5700000e+02   1.0285715e+01
   1.5800000e+02   1.0285766e+01
   1.5900000e+02   1.0285433e+01
   1.6000000e+02   1.0285565e+01
   1.6100000e+02   1.0285466e+01
   1.6200000e+02   1.0285526e+01
   1.6300000e+02   1.0285586e+01
   1.6400000e+02   1.0285412e+01
   1.6500000e+02   1.0285452e+01
   1.6600000e+02   1.0285255e+01
   1.6700000e+02   1.0284637e+01
   1.6800000e+02   1.0281397e+01
   1.6900000e+02   1.0276996e+01
   1.7000000e+02   1.0276064e+01
   1.7100000e+02   1.0277953e+01
   1.7200000e+02   1.0279912e+01
   1.7300000e+02   1.0281152e+01
   1.7400000e+02   1.0281998e+01
   1.7500000e+02   1.0282954e+01
   1.7600000e+02   1.0283212e+01
   1.7700000e+02   1.0283831e+01
   1.7800000e+02   1.0283927e+01
   1.7900000e+02   1.0283564e+01
   1.8000000e+02   1.0276904e+01
   1.8100000e+02   1.0250036e+01
   1.8200000e+02   1.0238105e+01
   1.8300000e+02   1.0246622e+01
   1.8400000e+02   1.0256921e+01
   1.8500000e+02   1.0264877e+01
   1.8600000e+02   1.0268344e+01
   1.8700000e+02   1.0271201e+01
   1.8800000e+02   1.0273461e+01
   1.8900000e+02   1.0275773e+01
   1.9000000e+02   1.0277952e+01
   1.9100000e+02   1.0279079e+01
   1.9200000e+02   1.0280442e+01
   1.9300000e+02   1.0281072e+01
   1.9400000e+02   1.0281706e+01
   1.9500000e+02   1.0282377e+01
   1.9600000e+02   1.0282886e+01
   1.9700000e+02   1.0283404e+01
   1.9800000e+02   1.0283724e+01
   1.9900000e+02   1.0284061e+01
   2.0000000e+02   1.0284417e+01
   2.0100000e+02   1.0284601e+01
   2.0200000e+02   1.0284665e+01
   2.0300000e+02   1.0284710e+01
   2.0400000e+02   1.0284851e+01
   2.0500000e+02   1.0285163e+01
   2.0600000e+02   1.0284986e+01
   2.0700000e+02   1.0284890e+01
   2.0800000e+02   1.0284920e+01
   2.0900000e+02   1.0284849e+01
   2.1000000e+02   1.0285046e+01
   2.1100000e+02   1.0284883e+01
   2.1200000e+02   1.0284998e+01
   2.1300000e+02   1.0285066e+01
   2.1400000e+02   1.0284930e+01
   2.1500000e+02   1.0285023e+01
   2.1600000e+02   1.0284730e+01
   2.1700000e+02   1.0285017e+01
   2.1800000e+02   1.0284758e+01
   2.1900000e+02   1.0284817e+01
   2.2000000e+02   1.0285047e+01
   2.2100000e+02   1.0285007e+01
   2.2200000e+02   1.0284918e+01
   2.2300000e+02   1.0284899e+01
   2.2400000e+02   1.0284946e+01
   2.2500000e+02   1.0284900e+01
   2.2600000e+02   1.0284909e+01
   2.2700000e+02   1.0284754e+01
   2.2800000e+02   1.0285010e+01
   2.2900000e+02   1.0284635e+01
   2.3000000e+02   1.0284644e+01
   2.3100000e+02   1.0284534e+01
   2.3200000e+02   1.0284493e+01
   2.3300000e+02   1.0284468e+01
   2.3400000e+02   1.0284604e+01
   2.3500000e+02   1.0284384e+01
   2.3600000e+02   1.0284454e+01
   2.3700000e+02   1.0284608e+01
   2.3800000e+02   1.0284262e+01
   2.3900000e+02   1.0284577e+01
   2.4000000e+02   1.0284315e+01
   2.4100000e+02   1.0284358e+01
   2.4200000e+02   1.0284549e+01
   2.4300000e+02   1.0284480e+01
   2.4400000e+02   1.0284403e+01
   2.4500000e+02   1.0284397e+01
   2.4600000e+02   1.0284441e+01
   2.4700000e+02   1.0284572e+01
   2.4800000e+02   1.0284183e+01
   2.4900000e+02   1.0284334e+01
   2.5000000e+02   1.0284280e+01
   2.5100000e+02   1.0283853e+01
   2.5200000e+02   1.0284060e+01
   2.5300000e+02   1.0283963e+01
   2.5400000e+02   1.0283931e+01
   2.5500000e+02   1.0284016e+01
   2.5600000e+02   1.0283812e+01
   2.5700000e+02   1.0283857e+01
   2.5800000e+02   1.0283727e+01
   2.5900000e+02   1.0283934e+01
   2.6000000e+02   1.0283652e+01
   2.6100000e+02   1.0283778e+01
   2.6200000e+02   1.0283789e+01
   2.6300000e+02   1.0283606e+01
   2.6400000e+02   1.0283671e+01
   2.6500000e+02   1.0283754e+01
   2.6600000e+02   1.0283825e+01
   2.6700000e+02   1.0283641e+01
   2.6800000e+02   1.0283887e+01
   2.6900000e+02   1.0283517e+01
   2.7000000e+02   1.0283824e+01
   2.7100000e+02   1.0283672e+01
   2.7200000e+02   1.0283759e+01
   2.7300000e+02   1.0283688e+01
   2.7400000e+02   1.0283466e+01
   2.7500000e+02   1.0283639e+01
   2.7600000e+02   1.0283419e+01
   2.7700000e+02   1.0283676e+01
   2.7800000e+02   1.0283763e+01
   2.7900000e+02   1.0283919e+01
   2.8000000e+02   1.0283851e+01
   2.8100000e+02   1.0283925e+01
   2.8200000e+02   1.0284179e+01
   2.8300000e+02   1.0283740e+01
   2.8400000e+02   1.0283855e+01
   2.8500000e+02   1.0283613e+01
   2.8600000e+02   1.0283702e+01
   2.8700000e+02   1.0283698e+01
   2.8800000e+02   1.0283795e+01
   2.8900000e+02   1.0283849e+01
   2.9000000e+02   1.0283967e+01
   2.9100000e+02   1.0283862e+01
   2.9200000e+02   1.0283660e+01
   2.9300000e+02   1.0283880e+01
   2.9400000e+02   1.0284083e+01
   2.9500000e+02   1.0283784e+01
   2.9600000e+02   1.0283972e+01
   2.9700000e+02   1.0284008e+01
   2.9800000e+02   1.0283890e+01
   2.9900000e+02   1.0283654e+01
   3.0000000e+02   1.0283723e+01
   3.0100000e+02   1.0283636e+01
   3.0200000e+02   1.0283502e+01
   3.0300000e+02   1.0283306e+01
   3.0400000e+02   1.0283569e+01
   3.0500000e+02   1.0283342e+01
   3.0600000e+02   1.0283088e+01
   3.0700000e+02   1.0282549e+01
   3.0800000e+02   1.0282280e+01
   3.0900000e+02   1.0282050e+01
   3.1000000e+02   1.0281483e+01
   3.1100000e+02   1.0280765e+01
   3.1200000e+02   1.0280026e+01
   3.1300000e+02   1.0279276e+01
   3.1400000e+02   1.0278626e+01
   3.1500000e+02   1.0278544e+01
   3.1600000e+02   1.0278265e+01
   3.1700000e+02   1.0278190e+01
   3.1800000e+02   1.0277947e+01
   3.1900000e+02   1.0277420e+01
   3.2000000e+02   1.0276881e+01
   3.2100000e+02   1.0275315e+01
   3.2200000e+02   1.0274418e+01
   3.2300000e+02   1.0273597e+01
   3.2400000e+02   1.0273015e+01
   3.2500000e+02   1.0272675e+01
   3.2600000e+02   1.0272578e+01
   3.2700000e+02   1.0272534e+01
   3.2800000e+02   1.0272954e+01
   3.2900000e+02   1.0273757e+01
   3.3000000e+02   1.0274466e+01
   3.3100000e+02   1.0275409e+01
   3.3200000e+02   1.0276575e+01
   3.3300000e+02   1.0277610e+01
   3.3400000e+02   1.0278232e+01
   3.3500000e+02   1.0279028e+01
   3.3600000e+02   1.0279459e+01
   3.3700000e+02   1.0279603e+01
   3.3800000e+02   1.0279692e+01
   3.3900000e+02   1.0279963e+01
   3.4000000e+02   1.0280021e+01
   3.4100000e+02   1.0279911e+01
   3.4200000e+02   1.0279748e+01
   3.4300000e+02   1.0279928e+01
   3.4400000e+02   1.0280236e+01
   3.4500000e+02   1.0280835e+01
   3.4600000e+02   1.0281004e+01
   3.4700000e+02   1.0281492e+01
   3.4800000e+02   1.0281533e+01
   3.4900000e+02   1.0281772e+01
   3.5000000e+02   1.0281945e+01
   3.5100000e+02   1.0282161e+01
   3.5200000e+02   1.0282647e+01
   3.5300000e+02   1.0282657e+01
   3.5400000e+02   1.0282637e+01
   3.5500000e+02   1.0282583e+01
   3.5600000e+02   1.0283060e+01
   3.5700000e+02   1.0282791e+01
   3.5800000e+02   1.0283257e+01
   3.5900000e+02   1.0282854e+01
   3.6000000e+02   1.0282953e+01
   3.6100000e+02   1.0282693e+01
   3.6200000e+02   1.0282596e+01
   3.6300000e+02   1.0282772e+01
   3.6400000e+02   1.0282514e+01
   3.6500000e+02   1.0282760e+01
   3.6600000e+02   1.0282826e+01
   3.6700000e+02   1.0282698e+01
   3.6800000e+02   1.0282510e+01
   3.6900000e+02   1.0282610e+01
   3.7000000e+02   1.0282783e+01
   3.7100000e+02   1.0282690e+01
   3.7200000e+02   1.0282812e+01
   3.7300000e+02   1.0282695e+01
   3.7400000e+02   1.0282888e+01
   3.7500000e+02   1.0282877e+01
   3.7600000e+02   1.0283177e+01
   3.7700000e+02   1.0283115e+01
   3.7800000e+02   1.0282986e+01
   3.7900000e+02   1.0283078e+01
   3.8000000e+02   1.0283166e+01
   3.8100000e+02   1.0282989e+01
   3.8200000e+02   1.0282914e+01
   3.8300000e+02   1.0283060e+01
   3.8400000e+02   1.0283106e+01
   3.8500000e+02   1.0283222e+01
   3.8600000e+02   1.0283104e+01
   3.8700000e+02   1.0283027e+01
   3.8800000e+02   1.0282994e+01
   3.8900000e+02   1.0282650e+01
   3.9000000e+02   1.0282958e+01
   3.9100000e+02   1.0282306e+01
   3.9200000e+02   1.0282418e+01
   3.9300000e+02   1.0282346e+01
   3.9400000e+02   1.0282164e+01
   3.9500000e+02   1.0282174e+01
   3.9600000e+02   1.0282175e+01
   3.9700000e+02   1.0282052e+01
   3.9800000e+02   1.0282305e+01
   3.9900000e+02   1.0282234e+01
   4.0000000e+02   1.0282107e+01
   4.0100000e+02   1.0282235e+01
   4.0200000e+02   1.0282542e+01
   4.0300000e+02   1.0282373e+01
   4.0400000e+02   1.0282660e+01
   4.0500000e+02   1.0282701e+01
   4.0600000e+02   1.0282401e+01
   4.0700000e+02   1.0282495e+01
   4.0800000e+02   1.0282650e+01
   4.0900000e+02   1.0282591e+01
   4.1000000e+02   1.0282556e+01
   4.1100000e+02   1.0282469e+01
   4.1200000e+02   1.0282602e+01
   4.1300000e+02   1.0282499e+01
   4.1400000e+02   1.0282544e+01
   4.1500000e+02   1.0282353e+01
   4.1600000e+02   1.0282542e+01
   4.1700000e+02   1.0282511e+01
   4.1800000e+02   1.0282290e+01
   4.1900000e+02   1.0282232e+01
   4.2000000e+02   1.0282339e+01
   4.2100000e+02   1.0282348e+01
   4.2200000e+02   1.0282294e+01
   4.2300000e+02   1.0282509e+01
   4.2400000e+02   1.0282190e+01
   4.2500000e+02   1.0282396e+01
   4.2600000e+02   1.0282133e+01
   4.2700000e+02   1.0282228e+01
   4.2800000e+02   1.0282407e+01
   4.2900000e+02   1.0282362e+01
   4.3000000e+02   1.0282369e+01
   4.3100000e+02   1.0282549e+01
   4.3200000e+02   1.0282551e+01
   4.3300000e+02   1.0282487e+01
   4.3400000e+02   1.0282549e+01
   4.3500000e+02   1.0282543e+01
   4.3600000e+02   1.0282497e+01
   4.3700000e+02   1.0282440e+01
   4.3800000e+02   1.0282197e+01
   4.3900000e+02   1.0281680e+01
   4.4000000e+02   1.0281818e+01
   4.4100000e+02   1.0281221e+01
   4.4200000e+02   1.0280027e+01
   4.4300000e+02   1.0278376e+01
   4.4400000e+02   1.0275970e+01
   4.4500000e+02   1.0272854e+01
   4.4600000e+02   1.0268397e+01
   4.4700000e+02   1.0263632e+01
   4.4800000e+02   1.0257769e+01
   4.4900000e+02   1.0251999e+01
   4.5000000e+02   1.0246675e+01
   4.5100000e+02   1.0242024e+01
   4.5200000e+02   1.0238716e+01
   4.5300000e+02   1.0237146e+01
   4.5400000e+02   1.0237366e+01
   4.5500000e+02   1.0238636e+01
   4.5600000e+02   1.0241707e+01
   4.5700000e+02   1.0245350e+01
   4.5800000e+02   1.0249149e+01
   4.5900000e+02   1.0253188e+01
   4.6000000e+02   1.0256967e+01
   4.6100000e+02   1.0260592e+01
   4.6200000e+02   1.0264021e+01
   4.6300000e+02   1.0266563e+01
   4.6400000e+02   1.0268748e+01
   4.6500000e+02   1.0270879e+01
   4.6600000e+02   1.0272575e+01
   4.6700000e+02   1.0274093e+01
   4.6800000e+02   1.0275417e+01
   4.6900000e+02   1.0276295e+01
   4.7000000e+02   1.0277183e+01
   4.7100000e+02   1.0278372e+01
   4.7200000e+02   1.0278813e+01
   4.7300000e+02   1.0279356e+01
   4.7400000e+02   1.0279982e+01
   4.7500000e+02   1.0280733e+01
   4.7600000e+02   1.0281054e+01
   4.7700000e+02   1.0281241e+01
   4.7800000e+02   1.0281262e+01
   4.7900000e+02   1.0281780e+01
   4.8000000e+02   1.0281421e+01
   4.8100000e+02   1.0281808e+01
   4.8200000e+02   1.0281724e+01
   4.8300000e+02   1.0281497e+01
   4.8400000e+02   1.0281631e+01
   4.8500000e+02   1.0281486e+01
   4.8600000e+02   1.0281549e+01
   4.8700000e+02   1.0281535e+01
   4.8800000e+02   1.0281411e+01
   4.8900000e+02   1.0281386e+01
   4.9000000e+02   1.0281507e+01
   4.9100000e+02   1.0281540e+01
   4.9200000e+02   1.0281725e+01
   4.9300000e+02   1.0281654e+01
   4.9400000e+02   1.0281565e+01
   4.9500000e+02   1.0281678e+01
   4.9600000e+02   1.0281706e+01
   4.9700000e+02   1.0281588e+01
   4.9800000e+02   1.0281769e+01
   4.9900000e+02   1.0281733e+01
   5.0000000e+02   1.0281697e+01
   5.0100000e+02   1.0281308e+01
   5.0200000e+02   1.0281437e+01
   5.0300000e+02   1.0281606e+01
   5.0400000e+02   1.0281633e+01
   5.0500000e+02   1.0281551e+01
   5.0600000e+02   1.0281235e+01
   5.0700000e+02   1.0281725e+01
   5.0800000e+02   1.0281720e+01
   5.0900000e+02   1.0281501e+01
   5.1000000e+02   1.0281819e+01
   5.1100000e+02   1.0281293e+01
   5.1200000e+02   1.0281366e+01
   5.1300000e+02   1.0281219e+01
   5.1400000e+02   1.0281300e+01
   5.1500000e+02   1.0281134e+01
   5.1600000e+02   1.0281190e+01
   5.1700000e+02   1.0281386e+01
   5.1800000e+02   1.0281298e+01
   5.1900000e+02   1.0281013e+01
   5.2000000e+02   1.0281184e+01
   5.2100000e+02   1.0281197e+01
   5.2200000e+02   1.0281166e+01
   5.2300000e+02   1.0281228e+01
   5.2400000e+02   1.0281114e+01
   5.2500000e+02   1.0281394e+01
   5.2600000e+02   1.0281350e+01
   5.2700000e+02   1.0281564e+01
   5.2800000e+02   1.0281145e+01
   5.2900000e+02   1.0281410e+01
   5.3000000e+02   1.0281415e+01
   5.3100000e+02   1.0281515e+01
   5.3200000e+02   1.0281536e+01
   5.3300000e+02   1.0281268e+01
   5.3400000e+02   1.0281416e+01
   5.3500000e+02   1.0281369e+01
   5.3600000e+02   1.0281383e+01
   5.3700000e+02   1.0281016e+01
   5.3800000e+02   1.0281319e+01
   5.3900000e+02   1.0281173e+01
   5.4000000e+02   1.0280848e+01
   5.4100000e+02   1.0281303e+01
   5.4200000e+02   1.0280767e+01
   5.4300000e+02   1.0281082e+01
   5.4400000e+02   1.0281187e+01
   5.4500000e+02   1.0281126e+01
   5.4600000e+02   1.0280861e+01
   5.4700000e+02   1.0280960e+01
   5.4800000e+02   1.0280937e+01
   5.4900000e+02   1.0281465e+01
   5.5000000e+02   1.0281144e+01
   5.5100000e+02   1.0281190e+01
   5.5200000e+02   1.0281209e+01
   5.5300000e+02   1.0281202e+01
   5.5400000e+02   1.0281230e+01
   5.5500000e+02   1.0281154e+01
   5.5600000e+02   1.0281024e+01
   5.5700000e+02   1.0280985e+01
   5.5800000e+02   1.0280942e+01
   5.5900000e+02   1.0280869e+01
   5.6000000e+02   1.0280988e+01
   5.6100000e+02   1.0281157e+01
   5.6200000e+02   1.0281150e+01
   5.6300000e+02   1.0280955e+01
   5.6400000e+02   1.0280926e+01
   5.6500000e+02   1.0281100e+01
   5.6600000e+02   1.0280908e+01
   5.6700000e+02   1.0280853e+01
   5.6800000e+02   1.0281077e+01
   5.6900000e+02   1.0280946e+01
   5.7000000e+02   1.0281119e+01
   5.7100000e+02   1.0280974e+01
   5.7200000e+02   1.0281036e+01
   5.7300000e+02   1.0281062e+01
   5.7400000e+02   1.0280800e+01
   5.7500000e+02   1.0280973e+01
   5.7600000e+02   1.0281156e+01
   5.7700000e+02   1.0281059e+01
   5.7800000e+02   1.0281175e+01
   5.7900000e+02   1.0281046e+01
   5.8000000e+02   1.0280967e+01
   5.8100000e+02   1.0280825e+01
   5.8200000e+02   1.0280895e+01
   5.8300000e+02   1.0280954e+01
   5.8400000e+02   1.0280694e+01
   5.8500000e+02   1.0280771e+01
   5.8600000e+02   1.0281281e+01
   5.8700000e+02   1.0281074e+01
   5.8800000e+02   1.0280978e+01
   5.8900000e+02   1.0280788e+01
   5.9000000e+02   1.0280872e+01
   5.9100000e+02   1.0281024e+01
   5.9200000e+02   1.0280677e+01
   5.9300000e+02   1.0281040e+01
   5.9400000e+02   1.0281142e+01
   5.9500000e+02   1.0280749e+01
   5.9600000e+02   1.0280927e+01
   5.9700000e+02   1.0280826e+01
   5.9800000e+02   1.0280851e+01
   5.9900000e+02   1.0280911e+01
   6.0000000e+02   1.0280767e+01
   6.0100000e+02   1.0280877e+01
   6.0200000e+02   1.0280782e+01
   6.0300000e+02   1.0280905e+01
   6.0400000e+02   1.0280994e+01
   6.0500000e+02   1.0281137e+01
   6.0600000e+02   1.0280816e+01
   6.0700000e+02   1.0280764e+01
   6.0800000e+02   1.0280933e+01
   6.0900000e+02   1.0280857e+01
   6.1000000e+02   1.0280661e+01
   6.1100000e+02   1.0280659e+01
   6.1200000e+02   1.0280582e+01
   6.1300000e+02   1.0280783e+01
   6.1400000e+02   1.0280826e+01
   6.1500000e+02   1.0280839e+01
   6.1600000e+02   1.0280831e+01
   6.1700000e+02   1.0280739e+01
   6.1800000e+02   1.0280717e+01
   6.1900000e+02   1.0280693e+01
   6.2000000e+02   1.0280814e+01
   6.2100000e+02   1.0280705e+01
   6.2200000e+02   1.0280582e+01
   6.2300000e+02   1.0280728e+01
   6.2400000e+02   1.0280686e+01
   6.2500000e+02   1.0280165e+01
   6.2600000e+02   1.0280410e+01
   6.2700000e+02   1.0280320e+01
   6.2800000e+02   1.0280211e+01
   6.2900000e+02   1.0280341e+01
   6.3000000e+02   1.0280363e+01
   6.3100000e+02   1.0280140e+01
   6.3200000e+02   1.0279924e+01
   6.3300000e+02   1.0279984e+01
   6.3400000e+02   1.0279989e+01
   6.3500000e+02   1.0280256e+01
   6.3600000e+02   1.0280213e+01
   6.3700000e+02   1.0279890e+01
   6.3800000e+02   1.0280180e+01
   6.3900000e+02   1.0280335e+01
   6.4000000e+02   1.0279952e+01
   6.4100000e+02   1.0280127e+01
   6.4200000e+02   1.0280272e+01
   6.4300000e+02   1.0280180e+01
   6.4400000e+02   1.0280364e+01
   6.4500000e+02   1.0280118e+01
   6.4600000e+02   1.0280318e+01
   6.4700000e+02   1.0280170e+01
   6.4800000e+02   1.0280188e+01
   6.4900000e+02   1.0280148e+01
   6.5000000e+02   1.0280142e+01
   6.5100000e+02   1.0280166e+01
   6.5200000e+02   1.0280280e+01
   6.5300000e+02   1.0280188e+01
   6.5400000e+02   1.0279919e+01
   6.5500000e+02   1.0280004e+01
   6.5600000e+02   1.0279775e+01
   6.5700000e+02   1.0279905e+01
   6.5800000e+02   1.0280202e+01
   6.5900000e+02   1.0280085e+01
   6.6000000e+02   1.0280133e+01
   6.6100000e+02   1.0280102e+01
   6.6200000e+02   1.0279988e+01
   6.6300000e+02   1.0279957e+01
   6.6400000e+02   1.0280142e+01
   6.6500000e+02   1.0280322e+01
   6.6600000e+02   1.0280256e+01
   6.6700000e+02   1.0280179e+01
   6.6800000e+02   1.0279841e+01
   6.6900000e+02   1.0279925e+01
   6.7000000e+02   1.0280077e+01
   6.7100000e+02   1.0280085e+01
   6.7200000e+02   1.0280038e+01
   6.7300000e+02   1.0279786e+01
   6.7400000e+02   1.0279654e+01
   6.7500000e+02   1.0279545e+01
   6.7600000e+02   1.0279278e+01
   6.7700000e+02   1.0279019e+01
   6.7800000e+02   1.0278706e+01
   6.7900000e+02   1.0278175e+01
   6.8000000e+02   1.0277903e+01
   6.8100000e+02   1.0277362e+01
   6.8200000e+02   1.0276449e+01
   6.8300000e+02   1.0275908e+01
   6.8400000e+02   1.0275460e+01
   6.8500000e+02   1.0274622e+01
   6.8600000e+02   1.0273840e+01
   6.8700000e+02   1.0273182e+01
   6.8800000e+02   1.0272434e+01
   6.8900000e+02   1.0271996e+01
   6.9000000e+02   1.0271681e+01
   6.9100000e+02   1.0271362e+01
   6.9200000e+02   1.0271308e+01
   6.9300000e+02   1.0271233e+01
   6.9400000e+02   1.0271488e+01
   6.9500000e+02   1.0271974e+01
   6.9600000e+02   1.0272471e+01
   6.9700000e+02   1.0272796e+01
   6.9800000e+02   1.0273203e+01
   6.9900000e+02   1.0273945e+01
   7.0000000e+02   1.0274421e+01
   7.0100000e+02   1.0275098e+01
   7.0200000e+02   1.0275546e+01
   7.0300000e+02   1.0276035e+01
   7.0400000e+02   1.0276741e+01
   7.0500000e+02   1.0276728e+01
   7.0600000e+02   1.0277570e+01
   7.0700000e+02   1.0277597e+01
   7.0800000e+02   1.0277953e+01
   7.0900000e+02   1.0278078e+01
   7.1000000e+02   1.0278456e+01
   7.1100000e+02   1.0278505e+01
   7.1200000e+02   1.0278749e+01
   7.1300000e+02   1.0278939e+01
   7.1400000e+02   1.0279054e+01
   7.1500000e+02   1.0279076e+01
   7.1600000e+02   1.0279381e+01
   7.1700000e+02   1.0279148e+01
   7.1800000e+02   1.0279488e+01
   7.1900000e+02   1.0279835e+01
   7.2000000e+02   1.0279326e+01
   7.2100000e+02   1.0279668e+01
   7.2200000e+02   1.0279527e+01
   7.2300000e+02   1.0279552e+01
   7.2400000e+02   1.0279415e+01
   7.2500000e+02   1.0279454e+01
   7.2600000e+02   1.0280006e+01
   7.2700000e+02   1.0279706e+01
   7.2800000e+02   1.0279906e+01
   7.2900000e+02   1.0279759e+01
   7.3000000e+02   1.0279742e+01
   7.3100000e+02   1.0279885e+01
   7.3200000e+02   1.0279573e+01
   7.3300000e+02   1.0279751e+01
   7.3400000e+02   1.0279707e+01
   7.3500000e+02   1.0279770e+01
   7.3600000e+02   1.0279726e+01
   7.3700000e+02   1.0279726e+01
   7.3800000e+02   1.0279637e+01
   7.3900000e+02   1.0279773e+01
   7.4000000e+02   1.0279616e+01
   7.4100000e+02   1.0279665e+01
   7.4200000e+02   1.0279638e+01
   7.4300000e+02   1.0279479e+01
   7.4400000e+02   1.0279675e+01
   7.4500000e+02   1.0279744e+01
   7.4600000e+02   1.0279405e+01
   7.4700000e+02   1.0279698e+01
   7.4800000e+02   1.0279519e+01
   7.4900000e+02   1.0279510e+01
   7.5000000e+02   1.0279443e+01
   7.5100000e+02   1.0279318e+01
   7.5200000e+02   1.0279545e+01
   7.5300000e+02   1.0279499e+01
   7.5400000e+02   1.0279520e+01
   7.5500000e+02   1.0279433e+01
   7.5600000e+02   1.0279464e+01
   7.5700000e+02   1.0279547e+01
   7.5800000e+02   1.0279426e+01
   7.5900000e+02   1.0279441e+01
   7.6000000e+02   1.0279313e+01
   7.6100000e+02   1.0279674e+01
   7.6200000e+02   1.0279667e+01
   7.6300000e+02   1.0279328e+01
   7.6400000e+02   1.0279358e+01
   7.6500000e+02   1.0279353e+01
   7.6600000e+02   1.0279400e+01
   7.6700000e+02   1.0279534e+01
   7.6800000e+02   1.0279447e+01
   7.6900000e+02   1.0279392e+01
   7.7000000e+02   1.0279061e+01
   7.7100000e+02   1.0279068e+01
   7.7200000e+02   1.0279399e+01
   7.7300000e+02   1.0278961e+01
   7.7400000e+02   1.0279232e+01
   7.7500000e+02   1.0278972e+01
   7.7600000e+02   1.0279222e+01
   7.7700000e+02   1.0279074e+01
   7.7800000e+02   1.0279205e+01
   7.7900000e+02   1.0279179e+01
   7.8000000e+02   1.0279156e+01
