   0.0000000e+00   1.0319411e+01
   1.0000000e+00   1.0316087e+01
   2.0000000e+00   1.0315173e+01
   3.0000000e+00   1.0314454e+01
   4.0000000e+00   1.0313835e+01
   5.0000000e+00   1.0314602e+01
   6.0000000e+00   1.0314399e+01
   7.0000000e+00   1.0314202e+01
   8.0000000e+00   1.0314018e+01
   9.0000000e+00   1.0313966e+01
   1.0000000e+01   1.0313735e+01
   1.1000000e+01   1.0313374e+01
   1.2000000e+01   1.0313317e+01
   1.3000000e+01   1.0313415e+01
   1.4000000e+01   1.0313066e+01
   1.5000000e+01   1.0312941e+01
   1.6000000e+01   1.0312908e+01
   1.7000000e+01   1.0312846e+01
   1.8000000e+01   1.0312658e+01
   1.9000000e+01   1.0312320e+01
   2.0000000e+01   1.0312102e+01
   2.1000000e+01   1.0312182e+01
   2.2000000e+01   1.0311776e+01
   2.3000000e+01   1.0311878e+01
   2.4000000e+01   1.0311709e+01
   2.5000000e+01   1.0311650e+01
   2.6000000e+01   1.0311545e+01
   2.7000000e+01   1.0311334e+01
   2.8000000e+01   1.0311168e+01
   2.9000000e+01   1.0310980e+01
   3.0000000e+01   1.0311143e+01
   3.1000000e+01   1.0310851e+01
   3.2000000e+01   1.0310950e+01
   3.3000000e+01   1.0310788e+01
   3.4000000e+01   1.0310688e+01
   3.5000000e+01   1.0310922e+01
   3.6000000e+01   1.0310938e+01
   3.7000000e+01   1.0310751e+01
   3.8000000e+01   1.0310636e+01
   3.9000000e+01   1.0310570e+01
   4.0000000e+01   1.0310618e+01
   4.1000000e+01   1.0310491e+01
   4.2000000e+01   1.0310328e+01
   4.3000000e+01   1.0310575e+01
   4.4000000e+01   1.0310302e+01
   4.5000000e+01   1.0310059e+01
   4.6000000e+01   1.0310301e+01
   4.7000000e+01   1.0310361e+01
   4.8000000e+01   1.0309931e+01
   4.9000000e+01   1.0309990e+01
   5.0000000e+01   1.0309766e+01
   5.1000000e+01   1.0309759e+01
   5.2000000e+01   1.0309927e+01
   5.3000000e+01   1.0309584e+01
   5.4000000e+01   1.0309575e+01
   5.5000000e+01   1.0309713e+01
   5.6000000e+01   1.0309450e+01
   5.7000000e+01   1.0309352e+01
   5.8000000e+01   1.0309429e+01
   5.9000000e+01   1.0309174e+01
   6.0000000e+01   1.0309508e+01
   6.1000000e+01   1.0309479e+01
   6.2000000e+01   1.0309236e+01
   6.3000000e+01   1.0309165e+01
   6.4000000e+01   1.0309276e+01
   6.5000000e+01   1.0309157e+01
   6.6000000e+01   1.0308915e+01
   6.7000000e+01   1.0308700e+01
   6.8000000e+01   1.0308782e+01
   6.9000000e+01   1.0309016e+01
   7.0000000e+01   1.0308659e+01
   7.1000000e+01   1.0308897e+01
   7.2000000e+01   1.0308506e+01
   7.3000000e+01   1.0308587e+01
   7.4000000e+01   1.0308313e+01
   7.5000000e+01   1.0308467e+01
   7.6000000e+01   1.0308433e+01
   7.7000000e+01   1.0308406e+01
   7.8000000e+01   1.0308365e+01
   7.9000000e+01   1.0308467e+01
   8.0000000e+01   1.0308448e+01
   8.1000000e+01   1.0308351e+01
   8.2000000e+01   1.0308193e+01
   8.3000000e+01   1.0308227e+01
   8.4000000e+01   1.0308036e+01
   8.5000000e+01   1.0308039e+01
   8.6000000e+01   1.0307921e+01
   8.7000000e+01   1.0307687e+01
   8.8000000e+01   1.0307933e+01
   8.9000000e+01   1.0307961e+01
   9.0000000e+01   1.0307889e+01
   9.1000000e+01   1.0307649e+01
   9.2000000e+01   1.0307600e+01
   9.3000000e+01   1.0307774e+01
   9.4000000e+01   1.0307569e+01
   9.5000000e+01   1.0307589e+01
   9.6000000e+01   1.0307406e+01
   9.7000000e+01   1.0307492e+01
   9.8000000e+01   1.0307142e+01
   9.9000000e+01   1.0307297e+01
   1.0000000e+02   1.0307327e+01
   1.0100000e+02   1.0307209e+01
   1.0200000e+02   1.0307336e+01
   1.0300000e+02   1.0306981e+01
   1.0400000e+02   1.0307307e+01
   1.0500000e+02   1.0306972e+01
   1.0600000e+02   1.0307274e+01
   1.0700000e+02   1.0307200e+01
   1.0800000e+02   1.0307028e+01
   1.0900000e+02   1.0307233e+01
   1.1000000e+02   1.0307177e+01
   1.1100000e+02   1.0307109e+01
   1.1200000e+02   1.0307285e+01
   1.1300000e+02   1.0307191e+01
   1.1400000e+02   1.0307132e+01
   1.1500000e+02   1.0307084e+01
   1.1600000e+02   1.0306948e+01
   1.1700000e+02   1.0306859e+01
   1.1800000e+02   1.0306767e+01
   1.1900000e+02   1.0306590e+01
   1.2000000e+02   1.0306687e+01
   1.2100000e+02   1.0306460e+01
   1.2200000e+02   1.0306602e+01
   1.2300000e+02   1.0306359e+01
   1.2400000e+02   1.0306413e+01
   1.2500000e+02   1.0306380e+01
   1.2600000e+02   1.0306399e+01
   1.2700000e+02   1.0306408e+01
   1.2800000e+02   1.0306090e+01
   1.2900000e+02   1.0306274e+01
   1.3000000e+02   1.0306244e+01
   1.3100000e+02   1.0306324e+01
   1.3200000e+02   1.0306121e+01
   1.3300000e+02   1.0305869e+01
   1.3400000e+02   1.0305799e+01
   1.3500000e+02   1.0305839e+01
   1.3600000e+02   1.0305890e+01
   1.3700000e+02   1.0305504e+01
   1.3800000e+02   1.0305610e+01
   1.3900000e+02   1.0305600e+01
   1.4000000e+02   1.0305687e+01
   1.4100000e+02   1.0305496e+01
   1.4200000e+02   1.0305608e+01
   1.4300000e+02   1.0305524e+01
   1.4400000e+02   1.0305394e+01
   1.4500000e+02   1.0305392e+01
   1.4600000e+02   1.0305233e+01
   1.4700000e+02   1.0305261e+01
   1.4800000e+02   1.0305084e+01
   1.4900000e+02   1.0305283e+01
   1.5000000e+02   1.0305348e+01
   1.5100000e+02   1.0305210e+01
   1.5200000e+02   1.0305123e+01
   1.5300000e+02   1.0304989e+01
   1.5400000e+02   1.0305041e+01
   1.5500000e+02   1.0304835e+01
   1.5600000e+02   1.0304658e+01
   1.5700000e+02   1.0305126e+01
   1.5800000e+02   1.0305368e+01
   1.5900000e+02   1.0304736e+01
   1.6000000e+02   1.0304452e+01
   1.6100000e+02   1.0304583e+01
   1.6200000e+02   1.0304673e+01
   1.6300000e+02   1.0304573e+01
   1.6400000e+02   1.0304457e+01
   1.6500000e+02   1.0304239e+01
   1.6600000e+02   1.0303270e+01
   1.6700000e+02   1.0296255e+01
   1.6800000e+02   1.0276398e+01
   1.6900000e+02   1.0267403e+01
   1.7000000e+02   1.0276282e+01
   1.7100000e+02   1.0286767e+01
   1.7200000e+02   1.0292627e+01
   1.7300000e+02   1.0295149e+01
   1.7400000e+02   1.0296874e+01
   1.7500000e+02   1.0298194e+01
   1.7600000e+02   1.0299139e+01
   1.7700000e+02   1.0300401e+01
   1.7800000e+02   1.0298600e+01
   1.7900000e+02   1.0268569e+01
   1.8000000e+02   1.0208526e+01
   1.8100000e+02   1.0206224e+01
   1.8200000e+02   1.0228802e+01
   1.8300000e+02   1.0243544e+01
   1.8400000e+02   1.0255219e+01
   1.8500000e+02   1.0258149e+01
   1.8600000e+02   1.0261478e+01
   1.8700000e+02   1.0266637e+01
   1.8800000e+02   1.0270801e+01
   1.8900000e+02   1.0271646e+01
   1.9000000e+02   1.0271340e+01
   1.9100000e+02   1.0273805e+01
   1.9200000e+02   1.0280512e+01
   1.9300000e+02   1.0285023e+01
   1.9400000e+02   1.0288471e+01
   1.9500000e+02   1.0292986e+01
   1.9600000e+02   1.0296577e+01
   1.9700000e+02   1.0298651e+01
   1.9800000e+02   1.0299326e+01
   1.9900000e+02   1.0299792e+01
   2.0000000e+02   1.0300599e+01
   2.0100000e+02   1.0301026e+01
   2.0200000e+02   1.0300745e+01
   2.0300000e+02   1.0301433e+01
   2.0400000e+02   1.0301355e+01
   2.0500000e+02   1.0301692e+01
   2.0600000e+02   1.0301751e+01
   2.0700000e+02   1.0301758e+01
   2.0800000e+02   1.0302089e+01
   2.0900000e+02   1.0302229e+01
   2.1000000e+02   1.0302075e+01
   2.1100000e+02   1.0302266e+01
   2.1200000e+02   1.0302176e+01
   2.1300000e+02   1.0301927e+01
   2.1400000e+02   1.0302013e+01
   2.1500000e+02   1.0302128e+01
   2.1600000e+02   1.0301691e+01
   2.1700000e+02   1.0301826e+01
   2.1800000e+02   1.0301742e+01
   2.1900000e+02   1.0301536e+01
   2.2000000e+02   1.0301494e+01
   2.2100000e+02   1.0301064e+01
   2.2200000e+02   1.0300610e+01
   2.2300000e+02   1.0299965e+01
   2.2400000e+02   1.0299598e+01
   2.2500000e+02   1.0299275e+01
   2.2600000e+02   1.0298792e+01
   2.2700000e+02   1.0298922e+01
   2.2800000e+02   1.0299048e+01
   2.2900000e+02   1.0299064e+01
   2.3000000e+02   1.0299546e+01
   2.3100000e+02   1.0299523e+01
   2.3200000e+02   1.0299865e+01
   2.3300000e+02   1.0299772e+01
   2.3400000e+02   1.0299847e+01
   2.3500000e+02   1.0299907e+01
   2.3600000e+02   1.0300213e+01
   2.3700000e+02   1.0300031e+01
   2.3800000e+02   1.0300169e+01
   2.3900000e+02   1.0300364e+01
   2.4000000e+02   1.0300402e+01
   2.4100000e+02   1.0299506e+01
   2.4200000e+02   1.0298490e+01
   2.4300000e+02   1.0297099e+01
   2.4400000e+02   1.0294191e+01
   2.4500000e+02   1.0290088e+01
   2.4600000e+02   1.0285082e+01
   2.4700000e+02   1.0279403e+01
   2.4800000e+02   1.0274862e+01
   2.4900000e+02   1.0271805e+01
   2.5000000e+02   1.0270875e+01
   2.5100000e+02   1.0271693e+01
   2.5200000e+02   1.0273442e+01
   2.5300000e+02   1.0275264e+01
   2.5400000e+02   1.0276205e+01
   2.5500000e+02   1.0276471e+01
   2.5600000e+02   1.0275343e+01
   2.5700000e+02   1.0274274e+01
   2.5800000e+02   1.0272698e+01
   2.5900000e+02   1.0271141e+01
   2.6000000e+02   1.0269609e+01
   2.6100000e+02   1.0267997e+01
   2.6200000e+02   1.0266998e+01
   2.6300000e+02   1.0266485e+01
   2.6400000e+02   1.0267016e+01
   2.6500000e+02   1.0268465e+01
   2.6600000e+02   1.0270573e+01
   2.6700000e+02   1.0273624e+01
   2.6800000e+02   1.0276901e+01
   2.6900000e+02   1.0279365e+01
   2.7000000e+02   1.0281941e+01
   2.7100000e+02   1.0283730e+01
   2.7200000e+02   1.0285143e+01
   2.7300000e+02   1.0286073e+01
   2.7400000e+02   1.0286785e+01
   2.7500000e+02   1.0287730e+01
   2.7600000e+02   1.0288308e+01
   2.7700000e+02   1.0289467e+01
   2.7800000e+02   1.0290387e+01
   2.7900000e+02   1.0291316e+01
   2.8000000e+02   1.0291940e+01
   2.8100000e+02   1.0292456e+01
   2.8200000e+02   1.0293129e+01
   2.8300000e+02   1.0293410e+01
   2.8400000e+02   1.0293847e+01
   2.8500000e+02   1.0294553e+01
   2.8600000e+02   1.0294898e+01
   2.8700000e+02   1.0295347e+01
   2.8800000e+02   1.0295858e+01
   2.8900000e+02   1.0296325e+01
   2.9000000e+02   1.0296725e+01
   2.9100000e+02   1.0296886e+01
   2.9200000e+02   1.0297455e+01
   2.9300000e+02   1.0297412e+01
   2.9400000e+02   1.0297820e+01
   2.9500000e+02   1.0297770e+01
   2.9600000e+02   1.0298254e+01
   2.9700000e+02   1.0298099e+01
   2.9800000e+02   1.0298355e+01
   2.9900000e+02   1.0298002e+01
   3.0000000e+02   1.0297643e+01
   3.0100000e+02   1.0296967e+01
   3.0200000e+02   1.0295866e+01
   3.0300000e+02   1.0294264e+01
   3.0400000e+02   1.0291874e+01
   3.0500000e+02   1.0289312e+01
   3.0600000e+02   1.0285727e+01
   3.0700000e+02   1.0281235e+01
   3.0800000e+02   1.0275943e+01
   3.0900000e+02   1.0269998e+01
   3.1000000e+02   1.0264844e+01
   3.1100000e+02   1.0260562e+01
   3.1200000e+02   1.0257979e+01
   3.1300000e+02   1.0256891e+01
   3.1400000e+02   1.0255677e+01
   3.1500000e+02   1.0254116e+01
   3.1600000e+02   1.0250786e+01
   3.1700000e+02   1.0245157e+01
   3.1800000e+02   1.0238273e+01
   3.1900000e+02   1.0231139e+01
   3.2000000e+02   1.0224619e+01
   3.2100000e+02   1.0220112e+01
   3.2200000e+02   1.0217551e+01
   3.2300000e+02   1.0217705e+01
   3.2400000e+02   1.0219835e+01
   3.2500000e+02   1.0223637e+01
   3.2600000e+02   1.0228937e+01
   3.2700000e+02   1.0235333e+01
   3.2800000e+02   1.0242296e+01
   3.2900000e+02   1.0248828e+01
   3.3000000e+02   1.0255921e+01
   3.3100000e+02   1.0261835e+01
   3.3200000e+02   1.0266596e+01
   3.3300000e+02   1.0269783e+01
   3.3400000e+02   1.0272080e+01
   3.3500000e+02   1.0272940e+01
   3.3600000e+02   1.0273057e+01
   3.3700000e+02   1.0272404e+01
   3.3800000e+02   1.0271937e+01
   3.3900000e+02   1.0272249e+01
   3.4000000e+02   1.0272911e+01
   3.4100000e+02   1.0274466e+01
   3.4200000e+02   1.0276730e+01
   3.4300000e+02   1.0279100e+01
   3.4400000e+02   1.0281578e+01
   3.4500000e+02   1.0284082e+01
   3.4600000e+02   1.0286488e+01
   3.4700000e+02   1.0288417e+01
   3.4800000e+02   1.0290083e+01
   3.4900000e+02   1.0291200e+01
   3.5000000e+02   1.0292626e+01
   3.5100000e+02   1.0293640e+01
   3.5200000e+02   1.0294293e+01
   3.5300000e+02   1.0294739e+01
   3.5400000e+02   1.0295201e+01
   3.5500000e+02   1.0295300e+01
   3.5600000e+02   1.0295391e+01
   3.5700000e+02   1.0295219e+01
   3.5800000e+02   1.0295118e+01
   3.5900000e+02   1.0294815e+01
   3.6000000e+02   1.0294684e+01
   3.6100000e+02   1.0294293e+01
   3.6200000e+02   1.0293849e+01
   3.6300000e+02   1.0294049e+01
   3.6400000e+02   1.0293920e+01
   3.6500000e+02   1.0294176e+01
   3.6600000e+02   1.0294678e+01
   3.6700000e+02   1.0294978e+01
   3.6800000e+02   1.0295429e+01
   3.6900000e+02   1.0295799e+01
   3.7000000e+02   1.0296483e+01
   3.7100000e+02   1.0296555e+01
   3.7200000e+02   1.0296570e+01
   3.7300000e+02   1.0297031e+01
   3.7400000e+02   1.0296896e+01
   3.7500000e+02   1.0297298e+01
   3.7600000e+02   1.0297880e+01
   3.7700000e+02   1.0297575e+01
   3.7800000e+02   1.0297680e+01
   3.7900000e+02   1.0297588e+01
   3.8000000e+02   1.0297505e+01
   3.8100000e+02   1.0297562e+01
   3.8200000e+02   1.0297380e+01
   3.8300000e+02   1.0297348e+01
   3.8400000e+02   1.0296987e+01
   3.8500000e+02   1.0296625e+01
   3.8600000e+02   1.0296210e+01
   3.8700000e+02   1.0295620e+01
   3.8800000e+02   1.0295017e+01
   3.8900000e+02   1.0294674e+01
   3.9000000e+02   1.0294502e+01
   3.9100000e+02   1.0294189e+01
   3.9200000e+02   1.0294291e+01
   3.9300000e+02   1.0294571e+01
   3.9400000e+02   1.0294125e+01
   3.9500000e+02   1.0295105e+01
   3.9600000e+02   1.0295073e+01
   3.9700000e+02   1.0295538e+01
   3.9800000e+02   1.0295766e+01
   3.9900000e+02   1.0296030e+01
   4.0000000e+02   1.0296333e+01
   4.0100000e+02   1.0296407e+01
   4.0200000e+02   1.0296492e+01
   4.0300000e+02   1.0296647e+01
   4.0400000e+02   1.0297119e+01
   4.0500000e+02   1.0297182e+01
   4.0600000e+02   1.0297279e+01
   4.0700000e+02   1.0297286e+01
   4.0800000e+02   1.0297450e+01
   4.0900000e+02   1.0297256e+01
   4.1000000e+02   1.0297389e+01
   4.1100000e+02   1.0297376e+01
   4.1200000e+02   1.0297532e+01
   4.1300000e+02   1.0297359e+01
   4.1400000e+02   1.0297860e+01
   4.1500000e+02   1.0297805e+01
   4.1600000e+02   1.0297763e+01
   4.1700000e+02   1.0297940e+01
   4.1800000e+02   1.0297631e+01
   4.1900000e+02   1.0297571e+01
   4.2000000e+02   1.0297647e+01
   4.2100000e+02   1.0297621e+01
   4.2200000e+02   1.0297613e+01
   4.2300000e+02   1.0297494e+01
   4.2400000e+02   1.0297435e+01
   4.2500000e+02   1.0297531e+01
   4.2600000e+02   1.0297534e+01
   4.2700000e+02   1.0297256e+01
   4.2800000e+02   1.0297401e+01
   4.2900000e+02   1.0297425e+01
   4.3000000e+02   1.0297102e+01
   4.3100000e+02   1.0297434e+01
   4.3200000e+02   1.0297505e+01
   4.3300000e+02   1.0297291e+01
   4.3400000e+02   1.0297343e+01
   4.3500000e+02   1.0297552e+01
   4.3600000e+02   1.0297217e+01
   4.3700000e+02   1.0297078e+01
   4.3800000e+02   1.0296747e+01
   4.3900000e+02   1.0296090e+01
   4.4000000e+02   1.0295361e+01
   4.4100000e+02   1.0293991e+01
   4.4200000e+02   1.0292447e+01
   4.4300000e+02   1.0290673e+01
   4.4400000e+02   1.0287964e+01
   4.4500000e+02   1.0285301e+01
   4.4600000e+02   1.0282506e+01
   4.4700000e+02   1.0279631e+01
   4.4800000e+02   1.0277438e+01
   4.4900000e+02   1.0276434e+01
   4.5000000e+02   1.0275567e+01
   4.5100000e+02   1.0275688e+01
   4.5200000e+02   1.0276742e+01
   4.5300000e+02   1.0277578e+01
   4.5400000e+02   1.0279054e+01
   4.5500000e+02   1.0281139e+01
   4.5600000e+02   1.0283313e+01
   4.5700000e+02   1.0285058e+01
   4.5800000e+02   1.0286765e+01
   4.5900000e+02   1.0288352e+01
   4.6000000e+02   1.0289536e+01
   4.6100000e+02   1.0290835e+01
   4.6200000e+02   1.0291906e+01
   4.6300000e+02   1.0292472e+01
   4.6400000e+02   1.0293292e+01
   4.6500000e+02   1.0293814e+01
   4.6600000e+02   1.0294504e+01
   4.6700000e+02   1.0294939e+01
   4.6800000e+02   1.0295092e+01
   4.6900000e+02   1.0295559e+01
   4.7000000e+02   1.0295644e+01
   4.7100000e+02   1.0295717e+01
   4.7200000e+02   1.0295958e+01
   4.7300000e+02   1.0296338e+01
   4.7400000e+02   1.0296097e+01
   4.7500000e+02   1.0296463e+01
   4.7600000e+02   1.0296595e+01
   4.7700000e+02   1.0296379e+01
   4.7800000e+02   1.0296764e+01
   4.7900000e+02   1.0296485e+01
   4.8000000e+02   1.0296421e+01
   4.8100000e+02   1.0296646e+01
   4.8200000e+02   1.0296586e+01
   4.8300000e+02   1.0296604e+01
   4.8400000e+02   1.0296727e+01
   4.8500000e+02   1.0296514e+01
   4.8600000e+02   1.0296791e+01
   4.8700000e+02   1.0296448e+01
   4.8800000e+02   1.0296648e+01
   4.8900000e+02   1.0296580e+01
   4.9000000e+02   1.0296493e+01
   4.9100000e+02   1.0296639e+01
   4.9200000e+02   1.0296432e+01
   4.9300000e+02   1.0296822e+01
   4.9400000e+02   1.0296576e+01
   4.9500000e+02   1.0296799e+01
   4.9600000e+02   1.0296552e+01
   4.9700000e+02   1.0296481e+01
   4.9800000e+02   1.0296423e+01
   4.9900000e+02   1.0296322e+01
   5.0000000e+02   1.0296715e+01
   5.0100000e+02   1.0296494e+01
   5.0200000e+02   1.0296803e+01
   5.0300000e+02   1.0296546e+01
   5.0400000e+02   1.0296659e+01
   5.0500000e+02   1.0296345e+01
   5.0600000e+02   1.0296370e+01
   5.0700000e+02   1.0296412e+01
   5.0800000e+02   1.0296400e+01
   5.0900000e+02   1.0296244e+01
   5.1000000e+02   1.0296323e+01
   5.1100000e+02   1.0296205e+01
   5.1200000e+02   1.0296239e+01
   5.1300000e+02   1.0295945e+01
   5.1400000e+02   1.0296080e+01
   5.1500000e+02   1.0296228e+01
   5.1600000e+02   1.0296042e+01
   5.1700000e+02   1.0296153e+01
   5.1800000e+02   1.0296078e+01
   5.1900000e+02   1.0295944e+01
   5.2000000e+02   1.0295998e+01
   5.2100000e+02   1.0296035e+01
   5.2200000e+02   1.0295983e+01
   5.2300000e+02   1.0296084e+01
   5.2400000e+02   1.0296011e+01
   5.2500000e+02   1.0296411e+01
   5.2600000e+02   1.0296124e+01
   5.2700000e+02   1.0296252e+01
   5.2800000e+02   1.0296172e+01
   5.2900000e+02   1.0296140e+01
   5.3000000e+02   1.0296108e+01
   5.3100000e+02   1.0295924e+01
   5.3200000e+02   1.0296509e+01
   5.3300000e+02   1.0296180e+01
   5.3400000e+02   1.0296262e+01
   5.3500000e+02   1.0296298e+01
   5.3600000e+02   1.0296185e+01
   5.3700000e+02   1.0296251e+01
   5.3800000e+02   1.0296296e+01
   5.3900000e+02   1.0295962e+01
   5.4000000e+02   1.0295877e+01
   5.4100000e+02   1.0295857e+01
   5.4200000e+02   1.0295908e+01
   5.4300000e+02   1.0295590e+01
   5.4400000e+02   1.0295845e+01
   5.4500000e+02   1.0295528e+01
   5.4600000e+02   1.0295562e+01
   5.4700000e+02   1.0295643e+01
   5.4800000e+02   1.0295369e+01
   5.4900000e+02   1.0295570e+01
   5.5000000e+02   1.0295509e+01
   5.5100000e+02   1.0295574e+01
   5.5200000e+02   1.0295577e+01
   5.5300000e+02   1.0295508e+01
   5.5400000e+02   1.0295525e+01
   5.5500000e+02   1.0295698e+01
   5.5600000e+02   1.0295551e+01
   5.5700000e+02   1.0295586e+01
   5.5800000e+02   1.0295444e+01
   5.5900000e+02   1.0295460e+01
   5.6000000e+02   1.0295262e+01
   5.6100000e+02   1.0295549e+01
   5.6200000e+02   1.0295507e+01
   5.6300000e+02   1.0295473e+01
   5.6400000e+02   1.0295517e+01
   5.6500000e+02   1.0295316e+01
   5.6600000e+02   1.0295438e+01
   5.6700000e+02   1.0295536e+01
   5.6800000e+02   1.0295204e+01
   5.6900000e+02   1.0295251e+01
   5.7000000e+02   1.0295420e+01
   5.7100000e+02   1.0295233e+01
   5.7200000e+02   1.0295561e+01
   5.7300000e+02   1.0295521e+01
   5.7400000e+02   1.0295287e+01
   5.7500000e+02   1.0295442e+01
   5.7600000e+02   1.0295323e+01
   5.7700000e+02   1.0295405e+01
   5.7800000e+02   1.0295185e+01
   5.7900000e+02   1.0295220e+01
   5.8000000e+02   1.0295000e+01
   5.8100000e+02   1.0295493e+01
   5.8200000e+02   1.0295425e+01
   5.8300000e+02   1.0295415e+01
   5.8400000e+02   1.0295151e+01
   5.8500000e+02   1.0295324e+01
   5.8600000e+02   1.0295294e+01
   5.8700000e+02   1.0295455e+01
   5.8800000e+02   1.0295276e+01
   5.8900000e+02   1.0295139e+01
   5.9000000e+02   1.0295061e+01
   5.9100000e+02   1.0295182e+01
   5.9200000e+02   1.0295125e+01
   5.9300000e+02   1.0295048e+01
   5.9400000e+02   1.0294870e+01
   5.9500000e+02   1.0295027e+01
   5.9600000e+02   1.0294977e+01
   5.9700000e+02   1.0295073e+01
   5.9800000e+02   1.0294998e+01
   5.9900000e+02   1.0294747e+01
   6.0000000e+02   1.0294861e+01
   6.0100000e+02   1.0294883e+01
   6.0200000e+02   1.0294922e+01
   6.0300000e+02   1.0295050e+01
   6.0400000e+02   1.0294938e+01
   6.0500000e+02   1.0294732e+01
   6.0600000e+02   1.0294660e+01
   6.0700000e+02   1.0294419e+01
   6.0800000e+02   1.0294870e+01
   6.0900000e+02   1.0294617e+01
   6.1000000e+02   1.0294993e+01
   6.1100000e+02   1.0294934e+01
   6.1200000e+02   1.0294858e+01
   6.1300000e+02   1.0294743e+01
   6.1400000e+02   1.0294618e+01
   6.1500000e+02   1.0294658e+01
   6.1600000e+02   1.0294624e+01
   6.1700000e+02   1.0294787e+01
   6.1800000e+02   1.0294518e+01
   6.1900000e+02   1.0294627e+01
   6.2000000e+02   1.0294422e+01
   6.2100000e+02   1.0294597e+01
   6.2200000e+02   1.0294471e+01
   6.2300000e+02   1.0294490e+01
   6.2400000e+02   1.0294512e+01
   6.2500000e+02   1.0294239e+01
   6.2600000e+02   1.0294332e+01
   6.2700000e+02   1.0294384e+01
   6.2800000e+02   1.0294241e+01
   6.2900000e+02   1.0294605e+01
   6.3000000e+02   1.0294448e+01
   6.3100000e+02   1.0294141e+01
   6.3200000e+02   1.0294393e+01
   6.3300000e+02   1.0294445e+01
   6.3400000e+02   1.0294316e+01
   6.3500000e+02   1.0294401e+01
   6.3600000e+02   1.0294128e+01
   6.3700000e+02   1.0294590e+01
   6.3800000e+02   1.0294267e+01
   6.3900000e+02   1.0294666e+01
   6.4000000e+02   1.0294432e+01
   6.4100000e+02   1.0294475e+01
   6.4200000e+02   1.0294545e+01
   6.4300000e+02   1.0294303e+01
   6.4400000e+02   1.0294316e+01
   6.4500000e+02   1.0294339e+01
   6.4600000e+02   1.0294504e+01
   6.4700000e+02   1.0294526e+01
   6.4800000e+02   1.0294478e+01
   6.4900000e+02   1.0294294e+01
   6.5000000e+02   1.0294466e+01
   6.5100000e+02   1.0294517e+01
   6.5200000e+02   1.0294410e+01
   6.5300000e+02   1.0294525e+01
   6.5400000e+02   1.0294201e+01
   6.5500000e+02   1.0294380e+01
   6.5600000e+02   1.0293907e+01
   6.5700000e+02   1.0294200e+01
   6.5800000e+02   1.0294494e+01
   6.5900000e+02   1.0294272e+01
   6.6000000e+02   1.0294431e+01
   6.6100000e+02   1.0294225e+01
   6.6200000e+02   1.0294272e+01
   6.6300000e+02   1.0294165e+01
   6.6400000e+02   1.0294170e+01
   6.6500000e+02   1.0293973e+01
   6.6600000e+02   1.0293914e+01
   6.6700000e+02   1.0294260e+01
   6.6800000e+02   1.0293935e+01
   6.6900000e+02   1.0294108e+01
   6.7000000e+02   1.0294039e+01
   6.7100000e+02   1.0293965e+01
   6.7200000e+02   1.0294029e+01
   6.7300000e+02   1.0293875e+01
   6.7400000e+02   1.0294085e+01
   6.7500000e+02   1.0293842e+01
   6.7600000e+02   1.0293955e+01
   6.7700000e+02   1.0293752e+01
   6.7800000e+02   1.0293947e+01
   6.7900000e+02   1.0293668e+01
   6.8000000e+02   1.0293832e+01
   6.8100000e+02   1.0293755e+01
   6.8200000e+02   1.0293732e+01
   6.8300000e+02   1.0293809e+01
   6.8400000e+02   1.0293960e+01
   6.8500000e+02   1.0293618e+01
   6.8600000e+02   1.0294056e+01
   6.8700000e+02   1.0293570e+01
   6.8800000e+02   1.0293845e+01
   6.8900000e+02   1.0293939e+01
   6.9000000e+02   1.0293766e+01
   6.9100000e+02   1.0293793e+01
   6.9200000e+02   1.0293729e+01
   6.9300000e+02   1.0293628e+01
   6.9400000e+02   1.0293663e+01
   6.9500000e+02   1.0293810e+01
   6.9600000e+02   1.0293643e+01
   6.9700000e+02   1.0293938e+01
   6.9800000e+02   1.0293936e+01
   6.9900000e+02   1.0294123e+01
   7.0000000e+02   1.0293897e+01
   7.0100000e+02   1.0293994e+01
   7.0200000e+02   1.0294079e+01
   7.0300000e+02   1.0293795e+01
   7.0400000e+02   1.0293923e+01
   7.0500000e+02   1.0293942e+01
   7.0600000e+02   1.0293845e+01
   7.0700000e+02   1.0293992e+01
   7.0800000e+02   1.0294013e+01
   7.0900000e+02   1.0293959e+01
   7.1000000e+02   1.0293940e+01
   7.1100000e+02   1.0293924e+01
   7.1200000e+02   1.0293858e+01
   7.1300000e+02   1.0293625e+01
   7.1400000e+02   1.0293577e+01
   7.1500000e+02   1.0293651e+01
   7.1600000e+02   1.0293828e+01
   7.1700000e+02   1.0293502e+01
   7.1800000e+02   1.0293626e+01
   7.1900000e+02   1.0293377e+01
   7.2000000e+02   1.0293546e+01
   7.2100000e+02   1.0293295e+01
   7.2200000e+02   1.0293656e+01
   7.2300000e+02   1.0293359e+01
   7.2400000e+02   1.0293625e+01
   7.2500000e+02   1.0293406e+01
   7.2600000e+02   1.0293442e+01
   7.2700000e+02   1.0293401e+01
   7.2800000e+02   1.0293354e+01
   7.2900000e+02   1.0293326e+01
   7.3000000e+02   1.0293294e+01
   7.3100000e+02   1.0293319e+01
   7.3200000e+02   1.0293407e+01
   7.3300000e+02   1.0293417e+01
   7.3400000e+02   1.0293096e+01
   7.3500000e+02   1.0293117e+01
   7.3600000e+02   1.0293416e+01
   7.3700000e+02   1.0293004e+01
   7.3800000e+02   1.0293251e+01
   7.3900000e+02   1.0293261e+01
   7.4000000e+02   1.0293168e+01
   7.4100000e+02   1.0293066e+01
   7.4200000e+02   1.0293338e+01
   7.4300000e+02   1.0293262e+01
   7.4400000e+02   1.0292911e+01
   7.4500000e+02   1.0293140e+01
   7.4600000e+02   1.0293163e+01
   7.4700000e+02   1.0293334e+01
   7.4800000e+02   1.0293369e+01
   7.4900000e+02   1.0293061e+01
   7.5000000e+02   1.0292887e+01
   7.5100000e+02   1.0292969e+01
   7.5200000e+02   1.0293099e+01
   7.5300000e+02   1.0293164e+01
   7.5400000e+02   1.0293200e+01
   7.5500000e+02   1.0292819e+01
   7.5600000e+02   1.0292969e+01
   7.5700000e+02   1.0292828e+01
   7.5800000e+02   1.0293119e+01
   7.5900000e+02   1.0292767e+01
   7.6000000e+02   1.0292883e+01
   7.6100000e+02   1.0293009e+01
   7.6200000e+02   1.0292884e+01
   7.6300000e+02   1.0292991e+01
   7.6400000e+02   1.0293084e+01
   7.6500000e+02   1.0292822e+01
   7.6600000e+02   1.0292865e+01
   7.6700000e+02   1.0292730e+01
   7.6800000e+02   1.0292843e+01
   7.6900000e+02   1.0292559e+01
   7.7000000e+02   1.0292775e+01
   7.7100000e+02   1.0292925e+01
   7.7200000e+02   1.0292905e+01
   7.7300000e+02   1.0292599e+01
   7.7400000e+02   1.0292808e+01
   7.7500000e+02   1.0292581e+01
   7.7600000e+02   1.0292767e+01
   7.7700000e+02   1.0292974e+01
   7.7800000e+02   1.0292617e+01
   7.7900000e+02   1.0292827e+01
   7.8000000e+02   1.0292936e+01
