   0.0000000e+00   1.0282266e+01
   1.0000000e+00   1.0279055e+01
   2.0000000e+00   1.0277690e+01
   3.0000000e+00   1.0277305e+01
   4.0000000e+00   1.0276896e+01
   5.0000000e+00   1.0276672e+01
   6.0000000e+00   1.0276521e+01
   7.0000000e+00   1.0276381e+01
   8.0000000e+00   1.0276310e+01
   9.0000000e+00   1.0276208e+01
   1.0000000e+01   1.0275737e+01
   1.1000000e+01   1.0275698e+01
   1.2000000e+01   1.0275457e+01
   1.3000000e+01   1.0275351e+01
   1.4000000e+01   1.0275236e+01
   1.5000000e+01   1.0274916e+01
   1.6000000e+01   1.0274766e+01
   1.7000000e+01   1.0274810e+01
   1.8000000e+01   1.0274777e+01
   1.9000000e+01   1.0274530e+01
   2.0000000e+01   1.0274393e+01
   2.1000000e+01   1.0274350e+01
   2.2000000e+01   1.0274126e+01
   2.3000000e+01   1.0274365e+01
   2.4000000e+01   1.0273825e+01
   2.5000000e+01   1.0274109e+01
   2.6000000e+01   1.0273988e+01
   2.7000000e+01   1.0273860e+01
   2.8000000e+01   1.0273556e+01
   2.9000000e+01   1.0273984e+01
   3.0000000e+01   1.0273587e+01
   3.1000000e+01   1.0273671e+01
   3.2000000e+01   1.0273393e+01
   3.3000000e+01   1.0273404e+01
   3.4000000e+01   1.0273178e+01
   3.5000000e+01   1.0273112e+01
   3.6000000e+01   1.0273448e+01
   3.7000000e+01   1.0273324e+01
   3.8000000e+01   1.0273104e+01
   3.9000000e+01   1.0272940e+01
   4.0000000e+01   1.0273183e+01
   4.1000000e+01   1.0273164e+01
   4.2000000e+01   1.0272724e+01
   4.3000000e+01   1.0272927e+01
   4.4000000e+01   1.0272698e+01
   4.5000000e+01   1.0272649e+01
   4.6000000e+01   1.0272755e+01
   4.7000000e+01   1.0272880e+01
   4.8000000e+01   1.0272595e+01
   4.9000000e+01   1.0272510e+01
   5.0000000e+01   1.0272592e+01
   5.1000000e+01   1.0272258e+01
   5.2000000e+01   1.0272399e+01
   5.3000000e+01   1.0272229e+01
   5.4000000e+01   1.0272805e+01
   5.5000000e+01   1.0272241e+01
   5.6000000e+01   1.0272210e+01
   5.7000000e+01   1.0272214e+01
   5.8000000e+01   1.0272127e+01
   5.9000000e+01   1.0272128e+01
   6.0000000e+01   1.0271946e+01
   6.1000000e+01   1.0272022e+01
   6.2000000e+01   1.0272009e+01
   6.3000000e+01   1.0272097e+01
   6.4000000e+01   1.0271813e+01
   6.5000000e+01   1.0271761e+01
   6.6000000e+01   1.0271862e+01
   6.7000000e+01   1.0271509e+01
   6.8000000e+01   1.0271550e+01
   6.9000000e+01   1.0271694e+01
   7.0000000e+01   1.0271570e+01
   7.1000000e+01   1.0271592e+01
   7.2000000e+01   1.0271539e+01
   7.3000000e+01   1.0271331e+01
   7.4000000e+01   1.0271394e+01
   7.5000000e+01   1.0271555e+01
   7.6000000e+01   1.0271327e+01
   7.7000000e+01   1.0271114e+01
   7.8000000e+01   1.0271510e+01
   7.9000000e+01   1.0271330e+01
   8.0000000e+01   1.0271062e+01
   8.1000000e+01   1.0271177e+01
   8.2000000e+01   1.0271228e+01
   8.3000000e+01   1.0271338e+01
   8.4000000e+01   1.0271224e+01
   8.5000000e+01   1.0271297e+01
   8.6000000e+01   1.0271246e+01
   8.7000000e+01   1.0271315e+01
   8.8000000e+01   1.0271302e+01
   8.9000000e+01   1.0271028e+01
   9.0000000e+01   1.0270848e+01
   9.1000000e+01   1.0270835e+01
   9.2000000e+01   1.0271005e+01
   9.3000000e+01   1.0270786e+01
   9.4000000e+01   1.0270701e+01
   9.5000000e+01   1.0270650e+01
   9.6000000e+01   1.0270653e+01
   9.7000000e+01   1.0270637e+01
   9.8000000e+01   1.0270539e+01
   9.9000000e+01   1.0270740e+01
   1.0000000e+02   1.0270538e+01
   1.0100000e+02   1.0270497e+01
   1.0200000e+02   1.0271134e+01
   1.0300000e+02   1.0270653e+01
   1.0400000e+02   1.0270585e+01
   1.0500000e+02   1.0270701e+01
   1.0600000e+02   1.0270629e+01
   1.0700000e+02   1.0270513e+01
   1.0800000e+02   1.0270385e+01
   1.0900000e+02   1.0270359e+01
   1.1000000e+02   1.0270407e+01
   1.1100000e+02   1.0270242e+01
   1.1200000e+02   1.0270277e+01
   1.1300000e+02   1.0270190e+01
   1.1400000e+02   1.0270170e+01
   1.1500000e+02   1.0270281e+01
   1.1600000e+02   1.0270360e+01
   1.1700000e+02   1.0270463e+01
   1.1800000e+02   1.0270426e+01
   1.1900000e+02   1.0270605e+01
   1.2000000e+02   1.0270149e+01
   1.2100000e+02   1.0270136e+01
   1.2200000e+02   1.0270383e+01
   1.2300000e+02   1.0270341e+01
   1.2400000e+02   1.0270157e+01
   1.2500000e+02   1.0270295e+01
   1.2600000e+02   1.0270195e+01
   1.2700000e+02   1.0270326e+01
   1.2800000e+02   1.0270269e+01
   1.2900000e+02   1.0270207e+01
   1.3000000e+02   1.0269935e+01
   1.3100000e+02   1.0269998e+01
   1.3200000e+02   1.0270194e+01
   1.3300000e+02   1.0270042e+01
   1.3400000e+02   1.0270144e+01
   1.3500000e+02   1.0270257e+01
   1.3600000e+02   1.0269882e+01
   1.3700000e+02   1.0269872e+01
   1.3800000e+02   1.0270035e+01
   1.3900000e+02   1.0269885e+01
   1.4000000e+02   1.0269925e+01
   1.4100000e+02   1.0269621e+01
   1.4200000e+02   1.0269814e+01
   1.4300000e+02   1.0269666e+01
   1.4400000e+02   1.0269824e+01
   1.4500000e+02   1.0269456e+01
   1.4600000e+02   1.0269520e+01
   1.4700000e+02   1.0269399e+01
   1.4800000e+02   1.0269601e+01
   1.4900000e+02   1.0269509e+01
   1.5000000e+02   1.0269513e+01
   1.5100000e+02   1.0269468e+01
   1.5200000e+02   1.0269328e+01
   1.5300000e+02   1.0269411e+01
   1.5400000e+02   1.0269411e+01
   1.5500000e+02   1.0269673e+01
   1.5600000e+02   1.0269202e+01
   1.5700000e+02   1.0269138e+01
   1.5800000e+02   1.0269197e+01
   1.5900000e+02   1.0269285e+01
   1.6000000e+02   1.0269077e+01
   1.6100000e+02   1.0269198e+01
   1.6200000e+02   1.0269095e+01
   1.6300000e+02   1.0269095e+01
   1.6400000e+02   1.0269081e+01
   1.6500000e+02   1.0269104e+01
   1.6600000e+02   1.0268404e+01
   1.6700000e+02   1.0261993e+01
   1.6800000e+02   1.0243512e+01
   1.6900000e+02   1.0234298e+01
   1.7000000e+02   1.0243599e+01
   1.7100000e+02   1.0254085e+01
   1.7200000e+02   1.0259651e+01
   1.7300000e+02   1.0262026e+01
   1.7400000e+02   1.0263016e+01
   1.7500000e+02   1.0264028e+01
   1.7600000e+02   1.0264491e+01
   1.7700000e+02   1.0265199e+01
   1.7800000e+02   1.0262829e+01
   1.7900000e+02   1.0227798e+01
   1.8000000e+02   1.0172219e+01
   1.8100000e+02   1.0171975e+01
   1.8200000e+02   1.0193193e+01
   1.8300000e+02   1.0207083e+01
   1.8400000e+02   1.0218562e+01
   1.8500000e+02   1.0224779e+01
   1.8600000e+02   1.0228887e+01
   1.8700000e+02   1.0230602e+01
   1.8800000e+02   1.0231412e+01
   1.8900000e+02   1.0234750e+01
   1.9000000e+02   1.0240189e+01
   1.9100000e+02   1.0247411e+01
   1.9200000e+02   1.0252289e+01
   1.9300000e+02   1.0255443e+01
   1.9400000e+02   1.0257851e+01
   1.9500000e+02   1.0259813e+01
   1.9600000e+02   1.0261423e+01
   1.9700000e+02   1.0262667e+01
   1.9800000e+02   1.0263730e+01
   1.9900000e+02   1.0264395e+01
   2.0000000e+02   1.0264829e+01
   2.0100000e+02   1.0265694e+01
   2.0200000e+02   1.0266125e+01
   2.0300000e+02   1.0266561e+01
   2.0400000e+02   1.0266929e+01
   2.0500000e+02   1.0267592e+01
   2.0600000e+02   1.0267659e+01
   2.0700000e+02   1.0267655e+01
   2.0800000e+02   1.0267862e+01
   2.0900000e+02   1.0267997e+01
   2.1000000e+02   1.0267948e+01
   2.1100000e+02   1.0268241e+01
   2.1200000e+02   1.0268061e+01
   2.1300000e+02   1.0268100e+01
   2.1400000e+02   1.0268208e+01
   2.1500000e+02   1.0268110e+01
   2.1600000e+02   1.0267990e+01
   2.1700000e+02   1.0268152e+01
   2.1800000e+02   1.0268182e+01
   2.1900000e+02   1.0268025e+01
   2.2000000e+02   1.0267880e+01
   2.2100000e+02   1.0268005e+01
   2.2200000e+02   1.0268082e+01
   2.2300000e+02   1.0267916e+01
   2.2400000e+02   1.0267947e+01
   2.2500000e+02   1.0267995e+01
   2.2600000e+02   1.0267957e+01
   2.2700000e+02   1.0267937e+01
   2.2800000e+02   1.0267917e+01
   2.2900000e+02   1.0267892e+01
   2.3000000e+02   1.0267987e+01
   2.3100000e+02   1.0267846e+01
   2.3200000e+02   1.0267786e+01
   2.3300000e+02   1.0267780e+01
   2.3400000e+02   1.0267680e+01
   2.3500000e+02   1.0267798e+01
   2.3600000e+02   1.0267637e+01
   2.3700000e+02   1.0267878e+01
   2.3800000e+02   1.0267760e+01
   2.3900000e+02   1.0267768e+01
   2.4000000e+02   1.0267713e+01
   2.4100000e+02   1.0267757e+01
   2.4200000e+02   1.0267617e+01
   2.4300000e+02   1.0267466e+01
   2.4400000e+02   1.0267085e+01
   2.4500000e+02   1.0266707e+01
   2.4600000e+02   1.0266451e+01
   2.4700000e+02   1.0265859e+01
   2.4800000e+02   1.0265372e+01
   2.4900000e+02   1.0265022e+01
   2.5000000e+02   1.0265005e+01
   2.5100000e+02   1.0265016e+01
   2.5200000e+02   1.0265076e+01
   2.5300000e+02   1.0265272e+01
   2.5400000e+02   1.0265263e+01
   2.5500000e+02   1.0265254e+01
   2.5600000e+02   1.0265318e+01
   2.5700000e+02   1.0265164e+01
   2.5800000e+02   1.0264814e+01
   2.5900000e+02   1.0264939e+01
   2.6000000e+02   1.0264533e+01
   2.6100000e+02   1.0264212e+01
   2.6200000e+02   1.0264209e+01
   2.6300000e+02   1.0263993e+01
   2.6400000e+02   1.0263967e+01
   2.6500000e+02   1.0264258e+01
   2.6600000e+02   1.0264154e+01
   2.6700000e+02   1.0264637e+01
   2.6800000e+02   1.0264874e+01
   2.6900000e+02   1.0265107e+01
   2.7000000e+02   1.0265190e+01
   2.7100000e+02   1.0265261e+01
   2.7200000e+02   1.0265527e+01
   2.7300000e+02   1.0265594e+01
   2.7400000e+02   1.0265618e+01
   2.7500000e+02   1.0265898e+01
   2.7600000e+02   1.0265728e+01
   2.7700000e+02   1.0265928e+01
   2.7800000e+02   1.0265824e+01
   2.7900000e+02   1.0265991e+01
   2.8000000e+02   1.0265944e+01
   2.8100000e+02   1.0265857e+01
   2.8200000e+02   1.0265972e+01
   2.8300000e+02   1.0265996e+01
   2.8400000e+02   1.0266149e+01
   2.8500000e+02   1.0266280e+01
   2.8600000e+02   1.0266031e+01
   2.8700000e+02   1.0266238e+01
   2.8800000e+02   1.0266294e+01
   2.8900000e+02   1.0266260e+01
   2.9000000e+02   1.0266355e+01
   2.9100000e+02   1.0266236e+01
   2.9200000e+02   1.0266110e+01
   2.9300000e+02   1.0266411e+01
   2.9400000e+02   1.0266374e+01
   2.9500000e+02   1.0266326e+01
   2.9600000e+02   1.0266235e+01
   2.9700000e+02   1.0266522e+01
   2.9800000e+02   1.0266169e+01
   2.9900000e+02   1.0266293e+01
   3.0000000e+02   1.0265790e+01
   3.0100000e+02   1.0265654e+01
   3.0200000e+02   1.0265064e+01
   3.0300000e+02   1.0264543e+01
   3.0400000e+02   1.0263184e+01
   3.0500000e+02   1.0262107e+01
   3.0600000e+02   1.0260410e+01
   3.0700000e+02   1.0258195e+01
   3.0800000e+02   1.0255457e+01
   3.0900000e+02   1.0252379e+01
   3.1000000e+02   1.0249493e+01
   3.1100000e+02   1.0247314e+01
   3.1200000e+02   1.0245844e+01
   3.1300000e+02   1.0244907e+01
   3.1400000e+02   1.0244591e+01
   3.1500000e+02   1.0243553e+01
   3.1600000e+02   1.0241994e+01
   3.1700000e+02   1.0239070e+01
   3.1800000e+02   1.0234998e+01
   3.1900000e+02   1.0230575e+01
   3.2000000e+02   1.0226540e+01
   3.2100000e+02   1.0223448e+01
   3.2200000e+02   1.0221644e+01
   3.2300000e+02   1.0221175e+01
   3.2400000e+02   1.0221355e+01
   3.2500000e+02   1.0222772e+01
   3.2600000e+02   1.0225139e+01
   3.2700000e+02   1.0228170e+01
   3.2800000e+02   1.0231591e+01
   3.2900000e+02   1.0235256e+01
   3.3000000e+02   1.0239021e+01
   3.3100000e+02   1.0242040e+01
   3.3200000e+02   1.0244490e+01
   3.3300000e+02   1.0246307e+01
   3.3400000e+02   1.0247549e+01
   3.3500000e+02   1.0248083e+01
   3.3600000e+02   1.0248130e+01
   3.3700000e+02   1.0248189e+01
   3.3800000e+02   1.0247842e+01
   3.3900000e+02   1.0248161e+01
   3.4000000e+02   1.0248383e+01
   3.4100000e+02   1.0249583e+01
   3.4200000e+02   1.0250869e+01
   3.4300000e+02   1.0252556e+01
   3.4400000e+02   1.0254439e+01
   3.4500000e+02   1.0255935e+01
   3.4600000e+02   1.0257440e+01
   3.4700000e+02   1.0258349e+01
   3.4800000e+02   1.0259686e+01
   3.4900000e+02   1.0260019e+01
   3.5000000e+02   1.0260893e+01
   3.5100000e+02   1.0261628e+01
   3.5200000e+02   1.0261991e+01
   3.5300000e+02   1.0262172e+01
   3.5400000e+02   1.0262626e+01
   3.5500000e+02   1.0263158e+01
   3.5600000e+02   1.0263204e+01
   3.5700000e+02   1.0263415e+01
   3.5800000e+02   1.0263433e+01
   3.5900000e+02   1.0263432e+01
   3.6000000e+02   1.0262722e+01
   3.6100000e+02   1.0262908e+01
   3.6200000e+02   1.0262670e+01
   3.6300000e+02   1.0262788e+01
   3.6400000e+02   1.0262725e+01
   3.6500000e+02   1.0263039e+01
   3.6600000e+02   1.0263355e+01
   3.6700000e+02   1.0263187e+01
   3.6800000e+02   1.0263749e+01
   3.6900000e+02   1.0263954e+01
   3.7000000e+02   1.0264235e+01
   3.7100000e+02   1.0264229e+01
   3.7200000e+02   1.0264614e+01
   3.7300000e+02   1.0264541e+01
   3.7400000e+02   1.0264817e+01
   3.7500000e+02   1.0264960e+01
   3.7600000e+02   1.0264717e+01
   3.7700000e+02   1.0265239e+01
   3.7800000e+02   1.0264973e+01
   3.7900000e+02   1.0265179e+01
   3.8000000e+02   1.0265156e+01
   3.8100000e+02   1.0265425e+01
   3.8200000e+02   1.0265179e+01
   3.8300000e+02   1.0265064e+01
   3.8400000e+02   1.0265053e+01
   3.8500000e+02   1.0264905e+01
   3.8600000e+02   1.0264512e+01
   3.8700000e+02   1.0264182e+01
   3.8800000e+02   1.0263889e+01
   3.8900000e+02   1.0263765e+01
   3.9000000e+02   1.0263480e+01
   3.9100000e+02   1.0263298e+01
   3.9200000e+02   1.0263197e+01
   3.9300000e+02   1.0263097e+01
   3.9400000e+02   1.0263255e+01
   3.9500000e+02   1.0263315e+01
   3.9600000e+02   1.0263841e+01
   3.9700000e+02   1.0264060e+01
   3.9800000e+02   1.0264364e+01
   3.9900000e+02   1.0264026e+01
   4.0000000e+02   1.0264265e+01
   4.0100000e+02   1.0264611e+01
   4.0200000e+02   1.0264674e+01
   4.0300000e+02   1.0264673e+01
   4.0400000e+02   1.0264630e+01
   4.0500000e+02   1.0264751e+01
   4.0600000e+02   1.0264690e+01
   4.0700000e+02   1.0264915e+01
   4.0800000e+02   1.0265068e+01
   4.0900000e+02   1.0264903e+01
   4.1000000e+02   1.0264967e+01
   4.1100000e+02   1.0265165e+01
   4.1200000e+02   1.0265000e+01
   4.1300000e+02   1.0264961e+01
   4.1400000e+02   1.0265095e+01
   4.1500000e+02   1.0264853e+01
   4.1600000e+02   1.0265001e+01
   4.1700000e+02   1.0265153e+01
   4.1800000e+02   1.0265331e+01
   4.1900000e+02   1.0265021e+01
   4.2000000e+02   1.0264814e+01
   4.2100000e+02   1.0264770e+01
   4.2200000e+02   1.0264845e+01
   4.2300000e+02   1.0264849e+01
   4.2400000e+02   1.0264547e+01
   4.2500000e+02   1.0264833e+01
   4.2600000e+02   1.0264538e+01
   4.2700000e+02   1.0264606e+01
   4.2800000e+02   1.0264833e+01
   4.2900000e+02   1.0264745e+01
   4.3000000e+02   1.0264928e+01
   4.3100000e+02   1.0265113e+01
   4.3200000e+02   1.0265050e+01
   4.3300000e+02   1.0264562e+01
   4.3400000e+02   1.0264802e+01
   4.3500000e+02   1.0264261e+01
   4.3600000e+02   1.0263448e+01
   4.3700000e+02   1.0262378e+01
   4.3800000e+02   1.0260401e+01
   4.3900000e+02   1.0257032e+01
   4.4000000e+02   1.0251764e+01
   4.4100000e+02   1.0243440e+01
   4.4200000e+02   1.0231852e+01
   4.4300000e+02   1.0216739e+01
   4.4400000e+02   1.0197930e+01
   4.4500000e+02   1.0176363e+01
   4.4600000e+02   1.0154271e+01
   4.4700000e+02   1.0132931e+01
   4.4800000e+02   1.0115503e+01
   4.4900000e+02   1.0103173e+01
   4.5000000e+02   1.0096925e+01
   4.5100000e+02   1.0096471e+01
   4.5200000e+02   1.0101897e+01
   4.5300000e+02   1.0111028e+01
   4.5400000e+02   1.0123011e+01
   4.5500000e+02   1.0136416e+01
   4.5600000e+02   1.0149603e+01
   4.5700000e+02   1.0162371e+01
   4.5800000e+02   1.0174077e+01
   4.5900000e+02   1.0183842e+01
   4.6000000e+02   1.0192960e+01
   4.6100000e+02   1.0200643e+01
   4.6200000e+02   1.0207925e+01
   4.6300000e+02   1.0214182e+01
   4.6400000e+02   1.0219582e+01
   4.6500000e+02   1.0224773e+01
   4.6600000e+02   1.0229443e+01
   4.6700000e+02   1.0233843e+01
   4.6800000e+02   1.0238137e+01
   4.6900000e+02   1.0241877e+01
   4.7000000e+02   1.0245218e+01
   4.7100000e+02   1.0248681e+01
   4.7200000e+02   1.0251185e+01
   4.7300000e+02   1.0253435e+01
   4.7400000e+02   1.0255705e+01
   4.7500000e+02   1.0257327e+01
   4.7600000e+02   1.0259071e+01
   4.7700000e+02   1.0260224e+01
   4.7800000e+02   1.0261308e+01
   4.7900000e+02   1.0262222e+01
   4.8000000e+02   1.0262331e+01
   4.8100000e+02   1.0263265e+01
   4.8200000e+02   1.0263129e+01
   4.8300000e+02   1.0263677e+01
   4.8400000e+02   1.0263930e+01
   4.8500000e+02   1.0264228e+01
   4.8600000e+02   1.0264081e+01
   4.8700000e+02   1.0264291e+01
   4.8800000e+02   1.0264320e+01
   4.8900000e+02   1.0264583e+01
   4.9000000e+02   1.0264216e+01
   4.9100000e+02   1.0264400e+01
   4.9200000e+02   1.0264216e+01
   4.9300000e+02   1.0264246e+01
   4.9400000e+02   1.0264421e+01
   4.9500000e+02   1.0264560e+01
   4.9600000e+02   1.0264399e+01
   4.9700000e+02   1.0264675e+01
   4.9800000e+02   1.0264492e+01
   4.9900000e+02   1.0264636e+01
   5.0000000e+02   1.0264474e+01
   5.0100000e+02   1.0264708e+01
   5.0200000e+02   1.0264695e+01
   5.0300000e+02   1.0264320e+01
   5.0400000e+02   1.0264818e+01
   5.0500000e+02   1.0264683e+01
   5.0600000e+02   1.0264801e+01
   5.0700000e+02   1.0264648e+01
   5.0800000e+02   1.0264657e+01
   5.0900000e+02   1.0264704e+01
   5.1000000e+02   1.0264711e+01
   5.1100000e+02   1.0264624e+01
   5.1200000e+02   1.0264701e+01
   5.1300000e+02   1.0264642e+01
   5.1400000e+02   1.0264630e+01
   5.1500000e+02   1.0264376e+01
   5.1600000e+02   1.0264432e+01
   5.1700000e+02   1.0264242e+01
   5.1800000e+02   1.0264481e+01
   5.1900000e+02   1.0264111e+01
   5.2000000e+02   1.0264292e+01
   5.2100000e+02   1.0264364e+01
   5.2200000e+02   1.0264449e+01
   5.2300000e+02   1.0264203e+01
   5.2400000e+02   1.0264190e+01
   5.2500000e+02   1.0264434e+01
   5.2600000e+02   1.0264330e+01
   5.2700000e+02   1.0264487e+01
   5.2800000e+02   1.0264205e+01
   5.2900000e+02   1.0264485e+01
   5.3000000e+02   1.0264179e+01
   5.3100000e+02   1.0264105e+01
   5.3200000e+02   1.0264351e+01
   5.3300000e+02   1.0264267e+01
   5.3400000e+02   1.0264134e+01
   5.3500000e+02   1.0264545e+01
   5.3600000e+02   1.0264358e+01
   5.3700000e+02   1.0264261e+01
   5.3800000e+02   1.0264327e+01
   5.3900000e+02   1.0264165e+01
   5.4000000e+02   1.0264246e+01
   5.4100000e+02   1.0264087e+01
   5.4200000e+02   1.0264120e+01
   5.4300000e+02   1.0264312e+01
   5.4400000e+02   1.0263960e+01
   5.4500000e+02   1.0264042e+01
   5.4600000e+02   1.0264179e+01
   5.4700000e+02   1.0264450e+01
   5.4800000e+02   1.0263936e+01
   5.4900000e+02   1.0264048e+01
   5.5000000e+02   1.0264180e+01
   5.5100000e+02   1.0264027e+01
   5.5200000e+02   1.0263898e+01
   5.5300000e+02   1.0263848e+01
   5.5400000e+02   1.0263875e+01
   5.5500000e+02   1.0263678e+01
   5.5600000e+02   1.0263926e+01
   5.5700000e+02   1.0263899e+01
   5.5800000e+02   1.0264241e+01
   5.5900000e+02   1.0263987e+01
   5.6000000e+02   1.0264110e+01
   5.6100000e+02   1.0263812e+01
   5.6200000e+02   1.0263968e+01
   5.6300000e+02   1.0264005e+01
   5.6400000e+02   1.0264178e+01
   5.6500000e+02   1.0264061e+01
   5.6600000e+02   1.0263945e+01
   5.6700000e+02   1.0264236e+01
   5.6800000e+02   1.0264145e+01
   5.6900000e+02   1.0264004e+01
   5.7000000e+02   1.0263985e+01
   5.7100000e+02   1.0264078e+01
   5.7200000e+02   1.0263998e+01
   5.7300000e+02   1.0263618e+01
   5.7400000e+02   1.0263776e+01
   5.7500000e+02   1.0263938e+01
   5.7600000e+02   1.0263624e+01
   5.7700000e+02   1.0263662e+01
   5.7800000e+02   1.0263550e+01
   5.7900000e+02   1.0263705e+01
   5.8000000e+02   1.0263706e+01
   5.8100000e+02   1.0263857e+01
   5.8200000e+02   1.0263504e+01
   5.8300000e+02   1.0263839e+01
   5.8400000e+02   1.0263652e+01
   5.8500000e+02   1.0263594e+01
   5.8600000e+02   1.0263796e+01
   5.8700000e+02   1.0263725e+01
   5.8800000e+02   1.0263492e+01
   5.8900000e+02   1.0263569e+01
   5.9000000e+02   1.0263929e+01
   5.9100000e+02   1.0263587e+01
   5.9200000e+02   1.0263829e+01
   5.9300000e+02   1.0263688e+01
   5.9400000e+02   1.0263658e+01
   5.9500000e+02   1.0263766e+01
   5.9600000e+02   1.0263797e+01
   5.9700000e+02   1.0263685e+01
   5.9800000e+02   1.0263734e+01
   5.9900000e+02   1.0263673e+01
   6.0000000e+02   1.0263430e+01
   6.0100000e+02   1.0263559e+01
   6.0200000e+02   1.0263779e+01
   6.0300000e+02   1.0263701e+01
   6.0400000e+02   1.0263606e+01
   6.0500000e+02   1.0263616e+01
   6.0600000e+02   1.0263509e+01
   6.0700000e+02   1.0263342e+01
   6.0800000e+02   1.0263704e+01
   6.0900000e+02   1.0263314e+01
   6.1000000e+02   1.0263315e+01
   6.1100000e+02   1.0263413e+01
   6.1200000e+02   1.0263431e+01
   6.1300000e+02   1.0263371e+01
   6.1400000e+02   1.0263543e+01
   6.1500000e+02   1.0263386e+01
   6.1600000e+02   1.0263346e+01
   6.1700000e+02   1.0263366e+01
   6.1800000e+02   1.0263529e+01
   6.1900000e+02   1.0263400e+01
   6.2000000e+02   1.0263316e+01
   6.2100000e+02   1.0263363e+01
   6.2200000e+02   1.0263183e+01
   6.2300000e+02   1.0263175e+01
   6.2400000e+02   1.0263356e+01
   6.2500000e+02   1.0263304e+01
   6.2600000e+02   1.0263326e+01
   6.2700000e+02   1.0263162e+01
   6.2800000e+02   1.0263435e+01
   6.2900000e+02   1.0263268e+01
   6.3000000e+02   1.0263121e+01
   6.3100000e+02   1.0263094e+01
   6.3200000e+02   1.0262796e+01
   6.3300000e+02   1.0262795e+01
   6.3400000e+02   1.0262891e+01
   6.3500000e+02   1.0262825e+01
   6.3600000e+02   1.0262940e+01
   6.3700000e+02   1.0263025e+01
   6.3800000e+02   1.0263092e+01
   6.3900000e+02   1.0263098e+01
   6.4000000e+02   1.0263403e+01
   6.4100000e+02   1.0263225e+01
   6.4200000e+02   1.0263331e+01
   6.4300000e+02   1.0263289e+01
   6.4400000e+02   1.0263236e+01
   6.4500000e+02   1.0263170e+01
   6.4600000e+02   1.0262944e+01
   6.4700000e+02   1.0263308e+01
   6.4800000e+02   1.0263050e+01
   6.4900000e+02   1.0263286e+01
   6.5000000e+02   1.0263419e+01
   6.5100000e+02   1.0263245e+01
   6.5200000e+02   1.0263126e+01
   6.5300000e+02   1.0263451e+01
   6.5400000e+02   1.0262956e+01
   6.5500000e+02   1.0263052e+01
   6.5600000e+02   1.0263150e+01
   6.5700000e+02   1.0263181e+01
   6.5800000e+02   1.0262954e+01
   6.5900000e+02   1.0263061e+01
   6.6000000e+02   1.0263181e+01
   6.6100000e+02   1.0263120e+01
   6.6200000e+02   1.0263209e+01
   6.6300000e+02   1.0263003e+01
   6.6400000e+02   1.0262882e+01
   6.6500000e+02   1.0262831e+01
   6.6600000e+02   1.0263028e+01
   6.6700000e+02   1.0262781e+01
   6.6800000e+02   1.0262651e+01
   6.6900000e+02   1.0262468e+01
   6.7000000e+02   1.0262131e+01
   6.7100000e+02   1.0261830e+01
   6.7200000e+02   1.0261495e+01
   6.7300000e+02   1.0260975e+01
   6.7400000e+02   1.0259831e+01
   6.7500000e+02   1.0258468e+01
   6.7600000e+02   1.0257109e+01
   6.7700000e+02   1.0255020e+01
   6.7800000e+02   1.0252924e+01
   6.7900000e+02   1.0250422e+01
   6.8000000e+02   1.0247596e+01
   6.8100000e+02   1.0244248e+01
   6.8200000e+02   1.0241297e+01
   6.8300000e+02   1.0237708e+01
   6.8400000e+02   1.0235001e+01
   6.8500000e+02   1.0232429e+01
   6.8600000e+02   1.0230086e+01
   6.8700000e+02   1.0228809e+01
   6.8800000e+02   1.0227562e+01
   6.8900000e+02   1.0227148e+01
   6.9000000e+02   1.0227353e+01
   6.9100000e+02   1.0227628e+01
   6.9200000e+02   1.0229145e+01
   6.9300000e+02   1.0230672e+01
   6.9400000e+02   1.0232271e+01
   6.9500000e+02   1.0234611e+01
   6.9600000e+02   1.0236629e+01
   6.9700000e+02   1.0238619e+01
   6.9800000e+02   1.0240679e+01
   6.9900000e+02   1.0242658e+01
   7.0000000e+02   1.0244406e+01
   7.0100000e+02   1.0246443e+01
   7.0200000e+02   1.0248141e+01
   7.0300000e+02   1.0249655e+01
   7.0400000e+02   1.0251135e+01
   7.0500000e+02   1.0252320e+01
   7.0600000e+02   1.0253440e+01
   7.0700000e+02   1.0254327e+01
   7.0800000e+02   1.0255384e+01
   7.0900000e+02   1.0256610e+01
   7.1000000e+02   1.0257199e+01
   7.1100000e+02   1.0257852e+01
   7.1200000e+02   1.0258531e+01
   7.1300000e+02   1.0259106e+01
   7.1400000e+02   1.0259583e+01
   7.1500000e+02   1.0260115e+01
   7.1600000e+02   1.0260328e+01
   7.1700000e+02   1.0260791e+01
   7.1800000e+02   1.0260884e+01
   7.1900000e+02   1.0261384e+01
   7.2000000e+02   1.0261435e+01
   7.2100000e+02   1.0261789e+01
   7.2200000e+02   1.0261982e+01
   7.2300000e+02   1.0261903e+01
   7.2400000e+02   1.0262057e+01
   7.2500000e+02   1.0262145e+01
   7.2600000e+02   1.0261909e+01
   7.2700000e+02   1.0261930e+01
   7.2800000e+02   1.0262333e+01
   7.2900000e+02   1.0262126e+01
   7.3000000e+02   1.0262118e+01
   7.3100000e+02   1.0262177e+01
   7.3200000e+02   1.0262099e+01
   7.3300000e+02   1.0262090e+01
   7.3400000e+02   1.0262079e+01
   7.3500000e+02   1.0261991e+01
   7.3600000e+02   1.0261922e+01
   7.3700000e+02   1.0262314e+01
   7.3800000e+02   1.0261921e+01
   7.3900000e+02   1.0262219e+01
   7.4000000e+02   1.0262123e+01
   7.4100000e+02   1.0262256e+01
   7.4200000e+02   1.0262273e+01
   7.4300000e+02   1.0262099e+01
   7.4400000e+02   1.0261877e+01
   7.4500000e+02   1.0262026e+01
   7.4600000e+02   1.0261947e+01
   7.4700000e+02   1.0261930e+01
   7.4800000e+02   1.0261808e+01
   7.4900000e+02   1.0262217e+01
   7.5000000e+02   1.0261971e+01
   7.5100000e+02   1.0262003e+01
   7.5200000e+02   1.0262041e+01
   7.5300000e+02   1.0261608e+01
   7.5400000e+02   1.0261833e+01
   7.5500000e+02   1.0261634e+01
   7.5600000e+02   1.0262077e+01
   7.5700000e+02   1.0262040e+01
   7.5800000e+02   1.0261994e+01
   7.5900000e+02   1.0261915e+01
   7.6000000e+02   1.0261977e+01
   7.6100000e+02   1.0261775e+01
   7.6200000e+02   1.0261814e+01
   7.6300000e+02   1.0262147e+01
   7.6400000e+02   1.0261957e+01
   7.6500000e+02   1.0262129e+01
   7.6600000e+02   1.0261901e+01
   7.6700000e+02   1.0262118e+01
   7.6800000e+02   1.0261935e+01
   7.6900000e+02   1.0262022e+01
   7.7000000e+02   1.0261804e+01
   7.7100000e+02   1.0262058e+01
   7.7200000e+02   1.0261980e+01
   7.7300000e+02   1.0261920e+01
   7.7400000e+02   1.0261860e+01
   7.7500000e+02   1.0261986e+01
   7.7600000e+02   1.0261996e+01
   7.7700000e+02   1.0261831e+01
   7.7800000e+02   1.0261658e+01
   7.7900000e+02   1.0261747e+01
   7.8000000e+02   1.0261999e+01
