   0.0000000e+00   1.0312680e+01
   1.0000000e+00   1.0309491e+01
   2.0000000e+00   1.0308650e+01
   3.0000000e+00   1.0307977e+01
   4.0000000e+00   1.0307439e+01
   5.0000000e+00   1.0307861e+01
   6.0000000e+00   1.0308197e+01
   7.0000000e+00   1.0307673e+01
   8.0000000e+00   1.0307278e+01
   9.0000000e+00   1.0307419e+01
   1.0000000e+01   1.0307254e+01
   1.1000000e+01   1.0306882e+01
   1.2000000e+01   1.0306919e+01
   1.3000000e+01   1.0306655e+01
   1.4000000e+01   1.0306546e+01
   1.5000000e+01   1.0306320e+01
   1.6000000e+01   1.0306531e+01
   1.7000000e+01   1.0306265e+01
   1.8000000e+01   1.0306094e+01
   1.9000000e+01   1.0306149e+01
   2.0000000e+01   1.0306100e+01
   2.1000000e+01   1.0305512e+01
   2.2000000e+01   1.0305679e+01
   2.3000000e+01   1.0305712e+01
   2.4000000e+01   1.0305556e+01
   2.5000000e+01   1.0305613e+01
   2.6000000e+01   1.0305240e+01
   2.7000000e+01   1.0305234e+01
   2.8000000e+01   1.0305029e+01
   2.9000000e+01   1.0305084e+01
   3.0000000e+01   1.0305020e+01
   3.1000000e+01   1.0304894e+01
   3.2000000e+01   1.0304628e+01
   3.3000000e+01   1.0304641e+01
   3.4000000e+01   1.0304633e+01
   3.5000000e+01   1.0304395e+01
   3.6000000e+01   1.0304275e+01
   3.7000000e+01   1.0304417e+01
   3.8000000e+01   1.0304072e+01
   3.9000000e+01   1.0304245e+01
   4.0000000e+01   1.0303880e+01
   4.1000000e+01   1.0303917e+01
   4.2000000e+01   1.0303850e+01
   4.3000000e+01   1.0303609e+01
   4.4000000e+01   1.0303768e+01
   4.5000000e+01   1.0303577e+01
   4.6000000e+01   1.0303630e+01
   4.7000000e+01   1.0303526e+01
   4.8000000e+01   1.0303700e+01
   4.9000000e+01   1.0303445e+01
   5.0000000e+01   1.0303111e+01
   5.1000000e+01   1.0303074e+01
   5.2000000e+01   1.0302771e+01
   5.3000000e+01   1.0303039e+01
   5.4000000e+01   1.0302686e+01
   5.5000000e+01   1.0302963e+01
   5.6000000e+01   1.0302445e+01
   5.7000000e+01   1.0302845e+01
   5.8000000e+01   1.0302465e+01
   5.9000000e+01   1.0302513e+01
   6.0000000e+01   1.0302338e+01
   6.1000000e+01   1.0302151e+01
   6.2000000e+01   1.0301966e+01
   6.3000000e+01   1.0302115e+01
   6.4000000e+01   1.0302143e+01
   6.5000000e+01   1.0301948e+01
   6.6000000e+01   1.0301955e+01
   6.7000000e+01   1.0301770e+01
   6.8000000e+01   1.0301766e+01
   6.9000000e+01   1.0301890e+01
   7.0000000e+01   1.0301733e+01
   7.1000000e+01   1.0301600e+01
   7.2000000e+01   1.0301809e+01
   7.3000000e+01   1.0301496e+01
   7.4000000e+01   1.0301875e+01
   7.5000000e+01   1.0301412e+01
   7.6000000e+01   1.0301614e+01
   7.7000000e+01   1.0301282e+01
   7.8000000e+01   1.0301503e+01
   7.9000000e+01   1.0301424e+01
   8.0000000e+01   1.0301348e+01
   8.1000000e+01   1.0301227e+01
   8.2000000e+01   1.0300991e+01
   8.3000000e+01   1.0300864e+01
   8.4000000e+01   1.0300909e+01
   8.5000000e+01   1.0300765e+01
   8.6000000e+01   1.0301025e+01
   8.7000000e+01   1.0300504e+01
   8.8000000e+01   1.0300728e+01
   8.9000000e+01   1.0300695e+01
   9.0000000e+01   1.0300567e+01
   9.1000000e+01   1.0300394e+01
   9.2000000e+01   1.0300635e+01
   9.3000000e+01   1.0300827e+01
   9.4000000e+01   1.0300793e+01
   9.5000000e+01   1.0300849e+01
   9.6000000e+01   1.0300564e+01
   9.7000000e+01   1.0300655e+01
   9.8000000e+01   1.0300513e+01
   9.9000000e+01   1.0300600e+01
   1.0000000e+02   1.0300579e+01
   1.0100000e+02   1.0300389e+01
   1.0200000e+02   1.0300119e+01
   1.0300000e+02   1.0300300e+01
   1.0400000e+02   1.0300037e+01
   1.0500000e+02   1.0300075e+01
   1.0600000e+02   1.0299975e+01
   1.0700000e+02   1.0299997e+01
   1.0800000e+02   1.0299908e+01
   1.0900000e+02   1.0299968e+01
   1.1000000e+02   1.0299762e+01
   1.1100000e+02   1.0299616e+01
   1.1200000e+02   1.0299707e+01
   1.1300000e+02   1.0299730e+01
   1.1400000e+02   1.0299730e+01
   1.1500000e+02   1.0299655e+01
   1.1600000e+02   1.0299540e+01
   1.1700000e+02   1.0299558e+01
   1.1800000e+02   1.0299802e+01
   1.1900000e+02   1.0299629e+01
   1.2000000e+02   1.0299716e+01
   1.2100000e+02   1.0299693e+01
   1.2200000e+02   1.0299528e+01
   1.2300000e+02   1.0299717e+01
   1.2400000e+02   1.0299420e+01
   1.2500000e+02   1.0299324e+01
   1.2600000e+02   1.0299436e+01
   1.2700000e+02   1.0299319e+01
   1.2800000e+02   1.0299174e+01
   1.2900000e+02   1.0299080e+01
   1.3000000e+02   1.0299075e+01
   1.3100000e+02   1.0299197e+01
   1.3200000e+02   1.0299164e+01
   1.3300000e+02   1.0298856e+01
   1.3400000e+02   1.0299098e+01
   1.3500000e+02   1.0299285e+01
   1.3600000e+02   1.0299004e+01
   1.3700000e+02   1.0299044e+01
   1.3800000e+02   1.0299232e+01
   1.3900000e+02   1.0299088e+01
   1.4000000e+02   1.0299026e+01
   1.4100000e+02   1.0298711e+01
   1.4200000e+02   1.0298701e+01
   1.4300000e+02   1.0298690e+01
   1.4400000e+02   1.0298811e+01
   1.4500000e+02   1.0298735e+01
   1.4600000e+02   1.0298830e+01
   1.4700000e+02   1.0298780e+01
   1.4800000e+02   1.0298999e+01
   1.4900000e+02   1.0298791e+01
   1.5000000e+02   1.0298559e+01
   1.5100000e+02   1.0298655e+01
   1.5200000e+02   1.0298481e+01
   1.5300000e+02   1.0298518e+01
   1.5400000e+02   1.0298295e+01
   1.5500000e+02   1.0298460e+01
   1.5600000e+02   1.0298515e+01
   1.5700000e+02   1.0298406e+01
   1.5800000e+02   1.0298187e+01
   1.5900000e+02   1.0298408e+01
   1.6000000e+02   1.0298385e+01
   1.6100000e+02   1.0298445e+01
   1.6200000e+02   1.0297933e+01
   1.6300000e+02   1.0298572e+01
   1.6400000e+02   1.0298091e+01
   1.6500000e+02   1.0298236e+01
   1.6600000e+02   1.0297129e+01
   1.6700000e+02   1.0290139e+01
   1.6800000e+02   1.0272786e+01
   1.6900000e+02   1.0266057e+01
   1.7000000e+02   1.0274947e+01
   1.7100000e+02   1.0284888e+01
   1.7200000e+02   1.0289957e+01
   1.7300000e+02   1.0291703e+01
   1.7400000e+02   1.0292336e+01
   1.7500000e+02   1.0292473e+01
   1.7600000e+02   1.0293008e+01
   1.7700000e+02   1.0293307e+01
   1.7800000e+02   1.0291008e+01
   1.7900000e+02   1.0258818e+01
   1.8000000e+02   1.0226686e+01
   1.8100000e+02   1.0230655e+01
   1.8200000e+02   1.0237461e+01
   1.8300000e+02   1.0244030e+01
   1.8400000e+02   1.0249677e+01
   1.8500000e+02   1.0252666e+01
   1.8600000e+02   1.0254530e+01
   1.8700000e+02   1.0256026e+01
   1.8800000e+02   1.0256938e+01
   1.8900000e+02   1.0259008e+01
   1.9000000e+02   1.0263969e+01
   1.9100000e+02   1.0270150e+01
   1.9200000e+02   1.0276612e+01
   1.9300000e+02   1.0282080e+01
   1.9400000e+02   1.0285128e+01
   1.9500000e+02   1.0287339e+01
   1.9600000e+02   1.0288800e+01
   1.9700000e+02   1.0290074e+01
   1.9800000e+02   1.0290923e+01
   1.9900000e+02   1.0292001e+01
   2.0000000e+02   1.0292425e+01
   2.0100000e+02   1.0293327e+01
   2.0200000e+02   1.0293803e+01
   2.0300000e+02   1.0293985e+01
   2.0400000e+02   1.0294377e+01
   2.0500000e+02   1.0294769e+01
   2.0600000e+02   1.0295132e+01
   2.0700000e+02   1.0295702e+01
   2.0800000e+02   1.0295623e+01
   2.0900000e+02   1.0295948e+01
   2.1000000e+02   1.0296304e+01
   2.1100000e+02   1.0296402e+01
   2.1200000e+02   1.0296422e+01
   2.1300000e+02   1.0296401e+01
   2.1400000e+02   1.0296796e+01
   2.1500000e+02   1.0296699e+01
   2.1600000e+02   1.0296726e+01
   2.1700000e+02   1.0296541e+01
   2.1800000e+02   1.0296290e+01
   2.1900000e+02   1.0296498e+01
   2.2000000e+02   1.0296521e+01
   2.2100000e+02   1.0296515e+01
   2.2200000e+02   1.0296237e+01
   2.2300000e+02   1.0296411e+01
   2.2400000e+02   1.0296347e+01
   2.2500000e+02   1.0296361e+01
   2.2600000e+02   1.0296035e+01
   2.2700000e+02   1.0296022e+01
   2.2800000e+02   1.0296130e+01
   2.2900000e+02   1.0296227e+01
   2.3000000e+02   1.0296072e+01
   2.3100000e+02   1.0296208e+01
   2.3200000e+02   1.0296297e+01
   2.3300000e+02   1.0296431e+01
   2.3400000e+02   1.0296167e+01
   2.3500000e+02   1.0296238e+01
   2.3600000e+02   1.0296432e+01
   2.3700000e+02   1.0295918e+01
   2.3800000e+02   1.0296305e+01
   2.3900000e+02   1.0296269e+01
   2.4000000e+02   1.0296457e+01
   2.4100000e+02   1.0296202e+01
   2.4200000e+02   1.0295975e+01
   2.4300000e+02   1.0296148e+01
   2.4400000e+02   1.0296068e+01
   2.4500000e+02   1.0295966e+01
   2.4600000e+02   1.0296027e+01
   2.4700000e+02   1.0295557e+01
   2.4800000e+02   1.0295708e+01
   2.4900000e+02   1.0295976e+01
   2.5000000e+02   1.0295982e+01
   2.5100000e+02   1.0295961e+01
   2.5200000e+02   1.0295804e+01
   2.5300000e+02   1.0295802e+01
   2.5400000e+02   1.0296140e+01
   2.5500000e+02   1.0295501e+01
   2.5600000e+02   1.0295888e+01
   2.5700000e+02   1.0295809e+01
   2.5800000e+02   1.0295838e+01
   2.5900000e+02   1.0295839e+01
   2.6000000e+02   1.0295390e+01
   2.6100000e+02   1.0295631e+01
   2.6200000e+02   1.0295609e+01
   2.6300000e+02   1.0295285e+01
   2.6400000e+02   1.0295512e+01
   2.6500000e+02   1.0295288e+01
   2.6600000e+02   1.0295301e+01
   2.6700000e+02   1.0295503e+01
   2.6800000e+02   1.0295330e+01
   2.6900000e+02   1.0295356e+01
   2.7000000e+02   1.0295357e+01
   2.7100000e+02   1.0295137e+01
   2.7200000e+02   1.0295466e+01
   2.7300000e+02   1.0295264e+01
   2.7400000e+02   1.0295522e+01
   2.7500000e+02   1.0295350e+01
   2.7600000e+02   1.0295275e+01
   2.7700000e+02   1.0295301e+01
   2.7800000e+02   1.0295102e+01
   2.7900000e+02   1.0295601e+01
   2.8000000e+02   1.0295025e+01
   2.8100000e+02   1.0295219e+01
   2.8200000e+02   1.0295314e+01
   2.8300000e+02   1.0295274e+01
   2.8400000e+02   1.0295080e+01
   2.8500000e+02   1.0295246e+01
   2.8600000e+02   1.0295295e+01
   2.8700000e+02   1.0295278e+01
   2.8800000e+02   1.0295126e+01
   2.8900000e+02   1.0294951e+01
   2.9000000e+02   1.0294929e+01
   2.9100000e+02   1.0295111e+01
   2.9200000e+02   1.0295112e+01
   2.9300000e+02   1.0294963e+01
   2.9400000e+02   1.0294864e+01
   2.9500000e+02   1.0294903e+01
   2.9600000e+02   1.0295078e+01
   2.9700000e+02   1.0294813e+01
   2.9800000e+02   1.0294617e+01
   2.9900000e+02   1.0294904e+01
   3.0000000e+02   1.0294885e+01
   3.0100000e+02   1.0294692e+01
   3.0200000e+02   1.0294589e+01
   3.0300000e+02   1.0294295e+01
   3.0400000e+02   1.0294168e+01
   3.0500000e+02   1.0294320e+01
   3.0600000e+02   1.0293517e+01
   3.0700000e+02   1.0292894e+01
   3.0800000e+02   1.0292218e+01
   3.0900000e+02   1.0291596e+01
   3.1000000e+02   1.0291004e+01
   3.1100000e+02   1.0290555e+01
   3.1200000e+02   1.0290568e+01
   3.1300000e+02   1.0290226e+01
   3.1400000e+02   1.0289946e+01
   3.1500000e+02   1.0289431e+01
   3.1600000e+02   1.0289035e+01
   3.1700000e+02   1.0288300e+01
   3.1800000e+02   1.0287309e+01
   3.1900000e+02   1.0286158e+01
   3.2000000e+02   1.0285360e+01
   3.2100000e+02   1.0284957e+01
   3.2200000e+02   1.0284459e+01
   3.2300000e+02   1.0284222e+01
   3.2400000e+02   1.0284736e+01
   3.2500000e+02   1.0285318e+01
   3.2600000e+02   1.0285458e+01
   3.2700000e+02   1.0285983e+01
   3.2800000e+02   1.0286932e+01
   3.2900000e+02   1.0287528e+01
   3.3000000e+02   1.0288183e+01
   3.3100000e+02   1.0288561e+01
   3.3200000e+02   1.0289084e+01
   3.3300000e+02   1.0289353e+01
   3.3400000e+02   1.0289543e+01
   3.3500000e+02   1.0289462e+01
   3.3600000e+02   1.0289530e+01
   3.3700000e+02   1.0289747e+01
   3.3800000e+02   1.0289569e+01
   3.3900000e+02   1.0289362e+01
   3.4000000e+02   1.0290102e+01
   3.4100000e+02   1.0290428e+01
   3.4200000e+02   1.0290485e+01
   3.4300000e+02   1.0290927e+01
   3.4400000e+02   1.0291013e+01
   3.4500000e+02   1.0291477e+01
   3.4600000e+02   1.0291982e+01
   3.4700000e+02   1.0292040e+01
   3.4800000e+02   1.0291870e+01
   3.4900000e+02   1.0292302e+01
   3.5000000e+02   1.0292183e+01
   3.5100000e+02   1.0292516e+01
   3.5200000e+02   1.0292602e+01
   3.5300000e+02   1.0292863e+01
   3.5400000e+02   1.0292689e+01
   3.5500000e+02   1.0292888e+01
   3.5600000e+02   1.0292879e+01
   3.5700000e+02   1.0292794e+01
   3.5800000e+02   1.0292954e+01
   3.5900000e+02   1.0292892e+01
   3.6000000e+02   1.0292494e+01
   3.6100000e+02   1.0292822e+01
   3.6200000e+02   1.0292573e+01
   3.6300000e+02   1.0292716e+01
   3.6400000e+02   1.0292765e+01
   3.6500000e+02   1.0292946e+01
   3.6600000e+02   1.0292918e+01
   3.6700000e+02   1.0293095e+01
   3.6800000e+02   1.0293470e+01
   3.6900000e+02   1.0293216e+01
   3.7000000e+02   1.0293249e+01
   3.7100000e+02   1.0293141e+01
   3.7200000e+02   1.0293233e+01
   3.7300000e+02   1.0293395e+01
   3.7400000e+02   1.0293289e+01
   3.7500000e+02   1.0293200e+01
   3.7600000e+02   1.0293281e+01
   3.7700000e+02   1.0293068e+01
   3.7800000e+02   1.0293096e+01
   3.7900000e+02   1.0293374e+01
   3.8000000e+02   1.0293399e+01
   3.8100000e+02   1.0293376e+01
   3.8200000e+02   1.0293278e+01
   3.8300000e+02   1.0293412e+01
   3.8400000e+02   1.0293437e+01
   3.8500000e+02   1.0293348e+01
   3.8600000e+02   1.0293173e+01
   3.8700000e+02   1.0293332e+01
   3.8800000e+02   1.0292998e+01
   3.8900000e+02   1.0293050e+01
   3.9000000e+02   1.0292974e+01
   3.9100000e+02   1.0292962e+01
   3.9200000e+02   1.0292971e+01
   3.9300000e+02   1.0293355e+01
   3.9400000e+02   1.0292956e+01
   3.9500000e+02   1.0293252e+01
   3.9600000e+02   1.0293427e+01
   3.9700000e+02   1.0293197e+01
   3.9800000e+02   1.0293037e+01
   3.9900000e+02   1.0293388e+01
   4.0000000e+02   1.0293050e+01
   4.0100000e+02   1.0293512e+01
   4.0200000e+02   1.0293105e+01
   4.0300000e+02   1.0293089e+01
   4.0400000e+02   1.0293079e+01
   4.0500000e+02   1.0293370e+01
   4.0600000e+02   1.0293026e+01
   4.0700000e+02   1.0293227e+01
   4.0800000e+02   1.0293187e+01
   4.0900000e+02   1.0293101e+01
   4.1000000e+02   1.0293478e+01
   4.1100000e+02   1.0293281e+01
   4.1200000e+02   1.0293566e+01
   4.1300000e+02   1.0293344e+01
   4.1400000e+02   1.0293189e+01
   4.1500000e+02   1.0293088e+01
   4.1600000e+02   1.0293011e+01
   4.1700000e+02   1.0293083e+01
   4.1800000e+02   1.0293369e+01
   4.1900000e+02   1.0293058e+01
   4.2000000e+02   1.0293244e+01
   4.2100000e+02   1.0293090e+01
   4.2200000e+02   1.0292844e+01
   4.2300000e+02   1.0292912e+01
   4.2400000e+02   1.0293026e+01
   4.2500000e+02   1.0292791e+01
   4.2600000e+02   1.0292646e+01
   4.2700000e+02   1.0292544e+01
   4.2800000e+02   1.0292612e+01
   4.2900000e+02   1.0293027e+01
   4.3000000e+02   1.0292565e+01
   4.3100000e+02   1.0292632e+01
   4.3200000e+02   1.0292812e+01
   4.3300000e+02   1.0292749e+01
   4.3400000e+02   1.0292540e+01
   4.3500000e+02   1.0292008e+01
   4.3600000e+02   1.0291643e+01
   4.3700000e+02   1.0290614e+01
   4.3800000e+02   1.0288456e+01
   4.3900000e+02   1.0285731e+01
   4.4000000e+02   1.0281127e+01
   4.4100000e+02   1.0274877e+01
   4.4200000e+02   1.0266491e+01
   4.4300000e+02   1.0256632e+01
   4.4400000e+02   1.0244705e+01
   4.4500000e+02   1.0232453e+01
   4.4600000e+02   1.0221044e+01
   4.4700000e+02   1.0211438e+01
   4.4800000e+02   1.0204811e+01
   4.4900000e+02   1.0201760e+01
   4.5000000e+02   1.0201854e+01
   4.5100000e+02   1.0204905e+01
   4.5200000e+02   1.0210257e+01
   4.5300000e+02   1.0216846e+01
   4.5400000e+02   1.0223915e+01
   4.5500000e+02   1.0230867e+01
   4.5600000e+02   1.0236996e+01
   4.5700000e+02   1.0242453e+01
   4.5800000e+02   1.0247290e+01
   4.5900000e+02   1.0251399e+01
   4.6000000e+02   1.0254850e+01
   4.6100000e+02   1.0258002e+01
   4.6200000e+02   1.0260842e+01
   4.6300000e+02   1.0263630e+01
   4.6400000e+02   1.0266087e+01
   4.6500000e+02   1.0268701e+01
   4.6600000e+02   1.0270849e+01
   4.6700000e+02   1.0273095e+01
   4.6800000e+02   1.0274834e+01
   4.6900000e+02   1.0276403e+01
   4.7000000e+02   1.0277947e+01
   4.7100000e+02   1.0279411e+01
   4.7200000e+02   1.0280813e+01
   4.7300000e+02   1.0282037e+01
   4.7400000e+02   1.0282875e+01
   4.7500000e+02   1.0284324e+01
   4.7600000e+02   1.0285262e+01
   4.7700000e+02   1.0286155e+01
   4.7800000e+02   1.0286851e+01
   4.7900000e+02   1.0287697e+01
   4.8000000e+02   1.0288060e+01
   4.8100000e+02   1.0288908e+01
   4.8200000e+02   1.0289284e+01
   4.8300000e+02   1.0289490e+01
   4.8400000e+02   1.0289935e+01
   4.8500000e+02   1.0290113e+01
   4.8600000e+02   1.0290671e+01
   4.8700000e+02   1.0290655e+01
   4.8800000e+02   1.0290870e+01
   4.8900000e+02   1.0291167e+01
   4.9000000e+02   1.0291287e+01
   4.9100000e+02   1.0291170e+01
   4.9200000e+02   1.0291347e+01
   4.9300000e+02   1.0291626e+01
   4.9400000e+02   1.0291390e+01
   4.9500000e+02   1.0291532e+01
   4.9600000e+02   1.0291687e+01
   4.9700000e+02   1.0291364e+01
   4.9800000e+02   1.0291531e+01
   4.9900000e+02   1.0291701e+01
   5.0000000e+02   1.0291796e+01
   5.0100000e+02   1.0291546e+01
   5.0200000e+02   1.0291674e+01
   5.0300000e+02   1.0291281e+01
   5.0400000e+02   1.0291617e+01
   5.0500000e+02   1.0291722e+01
   5.0600000e+02   1.0291955e+01
   5.0700000e+02   1.0291769e+01
   5.0800000e+02   1.0291604e+01
   5.0900000e+02   1.0291689e+01
   5.1000000e+02   1.0291464e+01
   5.1100000e+02   1.0291451e+01
   5.1200000e+02   1.0291966e+01
   5.1300000e+02   1.0291383e+01
   5.1400000e+02   1.0291679e+01
   5.1500000e+02   1.0291750e+01
   5.1600000e+02   1.0291496e+01
   5.1700000e+02   1.0291418e+01
   5.1800000e+02   1.0291352e+01
   5.1900000e+02   1.0291519e+01
   5.2000000e+02   1.0291283e+01
   5.2100000e+02   1.0291409e+01
   5.2200000e+02   1.0291357e+01
   5.2300000e+02   1.0291233e+01
   5.2400000e+02   1.0291233e+01
   5.2500000e+02   1.0291313e+01
   5.2600000e+02   1.0291423e+01
   5.2700000e+02   1.0291578e+01
   5.2800000e+02   1.0291280e+01
   5.2900000e+02   1.0291484e+01
   5.3000000e+02   1.0291509e+01
   5.3100000e+02   1.0291418e+01
   5.3200000e+02   1.0291356e+01
   5.3300000e+02   1.0291421e+01
   5.3400000e+02   1.0291403e+01
   5.3500000e+02   1.0291777e+01
   5.3600000e+02   1.0291614e+01
   5.3700000e+02   1.0291340e+01
   5.3800000e+02   1.0291634e+01
   5.3900000e+02   1.0291554e+01
   5.4000000e+02   1.0291526e+01
   5.4100000e+02   1.0291624e+01
   5.4200000e+02   1.0291656e+01
   5.4300000e+02   1.0291314e+01
   5.4400000e+02   1.0291428e+01
   5.4500000e+02   1.0291324e+01
   5.4600000e+02   1.0291177e+01
   5.4700000e+02   1.0291345e+01
   5.4800000e+02   1.0291049e+01
   5.4900000e+02   1.0291176e+01
   5.5000000e+02   1.0291194e+01
   5.5100000e+02   1.0290935e+01
   5.5200000e+02   1.0291147e+01
   5.5300000e+02   1.0290727e+01
   5.5400000e+02   1.0291176e+01
   5.5500000e+02   1.0290819e+01
   5.5600000e+02   1.0290979e+01
   5.5700000e+02   1.0291091e+01
   5.5800000e+02   1.0290896e+01
   5.5900000e+02   1.0290959e+01
   5.6000000e+02   1.0290829e+01
   5.6100000e+02   1.0290909e+01
   5.6200000e+02   1.0291054e+01
   5.6300000e+02   1.0290969e+01
   5.6400000e+02   1.0290794e+01
   5.6500000e+02   1.0290765e+01
   5.6600000e+02   1.0290958e+01
   5.6700000e+02   1.0290652e+01
   5.6800000e+02   1.0290754e+01
   5.6900000e+02   1.0290838e+01
   5.7000000e+02   1.0290838e+01
   5.7100000e+02   1.0290725e+01
   5.7200000e+02   1.0290725e+01
   5.7300000e+02   1.0290772e+01
   5.7400000e+02   1.0290843e+01
   5.7500000e+02   1.0290754e+01
   5.7600000e+02   1.0290549e+01
   5.7700000e+02   1.0290532e+01
   5.7800000e+02   1.0290674e+01
   5.7900000e+02   1.0290443e+01
   5.8000000e+02   1.0290658e+01
   5.8100000e+02   1.0290691e+01
   5.8200000e+02   1.0290551e+01
   5.8300000e+02   1.0290469e+01
   5.8400000e+02   1.0290415e+01
   5.8500000e+02   1.0290454e+01
   5.8600000e+02   1.0290444e+01
   5.8700000e+02   1.0290507e+01
   5.8800000e+02   1.0290206e+01
   5.8900000e+02   1.0290782e+01
   5.9000000e+02   1.0290250e+01
   5.9100000e+02   1.0290363e+01
   5.9200000e+02   1.0290237e+01
   5.9300000e+02   1.0290421e+01
   5.9400000e+02   1.0290550e+01
   5.9500000e+02   1.0290168e+01
   5.9600000e+02   1.0290627e+01
   5.9700000e+02   1.0290404e+01
   5.9800000e+02   1.0290216e+01
   5.9900000e+02   1.0290422e+01
   6.0000000e+02   1.0290227e+01
   6.0100000e+02   1.0290619e+01
   6.0200000e+02   1.0290430e+01
   6.0300000e+02   1.0290432e+01
   6.0400000e+02   1.0290537e+01
   6.0500000e+02   1.0290224e+01
   6.0600000e+02   1.0290079e+01
   6.0700000e+02   1.0290589e+01
   6.0800000e+02   1.0290500e+01
   6.0900000e+02   1.0290439e+01
   6.1000000e+02   1.0290294e+01
   6.1100000e+02   1.0290477e+01
   6.1200000e+02   1.0290425e+01
   6.1300000e+02   1.0290342e+01
   6.1400000e+02   1.0290219e+01
   6.1500000e+02   1.0290451e+01
   6.1600000e+02   1.0290478e+01
   6.1700000e+02   1.0290294e+01
   6.1800000e+02   1.0289961e+01
   6.1900000e+02   1.0290132e+01
   6.2000000e+02   1.0290142e+01
   6.2100000e+02   1.0290076e+01
   6.2200000e+02   1.0289907e+01
   6.2300000e+02   1.0289835e+01
   6.2400000e+02   1.0290179e+01
   6.2500000e+02   1.0289884e+01
   6.2600000e+02   1.0289940e+01
   6.2700000e+02   1.0290105e+01
   6.2800000e+02   1.0289891e+01
   6.2900000e+02   1.0290150e+01
   6.3000000e+02   1.0289869e+01
   6.3100000e+02   1.0289778e+01
   6.3200000e+02   1.0289847e+01
   6.3300000e+02   1.0289607e+01
   6.3400000e+02   1.0289956e+01
   6.3500000e+02   1.0289902e+01
   6.3600000e+02   1.0289919e+01
   6.3700000e+02   1.0289896e+01
   6.3800000e+02   1.0289794e+01
   6.3900000e+02   1.0289686e+01
   6.4000000e+02   1.0290162e+01
   6.4100000e+02   1.0289686e+01
   6.4200000e+02   1.0289444e+01
   6.4300000e+02   1.0289173e+01
   6.4400000e+02   1.0289520e+01
   6.4500000e+02   1.0289359e+01
   6.4600000e+02   1.0289335e+01
   6.4700000e+02   1.0289546e+01
   6.4800000e+02   1.0289597e+01
   6.4900000e+02   1.0289574e+01
   6.5000000e+02   1.0289524e+01
   6.5100000e+02   1.0289778e+01
   6.5200000e+02   1.0289371e+01
   6.5300000e+02   1.0289436e+01
   6.5400000e+02   1.0289401e+01
   6.5500000e+02   1.0289591e+01
   6.5600000e+02   1.0289519e+01
   6.5700000e+02   1.0289474e+01
   6.5800000e+02   1.0289613e+01
   6.5900000e+02   1.0289531e+01
   6.6000000e+02   1.0289700e+01
   6.6100000e+02   1.0289670e+01
   6.6200000e+02   1.0289720e+01
   6.6300000e+02   1.0289557e+01
   6.6400000e+02   1.0289546e+01
   6.6500000e+02   1.0289388e+01
   6.6600000e+02   1.0289087e+01
   6.6700000e+02   1.0288964e+01
   6.6800000e+02   1.0287897e+01
   6.6900000e+02   1.0287422e+01
   6.7000000e+02   1.0286667e+01
   6.7100000e+02   1.0285179e+01
   6.7200000e+02   1.0283368e+01
   6.7300000e+02   1.0281351e+01
   6.7400000e+02   1.0278582e+01
   6.7500000e+02   1.0275264e+01
   6.7600000e+02   1.0270991e+01
   6.7700000e+02   1.0266700e+01
   6.7800000e+02   1.0261970e+01
   6.7900000e+02   1.0256878e+01
   6.8000000e+02   1.0251690e+01
   6.8100000e+02   1.0246527e+01
   6.8200000e+02   1.0242440e+01
   6.8300000e+02   1.0238755e+01
   6.8400000e+02   1.0235691e+01
   6.8500000e+02   1.0233927e+01
   6.8600000e+02   1.0232896e+01
   6.8700000e+02   1.0233073e+01
   6.8800000e+02   1.0233791e+01
   6.8900000e+02   1.0235383e+01
   6.9000000e+02   1.0237620e+01
   6.9100000e+02   1.0240340e+01
   6.9200000e+02   1.0242960e+01
   6.9300000e+02   1.0246028e+01
   6.9400000e+02   1.0248905e+01
   6.9500000e+02   1.0251685e+01
   6.9600000e+02   1.0254776e+01
   6.9700000e+02   1.0257248e+01
   6.9800000e+02   1.0260061e+01
   6.9900000e+02   1.0262025e+01
   7.0000000e+02   1.0264567e+01
   7.0100000e+02   1.0266374e+01
   7.0200000e+02   1.0268185e+01
   7.0300000e+02   1.0270106e+01
   7.0400000e+02   1.0271918e+01
   7.0500000e+02   1.0273284e+01
   7.0600000e+02   1.0274804e+01
   7.0700000e+02   1.0275915e+01
   7.0800000e+02   1.0276993e+01
   7.0900000e+02   1.0278326e+01
   7.1000000e+02   1.0279480e+01
   7.1100000e+02   1.0280574e+01
   7.1200000e+02   1.0281489e+01
   7.1300000e+02   1.0282458e+01
   7.1400000e+02   1.0283171e+01
   7.1500000e+02   1.0283912e+01
   7.1600000e+02   1.0284724e+01
   7.1700000e+02   1.0284854e+01
   7.1800000e+02   1.0285371e+01
   7.1900000e+02   1.0286034e+01
   7.2000000e+02   1.0286277e+01
   7.2100000e+02   1.0286727e+01
   7.2200000e+02   1.0287021e+01
   7.2300000e+02   1.0287138e+01
   7.2400000e+02   1.0287372e+01
   7.2500000e+02   1.0287568e+01
   7.2600000e+02   1.0287759e+01
   7.2700000e+02   1.0287713e+01
   7.2800000e+02   1.0287891e+01
   7.2900000e+02   1.0287998e+01
   7.3000000e+02   1.0288086e+01
   7.3100000e+02   1.0287985e+01
   7.3200000e+02   1.0288263e+01
   7.3300000e+02   1.0288111e+01
   7.3400000e+02   1.0288036e+01
   7.3500000e+02   1.0288321e+01
   7.3600000e+02   1.0288545e+01
   7.3700000e+02   1.0288233e+01
   7.3800000e+02   1.0288172e+01
   7.3900000e+02   1.0288325e+01
   7.4000000e+02   1.0288345e+01
   7.4100000e+02   1.0288549e+01
   7.4200000e+02   1.0288510e+01
   7.4300000e+02   1.0288517e+01
   7.4400000e+02   1.0288356e+01
   7.4500000e+02   1.0288242e+01
   7.4600000e+02   1.0288512e+01
   7.4700000e+02   1.0288455e+01
   7.4800000e+02   1.0288520e+01
   7.4900000e+02   1.0288056e+01
   7.5000000e+02   1.0288137e+01
   7.5100000e+02   1.0288109e+01
   7.5200000e+02   1.0288264e+01
   7.5300000e+02   1.0288370e+01
   7.5400000e+02   1.0288276e+01
   7.5500000e+02   1.0288459e+01
   7.5600000e+02   1.0288269e+01
   7.5700000e+02   1.0288129e+01
   7.5800000e+02   1.0288026e+01
   7.5900000e+02   1.0288254e+01
   7.6000000e+02   1.0288481e+01
   7.6100000e+02   1.0288229e+01
   7.6200000e+02   1.0288328e+01
   7.6300000e+02   1.0288278e+01
   7.6400000e+02   1.0288074e+01
   7.6500000e+02   1.0288426e+01
   7.6600000e+02   1.0288618e+01
   7.6700000e+02   1.0288361e+01
   7.6800000e+02   1.0288147e+01
   7.6900000e+02   1.0288242e+01
   7.7000000e+02   1.0288467e+01
   7.7100000e+02   1.0288376e+01
   7.7200000e+02   1.0288466e+01
   7.7300000e+02   1.0288407e+01
   7.7400000e+02   1.0288424e+01
   7.7500000e+02   1.0288441e+01
   7.7600000e+02   1.0288239e+01
   7.7700000e+02   1.0288393e+01
   7.7800000e+02   1.0288287e+01
   7.7900000e+02   1.0288138e+01
   7.8000000e+02   1.0287863e+01
