   0.0000000e+00   1.0323280e+01
   1.0000000e+00   1.0320113e+01
   2.0000000e+00   1.0319418e+01
   3.0000000e+00   1.0318793e+01
   4.0000000e+00   1.0318220e+01
   5.0000000e+00   1.0317807e+01
   6.0000000e+00   1.0317580e+01
   7.0000000e+00   1.0317401e+01
   8.0000000e+00   1.0316940e+01
   9.0000000e+00   1.0316718e+01
   1.0000000e+01   1.0316226e+01
   1.1000000e+01   1.0316472e+01
   1.2000000e+01   1.0316055e+01
   1.3000000e+01   1.0315902e+01
   1.4000000e+01   1.0315688e+01
   1.5000000e+01   1.0315464e+01
   1.6000000e+01   1.0315234e+01
   1.7000000e+01   1.0315197e+01
   1.8000000e+01   1.0314904e+01
   1.9000000e+01   1.0314810e+01
   2.0000000e+01   1.0314707e+01
   2.1000000e+01   1.0314728e+01
   2.2000000e+01   1.0314460e+01
   2.3000000e+01   1.0314300e+01
   2.4000000e+01   1.0314103e+01
   2.5000000e+01   1.0314318e+01
   2.6000000e+01   1.0313928e+01
   2.7000000e+01   1.0313716e+01
   2.8000000e+01   1.0313922e+01
   2.9000000e+01   1.0313490e+01
   3.0000000e+01   1.0313713e+01
   3.1000000e+01   1.0313635e+01
   3.2000000e+01   1.0313329e+01
   3.3000000e+01   1.0313275e+01
   3.4000000e+01   1.0312971e+01
   3.5000000e+01   1.0312905e+01
   3.6000000e+01   1.0313014e+01
   3.7000000e+01   1.0313097e+01
   3.8000000e+01   1.0312775e+01
   3.9000000e+01   1.0312863e+01
   4.0000000e+01   1.0312594e+01
   4.1000000e+01   1.0312343e+01
   4.2000000e+01   1.0312506e+01
   4.3000000e+01   1.0312477e+01
   4.4000000e+01   1.0312294e+01
   4.5000000e+01   1.0312265e+01
   4.6000000e+01   1.0312326e+01
   4.7000000e+01   1.0312263e+01
   4.8000000e+01   1.0312114e+01
   4.9000000e+01   1.0311887e+01
   5.0000000e+01   1.0311811e+01
   5.1000000e+01   1.0311863e+01
   5.2000000e+01   1.0311624e+01
   5.3000000e+01   1.0311502e+01
   5.4000000e+01   1.0311550e+01
   5.5000000e+01   1.0311628e+01
   5.6000000e+01   1.0311388e+01
   5.7000000e+01   1.0311250e+01
   5.8000000e+01   1.0311221e+01
   5.9000000e+01   1.0311233e+01
   6.0000000e+01   1.0310920e+01
   6.1000000e+01   1.0311169e+01
   6.2000000e+01   1.0310870e+01
   6.3000000e+01   1.0310707e+01
   6.4000000e+01   1.0310862e+01
   6.5000000e+01   1.0310990e+01
   6.6000000e+01   1.0310767e+01
   6.7000000e+01   1.0310600e+01
   6.8000000e+01   1.0310702e+01
   6.9000000e+01   1.0310553e+01
   7.0000000e+01   1.0310393e+01
   7.1000000e+01   1.0310457e+01
   7.2000000e+01   1.0310577e+01
   7.3000000e+01   1.0310659e+01
   7.4000000e+01   1.0310678e+01
   7.5000000e+01   1.0310538e+01
   7.6000000e+01   1.0310652e+01
   7.7000000e+01   1.0310598e+01
   7.8000000e+01   1.0310574e+01
   7.9000000e+01   1.0310638e+01
   8.0000000e+01   1.0310293e+01
   8.1000000e+01   1.0310455e+01
   8.2000000e+01   1.0310330e+01
   8.3000000e+01   1.0310215e+01
   8.4000000e+01   1.0310126e+01
   8.5000000e+01   1.0309954e+01
   8.6000000e+01   1.0310060e+01
   8.7000000e+01   1.0310184e+01
   8.8000000e+01   1.0310057e+01
   8.9000000e+01   1.0309800e+01
   9.0000000e+01   1.0309951e+01
   9.1000000e+01   1.0309783e+01
   9.2000000e+01   1.0309641e+01
   9.3000000e+01   1.0309916e+01
   9.4000000e+01   1.0309726e+01
   9.5000000e+01   1.0309599e+01
   9.6000000e+01   1.0309715e+01
   9.7000000e+01   1.0309631e+01
   9.8000000e+01   1.0309586e+01
   9.9000000e+01   1.0309459e+01
   1.0000000e+02   1.0309388e+01
   1.0100000e+02   1.0309370e+01
   1.0200000e+02   1.0309256e+01
   1.0300000e+02   1.0309186e+01
   1.0400000e+02   1.0308941e+01
   1.0500000e+02   1.0308970e+01
   1.0600000e+02   1.0309119e+01
   1.0700000e+02   1.0309002e+01
   1.0800000e+02   1.0308739e+01
   1.0900000e+02   1.0308896e+01
   1.1000000e+02   1.0308657e+01
   1.1100000e+02   1.0308780e+01
   1.1200000e+02   1.0308672e+01
   1.1300000e+02   1.0308538e+01
   1.1400000e+02   1.0308668e+01
   1.1500000e+02   1.0308578e+01
   1.1600000e+02   1.0308341e+01
   1.1700000e+02   1.0308538e+01
   1.1800000e+02   1.0308204e+01
   1.1900000e+02   1.0308419e+01
   1.2000000e+02   1.0308370e+01
   1.2100000e+02   1.0308348e+01
   1.2200000e+02   1.0308428e+01
   1.2300000e+02   1.0308172e+01
   1.2400000e+02   1.0308094e+01
   1.2500000e+02   1.0308096e+01
   1.2600000e+02   1.0308063e+01
   1.2700000e+02   1.0307746e+01
   1.2800000e+02   1.0307899e+01
   1.2900000e+02   1.0308055e+01
   1.3000000e+02   1.0307811e+01
   1.3100000e+02   1.0307582e+01
   1.3200000e+02   1.0307830e+01
   1.3300000e+02   1.0307752e+01
   1.3400000e+02   1.0307456e+01
   1.3500000e+02   1.0307669e+01
   1.3600000e+02   1.0307296e+01
   1.3700000e+02   1.0307475e+01
   1.3800000e+02   1.0307565e+01
   1.3900000e+02   1.0307461e+01
   1.4000000e+02   1.0307539e+01
   1.4100000e+02   1.0307242e+01
   1.4200000e+02   1.0307176e+01
   1.4300000e+02   1.0307056e+01
   1.4400000e+02   1.0307058e+01
   1.4500000e+02   1.0307216e+01
   1.4600000e+02   1.0307176e+01
   1.4700000e+02   1.0307125e+01
   1.4800000e+02   1.0307177e+01
   1.4900000e+02   1.0307351e+01
   1.5000000e+02   1.0307025e+01
   1.5100000e+02   1.0307039e+01
   1.5200000e+02   1.0307141e+01
   1.5300000e+02   1.0306888e+01
   1.5400000e+02   1.0306863e+01
   1.5500000e+02   1.0306796e+01
   1.5600000e+02   1.0307001e+01
   1.5700000e+02   1.0306780e+01
   1.5800000e+02   1.0306919e+01
   1.5900000e+02   1.0306674e+01
   1.6000000e+02   1.0306753e+01
   1.6100000e+02   1.0306628e+01
   1.6200000e+02   1.0306555e+01
   1.6300000e+02   1.0306563e+01
   1.6400000e+02   1.0306827e+01
   1.6500000e+02   1.0306774e+01
   1.6600000e+02   1.0306167e+01
   1.6700000e+02   1.0300840e+01
   1.6800000e+02   1.0282914e+01
   1.6900000e+02   1.0270720e+01
   1.7000000e+02   1.0278758e+01
   1.7100000e+02   1.0289998e+01
   1.7200000e+02   1.0297069e+01
   1.7300000e+02   1.0299441e+01
   1.7400000e+02   1.0300464e+01
   1.7500000e+02   1.0300837e+01
   1.7600000e+02   1.0301868e+01
   1.7700000e+02   1.0302402e+01
   1.7800000e+02   1.0301459e+01
   1.7900000e+02   1.0272166e+01
   1.8000000e+02   1.0227870e+01
   1.8100000e+02   1.0230115e+01
   1.8200000e+02   1.0236188e+01
   1.8300000e+02   1.0239573e+01
   1.8400000e+02   1.0247580e+01
   1.8500000e+02   1.0255918e+01
   1.8600000e+02   1.0261926e+01
   1.8700000e+02   1.0264574e+01
   1.8800000e+02   1.0265595e+01
   1.8900000e+02   1.0268082e+01
   1.9000000e+02   1.0273037e+01
   1.9100000e+02   1.0279372e+01
   1.9200000e+02   1.0287577e+01
   1.9300000e+02   1.0293041e+01
   1.9400000e+02   1.0296226e+01
   1.9500000e+02   1.0297885e+01
   1.9600000e+02   1.0299238e+01
   1.9700000e+02   1.0299396e+01
   1.9800000e+02   1.0300377e+01
   1.9900000e+02   1.0301041e+01
   2.0000000e+02   1.0301499e+01
   2.0100000e+02   1.0301794e+01
   2.0200000e+02   1.0302498e+01
   2.0300000e+02   1.0302743e+01
   2.0400000e+02   1.0303103e+01
   2.0500000e+02   1.0303529e+01
   2.0600000e+02   1.0303776e+01
   2.0700000e+02   1.0304428e+01
   2.0800000e+02   1.0304324e+01
   2.0900000e+02   1.0304874e+01
   2.1000000e+02   1.0305053e+01
   2.1100000e+02   1.0305038e+01
   2.1200000e+02   1.0304898e+01
   2.1300000e+02   1.0304976e+01
   2.1400000e+02   1.0305027e+01
   2.1500000e+02   1.0305102e+01
   2.1600000e+02   1.0305349e+01
   2.1700000e+02   1.0305027e+01
   2.1800000e+02   1.0304906e+01
   2.1900000e+02   1.0304900e+01
   2.2000000e+02   1.0304795e+01
   2.2100000e+02   1.0304715e+01
   2.2200000e+02   1.0304549e+01
   2.2300000e+02   1.0304506e+01
   2.2400000e+02   1.0304336e+01
   2.2500000e+02   1.0304303e+01
   2.2600000e+02   1.0304287e+01
   2.2700000e+02   1.0304133e+01
   2.2800000e+02   1.0304441e+01
   2.2900000e+02   1.0304497e+01
   2.3000000e+02   1.0304214e+01
   2.3100000e+02   1.0304504e+01
   2.3200000e+02   1.0304452e+01
   2.3300000e+02   1.0304127e+01
   2.3400000e+02   1.0304467e+01
   2.3500000e+02   1.0304244e+01
   2.3600000e+02   1.0304415e+01
   2.3700000e+02   1.0304047e+01
   2.3800000e+02   1.0304087e+01
   2.3900000e+02   1.0304228e+01
   2.4000000e+02   1.0304120e+01
   2.4100000e+02   1.0304098e+01
   2.4200000e+02   1.0303749e+01
   2.4300000e+02   1.0303062e+01
   2.4400000e+02   1.0302640e+01
   2.4500000e+02   1.0301460e+01
   2.4600000e+02   1.0299918e+01
   2.4700000e+02   1.0297964e+01
   2.4800000e+02   1.0296568e+01
   2.4900000e+02   1.0295238e+01
   2.5000000e+02   1.0294852e+01
   2.5100000e+02   1.0295275e+01
   2.5200000e+02   1.0295349e+01
   2.5300000e+02   1.0295878e+01
   2.5400000e+02   1.0296017e+01
   2.5500000e+02   1.0296029e+01
   2.5600000e+02   1.0295339e+01
   2.5700000e+02   1.0295235e+01
   2.5800000e+02   1.0294500e+01
   2.5900000e+02   1.0293851e+01
   2.6000000e+02   1.0293424e+01
   2.6100000e+02   1.0292963e+01
   2.6200000e+02   1.0292679e+01
   2.6300000e+02   1.0292388e+01
   2.6400000e+02   1.0292259e+01
   2.6500000e+02   1.0292490e+01
   2.6600000e+02   1.0293083e+01
   2.6700000e+02   1.0293980e+01
   2.6800000e+02   1.0294875e+01
   2.6900000e+02   1.0295499e+01
   2.7000000e+02   1.0296286e+01
   2.7100000e+02   1.0296733e+01
   2.7200000e+02   1.0297198e+01
   2.7300000e+02   1.0297332e+01
   2.7400000e+02   1.0297752e+01
   2.7500000e+02   1.0298015e+01
   2.7600000e+02   1.0298504e+01
   2.7700000e+02   1.0298713e+01
   2.7800000e+02   1.0299057e+01
   2.7900000e+02   1.0299408e+01
   2.8000000e+02   1.0299488e+01
   2.8100000e+02   1.0299709e+01
   2.8200000e+02   1.0299894e+01
   2.8300000e+02   1.0300320e+01
   2.8400000e+02   1.0300714e+01
   2.8500000e+02   1.0300723e+01
   2.8600000e+02   1.0301070e+01
   2.8700000e+02   1.0301249e+01
   2.8800000e+02   1.0301200e+01
   2.8900000e+02   1.0301253e+01
   2.9000000e+02   1.0301553e+01
   2.9100000e+02   1.0301422e+01
   2.9200000e+02   1.0301682e+01
   2.9300000e+02   1.0301656e+01
   2.9400000e+02   1.0301721e+01
   2.9500000e+02   1.0301845e+01
   2.9600000e+02   1.0301957e+01
   2.9700000e+02   1.0301712e+01
   2.9800000e+02   1.0301705e+01
   2.9900000e+02   1.0301614e+01
   3.0000000e+02   1.0300973e+01
   3.0100000e+02   1.0300478e+01
   3.0200000e+02   1.0299763e+01
   3.0300000e+02   1.0298419e+01
   3.0400000e+02   1.0296575e+01
   3.0500000e+02   1.0293891e+01
   3.0600000e+02   1.0290611e+01
   3.0700000e+02   1.0286376e+01
   3.0800000e+02   1.0281253e+01
   3.0900000e+02   1.0275624e+01
   3.1000000e+02   1.0270246e+01
   3.1100000e+02   1.0266132e+01
   3.1200000e+02   1.0263484e+01
   3.1300000e+02   1.0262321e+01
   3.1400000e+02   1.0261642e+01
   3.1500000e+02   1.0259812e+01
   3.1600000e+02   1.0255936e+01
   3.1700000e+02   1.0250132e+01
   3.1800000e+02   1.0242694e+01
   3.1900000e+02   1.0234977e+01
   3.2000000e+02   1.0227884e+01
   3.2100000e+02   1.0223356e+01
   3.2200000e+02   1.0220495e+01
   3.2300000e+02   1.0220048e+01
   3.2400000e+02   1.0221344e+01
   3.2500000e+02   1.0225005e+01
   3.2600000e+02   1.0229148e+01
   3.2700000e+02   1.0234555e+01
   3.2800000e+02   1.0240784e+01
   3.2900000e+02   1.0247252e+01
   3.3000000e+02   1.0253102e+01
   3.3100000e+02   1.0258564e+01
   3.3200000e+02   1.0263194e+01
   3.3300000e+02   1.0266014e+01
   3.3400000e+02   1.0267998e+01
   3.3500000e+02   1.0268644e+01
   3.3600000e+02   1.0268595e+01
   3.3700000e+02   1.0268368e+01
   3.3800000e+02   1.0268067e+01
   3.3900000e+02   1.0268777e+01
   3.4000000e+02   1.0269801e+01
   3.4100000e+02   1.0271665e+01
   3.4200000e+02   1.0274365e+01
   3.4300000e+02   1.0276906e+01
   3.4400000e+02   1.0279792e+01
   3.4500000e+02   1.0282408e+01
   3.4600000e+02   1.0284442e+01
   3.4700000e+02   1.0286860e+01
   3.4800000e+02   1.0288653e+01
   3.4900000e+02   1.0290457e+01
   3.5000000e+02   1.0292019e+01
   3.5100000e+02   1.0293413e+01
   3.5200000e+02   1.0294406e+01
   3.5300000e+02   1.0295447e+01
   3.5400000e+02   1.0296059e+01
   3.5500000e+02   1.0296452e+01
   3.5600000e+02   1.0296833e+01
   3.5700000e+02   1.0296651e+01
   3.5800000e+02   1.0296435e+01
   3.5900000e+02   1.0296168e+01
   3.6000000e+02   1.0295494e+01
   3.6100000e+02   1.0295493e+01
   3.6200000e+02   1.0295599e+01
   3.6300000e+02   1.0295755e+01
   3.6400000e+02   1.0295995e+01
   3.6500000e+02   1.0296297e+01
   3.6600000e+02   1.0296838e+01
   3.6700000e+02   1.0297767e+01
   3.6800000e+02   1.0297905e+01
   3.6900000e+02   1.0298474e+01
   3.7000000e+02   1.0299005e+01
   3.7100000e+02   1.0299227e+01
   3.7200000e+02   1.0299750e+01
   3.7300000e+02   1.0300201e+01
   3.7400000e+02   1.0300263e+01
   3.7500000e+02   1.0300457e+01
   3.7600000e+02   1.0300459e+01
   3.7700000e+02   1.0300326e+01
   3.7800000e+02   1.0300658e+01
   3.7900000e+02   1.0300612e+01
   3.8000000e+02   1.0300454e+01
   3.8100000e+02   1.0300731e+01
   3.8200000e+02   1.0300336e+01
   3.8300000e+02   1.0300394e+01
   3.8400000e+02   1.0299772e+01
   3.8500000e+02   1.0299494e+01
   3.8600000e+02   1.0298809e+01
   3.8700000e+02   1.0298069e+01
   3.8800000e+02   1.0297696e+01
   3.8900000e+02   1.0297230e+01
   3.9000000e+02   1.0297003e+01
   3.9100000e+02   1.0296595e+01
   3.9200000e+02   1.0296857e+01
   3.9300000e+02   1.0297487e+01
   3.9400000e+02   1.0297563e+01
   3.9500000e+02   1.0297922e+01
   3.9600000e+02   1.0298211e+01
   3.9700000e+02   1.0298587e+01
   3.9800000e+02   1.0298945e+01
   3.9900000e+02   1.0299310e+01
   4.0000000e+02   1.0299358e+01
   4.0100000e+02   1.0299863e+01
   4.0200000e+02   1.0300253e+01
   4.0300000e+02   1.0300243e+01
   4.0400000e+02   1.0300200e+01
   4.0500000e+02   1.0300635e+01
   4.0600000e+02   1.0300506e+01
   4.0700000e+02   1.0300484e+01
   4.0800000e+02   1.0300642e+01
   4.0900000e+02   1.0300618e+01
   4.1000000e+02   1.0300703e+01
   4.1100000e+02   1.0300689e+01
   4.1200000e+02   1.0300796e+01
   4.1300000e+02   1.0301076e+01
   4.1400000e+02   1.0301054e+01
   4.1500000e+02   1.0301021e+01
   4.1600000e+02   1.0300938e+01
   4.1700000e+02   1.0300976e+01
   4.1800000e+02   1.0300774e+01
   4.1900000e+02   1.0300774e+01
   4.2000000e+02   1.0300910e+01
   4.2100000e+02   1.0300773e+01
   4.2200000e+02   1.0300810e+01
   4.2300000e+02   1.0300809e+01
   4.2400000e+02   1.0300809e+01
   4.2500000e+02   1.0300636e+01
   4.2600000e+02   1.0300558e+01
   4.2700000e+02   1.0300502e+01
   4.2800000e+02   1.0300726e+01
   4.2900000e+02   1.0300742e+01
   4.3000000e+02   1.0300426e+01
   4.3100000e+02   1.0300741e+01
   4.3200000e+02   1.0300520e+01
   4.3300000e+02   1.0300496e+01
   4.3400000e+02   1.0300591e+01
   4.3500000e+02   1.0299588e+01
   4.3600000e+02   1.0299184e+01
   4.3700000e+02   1.0297880e+01
   4.3800000e+02   1.0295462e+01
   4.3900000e+02   1.0291505e+01
   4.4000000e+02   1.0285323e+01
   4.4100000e+02   1.0276581e+01
   4.4200000e+02   1.0265039e+01
   4.4300000e+02   1.0250260e+01
   4.4400000e+02   1.0233523e+01
   4.4500000e+02   1.0215479e+01
   4.4600000e+02   1.0198759e+01
   4.4700000e+02   1.0184566e+01
   4.4800000e+02   1.0173598e+01
   4.4900000e+02   1.0167667e+01
   4.5000000e+02   1.0166715e+01
   4.5100000e+02   1.0170028e+01
   4.5200000e+02   1.0176813e+01
   4.5300000e+02   1.0185638e+01
   4.5400000e+02   1.0195550e+01
   4.5500000e+02   1.0206105e+01
   4.5600000e+02   1.0216425e+01
   4.5700000e+02   1.0226009e+01
   4.5800000e+02   1.0235111e+01
   4.5900000e+02   1.0242614e+01
   4.6000000e+02   1.0249644e+01
   4.6100000e+02   1.0255543e+01
   4.6200000e+02   1.0260580e+01
   4.6300000e+02   1.0265351e+01
   4.6400000e+02   1.0268981e+01
   4.6500000e+02   1.0272690e+01
   4.6600000e+02   1.0275637e+01
   4.6700000e+02   1.0278166e+01
   4.6800000e+02   1.0280291e+01
   4.6900000e+02   1.0282335e+01
   4.7000000e+02   1.0284097e+01
   4.7100000e+02   1.0285735e+01
   4.7200000e+02   1.0287520e+01
   4.7300000e+02   1.0288883e+01
   4.7400000e+02   1.0290733e+01
   4.7500000e+02   1.0291865e+01
   4.7600000e+02   1.0293256e+01
   4.7700000e+02   1.0294286e+01
   4.7800000e+02   1.0295405e+01
   4.7900000e+02   1.0296438e+01
   4.8000000e+02   1.0296851e+01
   4.8100000e+02   1.0297565e+01
   4.8200000e+02   1.0298208e+01
   4.8300000e+02   1.0298495e+01
   4.8400000e+02   1.0298762e+01
   4.8500000e+02   1.0298958e+01
   4.8600000e+02   1.0299651e+01
   4.8700000e+02   1.0299303e+01
   4.8800000e+02   1.0299401e+01
   4.8900000e+02   1.0299632e+01
   4.9000000e+02   1.0299820e+01
   4.9100000e+02   1.0299644e+01
   4.9200000e+02   1.0299750e+01
   4.9300000e+02   1.0299722e+01
   4.9400000e+02   1.0299686e+01
   4.9500000e+02   1.0299675e+01
   4.9600000e+02   1.0299750e+01
   4.9700000e+02   1.0299543e+01
   4.9800000e+02   1.0299743e+01
   4.9900000e+02   1.0299681e+01
   5.0000000e+02   1.0299765e+01
   5.0100000e+02   1.0299960e+01
   5.0200000e+02   1.0299594e+01
   5.0300000e+02   1.0299719e+01
   5.0400000e+02   1.0299610e+01
   5.0500000e+02   1.0299496e+01
   5.0600000e+02   1.0299407e+01
   5.0700000e+02   1.0299493e+01
   5.0800000e+02   1.0299633e+01
   5.0900000e+02   1.0299694e+01
   5.1000000e+02   1.0299601e+01
   5.1100000e+02   1.0299609e+01
   5.1200000e+02   1.0299378e+01
   5.1300000e+02   1.0299336e+01
   5.1400000e+02   1.0299426e+01
   5.1500000e+02   1.0299509e+01
   5.1600000e+02   1.0299325e+01
   5.1700000e+02   1.0299291e+01
   5.1800000e+02   1.0299528e+01
   5.1900000e+02   1.0299219e+01
   5.2000000e+02   1.0299576e+01
   5.2100000e+02   1.0299413e+01
   5.2200000e+02   1.0299369e+01
   5.2300000e+02   1.0299464e+01
   5.2400000e+02   1.0299075e+01
   5.2500000e+02   1.0299175e+01
   5.2600000e+02   1.0299258e+01
   5.2700000e+02   1.0299089e+01
   5.2800000e+02   1.0298838e+01
   5.2900000e+02   1.0298967e+01
   5.3000000e+02   1.0299041e+01
   5.3100000e+02   1.0299029e+01
   5.3200000e+02   1.0299014e+01
   5.3300000e+02   1.0299020e+01
   5.3400000e+02   1.0298944e+01
   5.3500000e+02   1.0298775e+01
   5.3600000e+02   1.0299043e+01
   5.3700000e+02   1.0298788e+01
   5.3800000e+02   1.0298967e+01
   5.3900000e+02   1.0298912e+01
   5.4000000e+02   1.0299191e+01
   5.4100000e+02   1.0298778e+01
   5.4200000e+02   1.0299042e+01
   5.4300000e+02   1.0299238e+01
   5.4400000e+02   1.0299135e+01
   5.4500000e+02   1.0299085e+01
   5.4600000e+02   1.0299046e+01
   5.4700000e+02   1.0298990e+01
   5.4800000e+02   1.0298969e+01
   5.4900000e+02   1.0298767e+01
   5.5000000e+02   1.0299094e+01
   5.5100000e+02   1.0298882e+01
   5.5200000e+02   1.0298936e+01
   5.5300000e+02   1.0299108e+01
   5.5400000e+02   1.0299051e+01
   5.5500000e+02   1.0298785e+01
   5.5600000e+02   1.0298721e+01
   5.5700000e+02   1.0298708e+01
   5.5800000e+02   1.0298786e+01
   5.5900000e+02   1.0298824e+01
   5.6000000e+02   1.0298824e+01
   5.6100000e+02   1.0298607e+01
   5.6200000e+02   1.0298770e+01
   5.6300000e+02   1.0298908e+01
   5.6400000e+02   1.0298441e+01
   5.6500000e+02   1.0298592e+01
   5.6600000e+02   1.0298441e+01
   5.6700000e+02   1.0298381e+01
   5.6800000e+02   1.0298853e+01
   5.6900000e+02   1.0298407e+01
   5.7000000e+02   1.0298416e+01
   5.7100000e+02   1.0298762e+01
   5.7200000e+02   1.0298555e+01
   5.7300000e+02   1.0298620e+01
   5.7400000e+02   1.0298451e+01
   5.7500000e+02   1.0298657e+01
   5.7600000e+02   1.0298656e+01
   5.7700000e+02   1.0298382e+01
   5.7800000e+02   1.0298706e+01
   5.7900000e+02   1.0298445e+01
   5.8000000e+02   1.0298317e+01
   5.8100000e+02   1.0298484e+01
   5.8200000e+02   1.0298183e+01
   5.8300000e+02   1.0298476e+01
   5.8400000e+02   1.0298131e+01
   5.8500000e+02   1.0298354e+01
   5.8600000e+02   1.0298641e+01
   5.8700000e+02   1.0298146e+01
   5.8800000e+02   1.0298528e+01
   5.8900000e+02   1.0298354e+01
   5.9000000e+02   1.0298163e+01
   5.9100000e+02   1.0298144e+01
   5.9200000e+02   1.0298166e+01
   5.9300000e+02   1.0298208e+01
   5.9400000e+02   1.0298379e+01
   5.9500000e+02   1.0298219e+01
   5.9600000e+02   1.0298242e+01
   5.9700000e+02   1.0298503e+01
   5.9800000e+02   1.0298409e+01
   5.9900000e+02   1.0298141e+01
   6.0000000e+02   1.0298189e+01
   6.0100000e+02   1.0298550e+01
   6.0200000e+02   1.0298346e+01
   6.0300000e+02   1.0297972e+01
   6.0400000e+02   1.0298328e+01
   6.0500000e+02   1.0298080e+01
   6.0600000e+02   1.0298204e+01
   6.0700000e+02   1.0297939e+01
   6.0800000e+02   1.0298190e+01
   6.0900000e+02   1.0298025e+01
   6.1000000e+02   1.0297877e+01
   6.1100000e+02   1.0297948e+01
   6.1200000e+02   1.0297992e+01
   6.1300000e+02   1.0297865e+01
   6.1400000e+02   1.0297826e+01
   6.1500000e+02   1.0297656e+01
   6.1600000e+02   1.0297838e+01
   6.1700000e+02   1.0297863e+01
   6.1800000e+02   1.0297682e+01
   6.1900000e+02   1.0297660e+01
   6.2000000e+02   1.0297614e+01
   6.2100000e+02   1.0297387e+01
   6.2200000e+02   1.0297719e+01
   6.2300000e+02   1.0297454e+01
   6.2400000e+02   1.0297517e+01
   6.2500000e+02   1.0297466e+01
   6.2600000e+02   1.0297538e+01
   6.2700000e+02   1.0297521e+01
   6.2800000e+02   1.0297500e+01
   6.2900000e+02   1.0297448e+01
   6.3000000e+02   1.0297602e+01
   6.3100000e+02   1.0297475e+01
   6.3200000e+02   1.0297582e+01
   6.3300000e+02   1.0297659e+01
   6.3400000e+02   1.0297574e+01
   6.3500000e+02   1.0297569e+01
   6.3600000e+02   1.0297293e+01
   6.3700000e+02   1.0297208e+01
   6.3800000e+02   1.0297402e+01
   6.3900000e+02   1.0297360e+01
   6.4000000e+02   1.0297301e+01
   6.4100000e+02   1.0297579e+01
   6.4200000e+02   1.0297261e+01
   6.4300000e+02   1.0297347e+01
   6.4400000e+02   1.0297444e+01
   6.4500000e+02   1.0297451e+01
   6.4600000e+02   1.0297379e+01
   6.4700000e+02   1.0297400e+01
   6.4800000e+02   1.0297302e+01
   6.4900000e+02   1.0297263e+01
   6.5000000e+02   1.0297135e+01
   6.5100000e+02   1.0297198e+01
   6.5200000e+02   1.0296946e+01
   6.5300000e+02   1.0296898e+01
   6.5400000e+02   1.0297050e+01
   6.5500000e+02   1.0297085e+01
   6.5600000e+02   1.0297128e+01
   6.5700000e+02   1.0296995e+01
   6.5800000e+02   1.0297197e+01
   6.5900000e+02   1.0297148e+01
   6.6000000e+02   1.0297087e+01
   6.6100000e+02   1.0297286e+01
   6.6200000e+02   1.0297503e+01
   6.6300000e+02   1.0297072e+01
   6.6400000e+02   1.0297319e+01
   6.6500000e+02   1.0297073e+01
   6.6600000e+02   1.0297084e+01
   6.6700000e+02   1.0297228e+01
   6.6800000e+02   1.0296773e+01
   6.6900000e+02   1.0296871e+01
   6.7000000e+02   1.0296780e+01
   6.7100000e+02   1.0296491e+01
   6.7200000e+02   1.0296201e+01
   6.7300000e+02   1.0296201e+01
   6.7400000e+02   1.0295778e+01
   6.7500000e+02   1.0295476e+01
   6.7600000e+02   1.0295199e+01
   6.7700000e+02   1.0294438e+01
   6.7800000e+02   1.0293887e+01
   6.7900000e+02   1.0293361e+01
   6.8000000e+02   1.0292413e+01
   6.8100000e+02   1.0291681e+01
   6.8200000e+02   1.0290984e+01
   6.8300000e+02   1.0290496e+01
   6.8400000e+02   1.0289833e+01
   6.8500000e+02   1.0289320e+01
   6.8600000e+02   1.0288845e+01
   6.8700000e+02   1.0288658e+01
   6.8800000e+02   1.0288556e+01
   6.8900000e+02   1.0288537e+01
   6.9000000e+02   1.0288763e+01
   6.9100000e+02   1.0288973e+01
   6.9200000e+02   1.0289113e+01
   6.9300000e+02   1.0289790e+01
   6.9400000e+02   1.0290246e+01
   6.9500000e+02   1.0290851e+01
   6.9600000e+02   1.0291062e+01
   6.9700000e+02   1.0291627e+01
   6.9800000e+02   1.0292141e+01
   6.9900000e+02   1.0292497e+01
   7.0000000e+02   1.0293079e+01
   7.0100000e+02   1.0293557e+01
   7.0200000e+02   1.0293511e+01
   7.0300000e+02   1.0293808e+01
   7.0400000e+02   1.0294242e+01
   7.0500000e+02   1.0294262e+01
   7.0600000e+02   1.0294760e+01
   7.0700000e+02   1.0294907e+01
   7.0800000e+02   1.0295227e+01
   7.0900000e+02   1.0295508e+01
   7.1000000e+02   1.0295591e+01
   7.1100000e+02   1.0295939e+01
   7.1200000e+02   1.0296051e+01
   7.1300000e+02   1.0296171e+01
   7.1400000e+02   1.0296143e+01
   7.1500000e+02   1.0296203e+01
   7.1600000e+02   1.0296265e+01
   7.1700000e+02   1.0296242e+01
   7.1800000e+02   1.0296332e+01
   7.1900000e+02   1.0296136e+01
   7.2000000e+02   1.0296115e+01
   7.2100000e+02   1.0296371e+01
   7.2200000e+02   1.0296296e+01
   7.2300000e+02   1.0296259e+01
   7.2400000e+02   1.0296379e+01
   7.2500000e+02   1.0296603e+01
   7.2600000e+02   1.0296403e+01
   7.2700000e+02   1.0296715e+01
   7.2800000e+02   1.0296428e+01
   7.2900000e+02   1.0296525e+01
   7.3000000e+02   1.0296231e+01
   7.3100000e+02   1.0296606e+01
   7.3200000e+02   1.0296703e+01
   7.3300000e+02   1.0296897e+01
   7.3400000e+02   1.0296638e+01
   7.3500000e+02   1.0296734e+01
   7.3600000e+02   1.0296799e+01
   7.3700000e+02   1.0296768e+01
   7.3800000e+02   1.0296612e+01
   7.3900000e+02   1.0296777e+01
   7.4000000e+02   1.0296786e+01
   7.4100000e+02   1.0297002e+01
   7.4200000e+02   1.0296829e+01
   7.4300000e+02   1.0296791e+01
   7.4400000e+02   1.0296711e+01
   7.4500000e+02   1.0296816e+01
   7.4600000e+02   1.0296587e+01
   7.4700000e+02   1.0296701e+01
   7.4800000e+02   1.0296778e+01
   7.4900000e+02   1.0296645e+01
   7.5000000e+02   1.0296654e+01
   7.5100000e+02   1.0296632e+01
   7.5200000e+02   1.0296485e+01
   7.5300000e+02   1.0296663e+01
   7.5400000e+02   1.0296602e+01
   7.5500000e+02   1.0296706e+01
   7.5600000e+02   1.0296467e+01
   7.5700000e+02   1.0296589e+01
   7.5800000e+02   1.0296445e+01
   7.5900000e+02   1.0296611e+01
   7.6000000e+02   1.0296527e+01
   7.6100000e+02   1.0296265e+01
   7.6200000e+02   1.0296328e+01
   7.6300000e+02   1.0296539e+01
   7.6400000e+02   1.0296460e+01
   7.6500000e+02   1.0296350e+01
   7.6600000e+02   1.0296460e+01
   7.6700000e+02   1.0296421e+01
   7.6800000e+02   1.0296657e+01
   7.6900000e+02   1.0296442e+01
   7.7000000e+02   1.0296433e+01
   7.7100000e+02   1.0296279e+01
   7.7200000e+02   1.0296513e+01
   7.7300000e+02   1.0296226e+01
   7.7400000e+02   1.0296332e+01
   7.7500000e+02   1.0296238e+01
   7.7600000e+02   1.0296226e+01
   7.7700000e+02   1.0295948e+01
   7.7800000e+02   1.0296017e+01
   7.7900000e+02   1.0296104e+01
   7.8000000e+02   1.0296333e+01
