   0.0000000e+00   1.0303964e+01
   1.0000000e+00   1.0300617e+01
   2.0000000e+00   1.0299699e+01
   3.0000000e+00   1.0298868e+01
   4.0000000e+00   1.0299062e+01
   5.0000000e+00   1.0298369e+01
   6.0000000e+00   1.0298205e+01
   7.0000000e+00   1.0297716e+01
   8.0000000e+00   1.0297321e+01
   9.0000000e+00   1.0297368e+01
   1.0000000e+01   1.0297069e+01
   1.1000000e+01   1.0297025e+01
   1.2000000e+01   1.0296775e+01
   1.3000000e+01   1.0296335e+01
   1.4000000e+01   1.0296353e+01
   1.5000000e+01   1.0296027e+01
   1.6000000e+01   1.0296169e+01
   1.7000000e+01   1.0296232e+01
   1.8000000e+01   1.0296060e+01
   1.9000000e+01   1.0295677e+01
   2.0000000e+01   1.0295620e+01
   2.1000000e+01   1.0295732e+01
   2.2000000e+01   1.0295647e+01
   2.3000000e+01   1.0295537e+01
   2.4000000e+01   1.0295390e+01
   2.5000000e+01   1.0295360e+01
   2.6000000e+01   1.0295027e+01
   2.7000000e+01   1.0294777e+01
   2.8000000e+01   1.0295021e+01
   2.9000000e+01   1.0295203e+01
   3.0000000e+01   1.0295058e+01
   3.1000000e+01   1.0294775e+01
   3.2000000e+01   1.0294938e+01
   3.3000000e+01   1.0294723e+01
   3.4000000e+01   1.0294814e+01
   3.5000000e+01   1.0294685e+01
   3.6000000e+01   1.0294645e+01
   3.7000000e+01   1.0294517e+01
   3.8000000e+01   1.0294595e+01
   3.9000000e+01   1.0294693e+01
   4.0000000e+01   1.0294442e+01
   4.1000000e+01   1.0294555e+01
   4.2000000e+01   1.0294310e+01
   4.3000000e+01   1.0294172e+01
   4.4000000e+01   1.0294353e+01
   4.5000000e+01   1.0294255e+01
   4.6000000e+01   1.0294230e+01
   4.7000000e+01   1.0294059e+01
   4.8000000e+01   1.0293829e+01
   4.9000000e+01   1.0293973e+01
   5.0000000e+01   1.0293923e+01
   5.1000000e+01   1.0293820e+01
   5.2000000e+01   1.0293759e+01
   5.3000000e+01   1.0293798e+01
   5.4000000e+01   1.0293896e+01
   5.5000000e+01   1.0293342e+01
   5.6000000e+01   1.0293733e+01
   5.7000000e+01   1.0293320e+01
   5.8000000e+01   1.0293260e+01
   5.9000000e+01   1.0293045e+01
   6.0000000e+01   1.0293134e+01
   6.1000000e+01   1.0292920e+01
   6.2000000e+01   1.0292893e+01
   6.3000000e+01   1.0293016e+01
   6.4000000e+01   1.0292808e+01
   6.5000000e+01   1.0292809e+01
   6.6000000e+01   1.0293021e+01
   6.7000000e+01   1.0292742e+01
   6.8000000e+01   1.0292624e+01
   6.9000000e+01   1.0292453e+01
   7.0000000e+01   1.0292374e+01
   7.1000000e+01   1.0292275e+01
   7.2000000e+01   1.0292415e+01
   7.3000000e+01   1.0292520e+01
   7.4000000e+01   1.0292493e+01
   7.5000000e+01   1.0292579e+01
   7.6000000e+01   1.0292622e+01
   7.7000000e+01   1.0292443e+01
   7.8000000e+01   1.0292552e+01
   7.9000000e+01   1.0292557e+01
   8.0000000e+01   1.0292519e+01
   8.1000000e+01   1.0292419e+01
   8.2000000e+01   1.0292310e+01
   8.3000000e+01   1.0292637e+01
   8.4000000e+01   1.0292456e+01
   8.5000000e+01   1.0292539e+01
   8.6000000e+01   1.0292503e+01
   8.7000000e+01   1.0292590e+01
   8.8000000e+01   1.0292707e+01
   8.9000000e+01   1.0292334e+01
   9.0000000e+01   1.0292330e+01
   9.1000000e+01   1.0292638e+01
   9.2000000e+01   1.0292574e+01
   9.3000000e+01   1.0292515e+01
   9.4000000e+01   1.0292063e+01
   9.5000000e+01   1.0291882e+01
   9.6000000e+01   1.0291781e+01
   9.7000000e+01   1.0291860e+01
   9.8000000e+01   1.0292034e+01
   9.9000000e+01   1.0291865e+01
   1.0000000e+02   1.0291702e+01
   1.0100000e+02   1.0291581e+01
   1.0200000e+02   1.0291739e+01
   1.0300000e+02   1.0291724e+01
   1.0400000e+02   1.0291723e+01
   1.0500000e+02   1.0291600e+01
   1.0600000e+02   1.0291824e+01
   1.0700000e+02   1.0291737e+01
   1.0800000e+02   1.0291533e+01
   1.0900000e+02   1.0291683e+01
   1.1000000e+02   1.0291562e+01
   1.1100000e+02   1.0291539e+01
   1.1200000e+02   1.0291313e+01
   1.1300000e+02   1.0291368e+01
   1.1400000e+02   1.0291358e+01
   1.1500000e+02   1.0291305e+01
   1.1600000e+02   1.0291473e+01
   1.1700000e+02   1.0291365e+01
   1.1800000e+02   1.0291417e+01
   1.1900000e+02   1.0291402e+01
   1.2000000e+02   1.0291583e+01
   1.2100000e+02   1.0291444e+01
   1.2200000e+02   1.0291472e+01
   1.2300000e+02   1.0291331e+01
   1.2400000e+02   1.0291173e+01
   1.2500000e+02   1.0291571e+01
   1.2600000e+02   1.0291617e+01
   1.2700000e+02   1.0291190e+01
   1.2800000e+02   1.0291448e+01
   1.2900000e+02   1.0291012e+01
   1.3000000e+02   1.0290959e+01
   1.3100000e+02   1.0290796e+01
   1.3200000e+02   1.0291006e+01
   1.3300000e+02   1.0290834e+01
   1.3400000e+02   1.0290872e+01
   1.3500000e+02   1.0290647e+01
   1.3600000e+02   1.0290593e+01
   1.3700000e+02   1.0290866e+01
   1.3800000e+02   1.0290544e+01
   1.3900000e+02   1.0290554e+01
   1.4000000e+02   1.0290812e+01
   1.4100000e+02   1.0290451e+01
   1.4200000e+02   1.0290496e+01
   1.4300000e+02   1.0290408e+01
   1.4400000e+02   1.0290500e+01
   1.4500000e+02   1.0290534e+01
   1.4600000e+02   1.0290417e+01
   1.4700000e+02   1.0290432e+01
   1.4800000e+02   1.0290324e+01
   1.4900000e+02   1.0290322e+01
   1.5000000e+02   1.0290199e+01
   1.5100000e+02   1.0290209e+01
   1.5200000e+02   1.0290343e+01
   1.5300000e+02   1.0290323e+01
   1.5400000e+02   1.0290168e+01
   1.5500000e+02   1.0290341e+01
   1.5600000e+02   1.0290016e+01
   1.5700000e+02   1.0290088e+01
   1.5800000e+02   1.0290136e+01
   1.5900000e+02   1.0290110e+01
   1.6000000e+02   1.0289748e+01
   1.6100000e+02   1.0290033e+01
   1.6200000e+02   1.0290024e+01
   1.6300000e+02   1.0289919e+01
   1.6400000e+02   1.0289957e+01
   1.6500000e+02   1.0289990e+01
   1.6600000e+02   1.0289404e+01
   1.6700000e+02   1.0283255e+01
   1.6800000e+02   1.0267031e+01
   1.6900000e+02   1.0258273e+01
   1.7000000e+02   1.0265310e+01
   1.7100000e+02   1.0274445e+01
   1.7200000e+02   1.0279547e+01
   1.7300000e+02   1.0281934e+01
   1.7400000e+02   1.0283234e+01
   1.7500000e+02   1.0284499e+01
   1.7600000e+02   1.0285033e+01
   1.7700000e+02   1.0285784e+01
   1.7800000e+02   1.0284338e+01
   1.7900000e+02   1.0255084e+01
   1.8000000e+02   1.0218922e+01
   1.8100000e+02   1.0219194e+01
   1.8200000e+02   1.0224736e+01
   1.8300000e+02   1.0228167e+01
   1.8400000e+02   1.0233260e+01
   1.8500000e+02   1.0239090e+01
   1.8600000e+02   1.0244253e+01
   1.8700000e+02   1.0247399e+01
   1.8800000e+02   1.0249672e+01
   1.8900000e+02   1.0251543e+01
   1.9000000e+02   1.0256141e+01
   1.9100000e+02   1.0263277e+01
   1.9200000e+02   1.0270574e+01
   1.9300000e+02   1.0276109e+01
   1.9400000e+02   1.0279558e+01
   1.9500000e+02   1.0282168e+01
   1.9600000e+02   1.0283489e+01
   1.9700000e+02   1.0284285e+01
   1.9800000e+02   1.0285272e+01
   1.9900000e+02   1.0285721e+01
   2.0000000e+02   1.0286093e+01
   2.0100000e+02   1.0286335e+01
   2.0200000e+02   1.0287121e+01
   2.0300000e+02   1.0287518e+01
   2.0400000e+02   1.0287904e+01
   2.0500000e+02   1.0288373e+01
   2.0600000e+02   1.0288496e+01
   2.0700000e+02   1.0288615e+01
   2.0800000e+02   1.0288806e+01
   2.0900000e+02   1.0289020e+01
   2.1000000e+02   1.0289087e+01
   2.1100000e+02   1.0289039e+01
   2.1200000e+02   1.0289316e+01
   2.1300000e+02   1.0289283e+01
   2.1400000e+02   1.0289148e+01
   2.1500000e+02   1.0289041e+01
   2.1600000e+02   1.0289012e+01
   2.1700000e+02   1.0289042e+01
   2.1800000e+02   1.0289182e+01
   2.1900000e+02   1.0288983e+01
   2.2000000e+02   1.0289180e+01
   2.2100000e+02   1.0289030e+01
   2.2200000e+02   1.0288810e+01
   2.2300000e+02   1.0289213e+01
   2.2400000e+02   1.0289154e+01
   2.2500000e+02   1.0288836e+01
   2.2600000e+02   1.0289021e+01
   2.2700000e+02   1.0289027e+01
   2.2800000e+02   1.0288736e+01
   2.2900000e+02   1.0288811e+01
   2.3000000e+02   1.0288919e+01
   2.3100000e+02   1.0288916e+01
   2.3200000e+02   1.0288956e+01
   2.3300000e+02   1.0288819e+01
   2.3400000e+02   1.0288739e+01
   2.3500000e+02   1.0289065e+01
   2.3600000e+02   1.0288775e+01
   2.3700000e+02   1.0288772e+01
   2.3800000e+02   1.0288845e+01
   2.3900000e+02   1.0288818e+01
   2.4000000e+02   1.0288754e+01
   2.4100000e+02   1.0288753e+01
   2.4200000e+02   1.0288796e+01
   2.4300000e+02   1.0288555e+01
   2.4400000e+02   1.0288615e+01
   2.4500000e+02   1.0288346e+01
   2.4600000e+02   1.0288347e+01
   2.4700000e+02   1.0288163e+01
   2.4800000e+02   1.0287874e+01
   2.4900000e+02   1.0287884e+01
   2.5000000e+02   1.0288026e+01
   2.5100000e+02   1.0287769e+01
   2.5200000e+02   1.0287925e+01
   2.5300000e+02   1.0287909e+01
   2.5400000e+02   1.0288084e+01
   2.5500000e+02   1.0288030e+01
   2.5600000e+02   1.0287763e+01
   2.5700000e+02   1.0287559e+01
   2.5800000e+02   1.0287643e+01
   2.5900000e+02   1.0287793e+01
   2.6000000e+02   1.0287827e+01
   2.6100000e+02   1.0287735e+01
   2.6200000e+02   1.0287797e+01
   2.6300000e+02   1.0287615e+01
   2.6400000e+02   1.0287771e+01
   2.6500000e+02   1.0287484e+01
   2.6600000e+02   1.0287460e+01
   2.6700000e+02   1.0287636e+01
   2.6800000e+02   1.0287762e+01
   2.6900000e+02   1.0287840e+01
   2.7000000e+02   1.0287912e+01
   2.7100000e+02   1.0287929e+01
   2.7200000e+02   1.0288032e+01
   2.7300000e+02   1.0287966e+01
   2.7400000e+02   1.0287821e+01
   2.7500000e+02   1.0287882e+01
   2.7600000e+02   1.0287957e+01
   2.7700000e+02   1.0287917e+01
   2.7800000e+02   1.0287905e+01
   2.7900000e+02   1.0288029e+01
   2.8000000e+02   1.0287756e+01
   2.8100000e+02   1.0287718e+01
   2.8200000e+02   1.0288045e+01
   2.8300000e+02   1.0287815e+01
   2.8400000e+02   1.0287795e+01
   2.8500000e+02   1.0288043e+01
   2.8600000e+02   1.0287710e+01
   2.8700000e+02   1.0287883e+01
   2.8800000e+02   1.0287721e+01
   2.8900000e+02   1.0287896e+01
   2.9000000e+02   1.0287983e+01
   2.9100000e+02   1.0287848e+01
   2.9200000e+02   1.0287851e+01
   2.9300000e+02   1.0287791e+01
   2.9400000e+02   1.0287676e+01
   2.9500000e+02   1.0287588e+01
   2.9600000e+02   1.0287857e+01
   2.9700000e+02   1.0287704e+01
   2.9800000e+02   1.0287500e+01
   2.9900000e+02   1.0287351e+01
   3.0000000e+02   1.0287414e+01
   3.0100000e+02   1.0287372e+01
   3.0200000e+02   1.0287089e+01
   3.0300000e+02   1.0286718e+01
   3.0400000e+02   1.0286221e+01
   3.0500000e+02   1.0285453e+01
   3.0600000e+02   1.0284933e+01
   3.0700000e+02   1.0283801e+01
   3.0800000e+02   1.0282617e+01
   3.0900000e+02   1.0280947e+01
   3.1000000e+02   1.0279652e+01
   3.1100000e+02   1.0278347e+01
   3.1200000e+02   1.0277941e+01
   3.1300000e+02   1.0277348e+01
   3.1400000e+02   1.0276604e+01
   3.1500000e+02   1.0276467e+01
   3.1600000e+02   1.0275573e+01
   3.1700000e+02   1.0273884e+01
   3.1800000e+02   1.0272099e+01
   3.1900000e+02   1.0269669e+01
   3.2000000e+02   1.0268031e+01
   3.2100000e+02   1.0266488e+01
   3.2200000e+02   1.0265546e+01
   3.2300000e+02   1.0264954e+01
   3.2400000e+02   1.0265071e+01
   3.2500000e+02   1.0266218e+01
   3.2600000e+02   1.0267307e+01
   3.2700000e+02   1.0268419e+01
   3.2800000e+02   1.0270187e+01
   3.2900000e+02   1.0271490e+01
   3.3000000e+02   1.0273437e+01
   3.3100000e+02   1.0275114e+01
   3.3200000e+02   1.0276224e+01
   3.3300000e+02   1.0277349e+01
   3.3400000e+02   1.0277985e+01
   3.3500000e+02   1.0278441e+01
   3.3600000e+02   1.0278620e+01
   3.3700000e+02   1.0278250e+01
   3.3800000e+02   1.0278601e+01
   3.3900000e+02   1.0278643e+01
   3.4000000e+02   1.0278838e+01
   3.4100000e+02   1.0278992e+01
   3.4200000e+02   1.0279600e+01
   3.4300000e+02   1.0280428e+01
   3.4400000e+02   1.0281191e+01
   3.4500000e+02   1.0281891e+01
   3.4600000e+02   1.0282481e+01
   3.4700000e+02   1.0282922e+01
   3.4800000e+02   1.0283505e+01
   3.4900000e+02   1.0284033e+01
   3.5000000e+02   1.0284253e+01
   3.5100000e+02   1.0284807e+01
   3.5200000e+02   1.0285315e+01
   3.5300000e+02   1.0285182e+01
   3.5400000e+02   1.0285474e+01
   3.5500000e+02   1.0285774e+01
   3.5600000e+02   1.0285809e+01
   3.5700000e+02   1.0285900e+01
   3.5800000e+02   1.0285888e+01
   3.5900000e+02   1.0285442e+01
   3.6000000e+02   1.0285799e+01
   3.6100000e+02   1.0285475e+01
   3.6200000e+02   1.0285158e+01
   3.6300000e+02   1.0285312e+01
   3.6400000e+02   1.0285533e+01
   3.6500000e+02   1.0285313e+01
   3.6600000e+02   1.0285709e+01
   3.6700000e+02   1.0285694e+01
   3.6800000e+02   1.0285944e+01
   3.6900000e+02   1.0286081e+01
   3.7000000e+02   1.0286402e+01
   3.7100000e+02   1.0286156e+01
   3.7200000e+02   1.0286260e+01
   3.7300000e+02   1.0286366e+01
   3.7400000e+02   1.0286370e+01
   3.7500000e+02   1.0286624e+01
   3.7600000e+02   1.0286612e+01
   3.7700000e+02   1.0286771e+01
   3.7800000e+02   1.0286697e+01
   3.7900000e+02   1.0286633e+01
   3.8000000e+02   1.0286603e+01
   3.8100000e+02   1.0286573e+01
   3.8200000e+02   1.0286602e+01
   3.8300000e+02   1.0286679e+01
   3.8400000e+02   1.0286263e+01
   3.8500000e+02   1.0285980e+01
   3.8600000e+02   1.0286022e+01
   3.8700000e+02   1.0286116e+01
   3.8800000e+02   1.0285914e+01
   3.8900000e+02   1.0285584e+01
   3.9000000e+02   1.0285614e+01
   3.9100000e+02   1.0285521e+01
   3.9200000e+02   1.0285469e+01
   3.9300000e+02   1.0285700e+01
   3.9400000e+02   1.0285615e+01
   3.9500000e+02   1.0285553e+01
   3.9600000e+02   1.0285225e+01
   3.9700000e+02   1.0285736e+01
   3.9800000e+02   1.0285937e+01
   3.9900000e+02   1.0285695e+01
   4.0000000e+02   1.0285417e+01
   4.0100000e+02   1.0285680e+01
   4.0200000e+02   1.0285866e+01
   4.0300000e+02   1.0285988e+01
   4.0400000e+02   1.0286031e+01
   4.0500000e+02   1.0286135e+01
   4.0600000e+02   1.0286219e+01
   4.0700000e+02   1.0285972e+01
   4.0800000e+02   1.0285907e+01
   4.0900000e+02   1.0286097e+01
   4.1000000e+02   1.0286106e+01
   4.1100000e+02   1.0286091e+01
   4.1200000e+02   1.0286259e+01
   4.1300000e+02   1.0286071e+01
   4.1400000e+02   1.0286181e+01
   4.1500000e+02   1.0286158e+01
   4.1600000e+02   1.0286562e+01
   4.1700000e+02   1.0286292e+01
   4.1800000e+02   1.0286386e+01
   4.1900000e+02   1.0286600e+01
   4.2000000e+02   1.0286598e+01
   4.2100000e+02   1.0286399e+01
   4.2200000e+02   1.0285927e+01
   4.2300000e+02   1.0285867e+01
   4.2400000e+02   1.0285923e+01
   4.2500000e+02   1.0285895e+01
   4.2600000e+02   1.0285859e+01
   4.2700000e+02   1.0285958e+01
   4.2800000e+02   1.0285877e+01
   4.2900000e+02   1.0285917e+01
   4.3000000e+02   1.0285932e+01
   4.3100000e+02   1.0285356e+01
   4.3200000e+02   1.0285832e+01
   4.3300000e+02   1.0285608e+01
   4.3400000e+02   1.0285435e+01
   4.3500000e+02   1.0285143e+01
   4.3600000e+02   1.0284478e+01
   4.3700000e+02   1.0283556e+01
   4.3800000e+02   1.0281746e+01
   4.3900000e+02   1.0278510e+01
   4.4000000e+02   1.0273504e+01
   4.4100000e+02   1.0265885e+01
   4.4200000e+02   1.0255346e+01
   4.4300000e+02   1.0241075e+01
   4.4400000e+02   1.0223500e+01
   4.4500000e+02   1.0203910e+01
   4.4600000e+02   1.0183321e+01
   4.4700000e+02   1.0163702e+01
   4.4800000e+02   1.0147309e+01
   4.4900000e+02   1.0135673e+01
   4.5000000e+02   1.0129505e+01
   4.5100000e+02   1.0128569e+01
   4.5200000e+02   1.0132632e+01
   4.5300000e+02   1.0140374e+01
   4.5400000e+02   1.0150687e+01
   4.5500000e+02   1.0162793e+01
   4.5600000e+02   1.0174745e+01
   4.5700000e+02   1.0186452e+01
   4.5800000e+02   1.0197701e+01
   4.5900000e+02   1.0207884e+01
   4.6000000e+02   1.0217192e+01
   4.6100000e+02   1.0225976e+01
   4.6200000e+02   1.0232956e+01
   4.6300000e+02   1.0239692e+01
   4.6400000e+02   1.0245581e+01
   4.6500000e+02   1.0250661e+01
   4.6600000e+02   1.0255230e+01
   4.6700000e+02   1.0259148e+01
   4.6800000e+02   1.0262549e+01
   4.6900000e+02   1.0265339e+01
   4.7000000e+02   1.0267541e+01
   4.7100000e+02   1.0270131e+01
   4.7200000e+02   1.0272477e+01
   4.7300000e+02   1.0274212e+01
   4.7400000e+02   1.0276134e+01
   4.7500000e+02   1.0278285e+01
   4.7600000e+02   1.0279193e+01
   4.7700000e+02   1.0280643e+01
   4.7800000e+02   1.0281534e+01
   4.7900000e+02   1.0282414e+01
   4.8000000e+02   1.0282984e+01
   4.8100000e+02   1.0283877e+01
   4.8200000e+02   1.0284334e+01
   4.8300000e+02   1.0284409e+01
   4.8400000e+02   1.0284477e+01
   4.8500000e+02   1.0284781e+01
   4.8600000e+02   1.0284927e+01
   4.8700000e+02   1.0285060e+01
   4.8800000e+02   1.0285043e+01
   4.8900000e+02   1.0285134e+01
   4.9000000e+02   1.0285267e+01
   4.9100000e+02   1.0285384e+01
   4.9200000e+02   1.0285109e+01
   4.9300000e+02   1.0285217e+01
   4.9400000e+02   1.0285246e+01
   4.9500000e+02   1.0285154e+01
   4.9600000e+02   1.0285096e+01
   4.9700000e+02   1.0285130e+01
   4.9800000e+02   1.0285397e+01
   4.9900000e+02   1.0285205e+01
   5.0000000e+02   1.0285504e+01
   5.0100000e+02   1.0285469e+01
   5.0200000e+02   1.0285468e+01
   5.0300000e+02   1.0285500e+01
   5.0400000e+02   1.0285172e+01
   5.0500000e+02   1.0285391e+01
   5.0600000e+02   1.0285664e+01
   5.0700000e+02   1.0285429e+01
   5.0800000e+02   1.0285377e+01
   5.0900000e+02   1.0285394e+01
   5.1000000e+02   1.0285422e+01
   5.1100000e+02   1.0285396e+01
   5.1200000e+02   1.0285556e+01
   5.1300000e+02   1.0285291e+01
   5.1400000e+02   1.0285229e+01
   5.1500000e+02   1.0285404e+01
   5.1600000e+02   1.0285032e+01
   5.1700000e+02   1.0285271e+01
   5.1800000e+02   1.0285389e+01
   5.1900000e+02   1.0285066e+01
   5.2000000e+02   1.0285199e+01
   5.2100000e+02   1.0285160e+01
   5.2200000e+02   1.0285119e+01
   5.2300000e+02   1.0285099e+01
   5.2400000e+02   1.0285107e+01
   5.2500000e+02   1.0285168e+01
   5.2600000e+02   1.0284893e+01
   5.2700000e+02   1.0285045e+01
   5.2800000e+02   1.0284954e+01
   5.2900000e+02   1.0285077e+01
   5.3000000e+02   1.0284926e+01
   5.3100000e+02   1.0284991e+01
   5.3200000e+02   1.0284816e+01
   5.3300000e+02   1.0284857e+01
   5.3400000e+02   1.0284928e+01
   5.3500000e+02   1.0285048e+01
   5.3600000e+02   1.0284769e+01
   5.3700000e+02   1.0284782e+01
   5.3800000e+02   1.0285025e+01
   5.3900000e+02   1.0285255e+01
   5.4000000e+02   1.0285104e+01
   5.4100000e+02   1.0285152e+01
   5.4200000e+02   1.0285241e+01
   5.4300000e+02   1.0285073e+01
   5.4400000e+02   1.0284895e+01
   5.4500000e+02   1.0285174e+01
   5.4600000e+02   1.0285062e+01
   5.4700000e+02   1.0285107e+01
   5.4800000e+02   1.0285067e+01
   5.4900000e+02   1.0284985e+01
   5.5000000e+02   1.0284950e+01
   5.5100000e+02   1.0284891e+01
   5.5200000e+02   1.0284806e+01
   5.5300000e+02   1.0284658e+01
   5.5400000e+02   1.0284617e+01
   5.5500000e+02   1.0284745e+01
   5.5600000e+02   1.0284570e+01
   5.5700000e+02   1.0284512e+01
   5.5800000e+02   1.0284855e+01
   5.5900000e+02   1.0284812e+01
   5.6000000e+02   1.0284836e+01
   5.6100000e+02   1.0284812e+01
   5.6200000e+02   1.0284903e+01
   5.6300000e+02   1.0284979e+01
   5.6400000e+02   1.0284642e+01
   5.6500000e+02   1.0284572e+01
   5.6600000e+02   1.0284573e+01
   5.6700000e+02   1.0284790e+01
   5.6800000e+02   1.0284892e+01
   5.6900000e+02   1.0284496e+01
   5.7000000e+02   1.0284583e+01
   5.7100000e+02   1.0284671e+01
   5.7200000e+02   1.0284757e+01
   5.7300000e+02   1.0284479e+01
   5.7400000e+02   1.0284781e+01
   5.7500000e+02   1.0284698e+01
   5.7600000e+02   1.0284624e+01
   5.7700000e+02   1.0284444e+01
   5.7800000e+02   1.0284457e+01
   5.7900000e+02   1.0284530e+01
   5.8000000e+02   1.0284429e+01
   5.8100000e+02   1.0284583e+01
   5.8200000e+02   1.0284703e+01
   5.8300000e+02   1.0284767e+01
   5.8400000e+02   1.0284433e+01
   5.8500000e+02   1.0284521e+01
   5.8600000e+02   1.0284699e+01
   5.8700000e+02   1.0284337e+01
   5.8800000e+02   1.0284859e+01
   5.8900000e+02   1.0284585e+01
   5.9000000e+02   1.0284824e+01
   5.9100000e+02   1.0284922e+01
   5.9200000e+02   1.0284644e+01
   5.9300000e+02   1.0284501e+01
   5.9400000e+02   1.0284475e+01
   5.9500000e+02   1.0284315e+01
   5.9600000e+02   1.0284447e+01
   5.9700000e+02   1.0284265e+01
   5.9800000e+02   1.0284328e+01
   5.9900000e+02   1.0284183e+01
   6.0000000e+02   1.0284411e+01
   6.0100000e+02   1.0284225e+01
   6.0200000e+02   1.0284179e+01
   6.0300000e+02   1.0284484e+01
   6.0400000e+02   1.0284476e+01
   6.0500000e+02   1.0284214e+01
   6.0600000e+02   1.0284341e+01
   6.0700000e+02   1.0284299e+01
   6.0800000e+02   1.0284187e+01
   6.0900000e+02   1.0284073e+01
   6.1000000e+02   1.0284330e+01
   6.1100000e+02   1.0284276e+01
   6.1200000e+02   1.0284275e+01
   6.1300000e+02   1.0284261e+01
   6.1400000e+02   1.0284073e+01
   6.1500000e+02   1.0284147e+01
   6.1600000e+02   1.0284437e+01
   6.1700000e+02   1.0284127e+01
   6.1800000e+02   1.0284245e+01
   6.1900000e+02   1.0283988e+01
   6.2000000e+02   1.0284370e+01
   6.2100000e+02   1.0284291e+01
   6.2200000e+02   1.0284344e+01
   6.2300000e+02   1.0284227e+01
   6.2400000e+02   1.0284242e+01
   6.2500000e+02   1.0284113e+01
   6.2600000e+02   1.0283995e+01
   6.2700000e+02   1.0284160e+01
   6.2800000e+02   1.0283936e+01
   6.2900000e+02   1.0283993e+01
   6.3000000e+02   1.0283922e+01
   6.3100000e+02   1.0283911e+01
   6.3200000e+02   1.0283906e+01
   6.3300000e+02   1.0284071e+01
   6.3400000e+02   1.0284127e+01
   6.3500000e+02   1.0284189e+01
   6.3600000e+02   1.0284130e+01
   6.3700000e+02   1.0284080e+01
   6.3800000e+02   1.0284336e+01
   6.3900000e+02   1.0284138e+01
   6.4000000e+02   1.0284170e+01
   6.4100000e+02   1.0284185e+01
   6.4200000e+02   1.0284212e+01
   6.4300000e+02   1.0284023e+01
   6.4400000e+02   1.0284076e+01
   6.4500000e+02   1.0284045e+01
   6.4600000e+02   1.0283908e+01
   6.4700000e+02   1.0284075e+01
   6.4800000e+02   1.0283904e+01
   6.4900000e+02   1.0283707e+01
   6.5000000e+02   1.0283908e+01
   6.5100000e+02   1.0284124e+01
   6.5200000e+02   1.0284025e+01
   6.5300000e+02   1.0283814e+01
   6.5400000e+02   1.0283800e+01
   6.5500000e+02   1.0283643e+01
   6.5600000e+02   1.0284131e+01
   6.5700000e+02   1.0283525e+01
   6.5800000e+02   1.0283573e+01
   6.5900000e+02   1.0283763e+01
   6.6000000e+02   1.0283658e+01
   6.6100000e+02   1.0283849e+01
   6.6200000e+02   1.0283942e+01
   6.6300000e+02   1.0283569e+01
   6.6400000e+02   1.0283494e+01
   6.6500000e+02   1.0283449e+01
   6.6600000e+02   1.0283420e+01
   6.6700000e+02   1.0283211e+01
   6.6800000e+02   1.0283059e+01
   6.6900000e+02   1.0282909e+01
   6.7000000e+02   1.0282552e+01
   6.7100000e+02   1.0281780e+01
   6.7200000e+02   1.0280687e+01
   6.7300000e+02   1.0279594e+01
   6.7400000e+02   1.0278225e+01
   6.7500000e+02   1.0275703e+01
   6.7600000e+02   1.0273177e+01
   6.7700000e+02   1.0269764e+01
   6.7800000e+02   1.0265766e+01
   6.7900000e+02   1.0261283e+01
   6.8000000e+02   1.0256337e+01
   6.8100000e+02   1.0251251e+01
   6.8200000e+02   1.0245808e+01
   6.8300000e+02   1.0240641e+01
   6.8400000e+02   1.0236334e+01
   6.8500000e+02   1.0232411e+01
   6.8600000e+02   1.0229225e+01
   6.8700000e+02   1.0227214e+01
   6.8800000e+02   1.0226011e+01
   6.8900000e+02   1.0225701e+01
   6.9000000e+02   1.0226820e+01
   6.9100000e+02   1.0228079e+01
   6.9200000e+02   1.0230617e+01
   6.9300000e+02   1.0233398e+01
   6.9400000e+02   1.0236753e+01
   6.9500000e+02   1.0239712e+01
   6.9600000e+02   1.0243262e+01
   6.9700000e+02   1.0246409e+01
   6.9800000e+02   1.0249634e+01
   6.9900000e+02   1.0252843e+01
   7.0000000e+02   1.0255893e+01
   7.0100000e+02   1.0258749e+01
   7.0200000e+02   1.0261588e+01
   7.0300000e+02   1.0263860e+01
   7.0400000e+02   1.0265968e+01
   7.0500000e+02   1.0268194e+01
   7.0600000e+02   1.0269953e+01
   7.0700000e+02   1.0271619e+01
   7.0800000e+02   1.0272999e+01
   7.0900000e+02   1.0274169e+01
   7.1000000e+02   1.0275634e+01
   7.1100000e+02   1.0276726e+01
   7.1200000e+02   1.0277583e+01
   7.1300000e+02   1.0278385e+01
   7.1400000e+02   1.0279231e+01
   7.1500000e+02   1.0279693e+01
   7.1600000e+02   1.0280113e+01
   7.1700000e+02   1.0280751e+01
   7.1800000e+02   1.0281324e+01
   7.1900000e+02   1.0282042e+01
   7.2000000e+02   1.0282401e+01
   7.2100000e+02   1.0282697e+01
   7.2200000e+02   1.0282739e+01
   7.2300000e+02   1.0282839e+01
   7.2400000e+02   1.0283047e+01
   7.2500000e+02   1.0282844e+01
   7.2600000e+02   1.0283225e+01
   7.2700000e+02   1.0283314e+01
   7.2800000e+02   1.0283025e+01
   7.2900000e+02   1.0283395e+01
   7.3000000e+02   1.0283421e+01
   7.3100000e+02   1.0283287e+01
   7.3200000e+02   1.0283811e+01
   7.3300000e+02   1.0283419e+01
   7.3400000e+02   1.0283445e+01
   7.3500000e+02   1.0283352e+01
   7.3600000e+02   1.0283561e+01
   7.3700000e+02   1.0283606e+01
   7.3800000e+02   1.0283516e+01
   7.3900000e+02   1.0283595e+01
   7.4000000e+02   1.0283667e+01
   7.4100000e+02   1.0283669e+01
   7.4200000e+02   1.0283656e+01
   7.4300000e+02   1.0283276e+01
   7.4400000e+02   1.0283140e+01
   7.4500000e+02   1.0283681e+01
   7.4600000e+02   1.0283582e+01
   7.4700000e+02   1.0283534e+01
   7.4800000e+02   1.0283594e+01
   7.4900000e+02   1.0283353e+01
   7.5000000e+02   1.0283482e+01
   7.5100000e+02   1.0283201e+01
   7.5200000e+02   1.0283315e+01
   7.5300000e+02   1.0283128e+01
   7.5400000e+02   1.0282971e+01
   7.5500000e+02   1.0283024e+01
   7.5600000e+02   1.0283079e+01
   7.5700000e+02   1.0283014e+01
   7.5800000e+02   1.0283148e+01
   7.5900000e+02   1.0283235e+01
   7.6000000e+02   1.0282888e+01
   7.6100000e+02   1.0282909e+01
   7.6200000e+02   1.0283046e+01
   7.6300000e+02   1.0283142e+01
   7.6400000e+02   1.0282954e+01
   7.6500000e+02   1.0283122e+01
   7.6600000e+02   1.0282989e+01
   7.6700000e+02   1.0283035e+01
   7.6800000e+02   1.0283175e+01
   7.6900000e+02   1.0283094e+01
   7.7000000e+02   1.0282807e+01
   7.7100000e+02   1.0282824e+01
   7.7200000e+02   1.0282693e+01
   7.7300000e+02   1.0282963e+01
   7.7400000e+02   1.0283087e+01
   7.7500000e+02   1.0283039e+01
   7.7600000e+02   1.0282966e+01
   7.7700000e+02   1.0283223e+01
   7.7800000e+02   1.0283012e+01
   7.7900000e+02   1.0282991e+01
   7.8000000e+02   1.0283003e+01
