   0.0000000e+00   1.0318432e+01
   1.0000000e+00   1.0315121e+01
   2.0000000e+00   1.0314081e+01
   3.0000000e+00   1.0313480e+01
   4.0000000e+00   1.0313318e+01
   5.0000000e+00   1.0313704e+01
   6.0000000e+00   1.0313515e+01
   7.0000000e+00   1.0313438e+01
   8.0000000e+00   1.0312872e+01
   9.0000000e+00   1.0312701e+01
   1.0000000e+01   1.0312554e+01
   1.1000000e+01   1.0312373e+01
   1.2000000e+01   1.0312079e+01
   1.3000000e+01   1.0311882e+01
   1.4000000e+01   1.0311872e+01
   1.5000000e+01   1.0311598e+01
   1.6000000e+01   1.0311415e+01
   1.7000000e+01   1.0311244e+01
   1.8000000e+01   1.0311383e+01
   1.9000000e+01   1.0311080e+01
   2.0000000e+01   1.0311025e+01
   2.1000000e+01   1.0310830e+01
   2.2000000e+01   1.0310751e+01
   2.3000000e+01   1.0310543e+01
   2.4000000e+01   1.0310517e+01
   2.5000000e+01   1.0310370e+01
   2.6000000e+01   1.0310271e+01
   2.7000000e+01   1.0310107e+01
   2.8000000e+01   1.0310083e+01
   2.9000000e+01   1.0310150e+01
   3.0000000e+01   1.0309836e+01
   3.1000000e+01   1.0309673e+01
   3.2000000e+01   1.0309699e+01
   3.3000000e+01   1.0309678e+01
   3.4000000e+01   1.0309543e+01
   3.5000000e+01   1.0309268e+01
   3.6000000e+01   1.0309359e+01
   3.7000000e+01   1.0309382e+01
   3.8000000e+01   1.0309252e+01
   3.9000000e+01   1.0309103e+01
   4.0000000e+01   1.0308863e+01
   4.1000000e+01   1.0308821e+01
   4.2000000e+01   1.0308903e+01
   4.3000000e+01   1.0308735e+01
   4.4000000e+01   1.0308737e+01
   4.5000000e+01   1.0308795e+01
   4.6000000e+01   1.0308650e+01
   4.7000000e+01   1.0308522e+01
   4.8000000e+01   1.0308510e+01
   4.9000000e+01   1.0308466e+01
   5.0000000e+01   1.0308311e+01
   5.1000000e+01   1.0308469e+01
   5.2000000e+01   1.0308418e+01
   5.3000000e+01   1.0308235e+01
   5.4000000e+01   1.0308054e+01
   5.5000000e+01   1.0308220e+01
   5.6000000e+01   1.0308043e+01
   5.7000000e+01   1.0307913e+01
   5.8000000e+01   1.0308084e+01
   5.9000000e+01   1.0308024e+01
   6.0000000e+01   1.0307865e+01
   6.1000000e+01   1.0307667e+01
   6.2000000e+01   1.0307814e+01
   6.3000000e+01   1.0307615e+01
   6.4000000e+01   1.0308071e+01
   6.5000000e+01   1.0307807e+01
   6.6000000e+01   1.0307694e+01
   6.7000000e+01   1.0307537e+01
   6.8000000e+01   1.0307507e+01
   6.9000000e+01   1.0307335e+01
   7.0000000e+01   1.0307321e+01
   7.1000000e+01   1.0307374e+01
   7.2000000e+01   1.0307029e+01
   7.3000000e+01   1.0307008e+01
   7.4000000e+01   1.0307129e+01
   7.5000000e+01   1.0307155e+01
   7.6000000e+01   1.0307291e+01
   7.7000000e+01   1.0307017e+01
   7.8000000e+01   1.0306912e+01
   7.9000000e+01   1.0306887e+01
   8.0000000e+01   1.0306697e+01
   8.1000000e+01   1.0306842e+01
   8.2000000e+01   1.0306661e+01
   8.3000000e+01   1.0306701e+01
   8.4000000e+01   1.0306684e+01
   8.5000000e+01   1.0306622e+01
   8.6000000e+01   1.0306717e+01
   8.7000000e+01   1.0306640e+01
   8.8000000e+01   1.0306456e+01
   8.9000000e+01   1.0306704e+01
   9.0000000e+01   1.0306278e+01
   9.1000000e+01   1.0306639e+01
   9.2000000e+01   1.0306506e+01
   9.3000000e+01   1.0306383e+01
   9.4000000e+01   1.0306445e+01
   9.5000000e+01   1.0306541e+01
   9.6000000e+01   1.0306292e+01
   9.7000000e+01   1.0306258e+01
   9.8000000e+01   1.0306096e+01
   9.9000000e+01   1.0305888e+01
   1.0000000e+02   1.0305876e+01
   1.0100000e+02   1.0305590e+01
   1.0200000e+02   1.0305553e+01
   1.0300000e+02   1.0305626e+01
   1.0400000e+02   1.0305352e+01
   1.0500000e+02   1.0305491e+01
   1.0600000e+02   1.0305245e+01
   1.0700000e+02   1.0305342e+01
   1.0800000e+02   1.0305272e+01
   1.0900000e+02   1.0305229e+01
   1.1000000e+02   1.0305196e+01
   1.1100000e+02   1.0305244e+01
   1.1200000e+02   1.0305183e+01
   1.1300000e+02   1.0305157e+01
   1.1400000e+02   1.0305151e+01
   1.1500000e+02   1.0305164e+01
   1.1600000e+02   1.0304783e+01
   1.1700000e+02   1.0304664e+01
   1.1800000e+02   1.0304763e+01
   1.1900000e+02   1.0304615e+01
   1.2000000e+02   1.0304650e+01
   1.2100000e+02   1.0304593e+01
   1.2200000e+02   1.0304586e+01
   1.2300000e+02   1.0304617e+01
   1.2400000e+02   1.0304575e+01
   1.2500000e+02   1.0304800e+01
   1.2600000e+02   1.0304415e+01
   1.2700000e+02   1.0304725e+01
   1.2800000e+02   1.0304496e+01
   1.2900000e+02   1.0304638e+01
   1.3000000e+02   1.0304601e+01
   1.3100000e+02   1.0304441e+01
   1.3200000e+02   1.0304287e+01
   1.3300000e+02   1.0304427e+01
   1.3400000e+02   1.0304420e+01
   1.3500000e+02   1.0304223e+01
   1.3600000e+02   1.0304171e+01
   1.3700000e+02   1.0304168e+01
   1.3800000e+02   1.0304320e+01
   1.3900000e+02   1.0304126e+01
   1.4000000e+02   1.0303995e+01
   1.4100000e+02   1.0304150e+01
   1.4200000e+02   1.0303818e+01
   1.4300000e+02   1.0303796e+01
   1.4400000e+02   1.0303844e+01
   1.4500000e+02   1.0303915e+01
   1.4600000e+02   1.0303597e+01
   1.4700000e+02   1.0303832e+01
   1.4800000e+02   1.0303780e+01
   1.4900000e+02   1.0303636e+01
   1.5000000e+02   1.0303546e+01
   1.5100000e+02   1.0303549e+01
   1.5200000e+02   1.0303248e+01
   1.5300000e+02   1.0303404e+01
   1.5400000e+02   1.0303071e+01
   1.5500000e+02   1.0303201e+01
   1.5600000e+02   1.0303092e+01
   1.5700000e+02   1.0302944e+01
   1.5800000e+02   1.0302726e+01
   1.5900000e+02   1.0302801e+01
   1.6000000e+02   1.0302810e+01
   1.6100000e+02   1.0302786e+01
   1.6200000e+02   1.0302886e+01
   1.6300000e+02   1.0302609e+01
   1.6400000e+02   1.0302590e+01
   1.6500000e+02   1.0302640e+01
   1.6600000e+02   1.0301307e+01
   1.6700000e+02   1.0294191e+01
   1.6800000e+02   1.0276383e+01
   1.6900000e+02   1.0269764e+01
   1.7000000e+02   1.0278641e+01
   1.7100000e+02   1.0287929e+01
   1.7200000e+02   1.0292460e+01
   1.7300000e+02   1.0294386e+01
   1.7400000e+02   1.0295191e+01
   1.7500000e+02   1.0296006e+01
   1.7600000e+02   1.0296797e+01
   1.7700000e+02   1.0297231e+01
   1.7800000e+02   1.0293879e+01
   1.7900000e+02   1.0254396e+01
   1.8000000e+02   1.0218440e+01
   1.8100000e+02   1.0226282e+01
   1.8200000e+02   1.0235828e+01
   1.8300000e+02   1.0243178e+01
   1.8400000e+02   1.0250456e+01
   1.8500000e+02   1.0254394e+01
   1.8600000e+02   1.0257115e+01
   1.8700000e+02   1.0258725e+01
   1.8800000e+02   1.0260628e+01
   1.8900000e+02   1.0264640e+01
   1.9000000e+02   1.0271079e+01
   1.9100000e+02   1.0278220e+01
   1.9200000e+02   1.0283951e+01
   1.9300000e+02   1.0287789e+01
   1.9400000e+02   1.0290415e+01
   1.9500000e+02   1.0292242e+01
   1.9600000e+02   1.0293902e+01
   1.9700000e+02   1.0294831e+01
   1.9800000e+02   1.0295471e+01
   1.9900000e+02   1.0295990e+01
   2.0000000e+02   1.0296499e+01
   2.0100000e+02   1.0296999e+01
   2.0200000e+02   1.0297481e+01
   2.0300000e+02   1.0297983e+01
   2.0400000e+02   1.0298206e+01
   2.0500000e+02   1.0298536e+01
   2.0600000e+02   1.0298813e+01
   2.0700000e+02   1.0299256e+01
   2.0800000e+02   1.0299399e+01
   2.0900000e+02   1.0299289e+01
   2.1000000e+02   1.0299319e+01
   2.1100000e+02   1.0299878e+01
   2.1200000e+02   1.0300046e+01
   2.1300000e+02   1.0300027e+01
   2.1400000e+02   1.0300207e+01
   2.1500000e+02   1.0299927e+01
   2.1600000e+02   1.0299897e+01
   2.1700000e+02   1.0299944e+01
   2.1800000e+02   1.0300257e+01
   2.1900000e+02   1.0299995e+01
   2.2000000e+02   1.0299878e+01
   2.2100000e+02   1.0299960e+01
   2.2200000e+02   1.0299872e+01
   2.2300000e+02   1.0299840e+01
   2.2400000e+02   1.0299823e+01
   2.2500000e+02   1.0299869e+01
   2.2600000e+02   1.0299892e+01
   2.2700000e+02   1.0299808e+01
   2.2800000e+02   1.0299890e+01
   2.2900000e+02   1.0299922e+01
   2.3000000e+02   1.0299810e+01
   2.3100000e+02   1.0299958e+01
   2.3200000e+02   1.0299891e+01
   2.3300000e+02   1.0299906e+01
   2.3400000e+02   1.0299802e+01
   2.3500000e+02   1.0299980e+01
   2.3600000e+02   1.0299945e+01
   2.3700000e+02   1.0299765e+01
   2.3800000e+02   1.0299666e+01
   2.3900000e+02   1.0299598e+01
   2.4000000e+02   1.0299689e+01
   2.4100000e+02   1.0299536e+01
   2.4200000e+02   1.0299272e+01
   2.4300000e+02   1.0299400e+01
   2.4400000e+02   1.0299402e+01
   2.4500000e+02   1.0299339e+01
   2.4600000e+02   1.0299122e+01
   2.4700000e+02   1.0298976e+01
   2.4800000e+02   1.0298781e+01
   2.4900000e+02   1.0298732e+01
   2.5000000e+02   1.0298747e+01
   2.5100000e+02   1.0298481e+01
   2.5200000e+02   1.0298339e+01
   2.5300000e+02   1.0298533e+01
   2.5400000e+02   1.0298495e+01
   2.5500000e+02   1.0298299e+01
   2.5600000e+02   1.0298384e+01
   2.5700000e+02   1.0298194e+01
   2.5800000e+02   1.0298226e+01
   2.5900000e+02   1.0298219e+01
   2.6000000e+02   1.0298142e+01
   2.6100000e+02   1.0298152e+01
   2.6200000e+02   1.0297857e+01
   2.6300000e+02   1.0298020e+01
   2.6400000e+02   1.0298072e+01
   2.6500000e+02   1.0297788e+01
   2.6600000e+02   1.0297949e+01
   2.6700000e+02   1.0298069e+01
   2.6800000e+02   1.0297891e+01
   2.6900000e+02   1.0298003e+01
   2.7000000e+02   1.0298141e+01
   2.7100000e+02   1.0298294e+01
   2.7200000e+02   1.0297979e+01
   2.7300000e+02   1.0298072e+01
   2.7400000e+02   1.0297952e+01
   2.7500000e+02   1.0298211e+01
   2.7600000e+02   1.0298349e+01
   2.7700000e+02   1.0298115e+01
   2.7800000e+02   1.0298013e+01
   2.7900000e+02   1.0298061e+01
   2.8000000e+02   1.0298190e+01
   2.8100000e+02   1.0297856e+01
   2.8200000e+02   1.0298044e+01
   2.8300000e+02   1.0298030e+01
   2.8400000e+02   1.0297819e+01
   2.8500000e+02   1.0298122e+01
   2.8600000e+02   1.0297966e+01
   2.8700000e+02   1.0297994e+01
   2.8800000e+02   1.0297895e+01
   2.8900000e+02   1.0297780e+01
   2.9000000e+02   1.0297836e+01
   2.9100000e+02   1.0297527e+01
   2.9200000e+02   1.0297746e+01
   2.9300000e+02   1.0297873e+01
   2.9400000e+02   1.0297708e+01
   2.9500000e+02   1.0297501e+01
   2.9600000e+02   1.0297894e+01
   2.9700000e+02   1.0297903e+01
   2.9800000e+02   1.0297823e+01
   2.9900000e+02   1.0297621e+01
   3.0000000e+02   1.0297434e+01
   3.0100000e+02   1.0297489e+01
   3.0200000e+02   1.0296836e+01
   3.0300000e+02   1.0296773e+01
   3.0400000e+02   1.0296098e+01
   3.0500000e+02   1.0295218e+01
   3.0600000e+02   1.0294368e+01
   3.0700000e+02   1.0293149e+01
   3.0800000e+02   1.0291236e+01
   3.0900000e+02   1.0289711e+01
   3.1000000e+02   1.0288206e+01
   3.1100000e+02   1.0287159e+01
   3.1200000e+02   1.0286444e+01
   3.1300000e+02   1.0285903e+01
   3.1400000e+02   1.0285818e+01
   3.1500000e+02   1.0284949e+01
   3.1600000e+02   1.0283467e+01
   3.1700000e+02   1.0281554e+01
   3.1800000e+02   1.0279135e+01
   3.1900000e+02   1.0276795e+01
   3.2000000e+02   1.0274718e+01
   3.2100000e+02   1.0273497e+01
   3.2200000e+02   1.0272754e+01
   3.2300000e+02   1.0272645e+01
   3.2400000e+02   1.0272946e+01
   3.2500000e+02   1.0274162e+01
   3.2600000e+02   1.0275530e+01
   3.2700000e+02   1.0277145e+01
   3.2800000e+02   1.0278930e+01
   3.2900000e+02   1.0280904e+01
   3.3000000e+02   1.0282510e+01
   3.3100000e+02   1.0284241e+01
   3.3200000e+02   1.0285289e+01
   3.3300000e+02   1.0285986e+01
   3.3400000e+02   1.0286769e+01
   3.3500000e+02   1.0287126e+01
   3.3600000e+02   1.0286970e+01
   3.3700000e+02   1.0286760e+01
   3.3800000e+02   1.0286714e+01
   3.3900000e+02   1.0286863e+01
   3.4000000e+02   1.0287313e+01
   3.4100000e+02   1.0288036e+01
   3.4200000e+02   1.0288835e+01
   3.4300000e+02   1.0289759e+01
   3.4400000e+02   1.0290388e+01
   3.4500000e+02   1.0291225e+01
   3.4600000e+02   1.0291647e+01
   3.4700000e+02   1.0292264e+01
   3.4800000e+02   1.0292776e+01
   3.4900000e+02   1.0293211e+01
   3.5000000e+02   1.0293625e+01
   3.5100000e+02   1.0293856e+01
   3.5200000e+02   1.0294397e+01
   3.5300000e+02   1.0294533e+01
   3.5400000e+02   1.0294972e+01
   3.5500000e+02   1.0294709e+01
   3.5600000e+02   1.0295066e+01
   3.5700000e+02   1.0294895e+01
   3.5800000e+02   1.0295099e+01
   3.5900000e+02   1.0295076e+01
   3.6000000e+02   1.0294912e+01
   3.6100000e+02   1.0294883e+01
   3.6200000e+02   1.0294903e+01
   3.6300000e+02   1.0294948e+01
   3.6400000e+02   1.0294876e+01
   3.6500000e+02   1.0295157e+01
   3.6600000e+02   1.0295311e+01
   3.6700000e+02   1.0295362e+01
   3.6800000e+02   1.0295494e+01
   3.6900000e+02   1.0295406e+01
   3.7000000e+02   1.0295715e+01
   3.7100000e+02   1.0295697e+01
   3.7200000e+02   1.0295707e+01
   3.7300000e+02   1.0295820e+01
   3.7400000e+02   1.0296022e+01
   3.7500000e+02   1.0296094e+01
   3.7600000e+02   1.0295876e+01
   3.7700000e+02   1.0296124e+01
   3.7800000e+02   1.0296305e+01
   3.7900000e+02   1.0296303e+01
   3.8000000e+02   1.0296413e+01
   3.8100000e+02   1.0295979e+01
   3.8200000e+02   1.0296067e+01
   3.8300000e+02   1.0296290e+01
   3.8400000e+02   1.0296099e+01
   3.8500000e+02   1.0295827e+01
   3.8600000e+02   1.0295734e+01
   3.8700000e+02   1.0295686e+01
   3.8800000e+02   1.0295540e+01
   3.8900000e+02   1.0295457e+01
   3.9000000e+02   1.0295289e+01
   3.9100000e+02   1.0295154e+01
   3.9200000e+02   1.0295075e+01
   3.9300000e+02   1.0295131e+01
   3.9400000e+02   1.0295150e+01
   3.9500000e+02   1.0295301e+01
   3.9600000e+02   1.0295103e+01
   3.9700000e+02   1.0295142e+01
   3.9800000e+02   1.0295349e+01
   3.9900000e+02   1.0295251e+01
   4.0000000e+02   1.0295467e+01
   4.0100000e+02   1.0295507e+01
   4.0200000e+02   1.0295216e+01
   4.0300000e+02   1.0295352e+01
   4.0400000e+02   1.0295514e+01
   4.0500000e+02   1.0295645e+01
   4.0600000e+02   1.0295439e+01
   4.0700000e+02   1.0295443e+01
   4.0800000e+02   1.0295595e+01
   4.0900000e+02   1.0295280e+01
   4.1000000e+02   1.0295472e+01
   4.1100000e+02   1.0295506e+01
   4.1200000e+02   1.0295513e+01
   4.1300000e+02   1.0295637e+01
   4.1400000e+02   1.0295700e+01
   4.1500000e+02   1.0295800e+01
   4.1600000e+02   1.0295710e+01
   4.1700000e+02   1.0295648e+01
   4.1800000e+02   1.0295561e+01
   4.1900000e+02   1.0295750e+01
   4.2000000e+02   1.0295636e+01
   4.2100000e+02   1.0295562e+01
   4.2200000e+02   1.0295665e+01
   4.2300000e+02   1.0295718e+01
   4.2400000e+02   1.0295572e+01
   4.2500000e+02   1.0295648e+01
   4.2600000e+02   1.0295502e+01
   4.2700000e+02   1.0295485e+01
   4.2800000e+02   1.0295315e+01
   4.2900000e+02   1.0295331e+01
   4.3000000e+02   1.0295111e+01
   4.3100000e+02   1.0295061e+01
   4.3200000e+02   1.0295149e+01
   4.3300000e+02   1.0294777e+01
   4.3400000e+02   1.0294603e+01
   4.3500000e+02   1.0293866e+01
   4.3600000e+02   1.0292832e+01
   4.3700000e+02   1.0291211e+01
   4.3800000e+02   1.0288020e+01
   4.3900000e+02   1.0283074e+01
   4.4000000e+02   1.0275450e+01
   4.4100000e+02   1.0264657e+01
   4.4200000e+02   1.0250554e+01
   4.4300000e+02   1.0233326e+01
   4.4400000e+02   1.0213423e+01
   4.4500000e+02   1.0192643e+01
   4.4600000e+02   1.0172876e+01
   4.4700000e+02   1.0155984e+01
   4.4800000e+02   1.0143923e+01
   4.4900000e+02   1.0137615e+01
   4.5000000e+02   1.0136952e+01
   4.5100000e+02   1.0140761e+01
   4.5200000e+02   1.0148751e+01
   4.5300000e+02   1.0159074e+01
   4.5400000e+02   1.0170851e+01
   4.5500000e+02   1.0182747e+01
   4.5600000e+02   1.0194182e+01
   4.5700000e+02   1.0205163e+01
   4.5800000e+02   1.0214398e+01
   4.5900000e+02   1.0223063e+01
   4.6000000e+02   1.0230939e+01
   4.6100000e+02   1.0237751e+01
   4.6200000e+02   1.0244349e+01
   4.6300000e+02   1.0249943e+01
   4.6400000e+02   1.0255103e+01
   4.6500000e+02   1.0259747e+01
   4.6600000e+02   1.0263815e+01
   4.6700000e+02   1.0267133e+01
   4.6800000e+02   1.0270334e+01
   4.6900000e+02   1.0272970e+01
   4.7000000e+02   1.0275793e+01
   4.7100000e+02   1.0277322e+01
   4.7200000e+02   1.0279700e+01
   4.7300000e+02   1.0281117e+01
   4.7400000e+02   1.0283026e+01
   4.7500000e+02   1.0284352e+01
   4.7600000e+02   1.0285814e+01
   4.7700000e+02   1.0286878e+01
   4.7800000e+02   1.0287922e+01
   4.7900000e+02   1.0288920e+01
   4.8000000e+02   1.0290037e+01
   4.8100000e+02   1.0290436e+01
   4.8200000e+02   1.0291349e+01
   4.8300000e+02   1.0292047e+01
   4.8400000e+02   1.0292182e+01
   4.8500000e+02   1.0292526e+01
   4.8600000e+02   1.0292949e+01
   4.8700000e+02   1.0293043e+01
   4.8800000e+02   1.0293125e+01
   4.8900000e+02   1.0293376e+01
   4.9000000e+02   1.0293345e+01
   4.9100000e+02   1.0293627e+01
   4.9200000e+02   1.0293676e+01
   4.9300000e+02   1.0293759e+01
   4.9400000e+02   1.0293713e+01
   4.9500000e+02   1.0293844e+01
   4.9600000e+02   1.0293760e+01
   4.9700000e+02   1.0293692e+01
   4.9800000e+02   1.0293643e+01
   4.9900000e+02   1.0293887e+01
   5.0000000e+02   1.0293993e+01
   5.0100000e+02   1.0293814e+01
   5.0200000e+02   1.0294088e+01
   5.0300000e+02   1.0293953e+01
   5.0400000e+02   1.0293979e+01
   5.0500000e+02   1.0294023e+01
   5.0600000e+02   1.0294148e+01
   5.0700000e+02   1.0293659e+01
   5.0800000e+02   1.0294037e+01
   5.0900000e+02   1.0294206e+01
   5.1000000e+02   1.0293913e+01
   5.1100000e+02   1.0293894e+01
   5.1200000e+02   1.0294070e+01
   5.1300000e+02   1.0294264e+01
   5.1400000e+02   1.0294124e+01
   5.1500000e+02   1.0293946e+01
   5.1600000e+02   1.0293964e+01
   5.1700000e+02   1.0293856e+01
   5.1800000e+02   1.0294221e+01
   5.1900000e+02   1.0293713e+01
   5.2000000e+02   1.0294128e+01
   5.2100000e+02   1.0293689e+01
   5.2200000e+02   1.0294049e+01
   5.2300000e+02   1.0294002e+01
   5.2400000e+02   1.0294076e+01
   5.2500000e+02   1.0293944e+01
   5.2600000e+02   1.0294111e+01
   5.2700000e+02   1.0294170e+01
   5.2800000e+02   1.0293874e+01
   5.2900000e+02   1.0294013e+01
   5.3000000e+02   1.0293898e+01
   5.3100000e+02   1.0293827e+01
   5.3200000e+02   1.0293748e+01
   5.3300000e+02   1.0293904e+01
   5.3400000e+02   1.0293821e+01
   5.3500000e+02   1.0293815e+01
   5.3600000e+02   1.0293662e+01
   5.3700000e+02   1.0293674e+01
   5.3800000e+02   1.0293575e+01
   5.3900000e+02   1.0293577e+01
   5.4000000e+02   1.0293405e+01
   5.4100000e+02   1.0293632e+01
   5.4200000e+02   1.0293693e+01
   5.4300000e+02   1.0293609e+01
   5.4400000e+02   1.0293714e+01
   5.4500000e+02   1.0293555e+01
   5.4600000e+02   1.0293571e+01
   5.4700000e+02   1.0293584e+01
   5.4800000e+02   1.0293401e+01
   5.4900000e+02   1.0293698e+01
   5.5000000e+02   1.0293479e+01
   5.5100000e+02   1.0293664e+01
   5.5200000e+02   1.0293322e+01
   5.5300000e+02   1.0293357e+01
   5.5400000e+02   1.0293423e+01
   5.5500000e+02   1.0293555e+01
   5.5600000e+02   1.0293574e+01
   5.5700000e+02   1.0293679e+01
   5.5800000e+02   1.0293365e+01
   5.5900000e+02   1.0293190e+01
   5.6000000e+02   1.0293464e+01
   5.6100000e+02   1.0293381e+01
   5.6200000e+02   1.0293303e+01
   5.6300000e+02   1.0293151e+01
   5.6400000e+02   1.0293124e+01
   5.6500000e+02   1.0293307e+01
   5.6600000e+02   1.0293155e+01
   5.6700000e+02   1.0293062e+01
   5.6800000e+02   1.0293077e+01
   5.6900000e+02   1.0293138e+01
   5.7000000e+02   1.0293017e+01
   5.7100000e+02   1.0293078e+01
   5.7200000e+02   1.0293387e+01
   5.7300000e+02   1.0293170e+01
   5.7400000e+02   1.0292970e+01
   5.7500000e+02   1.0293256e+01
   5.7600000e+02   1.0293119e+01
   5.7700000e+02   1.0293313e+01
   5.7800000e+02   1.0292979e+01
   5.7900000e+02   1.0293040e+01
   5.8000000e+02   1.0292989e+01
   5.8100000e+02   1.0293109e+01
   5.8200000e+02   1.0293311e+01
   5.8300000e+02   1.0293027e+01
   5.8400000e+02   1.0293271e+01
   5.8500000e+02   1.0292903e+01
   5.8600000e+02   1.0292993e+01
   5.8700000e+02   1.0292692e+01
   5.8800000e+02   1.0292912e+01
   5.8900000e+02   1.0292912e+01
   5.9000000e+02   1.0292940e+01
   5.9100000e+02   1.0292914e+01
   5.9200000e+02   1.0292940e+01
   5.9300000e+02   1.0292741e+01
   5.9400000e+02   1.0292603e+01
   5.9500000e+02   1.0292416e+01
   5.9600000e+02   1.0292749e+01
   5.9700000e+02   1.0292788e+01
   5.9800000e+02   1.0293001e+01
   5.9900000e+02   1.0293103e+01
   6.0000000e+02   1.0292637e+01
   6.0100000e+02   1.0292784e+01
   6.0200000e+02   1.0292679e+01
   6.0300000e+02   1.0292871e+01
   6.0400000e+02   1.0292715e+01
   6.0500000e+02   1.0292602e+01
   6.0600000e+02   1.0292686e+01
   6.0700000e+02   1.0292733e+01
   6.0800000e+02   1.0292727e+01
   6.0900000e+02   1.0292735e+01
   6.1000000e+02   1.0292685e+01
   6.1100000e+02   1.0292719e+01
   6.1200000e+02   1.0292552e+01
   6.1300000e+02   1.0292566e+01
   6.1400000e+02   1.0292609e+01
   6.1500000e+02   1.0292361e+01
   6.1600000e+02   1.0292487e+01
   6.1700000e+02   1.0292552e+01
   6.1800000e+02   1.0292542e+01
   6.1900000e+02   1.0292509e+01
   6.2000000e+02   1.0292579e+01
   6.2100000e+02   1.0292502e+01
   6.2200000e+02   1.0292598e+01
   6.2300000e+02   1.0292432e+01
   6.2400000e+02   1.0292305e+01
   6.2500000e+02   1.0292400e+01
   6.2600000e+02   1.0292295e+01
   6.2700000e+02   1.0292540e+01
   6.2800000e+02   1.0292508e+01
   6.2900000e+02   1.0292409e+01
   6.3000000e+02   1.0292359e+01
   6.3100000e+02   1.0292283e+01
   6.3200000e+02   1.0292360e+01
   6.3300000e+02   1.0292339e+01
   6.3400000e+02   1.0292412e+01
   6.3500000e+02   1.0292357e+01
   6.3600000e+02   1.0292325e+01
   6.3700000e+02   1.0292329e+01
   6.3800000e+02   1.0292330e+01
   6.3900000e+02   1.0292110e+01
   6.4000000e+02   1.0292272e+01
   6.4100000e+02   1.0292093e+01
   6.4200000e+02   1.0292364e+01
   6.4300000e+02   1.0292126e+01
   6.4400000e+02   1.0292308e+01
   6.4500000e+02   1.0292066e+01
   6.4600000e+02   1.0292155e+01
   6.4700000e+02   1.0292328e+01
   6.4800000e+02   1.0292304e+01
   6.4900000e+02   1.0292070e+01
   6.5000000e+02   1.0291957e+01
   6.5100000e+02   1.0291965e+01
   6.5200000e+02   1.0291935e+01
   6.5300000e+02   1.0291979e+01
   6.5400000e+02   1.0291816e+01
   6.5500000e+02   1.0291843e+01
   6.5600000e+02   1.0291792e+01
   6.5700000e+02   1.0291768e+01
   6.5800000e+02   1.0291717e+01
   6.5900000e+02   1.0291576e+01
   6.6000000e+02   1.0291559e+01
   6.6100000e+02   1.0291804e+01
   6.6200000e+02   1.0291502e+01
   6.6300000e+02   1.0291392e+01
   6.6400000e+02   1.0291645e+01
   6.6500000e+02   1.0291482e+01
   6.6600000e+02   1.0291181e+01
   6.6700000e+02   1.0290920e+01
   6.6800000e+02   1.0290500e+01
   6.6900000e+02   1.0290455e+01
   6.7000000e+02   1.0289276e+01
   6.7100000e+02   1.0288307e+01
   6.7200000e+02   1.0287208e+01
   6.7300000e+02   1.0285212e+01
   6.7400000e+02   1.0283123e+01
   6.7500000e+02   1.0280325e+01
   6.7600000e+02   1.0277015e+01
   6.7700000e+02   1.0273155e+01
   6.7800000e+02   1.0268761e+01
   6.7900000e+02   1.0264417e+01
   6.8000000e+02   1.0259681e+01
   6.8100000e+02   1.0255409e+01
   6.8200000e+02   1.0251293e+01
   6.8300000e+02   1.0247599e+01
   6.8400000e+02   1.0244376e+01
   6.8500000e+02   1.0242261e+01
   6.8600000e+02   1.0241080e+01
   6.8700000e+02   1.0240576e+01
   6.8800000e+02   1.0241045e+01
   6.8900000e+02   1.0241884e+01
   6.9000000e+02   1.0243672e+01
   6.9100000e+02   1.0246006e+01
   6.9200000e+02   1.0248535e+01
   6.9300000e+02   1.0251139e+01
   6.9400000e+02   1.0253983e+01
   6.9500000e+02   1.0257057e+01
   6.9600000e+02   1.0260022e+01
   6.9700000e+02   1.0262505e+01
   6.9800000e+02   1.0265044e+01
   6.9900000e+02   1.0267628e+01
   7.0000000e+02   1.0269977e+01
   7.0100000e+02   1.0271733e+01
   7.0200000e+02   1.0273811e+01
   7.0300000e+02   1.0275631e+01
   7.0400000e+02   1.0277166e+01
   7.0500000e+02   1.0278689e+01
   7.0600000e+02   1.0279761e+01
   7.0700000e+02   1.0280890e+01
   7.0800000e+02   1.0282110e+01
   7.0900000e+02   1.0283002e+01
   7.1000000e+02   1.0283927e+01
   7.1100000e+02   1.0284711e+01
   7.1200000e+02   1.0285352e+01
   7.1300000e+02   1.0285957e+01
   7.1400000e+02   1.0286755e+01
   7.1500000e+02   1.0286962e+01
   7.1600000e+02   1.0287465e+01
   7.1700000e+02   1.0287850e+01
   7.1800000e+02   1.0288176e+01
   7.1900000e+02   1.0288663e+01
   7.2000000e+02   1.0289203e+01
   7.2100000e+02   1.0289215e+01
   7.2200000e+02   1.0289519e+01
   7.2300000e+02   1.0289689e+01
   7.2400000e+02   1.0289935e+01
   7.2500000e+02   1.0289844e+01
   7.2600000e+02   1.0290228e+01
   7.2700000e+02   1.0290280e+01
   7.2800000e+02   1.0290475e+01
   7.2900000e+02   1.0290584e+01
   7.3000000e+02   1.0290505e+01
   7.3100000e+02   1.0290820e+01
   7.3200000e+02   1.0290461e+01
   7.3300000e+02   1.0290913e+01
   7.3400000e+02   1.0290731e+01
   7.3500000e+02   1.0290486e+01
   7.3600000e+02   1.0290480e+01
   7.3700000e+02   1.0290515e+01
   7.3800000e+02   1.0290387e+01
   7.3900000e+02   1.0290309e+01
   7.4000000e+02   1.0290196e+01
   7.4100000e+02   1.0290220e+01
   7.4200000e+02   1.0290284e+01
   7.4300000e+02   1.0290273e+01
   7.4400000e+02   1.0290065e+01
   7.4500000e+02   1.0290109e+01
   7.4600000e+02   1.0290448e+01
   7.4700000e+02   1.0290319e+01
   7.4800000e+02   1.0290308e+01
   7.4900000e+02   1.0289992e+01
   7.5000000e+02   1.0290203e+01
   7.5100000e+02   1.0290100e+01
   7.5200000e+02   1.0290403e+01
   7.5300000e+02   1.0290157e+01
   7.5400000e+02   1.0290038e+01
   7.5500000e+02   1.0290366e+01
   7.5600000e+02   1.0290155e+01
   7.5700000e+02   1.0290360e+01
   7.5800000e+02   1.0290071e+01
   7.5900000e+02   1.0290173e+01
   7.6000000e+02   1.0290208e+01
   7.6100000e+02   1.0290267e+01
   7.6200000e+02   1.0290522e+01
   7.6300000e+02   1.0290281e+01
   7.6400000e+02   1.0289965e+01
   7.6500000e+02   1.0290256e+01
   7.6600000e+02   1.0290091e+01
   7.6700000e+02   1.0290167e+01
   7.6800000e+02   1.0289949e+01
   7.6900000e+02   1.0290062e+01
   7.7000000e+02   1.0290047e+01
   7.7100000e+02   1.0289995e+01
   7.7200000e+02   1.0289953e+01
   7.7300000e+02   1.0290151e+01
   7.7400000e+02   1.0290286e+01
   7.7500000e+02   1.0290140e+01
   7.7600000e+02   1.0290072e+01
   7.7700000e+02   1.0289919e+01
   7.7800000e+02   1.0290268e+01
   7.7900000e+02   1.0289797e+01
   7.8000000e+02   1.0290078e+01
