   0.0000000e+00   1.0323194e+01
   1.0000000e+00   1.0319996e+01
   2.0000000e+00   1.0318837e+01
   3.0000000e+00   1.0318427e+01
   4.0000000e+00   1.0318048e+01
   5.0000000e+00   1.0317819e+01
   6.0000000e+00   1.0317411e+01
   7.0000000e+00   1.0317247e+01
   8.0000000e+00   1.0317118e+01
   9.0000000e+00   1.0316749e+01
   1.0000000e+01   1.0316412e+01
   1.1000000e+01   1.0316526e+01
   1.2000000e+01   1.0316129e+01
   1.3000000e+01   1.0316183e+01
   1.4000000e+01   1.0315832e+01
   1.5000000e+01   1.0315585e+01
   1.6000000e+01   1.0315631e+01
   1.7000000e+01   1.0315449e+01
   1.8000000e+01   1.0315302e+01
   1.9000000e+01   1.0315210e+01
   2.0000000e+01   1.0315183e+01
   2.1000000e+01   1.0314808e+01
   2.2000000e+01   1.0314498e+01
   2.3000000e+01   1.0314610e+01
   2.4000000e+01   1.0314393e+01
   2.5000000e+01   1.0314264e+01
   2.6000000e+01   1.0314561e+01
   2.7000000e+01   1.0314204e+01
   2.8000000e+01   1.0314228e+01
   2.9000000e+01   1.0314169e+01
   3.0000000e+01   1.0314213e+01
   3.1000000e+01   1.0313978e+01
   3.2000000e+01   1.0313945e+01
   3.3000000e+01   1.0313676e+01
   3.4000000e+01   1.0313678e+01
   3.5000000e+01   1.0313486e+01
   3.6000000e+01   1.0313684e+01
   3.7000000e+01   1.0313629e+01
   3.8000000e+01   1.0313617e+01
   3.9000000e+01   1.0313274e+01
   4.0000000e+01   1.0313258e+01
   4.1000000e+01   1.0313116e+01
   4.2000000e+01   1.0313441e+01
   4.3000000e+01   1.0313112e+01
   4.4000000e+01   1.0312968e+01
   4.5000000e+01   1.0312981e+01
   4.6000000e+01   1.0312681e+01
   4.7000000e+01   1.0312805e+01
   4.8000000e+01   1.0312730e+01
   4.9000000e+01   1.0312626e+01
   5.0000000e+01   1.0312714e+01
   5.1000000e+01   1.0312288e+01
   5.2000000e+01   1.0312547e+01
   5.3000000e+01   1.0312399e+01
   5.4000000e+01   1.0312400e+01
   5.5000000e+01   1.0312262e+01
   5.6000000e+01   1.0312187e+01
   5.7000000e+01   1.0312109e+01
   5.8000000e+01   1.0312277e+01
   5.9000000e+01   1.0312330e+01
   6.0000000e+01   1.0312004e+01
   6.1000000e+01   1.0311824e+01
   6.2000000e+01   1.0311705e+01
   6.3000000e+01   1.0311452e+01
   6.4000000e+01   1.0311440e+01
   6.5000000e+01   1.0311284e+01
   6.6000000e+01   1.0311422e+01
   6.7000000e+01   1.0311180e+01
   6.8000000e+01   1.0311414e+01
   6.9000000e+01   1.0311235e+01
   7.0000000e+01   1.0311262e+01
   7.1000000e+01   1.0311196e+01
   7.2000000e+01   1.0311176e+01
   7.3000000e+01   1.0311278e+01
   7.4000000e+01   1.0310984e+01
   7.5000000e+01   1.0310889e+01
   7.6000000e+01   1.0310865e+01
   7.7000000e+01   1.0311105e+01
   7.8000000e+01   1.0311035e+01
   7.9000000e+01   1.0310888e+01
   8.0000000e+01   1.0310778e+01
   8.1000000e+01   1.0310688e+01
   8.2000000e+01   1.0310505e+01
   8.3000000e+01   1.0310443e+01
   8.4000000e+01   1.0310580e+01
   8.5000000e+01   1.0310086e+01
   8.6000000e+01   1.0310346e+01
   8.7000000e+01   1.0310457e+01
   8.8000000e+01   1.0310295e+01
   8.9000000e+01   1.0310194e+01
   9.0000000e+01   1.0310308e+01
   9.1000000e+01   1.0310167e+01
   9.2000000e+01   1.0310284e+01
   9.3000000e+01   1.0309946e+01
   9.4000000e+01   1.0310016e+01
   9.5000000e+01   1.0309832e+01
   9.6000000e+01   1.0310027e+01
   9.7000000e+01   1.0309780e+01
   9.8000000e+01   1.0309789e+01
   9.9000000e+01   1.0310027e+01
   1.0000000e+02   1.0309675e+01
   1.0100000e+02   1.0309845e+01
   1.0200000e+02   1.0309840e+01
   1.0300000e+02   1.0309569e+01
   1.0400000e+02   1.0309634e+01
   1.0500000e+02   1.0309512e+01
   1.0600000e+02   1.0309610e+01
   1.0700000e+02   1.0309665e+01
   1.0800000e+02   1.0309744e+01
   1.0900000e+02   1.0309610e+01
   1.1000000e+02   1.0309587e+01
   1.1100000e+02   1.0309421e+01
   1.1200000e+02   1.0309498e+01
   1.1300000e+02   1.0309333e+01
   1.1400000e+02   1.0309436e+01
   1.1500000e+02   1.0309267e+01
   1.1600000e+02   1.0309057e+01
   1.1700000e+02   1.0309113e+01
   1.1800000e+02   1.0309355e+01
   1.1900000e+02   1.0309208e+01
   1.2000000e+02   1.0308706e+01
   1.2100000e+02   1.0309094e+01
   1.2200000e+02   1.0308856e+01
   1.2300000e+02   1.0309125e+01
   1.2400000e+02   1.0308853e+01
   1.2500000e+02   1.0308715e+01
   1.2600000e+02   1.0308932e+01
   1.2700000e+02   1.0308648e+01
   1.2800000e+02   1.0308793e+01
   1.2900000e+02   1.0308349e+01
   1.3000000e+02   1.0308738e+01
   1.3100000e+02   1.0308554e+01
   1.3200000e+02   1.0308448e+01
   1.3300000e+02   1.0308142e+01
   1.3400000e+02   1.0308564e+01
   1.3500000e+02   1.0308517e+01
   1.3600000e+02   1.0308298e+01
   1.3700000e+02   1.0308273e+01
   1.3800000e+02   1.0308534e+01
   1.3900000e+02   1.0308524e+01
   1.4000000e+02   1.0308392e+01
   1.4100000e+02   1.0308599e+01
   1.4200000e+02   1.0308433e+01
   1.4300000e+02   1.0308285e+01
   1.4400000e+02   1.0308260e+01
   1.4500000e+02   1.0308367e+01
   1.4600000e+02   1.0308103e+01
   1.4700000e+02   1.0308369e+01
   1.4800000e+02   1.0308180e+01
   1.4900000e+02   1.0308413e+01
   1.5000000e+02   1.0308076e+01
   1.5100000e+02   1.0307774e+01
   1.5200000e+02   1.0307935e+01
   1.5300000e+02   1.0307769e+01
   1.5400000e+02   1.0308055e+01
   1.5500000e+02   1.0308027e+01
   1.5600000e+02   1.0307969e+01
   1.5700000e+02   1.0308125e+01
   1.5800000e+02   1.0307669e+01
   1.5900000e+02   1.0307700e+01
   1.6000000e+02   1.0307616e+01
   1.6100000e+02   1.0307564e+01
   1.6200000e+02   1.0307687e+01
   1.6300000e+02   1.0307574e+01
   1.6400000e+02   1.0307427e+01
   1.6500000e+02   1.0307107e+01
   1.6600000e+02   1.0307225e+01
   1.6700000e+02   1.0303778e+01
   1.6800000e+02   1.0291609e+01
   1.6900000e+02   1.0282008e+01
   1.7000000e+02   1.0286960e+01
   1.7100000e+02   1.0295383e+01
   1.7200000e+02   1.0300447e+01
   1.7300000e+02   1.0302075e+01
   1.7400000e+02   1.0302741e+01
   1.7500000e+02   1.0303232e+01
   1.7600000e+02   1.0303353e+01
   1.7700000e+02   1.0303685e+01
   1.7800000e+02   1.0303367e+01
   1.7900000e+02   1.0285881e+01
   1.8000000e+02   1.0232082e+01
   1.8100000e+02   1.0234017e+01
   1.8200000e+02   1.0245932e+01
   1.8300000e+02   1.0253285e+01
   1.8400000e+02   1.0260097e+01
   1.8500000e+02   1.0263520e+01
   1.8600000e+02   1.0268592e+01
   1.8700000e+02   1.0277259e+01
   1.8800000e+02   1.0284064e+01
   1.8900000e+02   1.0287676e+01
   1.9000000e+02   1.0290430e+01
   1.9100000e+02   1.0292515e+01
   1.9200000e+02   1.0294227e+01
   1.9300000e+02   1.0295805e+01
   1.9400000e+02   1.0297399e+01
   1.9500000e+02   1.0298436e+01
   1.9600000e+02   1.0299300e+01
   1.9700000e+02   1.0299948e+01
   1.9800000e+02   1.0300811e+01
   1.9900000e+02   1.0301618e+01
   2.0000000e+02   1.0301715e+01
   2.0100000e+02   1.0302391e+01
   2.0200000e+02   1.0302886e+01
   2.0300000e+02   1.0303258e+01
   2.0400000e+02   1.0303625e+01
   2.0500000e+02   1.0304073e+01
   2.0600000e+02   1.0304272e+01
   2.0700000e+02   1.0304486e+01
   2.0800000e+02   1.0304865e+01
   2.0900000e+02   1.0305283e+01
   2.1000000e+02   1.0305358e+01
   2.1100000e+02   1.0305692e+01
   2.1200000e+02   1.0305935e+01
   2.1300000e+02   1.0305676e+01
   2.1400000e+02   1.0305914e+01
   2.1500000e+02   1.0305877e+01
   2.1600000e+02   1.0306034e+01
   2.1700000e+02   1.0306005e+01
   2.1800000e+02   1.0305728e+01
   2.1900000e+02   1.0305907e+01
   2.2000000e+02   1.0305707e+01
   2.2100000e+02   1.0305863e+01
   2.2200000e+02   1.0305939e+01
   2.2300000e+02   1.0305619e+01
   2.2400000e+02   1.0305398e+01
   2.2500000e+02   1.0305158e+01
   2.2600000e+02   1.0305276e+01
   2.2700000e+02   1.0305049e+01
   2.2800000e+02   1.0305096e+01
   2.2900000e+02   1.0304929e+01
   2.3000000e+02   1.0304976e+01
   2.3100000e+02   1.0304780e+01
   2.3200000e+02   1.0304878e+01
   2.3300000e+02   1.0305124e+01
   2.3400000e+02   1.0304897e+01
   2.3500000e+02   1.0305091e+01
   2.3600000e+02   1.0304814e+01
   2.3700000e+02   1.0304812e+01
   2.3800000e+02   1.0304911e+01
   2.3900000e+02   1.0304592e+01
   2.4000000e+02   1.0304644e+01
   2.4100000e+02   1.0304733e+01
   2.4200000e+02   1.0304920e+01
   2.4300000e+02   1.0304447e+01
   2.4400000e+02   1.0304070e+01
   2.4500000e+02   1.0303398e+01
   2.4600000e+02   1.0302240e+01
   2.4700000e+02   1.0300751e+01
   2.4800000e+02   1.0299201e+01
   2.4900000e+02   1.0297953e+01
   2.5000000e+02   1.0297221e+01
   2.5100000e+02   1.0297291e+01
   2.5200000e+02   1.0297611e+01
   2.5300000e+02   1.0298525e+01
   2.5400000e+02   1.0298554e+01
   2.5500000e+02   1.0298745e+01
   2.5600000e+02   1.0298465e+01
   2.5700000e+02   1.0298067e+01
   2.5800000e+02   1.0297621e+01
   2.5900000e+02   1.0297129e+01
   2.6000000e+02   1.0296835e+01
   2.6100000e+02   1.0296070e+01
   2.6200000e+02   1.0295703e+01
   2.6300000e+02   1.0295216e+01
   2.6400000e+02   1.0294851e+01
   2.6500000e+02   1.0294871e+01
   2.6600000e+02   1.0295140e+01
   2.6700000e+02   1.0295630e+01
   2.6800000e+02   1.0296589e+01
   2.6900000e+02   1.0297242e+01
   2.7000000e+02   1.0297661e+01
   2.7100000e+02   1.0298278e+01
   2.7200000e+02   1.0298511e+01
   2.7300000e+02   1.0298643e+01
   2.7400000e+02   1.0299188e+01
   2.7500000e+02   1.0299154e+01
   2.7600000e+02   1.0299351e+01
   2.7700000e+02   1.0299309e+01
   2.7800000e+02   1.0299738e+01
   2.7900000e+02   1.0299975e+01
   2.8000000e+02   1.0299996e+01
   2.8100000e+02   1.0300321e+01
   2.8200000e+02   1.0300252e+01
   2.8300000e+02   1.0300400e+01
   2.8400000e+02   1.0300452e+01
   2.8500000e+02   1.0300414e+01
   2.8600000e+02   1.0300523e+01
   2.8700000e+02   1.0300818e+01
   2.8800000e+02   1.0301121e+01
   2.8900000e+02   1.0300936e+01
   2.9000000e+02   1.0301249e+01
   2.9100000e+02   1.0301620e+01
   2.9200000e+02   1.0301652e+01
   2.9300000e+02   1.0301843e+01
   2.9400000e+02   1.0301825e+01
   2.9500000e+02   1.0301775e+01
   2.9600000e+02   1.0302073e+01
   2.9700000e+02   1.0302347e+01
   2.9800000e+02   1.0302103e+01
   2.9900000e+02   1.0302250e+01
   3.0000000e+02   1.0301790e+01
   3.0100000e+02   1.0301678e+01
   3.0200000e+02   1.0301285e+01
   3.0300000e+02   1.0300401e+01
   3.0400000e+02   1.0299124e+01
   3.0500000e+02   1.0297601e+01
   3.0600000e+02   1.0295352e+01
   3.0700000e+02   1.0292464e+01
   3.0800000e+02   1.0288594e+01
   3.0900000e+02   1.0283937e+01
   3.1000000e+02   1.0278998e+01
   3.1100000e+02   1.0274729e+01
   3.1200000e+02   1.0271510e+01
   3.1300000e+02   1.0269879e+01
   3.1400000e+02   1.0269311e+01
   3.1500000e+02   1.0268908e+01
   3.1600000e+02   1.0267813e+01
   3.1700000e+02   1.0263970e+01
   3.1800000e+02   1.0258055e+01
   3.1900000e+02   1.0251193e+01
   3.2000000e+02   1.0244132e+01
   3.2100000e+02   1.0238387e+01
   3.2200000e+02   1.0234269e+01
   3.2300000e+02   1.0232469e+01
   3.2400000e+02   1.0232979e+01
   3.2500000e+02   1.0234163e+01
   3.2600000e+02   1.0237034e+01
   3.2700000e+02   1.0241038e+01
   3.2800000e+02   1.0245501e+01
   3.2900000e+02   1.0251126e+01
   3.3000000e+02   1.0256157e+01
   3.3100000e+02   1.0260959e+01
   3.3200000e+02   1.0265301e+01
   3.3300000e+02   1.0268118e+01
   3.3400000e+02   1.0270019e+01
   3.3500000e+02   1.0270955e+01
   3.3600000e+02   1.0270990e+01
   3.3700000e+02   1.0270400e+01
   3.3800000e+02   1.0269675e+01
   3.3900000e+02   1.0269745e+01
   3.4000000e+02   1.0269962e+01
   3.4100000e+02   1.0271310e+01
   3.4200000e+02   1.0273318e+01
   3.4300000e+02   1.0275884e+01
   3.4400000e+02   1.0278398e+01
   3.4500000e+02   1.0280772e+01
   3.4600000e+02   1.0283052e+01
   3.4700000e+02   1.0285074e+01
   3.4800000e+02   1.0286671e+01
   3.4900000e+02   1.0288589e+01
   3.5000000e+02   1.0290115e+01
   3.5100000e+02   1.0291657e+01
   3.5200000e+02   1.0292592e+01
   3.5300000e+02   1.0293674e+01
   3.5400000e+02   1.0294685e+01
   3.5500000e+02   1.0295205e+01
   3.5600000e+02   1.0295861e+01
   3.5700000e+02   1.0296266e+01
   3.5800000e+02   1.0296349e+01
   3.5900000e+02   1.0296085e+01
   3.6000000e+02   1.0296032e+01
   3.6100000e+02   1.0296234e+01
   3.6200000e+02   1.0295785e+01
   3.6300000e+02   1.0295681e+01
   3.6400000e+02   1.0295909e+01
   3.6500000e+02   1.0295778e+01
   3.6600000e+02   1.0296603e+01
   3.6700000e+02   1.0297093e+01
   3.6800000e+02   1.0297528e+01
   3.6900000e+02   1.0298328e+01
   3.7000000e+02   1.0298715e+01
   3.7100000e+02   1.0299129e+01
   3.7200000e+02   1.0299541e+01
   3.7300000e+02   1.0299721e+01
   3.7400000e+02   1.0299747e+01
   3.7500000e+02   1.0299896e+01
   3.7600000e+02   1.0299781e+01
   3.7700000e+02   1.0299951e+01
   3.7800000e+02   1.0300224e+01
   3.7900000e+02   1.0300100e+01
   3.8000000e+02   1.0300225e+01
   3.8100000e+02   1.0300125e+01
   3.8200000e+02   1.0300286e+01
   3.8300000e+02   1.0300290e+01
   3.8400000e+02   1.0300183e+01
   3.8500000e+02   1.0299957e+01
   3.8600000e+02   1.0299457e+01
   3.8700000e+02   1.0299079e+01
   3.8800000e+02   1.0298335e+01
   3.8900000e+02   1.0298123e+01
   3.9000000e+02   1.0297441e+01
   3.9100000e+02   1.0297195e+01
   3.9200000e+02   1.0297233e+01
   3.9300000e+02   1.0297236e+01
   3.9400000e+02   1.0297566e+01
   3.9500000e+02   1.0297778e+01
   3.9600000e+02   1.0297929e+01
   3.9700000e+02   1.0298463e+01
   3.9800000e+02   1.0298771e+01
   3.9900000e+02   1.0299097e+01
   4.0000000e+02   1.0298907e+01
   4.0100000e+02   1.0299321e+01
   4.0200000e+02   1.0299747e+01
   4.0300000e+02   1.0299483e+01
   4.0400000e+02   1.0299472e+01
   4.0500000e+02   1.0299904e+01
   4.0600000e+02   1.0300004e+01
   4.0700000e+02   1.0300383e+01
   4.0800000e+02   1.0300406e+01
   4.0900000e+02   1.0300311e+01
   4.1000000e+02   1.0300310e+01
   4.1100000e+02   1.0300575e+01
   4.1200000e+02   1.0300726e+01
   4.1300000e+02   1.0300809e+01
   4.1400000e+02   1.0300561e+01
   4.1500000e+02   1.0300843e+01
   4.1600000e+02   1.0300688e+01
   4.1700000e+02   1.0300845e+01
   4.1800000e+02   1.0300879e+01
   4.1900000e+02   1.0300986e+01
   4.2000000e+02   1.0300759e+01
   4.2100000e+02   1.0300994e+01
   4.2200000e+02   1.0301126e+01
   4.2300000e+02   1.0300922e+01
   4.2400000e+02   1.0300949e+01
   4.2500000e+02   1.0300890e+01
   4.2600000e+02   1.0301222e+01
   4.2700000e+02   1.0300816e+01
   4.2800000e+02   1.0300962e+01
   4.2900000e+02   1.0300936e+01
   4.3000000e+02   1.0300858e+01
   4.3100000e+02   1.0300967e+01
   4.3200000e+02   1.0301082e+01
   4.3300000e+02   1.0300884e+01
   4.3400000e+02   1.0300805e+01
   4.3500000e+02   1.0300759e+01
   4.3600000e+02   1.0300342e+01
   4.3700000e+02   1.0299782e+01
   4.3800000e+02   1.0299009e+01
   4.3900000e+02   1.0297007e+01
   4.4000000e+02   1.0294524e+01
   4.4100000e+02   1.0290316e+01
   4.4200000e+02   1.0284296e+01
   4.4300000e+02   1.0276343e+01
   4.4400000e+02   1.0266527e+01
   4.4500000e+02   1.0254985e+01
   4.4600000e+02   1.0243087e+01
   4.4700000e+02   1.0231599e+01
   4.4800000e+02   1.0221964e+01
   4.4900000e+02   1.0214675e+01
   4.5000000e+02   1.0211001e+01
   4.5100000e+02   1.0210619e+01
   4.5200000e+02   1.0213058e+01
   4.5300000e+02   1.0217569e+01
   4.5400000e+02   1.0224132e+01
   4.5500000e+02   1.0231185e+01
   4.5600000e+02   1.0237933e+01
   4.5700000e+02   1.0244424e+01
   4.5800000e+02   1.0250400e+01
   4.5900000e+02   1.0255460e+01
   4.6000000e+02   1.0260031e+01
   4.6100000e+02   1.0264016e+01
   4.6200000e+02   1.0267736e+01
   4.6300000e+02   1.0270667e+01
   4.6400000e+02   1.0273381e+01
   4.6500000e+02   1.0275878e+01
   4.6600000e+02   1.0277795e+01
   4.6700000e+02   1.0279913e+01
   4.6800000e+02   1.0281572e+01
   4.6900000e+02   1.0282874e+01
   4.7000000e+02   1.0284123e+01
   4.7100000e+02   1.0285258e+01
   4.7200000e+02   1.0286606e+01
   4.7300000e+02   1.0287871e+01
   4.7400000e+02   1.0289148e+01
   4.7500000e+02   1.0289996e+01
   4.7600000e+02   1.0291180e+01
   4.7700000e+02   1.0292346e+01
   4.7800000e+02   1.0293306e+01
   4.7900000e+02   1.0294325e+01
   4.8000000e+02   1.0295111e+01
   4.8100000e+02   1.0295891e+01
   4.8200000e+02   1.0296508e+01
   4.8300000e+02   1.0297217e+01
   4.8400000e+02   1.0297664e+01
   4.8500000e+02   1.0297950e+01
   4.8600000e+02   1.0298598e+01
   4.8700000e+02   1.0298807e+01
   4.8800000e+02   1.0298854e+01
   4.8900000e+02   1.0299158e+01
   4.9000000e+02   1.0299064e+01
   4.9100000e+02   1.0299253e+01
   4.9200000e+02   1.0299295e+01
   4.9300000e+02   1.0299159e+01
   4.9400000e+02   1.0299470e+01
   4.9500000e+02   1.0299412e+01
   4.9600000e+02   1.0299088e+01
   4.9700000e+02   1.0299404e+01
   4.9800000e+02   1.0299474e+01
   4.9900000e+02   1.0299115e+01
   5.0000000e+02   1.0299475e+01
   5.0100000e+02   1.0299128e+01
   5.0200000e+02   1.0299209e+01
   5.0300000e+02   1.0299431e+01
   5.0400000e+02   1.0299112e+01
   5.0500000e+02   1.0298978e+01
   5.0600000e+02   1.0299070e+01
   5.0700000e+02   1.0299023e+01
   5.0800000e+02   1.0298777e+01
   5.0900000e+02   1.0298670e+01
   5.1000000e+02   1.0298726e+01
   5.1100000e+02   1.0298680e+01
   5.1200000e+02   1.0298659e+01
   5.1300000e+02   1.0298715e+01
   5.1400000e+02   1.0298715e+01
   5.1500000e+02   1.0298491e+01
   5.1600000e+02   1.0298561e+01
   5.1700000e+02   1.0298812e+01
   5.1800000e+02   1.0298638e+01
   5.1900000e+02   1.0298805e+01
   5.2000000e+02   1.0298517e+01
   5.2100000e+02   1.0298544e+01
   5.2200000e+02   1.0298630e+01
   5.2300000e+02   1.0298932e+01
   5.2400000e+02   1.0298613e+01
   5.2500000e+02   1.0298756e+01
   5.2600000e+02   1.0298722e+01
   5.2700000e+02   1.0298744e+01
   5.2800000e+02   1.0298189e+01
   5.2900000e+02   1.0298628e+01
   5.3000000e+02   1.0298442e+01
   5.3100000e+02   1.0298526e+01
   5.3200000e+02   1.0298497e+01
   5.3300000e+02   1.0298814e+01
   5.3400000e+02   1.0298737e+01
   5.3500000e+02   1.0298782e+01
   5.3600000e+02   1.0298498e+01
   5.3700000e+02   1.0298432e+01
   5.3800000e+02   1.0298684e+01
   5.3900000e+02   1.0298434e+01
   5.4000000e+02   1.0298616e+01
   5.4100000e+02   1.0298799e+01
   5.4200000e+02   1.0298777e+01
   5.4300000e+02   1.0298914e+01
   5.4400000e+02   1.0298711e+01
   5.4500000e+02   1.0298846e+01
   5.4600000e+02   1.0298690e+01
   5.4700000e+02   1.0298472e+01
   5.4800000e+02   1.0298630e+01
   5.4900000e+02   1.0298443e+01
   5.5000000e+02   1.0298726e+01
   5.5100000e+02   1.0298310e+01
   5.5200000e+02   1.0298358e+01
   5.5300000e+02   1.0298388e+01
   5.5400000e+02   1.0298655e+01
   5.5500000e+02   1.0298872e+01
   5.5600000e+02   1.0298627e+01
   5.5700000e+02   1.0298377e+01
   5.5800000e+02   1.0298739e+01
   5.5900000e+02   1.0298624e+01
   5.6000000e+02   1.0298513e+01
   5.6100000e+02   1.0298668e+01
   5.6200000e+02   1.0298701e+01
   5.6300000e+02   1.0298569e+01
   5.6400000e+02   1.0298825e+01
   5.6500000e+02   1.0298477e+01
   5.6600000e+02   1.0298609e+01
   5.6700000e+02   1.0298242e+01
   5.6800000e+02   1.0298279e+01
   5.6900000e+02   1.0298495e+01
   5.7000000e+02   1.0298269e+01
   5.7100000e+02   1.0298163e+01
   5.7200000e+02   1.0298401e+01
   5.7300000e+02   1.0298115e+01
   5.7400000e+02   1.0298170e+01
   5.7500000e+02   1.0298221e+01
   5.7600000e+02   1.0298226e+01
   5.7700000e+02   1.0298168e+01
   5.7800000e+02   1.0298249e+01
   5.7900000e+02   1.0298395e+01
   5.8000000e+02   1.0298249e+01
   5.8100000e+02   1.0298283e+01
   5.8200000e+02   1.0298264e+01
   5.8300000e+02   1.0298169e+01
   5.8400000e+02   1.0298133e+01
   5.8500000e+02   1.0298253e+01
   5.8600000e+02   1.0298287e+01
   5.8700000e+02   1.0298122e+01
   5.8800000e+02   1.0298150e+01
   5.8900000e+02   1.0298118e+01
   5.9000000e+02   1.0298052e+01
   5.9100000e+02   1.0298081e+01
   5.9200000e+02   1.0298240e+01
   5.9300000e+02   1.0298266e+01
   5.9400000e+02   1.0298155e+01
   5.9500000e+02   1.0298250e+01
   5.9600000e+02   1.0298177e+01
   5.9700000e+02   1.0298407e+01
   5.9800000e+02   1.0298220e+01
   5.9900000e+02   1.0298313e+01
   6.0000000e+02   1.0298140e+01
   6.0100000e+02   1.0297974e+01
   6.0200000e+02   1.0298135e+01
   6.0300000e+02   1.0297842e+01
   6.0400000e+02   1.0297945e+01
   6.0500000e+02   1.0297794e+01
   6.0600000e+02   1.0297887e+01
   6.0700000e+02   1.0297615e+01
   6.0800000e+02   1.0297674e+01
   6.0900000e+02   1.0297734e+01
   6.1000000e+02   1.0297822e+01
   6.1100000e+02   1.0298104e+01
   6.1200000e+02   1.0297874e+01
   6.1300000e+02   1.0298228e+01
   6.1400000e+02   1.0297958e+01
   6.1500000e+02   1.0298018e+01
   6.1600000e+02   1.0297884e+01
   6.1700000e+02   1.0297804e+01
   6.1800000e+02   1.0298098e+01
   6.1900000e+02   1.0297677e+01
   6.2000000e+02   1.0297879e+01
   6.2100000e+02   1.0297927e+01
   6.2200000e+02   1.0297906e+01
   6.2300000e+02   1.0297841e+01
   6.2400000e+02   1.0298051e+01
   6.2500000e+02   1.0297980e+01
   6.2600000e+02   1.0297924e+01
   6.2700000e+02   1.0297880e+01
   6.2800000e+02   1.0297838e+01
   6.2900000e+02   1.0297991e+01
   6.3000000e+02   1.0297970e+01
   6.3100000e+02   1.0297953e+01
   6.3200000e+02   1.0297876e+01
   6.3300000e+02   1.0298189e+01
   6.3400000e+02   1.0298044e+01
   6.3500000e+02   1.0298497e+01
   6.3600000e+02   1.0298230e+01
   6.3700000e+02   1.0297959e+01
   6.3800000e+02   1.0298312e+01
   6.3900000e+02   1.0298450e+01
   6.4000000e+02   1.0298127e+01
   6.4100000e+02   1.0298130e+01
   6.4200000e+02   1.0297842e+01
   6.4300000e+02   1.0297955e+01
   6.4400000e+02   1.0298002e+01
   6.4500000e+02   1.0298058e+01
   6.4600000e+02   1.0297746e+01
   6.4700000e+02   1.0297807e+01
   6.4800000e+02   1.0297831e+01
   6.4900000e+02   1.0297748e+01
   6.5000000e+02   1.0297871e+01
   6.5100000e+02   1.0297602e+01
   6.5200000e+02   1.0297458e+01
   6.5300000e+02   1.0297802e+01
   6.5400000e+02   1.0297458e+01
   6.5500000e+02   1.0297765e+01
   6.5600000e+02   1.0298019e+01
   6.5700000e+02   1.0297677e+01
   6.5800000e+02   1.0297767e+01
   6.5900000e+02   1.0297813e+01
   6.6000000e+02   1.0297679e+01
   6.6100000e+02   1.0297961e+01
   6.6200000e+02   1.0297925e+01
   6.6300000e+02   1.0297795e+01
   6.6400000e+02   1.0297658e+01
   6.6500000e+02   1.0297701e+01
   6.6600000e+02   1.0297571e+01
   6.6700000e+02   1.0297607e+01
   6.6800000e+02   1.0297486e+01
   6.6900000e+02   1.0297219e+01
   6.7000000e+02   1.0297097e+01
   6.7100000e+02   1.0297342e+01
   6.7200000e+02   1.0297502e+01
   6.7300000e+02   1.0297039e+01
   6.7400000e+02   1.0296938e+01
   6.7500000e+02   1.0296664e+01
   6.7600000e+02   1.0296768e+01
   6.7700000e+02   1.0295981e+01
   6.7800000e+02   1.0296077e+01
   6.7900000e+02   1.0295637e+01
   6.8000000e+02   1.0295306e+01
   6.8100000e+02   1.0295038e+01
   6.8200000e+02   1.0294649e+01
   6.8300000e+02   1.0294716e+01
   6.8400000e+02   1.0294207e+01
   6.8500000e+02   1.0294048e+01
   6.8600000e+02   1.0293810e+01
   6.8700000e+02   1.0293500e+01
   6.8800000e+02   1.0293469e+01
   6.8900000e+02   1.0293324e+01
   6.9000000e+02   1.0293373e+01
   6.9100000e+02   1.0293515e+01
   6.9200000e+02   1.0293581e+01
   6.9300000e+02   1.0293727e+01
   6.9400000e+02   1.0293941e+01
   6.9500000e+02   1.0293990e+01
   6.9600000e+02   1.0294340e+01
   6.9700000e+02   1.0294427e+01
   6.9800000e+02   1.0294732e+01
   6.9900000e+02   1.0295042e+01
   7.0000000e+02   1.0295207e+01
   7.0100000e+02   1.0295161e+01
   7.0200000e+02   1.0295591e+01
   7.0300000e+02   1.0295549e+01
   7.0400000e+02   1.0295774e+01
   7.0500000e+02   1.0295606e+01
   7.0600000e+02   1.0295694e+01
   7.0700000e+02   1.0295475e+01
   7.0800000e+02   1.0295771e+01
   7.0900000e+02   1.0295858e+01
   7.1000000e+02   1.0295621e+01
   7.1100000e+02   1.0296105e+01
   7.1200000e+02   1.0295881e+01
   7.1300000e+02   1.0296170e+01
   7.1400000e+02   1.0296179e+01
   7.1500000e+02   1.0296348e+01
   7.1600000e+02   1.0296163e+01
   7.1700000e+02   1.0295982e+01
   7.1800000e+02   1.0296113e+01
   7.1900000e+02   1.0296282e+01
   7.2000000e+02   1.0296401e+01
   7.2100000e+02   1.0296710e+01
   7.2200000e+02   1.0296456e+01
   7.2300000e+02   1.0296776e+01
   7.2400000e+02   1.0296517e+01
   7.2500000e+02   1.0296821e+01
   7.2600000e+02   1.0296464e+01
   7.2700000e+02   1.0296554e+01
   7.2800000e+02   1.0296531e+01
   7.2900000e+02   1.0296669e+01
   7.3000000e+02   1.0296751e+01
   7.3100000e+02   1.0296801e+01
   7.3200000e+02   1.0296969e+01
   7.3300000e+02   1.0296788e+01
   7.3400000e+02   1.0296959e+01
   7.3500000e+02   1.0296893e+01
   7.3600000e+02   1.0296826e+01
   7.3700000e+02   1.0296870e+01
   7.3800000e+02   1.0296951e+01
   7.3900000e+02   1.0296542e+01
   7.4000000e+02   1.0296574e+01
   7.4100000e+02   1.0296942e+01
   7.4200000e+02   1.0296715e+01
   7.4300000e+02   1.0296902e+01
   7.4400000e+02   1.0296678e+01
   7.4500000e+02   1.0296653e+01
   7.4600000e+02   1.0296753e+01
   7.4700000e+02   1.0296840e+01
   7.4800000e+02   1.0296879e+01
   7.4900000e+02   1.0296917e+01
   7.5000000e+02   1.0296679e+01
   7.5100000e+02   1.0296636e+01
   7.5200000e+02   1.0296721e+01
   7.5300000e+02   1.0296748e+01
   7.5400000e+02   1.0296563e+01
   7.5500000e+02   1.0296734e+01
   7.5600000e+02   1.0296701e+01
   7.5700000e+02   1.0296366e+01
   7.5800000e+02   1.0296491e+01
   7.5900000e+02   1.0296812e+01
   7.6000000e+02   1.0296467e+01
   7.6100000e+02   1.0296498e+01
   7.6200000e+02   1.0296587e+01
   7.6300000e+02   1.0296552e+01
   7.6400000e+02   1.0296503e+01
   7.6500000e+02   1.0296381e+01
   7.6600000e+02   1.0296241e+01
   7.6700000e+02   1.0296191e+01
   7.6800000e+02   1.0296494e+01
   7.6900000e+02   1.0296403e+01
   7.7000000e+02   1.0296364e+01
   7.7100000e+02   1.0296358e+01
   7.7200000e+02   1.0296178e+01
   7.7300000e+02   1.0296521e+01
   7.7400000e+02   1.0296270e+01
   7.7500000e+02   1.0296498e+01
   7.7600000e+02   1.0296458e+01
   7.7700000e+02   1.0296158e+01
   7.7800000e+02   1.0296065e+01
   7.7900000e+02   1.0296353e+01
   7.8000000e+02   1.0296413e+01
