   0.0000000e+00   1.0318647e+01
   1.0000000e+00   1.0314998e+01
   2.0000000e+00   1.0314348e+01
   3.0000000e+00   1.0313516e+01
   4.0000000e+00   1.0313341e+01
   5.0000000e+00   1.0312509e+01
   6.0000000e+00   1.0312277e+01
   7.0000000e+00   1.0312180e+01
   8.0000000e+00   1.0311972e+01
   9.0000000e+00   1.0311716e+01
   1.0000000e+01   1.0311662e+01
   1.1000000e+01   1.0311538e+01
   1.2000000e+01   1.0311300e+01
   1.3000000e+01   1.0311033e+01
   1.4000000e+01   1.0310822e+01
   1.5000000e+01   1.0310808e+01
   1.6000000e+01   1.0310547e+01
   1.7000000e+01   1.0310530e+01
   1.8000000e+01   1.0310420e+01
   1.9000000e+01   1.0310376e+01
   2.0000000e+01   1.0310308e+01
   2.1000000e+01   1.0310206e+01
   2.2000000e+01   1.0309970e+01
   2.3000000e+01   1.0309936e+01
   2.4000000e+01   1.0309699e+01
   2.5000000e+01   1.0309959e+01
   2.6000000e+01   1.0309883e+01
   2.7000000e+01   1.0309880e+01
   2.8000000e+01   1.0309918e+01
   2.9000000e+01   1.0309501e+01
   3.0000000e+01   1.0309490e+01
   3.1000000e+01   1.0309529e+01
   3.2000000e+01   1.0309171e+01
   3.3000000e+01   1.0309308e+01
   3.4000000e+01   1.0309129e+01
   3.5000000e+01   1.0309088e+01
   3.6000000e+01   1.0308981e+01
   3.7000000e+01   1.0308957e+01
   3.8000000e+01   1.0308794e+01
   3.9000000e+01   1.0308887e+01
   4.0000000e+01   1.0308848e+01
   4.1000000e+01   1.0308759e+01
   4.2000000e+01   1.0308758e+01
   4.3000000e+01   1.0308728e+01
   4.4000000e+01   1.0308586e+01
   4.5000000e+01   1.0308372e+01
   4.6000000e+01   1.0308609e+01
   4.7000000e+01   1.0308538e+01
   4.8000000e+01   1.0308282e+01
   4.9000000e+01   1.0308113e+01
   5.0000000e+01   1.0308170e+01
   5.1000000e+01   1.0308056e+01
   5.2000000e+01   1.0307919e+01
   5.3000000e+01   1.0308069e+01
   5.4000000e+01   1.0307954e+01
   5.5000000e+01   1.0307779e+01
   5.6000000e+01   1.0307723e+01
   5.7000000e+01   1.0307859e+01
   5.8000000e+01   1.0307624e+01
   5.9000000e+01   1.0307724e+01
   6.0000000e+01   1.0307526e+01
   6.1000000e+01   1.0307575e+01
   6.2000000e+01   1.0307376e+01
   6.3000000e+01   1.0307413e+01
   6.4000000e+01   1.0307495e+01
   6.5000000e+01   1.0307314e+01
   6.6000000e+01   1.0307415e+01
   6.7000000e+01   1.0307131e+01
   6.8000000e+01   1.0307124e+01
   6.9000000e+01   1.0307244e+01
   7.0000000e+01   1.0307201e+01
   7.1000000e+01   1.0307288e+01
   7.2000000e+01   1.0307224e+01
   7.3000000e+01   1.0307261e+01
   7.4000000e+01   1.0307210e+01
   7.5000000e+01   1.0306893e+01
   7.6000000e+01   1.0307041e+01
   7.7000000e+01   1.0306839e+01
   7.8000000e+01   1.0306809e+01
   7.9000000e+01   1.0306792e+01
   8.0000000e+01   1.0306847e+01
   8.1000000e+01   1.0306611e+01
   8.2000000e+01   1.0306643e+01
   8.3000000e+01   1.0306563e+01
   8.4000000e+01   1.0306150e+01
   8.5000000e+01   1.0306314e+01
   8.6000000e+01   1.0306191e+01
   8.7000000e+01   1.0306379e+01
   8.8000000e+01   1.0306395e+01
   8.9000000e+01   1.0306284e+01
   9.0000000e+01   1.0306276e+01
   9.1000000e+01   1.0306441e+01
   9.2000000e+01   1.0306157e+01
   9.3000000e+01   1.0306171e+01
   9.4000000e+01   1.0306093e+01
   9.5000000e+01   1.0305985e+01
   9.6000000e+01   1.0305838e+01
   9.7000000e+01   1.0305898e+01
   9.8000000e+01   1.0305855e+01
   9.9000000e+01   1.0305865e+01
   1.0000000e+02   1.0305931e+01
   1.0100000e+02   1.0305970e+01
   1.0200000e+02   1.0305794e+01
   1.0300000e+02   1.0305725e+01
   1.0400000e+02   1.0305907e+01
   1.0500000e+02   1.0305527e+01
   1.0600000e+02   1.0305932e+01
   1.0700000e+02   1.0305925e+01
   1.0800000e+02   1.0305867e+01
   1.0900000e+02   1.0305396e+01
   1.1000000e+02   1.0305587e+01
   1.1100000e+02   1.0305454e+01
   1.1200000e+02   1.0305691e+01
   1.1300000e+02   1.0305357e+01
   1.1400000e+02   1.0305196e+01
   1.1500000e+02   1.0305437e+01
   1.1600000e+02   1.0305364e+01
   1.1700000e+02   1.0305526e+01
   1.1800000e+02   1.0305060e+01
   1.1900000e+02   1.0305355e+01
   1.2000000e+02   1.0305101e+01
   1.2100000e+02   1.0305064e+01
   1.2200000e+02   1.0305066e+01
   1.2300000e+02   1.0304814e+01
   1.2400000e+02   1.0305126e+01
   1.2500000e+02   1.0305147e+01
   1.2600000e+02   1.0304919e+01
   1.2700000e+02   1.0304982e+01
   1.2800000e+02   1.0305047e+01
   1.2900000e+02   1.0305055e+01
   1.3000000e+02   1.0305043e+01
   1.3100000e+02   1.0304737e+01
   1.3200000e+02   1.0304862e+01
   1.3300000e+02   1.0304937e+01
   1.3400000e+02   1.0304859e+01
   1.3500000e+02   1.0304867e+01
   1.3600000e+02   1.0304736e+01
   1.3700000e+02   1.0304828e+01
   1.3800000e+02   1.0304808e+01
   1.3900000e+02   1.0304955e+01
   1.4000000e+02   1.0304722e+01
   1.4100000e+02   1.0304546e+01
   1.4200000e+02   1.0304875e+01
   1.4300000e+02   1.0304738e+01
   1.4400000e+02   1.0304837e+01
   1.4500000e+02   1.0304702e+01
   1.4600000e+02   1.0304383e+01
   1.4700000e+02   1.0304478e+01
   1.4800000e+02   1.0304465e+01
   1.4900000e+02   1.0304359e+01
   1.5000000e+02   1.0304525e+01
   1.5100000e+02   1.0304402e+01
   1.5200000e+02   1.0304262e+01
   1.5300000e+02   1.0304392e+01
   1.5400000e+02   1.0304108e+01
   1.5500000e+02   1.0304174e+01
   1.5600000e+02   1.0304283e+01
   1.5700000e+02   1.0303920e+01
   1.5800000e+02   1.0303979e+01
   1.5900000e+02   1.0304147e+01
   1.6000000e+02   1.0304104e+01
   1.6100000e+02   1.0304334e+01
   1.6200000e+02   1.0303832e+01
   1.6300000e+02   1.0304216e+01
   1.6400000e+02   1.0304001e+01
   1.6500000e+02   1.0303875e+01
   1.6600000e+02   1.0303679e+01
   1.6700000e+02   1.0301405e+01
   1.6800000e+02   1.0292519e+01
   1.6900000e+02   1.0283670e+01
   1.7000000e+02   1.0284601e+01
   1.7100000e+02   1.0290597e+01
   1.7200000e+02   1.0295199e+01
   1.7300000e+02   1.0297681e+01
   1.7400000e+02   1.0298786e+01
   1.7500000e+02   1.0299802e+01
   1.7600000e+02   1.0300820e+01
   1.7700000e+02   1.0301234e+01
   1.7800000e+02   1.0301584e+01
   1.7900000e+02   1.0292162e+01
   1.8000000e+02   1.0229263e+01
   1.8100000e+02   1.0209396e+01
   1.8200000e+02   1.0232266e+01
   1.8300000e+02   1.0244718e+01
   1.8400000e+02   1.0259493e+01
   1.8500000e+02   1.0269965e+01
   1.8600000e+02   1.0276788e+01
   1.8700000e+02   1.0282116e+01
   1.8800000e+02   1.0286530e+01
   1.8900000e+02   1.0289850e+01
   1.9000000e+02   1.0292712e+01
   1.9100000e+02   1.0294835e+01
   1.9200000e+02   1.0296301e+01
   1.9300000e+02   1.0297796e+01
   1.9400000e+02   1.0298910e+01
   1.9500000e+02   1.0299610e+01
   1.9600000e+02   1.0300426e+01
   1.9700000e+02   1.0300983e+01
   1.9800000e+02   1.0301318e+01
   1.9900000e+02   1.0301510e+01
   2.0000000e+02   1.0301993e+01
   2.0100000e+02   1.0302230e+01
   2.0200000e+02   1.0302588e+01
   2.0300000e+02   1.0302744e+01
   2.0400000e+02   1.0302899e+01
   2.0500000e+02   1.0303121e+01
   2.0600000e+02   1.0302943e+01
   2.0700000e+02   1.0302889e+01
   2.0800000e+02   1.0303021e+01
   2.0900000e+02   1.0302996e+01
   2.1000000e+02   1.0302983e+01
   2.1100000e+02   1.0302921e+01
   2.1200000e+02   1.0302869e+01
   2.1300000e+02   1.0302981e+01
   2.1400000e+02   1.0302965e+01
   2.1500000e+02   1.0303181e+01
   2.1600000e+02   1.0303117e+01
   2.1700000e+02   1.0302696e+01
   2.1800000e+02   1.0302923e+01
   2.1900000e+02   1.0302851e+01
   2.2000000e+02   1.0302784e+01
   2.2100000e+02   1.0302754e+01
   2.2200000e+02   1.0302927e+01
   2.2300000e+02   1.0302712e+01
   2.2400000e+02   1.0302874e+01
   2.2500000e+02   1.0302651e+01
   2.2600000e+02   1.0302438e+01
   2.2700000e+02   1.0302725e+01
   2.2800000e+02   1.0302421e+01
   2.2900000e+02   1.0302576e+01
   2.3000000e+02   1.0302512e+01
   2.3100000e+02   1.0302388e+01
   2.3200000e+02   1.0302536e+01
   2.3300000e+02   1.0302565e+01
   2.3400000e+02   1.0302393e+01
   2.3500000e+02   1.0302342e+01
   2.3600000e+02   1.0302621e+01
   2.3700000e+02   1.0302250e+01
   2.3800000e+02   1.0302408e+01
   2.3900000e+02   1.0302591e+01
   2.4000000e+02   1.0302386e+01
   2.4100000e+02   1.0302377e+01
   2.4200000e+02   1.0302445e+01
   2.4300000e+02   1.0302321e+01
   2.4400000e+02   1.0302385e+01
   2.4500000e+02   1.0301959e+01
   2.4600000e+02   1.0301725e+01
   2.4700000e+02   1.0300986e+01
   2.4800000e+02   1.0300504e+01
   2.4900000e+02   1.0299540e+01
   2.5000000e+02   1.0299099e+01
   2.5100000e+02   1.0298711e+01
   2.5200000e+02   1.0298832e+01
   2.5300000e+02   1.0298767e+01
   2.5400000e+02   1.0299168e+01
   2.5500000e+02   1.0299121e+01
   2.5600000e+02   1.0299120e+01
   2.5700000e+02   1.0299293e+01
   2.5800000e+02   1.0299105e+01
   2.5900000e+02   1.0298920e+01
   2.6000000e+02   1.0298678e+01
   2.6100000e+02   1.0298562e+01
   2.6200000e+02   1.0298326e+01
   2.6300000e+02   1.0297883e+01
   2.6400000e+02   1.0297708e+01
   2.6500000e+02   1.0297885e+01
   2.6600000e+02   1.0297604e+01
   2.6700000e+02   1.0297829e+01
   2.6800000e+02   1.0298199e+01
   2.6900000e+02   1.0298358e+01
   2.7000000e+02   1.0298992e+01
   2.7100000e+02   1.0298888e+01
   2.7200000e+02   1.0299347e+01
   2.7300000e+02   1.0299623e+01
   2.7400000e+02   1.0299579e+01
   2.7500000e+02   1.0299611e+01
   2.7600000e+02   1.0299770e+01
   2.7700000e+02   1.0300018e+01
   2.7800000e+02   1.0300121e+01
   2.7900000e+02   1.0300101e+01
   2.8000000e+02   1.0300381e+01
   2.8100000e+02   1.0300324e+01
   2.8200000e+02   1.0300531e+01
   2.8300000e+02   1.0300686e+01
   2.8400000e+02   1.0300653e+01
   2.8500000e+02   1.0300848e+01
   2.8600000e+02   1.0300733e+01
   2.8700000e+02   1.0300736e+01
   2.8800000e+02   1.0300840e+01
   2.8900000e+02   1.0300798e+01
   2.9000000e+02   1.0300681e+01
   2.9100000e+02   1.0300592e+01
   2.9200000e+02   1.0300627e+01
   2.9300000e+02   1.0300486e+01
   2.9400000e+02   1.0300567e+01
   2.9500000e+02   1.0300491e+01
   2.9600000e+02   1.0300482e+01
   2.9700000e+02   1.0300625e+01
   2.9800000e+02   1.0300808e+01
   2.9900000e+02   1.0300732e+01
   3.0000000e+02   1.0300518e+01
   3.0100000e+02   1.0300268e+01
   3.0200000e+02   1.0299955e+01
   3.0300000e+02   1.0299441e+01
   3.0400000e+02   1.0298813e+01
   3.0500000e+02   1.0297946e+01
   3.0600000e+02   1.0296752e+01
   3.0700000e+02   1.0295091e+01
   3.0800000e+02   1.0292899e+01
   3.0900000e+02   1.0290060e+01
   3.1000000e+02   1.0286678e+01
   3.1100000e+02   1.0283394e+01
   3.1200000e+02   1.0280108e+01
   3.1300000e+02   1.0278609e+01
   3.1400000e+02   1.0277253e+01
   3.1500000e+02   1.0276716e+01
   3.1600000e+02   1.0276443e+01
   3.1700000e+02   1.0275013e+01
   3.1800000e+02   1.0272445e+01
   3.1900000e+02   1.0268746e+01
   3.2000000e+02   1.0264245e+01
   3.2100000e+02   1.0260108e+01
   3.2200000e+02   1.0256760e+01
   3.2300000e+02   1.0254229e+01
   3.2400000e+02   1.0253138e+01
   3.2500000e+02   1.0253227e+01
   3.2600000e+02   1.0254605e+01
   3.2700000e+02   1.0257163e+01
   3.2800000e+02   1.0260429e+01
   3.2900000e+02   1.0264274e+01
   3.3000000e+02   1.0268512e+01
   3.3100000e+02   1.0272463e+01
   3.3200000e+02   1.0276508e+01
   3.3300000e+02   1.0280100e+01
   3.3400000e+02   1.0282448e+01
   3.3500000e+02   1.0284168e+01
   3.3600000e+02   1.0285290e+01
   3.3700000e+02   1.0285174e+01
   3.3800000e+02   1.0284924e+01
   3.3900000e+02   1.0284600e+01
   3.4000000e+02   1.0284100e+01
   3.4100000e+02   1.0284419e+01
   3.4200000e+02   1.0285122e+01
   3.4300000e+02   1.0286120e+01
   3.4400000e+02   1.0287475e+01
   3.4500000e+02   1.0289312e+01
   3.4600000e+02   1.0290825e+01
   3.4700000e+02   1.0291988e+01
   3.4800000e+02   1.0293360e+01
   3.4900000e+02   1.0294394e+01
   3.5000000e+02   1.0295138e+01
   3.5100000e+02   1.0295838e+01
   3.5200000e+02   1.0296366e+01
   3.5300000e+02   1.0297175e+01
   3.5400000e+02   1.0297460e+01
   3.5500000e+02   1.0297976e+01
   3.5600000e+02   1.0298070e+01
   3.5700000e+02   1.0298475e+01
   3.5800000e+02   1.0298319e+01
   3.5900000e+02   1.0298103e+01
   3.6000000e+02   1.0298174e+01
   3.6100000e+02   1.0297739e+01
   3.6200000e+02   1.0297518e+01
   3.6300000e+02   1.0297226e+01
   3.6400000e+02   1.0297089e+01
   3.6500000e+02   1.0297376e+01
   3.6600000e+02   1.0297260e+01
   3.6700000e+02   1.0297555e+01
   3.6800000e+02   1.0297796e+01
   3.6900000e+02   1.0298336e+01
   3.7000000e+02   1.0298207e+01
   3.7100000e+02   1.0298536e+01
   3.7200000e+02   1.0298724e+01
   3.7300000e+02   1.0299208e+01
   3.7400000e+02   1.0299065e+01
   3.7500000e+02   1.0299359e+01
   3.7600000e+02   1.0299342e+01
   3.7700000e+02   1.0299398e+01
   3.7800000e+02   1.0299657e+01
   3.7900000e+02   1.0299637e+01
   3.8000000e+02   1.0299568e+01
   3.8100000e+02   1.0299476e+01
   3.8200000e+02   1.0299634e+01
   3.8300000e+02   1.0299785e+01
   3.8400000e+02   1.0299561e+01
   3.8500000e+02   1.0299608e+01
   3.8600000e+02   1.0299009e+01
   3.8700000e+02   1.0298999e+01
   3.8800000e+02   1.0298482e+01
   3.8900000e+02   1.0298080e+01
   3.9000000e+02   1.0297609e+01
   3.9100000e+02   1.0297264e+01
   3.9200000e+02   1.0297104e+01
   3.9300000e+02   1.0296918e+01
   3.9400000e+02   1.0297038e+01
   3.9500000e+02   1.0297212e+01
   3.9600000e+02   1.0297270e+01
   3.9700000e+02   1.0297640e+01
   3.9800000e+02   1.0298009e+01
   3.9900000e+02   1.0298190e+01
   4.0000000e+02   1.0298212e+01
   4.0100000e+02   1.0298184e+01
   4.0200000e+02   1.0298449e+01
   4.0300000e+02   1.0298653e+01
   4.0400000e+02   1.0298748e+01
   4.0500000e+02   1.0298741e+01
   4.0600000e+02   1.0299030e+01
   4.0700000e+02   1.0298958e+01
   4.0800000e+02   1.0299203e+01
   4.0900000e+02   1.0299259e+01
   4.1000000e+02   1.0299473e+01
   4.1100000e+02   1.0299544e+01
   4.1200000e+02   1.0299482e+01
   4.1300000e+02   1.0299407e+01
   4.1400000e+02   1.0299657e+01
   4.1500000e+02   1.0299502e+01
   4.1600000e+02   1.0299497e+01
   4.1700000e+02   1.0299544e+01
   4.1800000e+02   1.0299583e+01
   4.1900000e+02   1.0299632e+01
   4.2000000e+02   1.0299496e+01
   4.2100000e+02   1.0299527e+01
   4.2200000e+02   1.0299241e+01
   4.2300000e+02   1.0299215e+01
   4.2400000e+02   1.0299284e+01
   4.2500000e+02   1.0298975e+01
   4.2600000e+02   1.0298926e+01
   4.2700000e+02   1.0299242e+01
   4.2800000e+02   1.0299100e+01
   4.2900000e+02   1.0298915e+01
   4.3000000e+02   1.0298992e+01
   4.3100000e+02   1.0299076e+01
   4.3200000e+02   1.0299208e+01
   4.3300000e+02   1.0299168e+01
   4.3400000e+02   1.0298921e+01
   4.3500000e+02   1.0298991e+01
   4.3600000e+02   1.0298618e+01
   4.3700000e+02   1.0298344e+01
   4.3800000e+02   1.0297786e+01
   4.3900000e+02   1.0296226e+01
   4.4000000e+02   1.0294110e+01
   4.4100000e+02   1.0290575e+01
   4.4200000e+02   1.0284960e+01
   4.4300000e+02   1.0276897e+01
   4.4400000e+02   1.0266110e+01
   4.4500000e+02   1.0253148e+01
   4.4600000e+02   1.0237821e+01
   4.4700000e+02   1.0221538e+01
   4.4800000e+02   1.0205886e+01
   4.4900000e+02   1.0192337e+01
   4.5000000e+02   1.0182673e+01
   4.5100000e+02   1.0177146e+01
   4.5200000e+02   1.0176484e+01
   4.5300000e+02   1.0180073e+01
   4.5400000e+02   1.0186777e+01
   4.5500000e+02   1.0196304e+01
   4.5600000e+02   1.0206766e+01
   4.5700000e+02   1.0217693e+01
   4.5800000e+02   1.0228989e+01
   4.5900000e+02   1.0238597e+01
   4.6000000e+02   1.0247426e+01
   4.6100000e+02   1.0255414e+01
   4.6200000e+02   1.0262155e+01
   4.6300000e+02   1.0267871e+01
   4.6400000e+02   1.0272882e+01
   4.6500000e+02   1.0276945e+01
   4.6600000e+02   1.0280541e+01
   4.6700000e+02   1.0283869e+01
   4.6800000e+02   1.0286323e+01
   4.6900000e+02   1.0288568e+01
   4.7000000e+02   1.0290453e+01
   4.7100000e+02   1.0292010e+01
   4.7200000e+02   1.0293486e+01
   4.7300000e+02   1.0294598e+01
   4.7400000e+02   1.0295406e+01
   4.7500000e+02   1.0296136e+01
   4.7600000e+02   1.0296660e+01
   4.7700000e+02   1.0297129e+01
   4.7800000e+02   1.0297505e+01
   4.7900000e+02   1.0297942e+01
   4.8000000e+02   1.0297825e+01
   4.8100000e+02   1.0298149e+01
   4.8200000e+02   1.0298410e+01
   4.8300000e+02   1.0298317e+01
   4.8400000e+02   1.0298281e+01
   4.8500000e+02   1.0298426e+01
   4.8600000e+02   1.0298516e+01
   4.8700000e+02   1.0298511e+01
   4.8800000e+02   1.0298340e+01
   4.8900000e+02   1.0298586e+01
   4.9000000e+02   1.0298859e+01
   4.9100000e+02   1.0298693e+01
   4.9200000e+02   1.0298843e+01
   4.9300000e+02   1.0298646e+01
   4.9400000e+02   1.0298579e+01
   4.9500000e+02   1.0298691e+01
   4.9600000e+02   1.0298737e+01
   4.9700000e+02   1.0298901e+01
   4.9800000e+02   1.0298759e+01
   4.9900000e+02   1.0298589e+01
   5.0000000e+02   1.0298750e+01
   5.0100000e+02   1.0298665e+01
   5.0200000e+02   1.0299128e+01
   5.0300000e+02   1.0298859e+01
   5.0400000e+02   1.0298768e+01
   5.0500000e+02   1.0298571e+01
   5.0600000e+02   1.0298570e+01
   5.0700000e+02   1.0298410e+01
   5.0800000e+02   1.0298604e+01
   5.0900000e+02   1.0298352e+01
   5.1000000e+02   1.0298486e+01
   5.1100000e+02   1.0298620e+01
   5.1200000e+02   1.0298433e+01
   5.1300000e+02   1.0298347e+01
   5.1400000e+02   1.0298308e+01
   5.1500000e+02   1.0298392e+01
   5.1600000e+02   1.0298597e+01
   5.1700000e+02   1.0298696e+01
   5.1800000e+02   1.0298783e+01
   5.1900000e+02   1.0298627e+01
   5.2000000e+02   1.0298957e+01
   5.2100000e+02   1.0298737e+01
   5.2200000e+02   1.0298733e+01
   5.2300000e+02   1.0298580e+01
   5.2400000e+02   1.0298687e+01
   5.2500000e+02   1.0298979e+01
   5.2600000e+02   1.0298711e+01
   5.2700000e+02   1.0298554e+01
   5.2800000e+02   1.0298604e+01
   5.2900000e+02   1.0298840e+01
   5.3000000e+02   1.0298758e+01
   5.3100000e+02   1.0298388e+01
   5.3200000e+02   1.0298327e+01
   5.3300000e+02   1.0298257e+01
   5.3400000e+02   1.0298603e+01
   5.3500000e+02   1.0298522e+01
   5.3600000e+02   1.0298329e+01
   5.3700000e+02   1.0298359e+01
   5.3800000e+02   1.0298347e+01
   5.3900000e+02   1.0298207e+01
   5.4000000e+02   1.0298284e+01
   5.4100000e+02   1.0298322e+01
   5.4200000e+02   1.0298419e+01
   5.4300000e+02   1.0298232e+01
   5.4400000e+02   1.0298145e+01
   5.4500000e+02   1.0298203e+01
   5.4600000e+02   1.0298164e+01
   5.4700000e+02   1.0298148e+01
   5.4800000e+02   1.0298135e+01
   5.4900000e+02   1.0297941e+01
   5.5000000e+02   1.0297905e+01
   5.5100000e+02   1.0298124e+01
   5.5200000e+02   1.0297936e+01
   5.5300000e+02   1.0298012e+01
   5.5400000e+02   1.0297684e+01
   5.5500000e+02   1.0298357e+01
   5.5600000e+02   1.0297924e+01
   5.5700000e+02   1.0297965e+01
   5.5800000e+02   1.0297739e+01
   5.5900000e+02   1.0298140e+01
   5.6000000e+02   1.0297919e+01
   5.6100000e+02   1.0297985e+01
   5.6200000e+02   1.0297883e+01
   5.6300000e+02   1.0298114e+01
   5.6400000e+02   1.0298296e+01
   5.6500000e+02   1.0297645e+01
   5.6600000e+02   1.0298124e+01
   5.6700000e+02   1.0297761e+01
   5.6800000e+02   1.0298222e+01
   5.6900000e+02   1.0298178e+01
   5.7000000e+02   1.0298376e+01
   5.7100000e+02   1.0298072e+01
   5.7200000e+02   1.0298307e+01
   5.7300000e+02   1.0298114e+01
   5.7400000e+02   1.0298201e+01
   5.7500000e+02   1.0298053e+01
   5.7600000e+02   1.0298147e+01
   5.7700000e+02   1.0298173e+01
   5.7800000e+02   1.0297966e+01
   5.7900000e+02   1.0297986e+01
   5.8000000e+02   1.0297896e+01
   5.8100000e+02   1.0298160e+01
   5.8200000e+02   1.0298130e+01
   5.8300000e+02   1.0298117e+01
   5.8400000e+02   1.0298029e+01
   5.8500000e+02   1.0297892e+01
   5.8600000e+02   1.0297863e+01
   5.8700000e+02   1.0297817e+01
   5.8800000e+02   1.0298193e+01
   5.8900000e+02   1.0298038e+01
   5.9000000e+02   1.0297794e+01
   5.9100000e+02   1.0298021e+01
   5.9200000e+02   1.0297845e+01
   5.9300000e+02   1.0297768e+01
   5.9400000e+02   1.0297698e+01
   5.9500000e+02   1.0297866e+01
   5.9600000e+02   1.0297617e+01
   5.9700000e+02   1.0297912e+01
   5.9800000e+02   1.0297787e+01
   5.9900000e+02   1.0297736e+01
   6.0000000e+02   1.0297819e+01
   6.0100000e+02   1.0297751e+01
   6.0200000e+02   1.0297699e+01
   6.0300000e+02   1.0297657e+01
   6.0400000e+02   1.0297842e+01
   6.0500000e+02   1.0297688e+01
   6.0600000e+02   1.0297664e+01
   6.0700000e+02   1.0297778e+01
   6.0800000e+02   1.0297617e+01
   6.0900000e+02   1.0297541e+01
   6.1000000e+02   1.0297565e+01
   6.1100000e+02   1.0297587e+01
   6.1200000e+02   1.0297318e+01
   6.1300000e+02   1.0297385e+01
   6.1400000e+02   1.0297360e+01
   6.1500000e+02   1.0297171e+01
   6.1600000e+02   1.0297204e+01
   6.1700000e+02   1.0297252e+01
   6.1800000e+02   1.0297667e+01
   6.1900000e+02   1.0297400e+01
   6.2000000e+02   1.0297125e+01
   6.2100000e+02   1.0297441e+01
   6.2200000e+02   1.0297400e+01
   6.2300000e+02   1.0297659e+01
   6.2400000e+02   1.0297611e+01
   6.2500000e+02   1.0297504e+01
   6.2600000e+02   1.0297421e+01
   6.2700000e+02   1.0297321e+01
   6.2800000e+02   1.0297612e+01
   6.2900000e+02   1.0297654e+01
   6.3000000e+02   1.0297149e+01
   6.3100000e+02   1.0297405e+01
   6.3200000e+02   1.0297730e+01
   6.3300000e+02   1.0297359e+01
   6.3400000e+02   1.0297080e+01
   6.3500000e+02   1.0297058e+01
   6.3600000e+02   1.0297060e+01
   6.3700000e+02   1.0297096e+01
   6.3800000e+02   1.0297344e+01
   6.3900000e+02   1.0297195e+01
   6.4000000e+02   1.0297447e+01
   6.4100000e+02   1.0297116e+01
   6.4200000e+02   1.0297353e+01
   6.4300000e+02   1.0297540e+01
   6.4400000e+02   1.0297639e+01
   6.4500000e+02   1.0297503e+01
   6.4600000e+02   1.0297455e+01
   6.4700000e+02   1.0297568e+01
   6.4800000e+02   1.0297386e+01
   6.4900000e+02   1.0297313e+01
   6.5000000e+02   1.0297348e+01
   6.5100000e+02   1.0297266e+01
   6.5200000e+02   1.0297485e+01
   6.5300000e+02   1.0297026e+01
   6.5400000e+02   1.0297225e+01
   6.5500000e+02   1.0297229e+01
   6.5600000e+02   1.0297026e+01
   6.5700000e+02   1.0296934e+01
   6.5800000e+02   1.0296912e+01
   6.5900000e+02   1.0297292e+01
   6.6000000e+02   1.0296997e+01
   6.6100000e+02   1.0297261e+01
   6.6200000e+02   1.0296785e+01
   6.6300000e+02   1.0296903e+01
   6.6400000e+02   1.0296733e+01
   6.6500000e+02   1.0297008e+01
   6.6600000e+02   1.0296658e+01
   6.6700000e+02   1.0296833e+01
   6.6800000e+02   1.0296930e+01
   6.6900000e+02   1.0296812e+01
   6.7000000e+02   1.0296960e+01
   6.7100000e+02   1.0296818e+01
   6.7200000e+02   1.0296618e+01
   6.7300000e+02   1.0296180e+01
   6.7400000e+02   1.0295975e+01
   6.7500000e+02   1.0295696e+01
   6.7600000e+02   1.0295245e+01
   6.7700000e+02   1.0294657e+01
   6.7800000e+02   1.0293821e+01
   6.7900000e+02   1.0292864e+01
   6.8000000e+02   1.0291665e+01
   6.8100000e+02   1.0290704e+01
   6.8200000e+02   1.0289146e+01
   6.8300000e+02   1.0288155e+01
   6.8400000e+02   1.0286851e+01
   6.8500000e+02   1.0285700e+01
   6.8600000e+02   1.0284583e+01
   6.8700000e+02   1.0283644e+01
   6.8800000e+02   1.0283293e+01
   6.8900000e+02   1.0282613e+01
   6.9000000e+02   1.0282341e+01
   6.9100000e+02   1.0282570e+01
   6.9200000e+02   1.0283055e+01
   6.9300000e+02   1.0283616e+01
   6.9400000e+02   1.0284262e+01
   6.9500000e+02   1.0285681e+01
   6.9600000e+02   1.0286360e+01
   6.9700000e+02   1.0287355e+01
   6.9800000e+02   1.0288261e+01
   6.9900000e+02   1.0289160e+01
   7.0000000e+02   1.0290001e+01
   7.0100000e+02   1.0291052e+01
   7.0200000e+02   1.0291466e+01
   7.0300000e+02   1.0292068e+01
   7.0400000e+02   1.0292887e+01
   7.0500000e+02   1.0293292e+01
   7.0600000e+02   1.0293906e+01
   7.0700000e+02   1.0294138e+01
   7.0800000e+02   1.0294617e+01
   7.0900000e+02   1.0294545e+01
   7.1000000e+02   1.0294846e+01
   7.1100000e+02   1.0295318e+01
   7.1200000e+02   1.0295479e+01
   7.1300000e+02   1.0295378e+01
   7.1400000e+02   1.0295480e+01
   7.1500000e+02   1.0295680e+01
   7.1600000e+02   1.0295816e+01
   7.1700000e+02   1.0295705e+01
   7.1800000e+02   1.0295907e+01
   7.1900000e+02   1.0296055e+01
   7.2000000e+02   1.0296109e+01
   7.2100000e+02   1.0295847e+01
   7.2200000e+02   1.0296135e+01
   7.2300000e+02   1.0295993e+01
   7.2400000e+02   1.0296113e+01
   7.2500000e+02   1.0296290e+01
   7.2600000e+02   1.0296295e+01
   7.2700000e+02   1.0296409e+01
   7.2800000e+02   1.0296301e+01
   7.2900000e+02   1.0296107e+01
   7.3000000e+02   1.0296526e+01
   7.3100000e+02   1.0296136e+01
   7.3200000e+02   1.0296438e+01
   7.3300000e+02   1.0296224e+01
   7.3400000e+02   1.0296091e+01
   7.3500000e+02   1.0296175e+01
   7.3600000e+02   1.0296105e+01
   7.3700000e+02   1.0296124e+01
   7.3800000e+02   1.0295990e+01
   7.3900000e+02   1.0296439e+01
   7.4000000e+02   1.0295889e+01
   7.4100000e+02   1.0295897e+01
   7.4200000e+02   1.0295847e+01
   7.4300000e+02   1.0295645e+01
   7.4400000e+02   1.0295980e+01
   7.4500000e+02   1.0295979e+01
   7.4600000e+02   1.0295788e+01
   7.4700000e+02   1.0296027e+01
   7.4800000e+02   1.0295941e+01
   7.4900000e+02   1.0296239e+01
   7.5000000e+02   1.0296242e+01
   7.5100000e+02   1.0296270e+01
   7.5200000e+02   1.0296137e+01
   7.5300000e+02   1.0296311e+01
   7.5400000e+02   1.0296169e+01
   7.5500000e+02   1.0296160e+01
   7.5600000e+02   1.0296201e+01
   7.5700000e+02   1.0296274e+01
   7.5800000e+02   1.0296205e+01
   7.5900000e+02   1.0296453e+01
   7.6000000e+02   1.0296157e+01
   7.6100000e+02   1.0296014e+01
   7.6200000e+02   1.0296046e+01
   7.6300000e+02   1.0296266e+01
   7.6400000e+02   1.0296137e+01
   7.6500000e+02   1.0296066e+01
   7.6600000e+02   1.0295951e+01
   7.6700000e+02   1.0295914e+01
   7.6800000e+02   1.0295791e+01
   7.6900000e+02   1.0295813e+01
   7.7000000e+02   1.0295651e+01
   7.7100000e+02   1.0295817e+01
   7.7200000e+02   1.0295862e+01
   7.7300000e+02   1.0296003e+01
   7.7400000e+02   1.0295611e+01
   7.7500000e+02   1.0295838e+01
   7.7600000e+02   1.0295324e+01
   7.7700000e+02   1.0295871e+01
   7.7800000e+02   1.0295517e+01
   7.7900000e+02   1.0295983e+01
   7.8000000e+02   1.0295885e+01
