   0.0000000e+00   1.0298162e+01
   1.0000000e+00   1.0294437e+01
   2.0000000e+00   1.0293626e+01
   3.0000000e+00   1.0292803e+01
   4.0000000e+00   1.0292572e+01
   5.0000000e+00   1.0291875e+01
   6.0000000e+00   1.0291808e+01
   7.0000000e+00   1.0291234e+01
   8.0000000e+00   1.0291257e+01
   9.0000000e+00   1.0291222e+01
   1.0000000e+01   1.0290686e+01
   1.1000000e+01   1.0290701e+01
   1.2000000e+01   1.0290380e+01
   1.3000000e+01   1.0290423e+01
   1.4000000e+01   1.0290400e+01
   1.5000000e+01   1.0290268e+01
   1.6000000e+01   1.0289967e+01
   1.7000000e+01   1.0289744e+01
   1.8000000e+01   1.0289544e+01
   1.9000000e+01   1.0289409e+01
   2.0000000e+01   1.0289352e+01
   2.1000000e+01   1.0289177e+01
   2.2000000e+01   1.0289188e+01
   2.3000000e+01   1.0289058e+01
   2.4000000e+01   1.0289111e+01
   2.5000000e+01   1.0288668e+01
   2.6000000e+01   1.0288473e+01
   2.7000000e+01   1.0288600e+01
   2.8000000e+01   1.0288592e+01
   2.9000000e+01   1.0288298e+01
   3.0000000e+01   1.0288393e+01
   3.1000000e+01   1.0288283e+01
   3.2000000e+01   1.0288192e+01
   3.3000000e+01   1.0288139e+01
   3.4000000e+01   1.0288094e+01
   3.5000000e+01   1.0287963e+01
   3.6000000e+01   1.0287997e+01
   3.7000000e+01   1.0287711e+01
   3.8000000e+01   1.0287920e+01
   3.9000000e+01   1.0287791e+01
   4.0000000e+01   1.0287622e+01
   4.1000000e+01   1.0287592e+01
   4.2000000e+01   1.0287393e+01
   4.3000000e+01   1.0287416e+01
   4.4000000e+01   1.0287026e+01
   4.5000000e+01   1.0287150e+01
   4.6000000e+01   1.0287226e+01
   4.7000000e+01   1.0287073e+01
   4.8000000e+01   1.0286874e+01
   4.9000000e+01   1.0286975e+01
   5.0000000e+01   1.0286752e+01
   5.1000000e+01   1.0286948e+01
   5.2000000e+01   1.0286728e+01
   5.3000000e+01   1.0286487e+01
   5.4000000e+01   1.0286654e+01
   5.5000000e+01   1.0286515e+01
   5.6000000e+01   1.0286411e+01
   5.7000000e+01   1.0286394e+01
   5.8000000e+01   1.0286539e+01
   5.9000000e+01   1.0286557e+01
   6.0000000e+01   1.0286140e+01
   6.1000000e+01   1.0286086e+01
   6.2000000e+01   1.0286039e+01
   6.3000000e+01   1.0286142e+01
   6.4000000e+01   1.0285933e+01
   6.5000000e+01   1.0285847e+01
   6.6000000e+01   1.0286068e+01
   6.7000000e+01   1.0285943e+01
   6.8000000e+01   1.0285736e+01
   6.9000000e+01   1.0285924e+01
   7.0000000e+01   1.0285756e+01
   7.1000000e+01   1.0285979e+01
   7.2000000e+01   1.0285593e+01
   7.3000000e+01   1.0285749e+01
   7.4000000e+01   1.0285740e+01
   7.5000000e+01   1.0285730e+01
   7.6000000e+01   1.0285476e+01
   7.7000000e+01   1.0285530e+01
   7.8000000e+01   1.0285642e+01
   7.9000000e+01   1.0285631e+01
   8.0000000e+01   1.0285429e+01
   8.1000000e+01   1.0285335e+01
   8.2000000e+01   1.0285333e+01
   8.3000000e+01   1.0285351e+01
   8.4000000e+01   1.0285108e+01
   8.5000000e+01   1.0285075e+01
   8.6000000e+01   1.0284835e+01
   8.7000000e+01   1.0284950e+01
   8.8000000e+01   1.0284759e+01
   8.9000000e+01   1.0285085e+01
   9.0000000e+01   1.0285072e+01
   9.1000000e+01   1.0284592e+01
   9.2000000e+01   1.0284915e+01
   9.3000000e+01   1.0284750e+01
   9.4000000e+01   1.0284882e+01
   9.5000000e+01   1.0284780e+01
   9.6000000e+01   1.0284552e+01
   9.7000000e+01   1.0284563e+01
   9.8000000e+01   1.0284465e+01
   9.9000000e+01   1.0284376e+01
   1.0000000e+02   1.0284525e+01
   1.0100000e+02   1.0284499e+01
   1.0200000e+02   1.0284800e+01
   1.0300000e+02   1.0284543e+01
   1.0400000e+02   1.0284319e+01
   1.0500000e+02   1.0284511e+01
   1.0600000e+02   1.0284179e+01
   1.0700000e+02   1.0284325e+01
   1.0800000e+02   1.0284115e+01
   1.0900000e+02   1.0284003e+01
   1.1000000e+02   1.0284215e+01
   1.1100000e+02   1.0284108e+01
   1.1200000e+02   1.0283965e+01
   1.1300000e+02   1.0283831e+01
   1.1400000e+02   1.0283768e+01
   1.1500000e+02   1.0283878e+01
   1.1600000e+02   1.0283918e+01
   1.1700000e+02   1.0283938e+01
   1.1800000e+02   1.0283695e+01
   1.1900000e+02   1.0283827e+01
   1.2000000e+02   1.0283748e+01
   1.2100000e+02   1.0283934e+01
   1.2200000e+02   1.0283814e+01
   1.2300000e+02   1.0283765e+01
   1.2400000e+02   1.0283386e+01
   1.2500000e+02   1.0283680e+01
   1.2600000e+02   1.0283529e+01
   1.2700000e+02   1.0283575e+01
   1.2800000e+02   1.0283188e+01
   1.2900000e+02   1.0283582e+01
   1.3000000e+02   1.0283193e+01
   1.3100000e+02   1.0283304e+01
   1.3200000e+02   1.0283073e+01
   1.3300000e+02   1.0283513e+01
   1.3400000e+02   1.0283199e+01
   1.3500000e+02   1.0283029e+01
   1.3600000e+02   1.0282894e+01
   1.3700000e+02   1.0283066e+01
   1.3800000e+02   1.0283170e+01
   1.3900000e+02   1.0283031e+01
   1.4000000e+02   1.0283041e+01
   1.4100000e+02   1.0283085e+01
   1.4200000e+02   1.0282825e+01
   1.4300000e+02   1.0283047e+01
   1.4400000e+02   1.0282900e+01
   1.4500000e+02   1.0283181e+01
   1.4600000e+02   1.0283245e+01
   1.4700000e+02   1.0283106e+01
   1.4800000e+02   1.0282865e+01
   1.4900000e+02   1.0282961e+01
   1.5000000e+02   1.0282970e+01
   1.5100000e+02   1.0282921e+01
   1.5200000e+02   1.0282875e+01
   1.5300000e+02   1.0282847e+01
   1.5400000e+02   1.0282912e+01
   1.5500000e+02   1.0282798e+01
   1.5600000e+02   1.0282557e+01
   1.5700000e+02   1.0282775e+01
   1.5800000e+02   1.0282494e+01
   1.5900000e+02   1.0282584e+01
   1.6000000e+02   1.0282546e+01
   1.6100000e+02   1.0282668e+01
   1.6200000e+02   1.0282528e+01
   1.6300000e+02   1.0282531e+01
   1.6400000e+02   1.0282368e+01
   1.6500000e+02   1.0282186e+01
   1.6600000e+02   1.0281923e+01
   1.6700000e+02   1.0276035e+01
   1.6800000e+02   1.0259003e+01
   1.6900000e+02   1.0248583e+01
   1.7000000e+02   1.0256610e+01
   1.7100000e+02   1.0266984e+01
   1.7200000e+02   1.0272993e+01
   1.7300000e+02   1.0275536e+01
   1.7400000e+02   1.0276100e+01
   1.7500000e+02   1.0276797e+01
   1.7600000e+02   1.0277480e+01
   1.7700000e+02   1.0277955e+01
   1.7800000e+02   1.0276559e+01
   1.7900000e+02   1.0244889e+01
   1.8000000e+02   1.0199765e+01
   1.8100000e+02   1.0208149e+01
   1.8200000e+02   1.0217108e+01
   1.8300000e+02   1.0221089e+01
   1.8400000e+02   1.0224919e+01
   1.8500000e+02   1.0229094e+01
   1.8600000e+02   1.0236372e+01
   1.8700000e+02   1.0241885e+01
   1.8800000e+02   1.0244388e+01
   1.8900000e+02   1.0247903e+01
   1.9000000e+02   1.0254180e+01
   1.9100000e+02   1.0260801e+01
   1.9200000e+02   1.0265828e+01
   1.9300000e+02   1.0268745e+01
   1.9400000e+02   1.0271049e+01
   1.9500000e+02   1.0272700e+01
   1.9600000e+02   1.0274060e+01
   1.9700000e+02   1.0274811e+01
   1.9800000e+02   1.0275674e+01
   1.9900000e+02   1.0276424e+01
   2.0000000e+02   1.0277189e+01
   2.0100000e+02   1.0277505e+01
   2.0200000e+02   1.0277801e+01
   2.0300000e+02   1.0278437e+01
   2.0400000e+02   1.0278987e+01
   2.0500000e+02   1.0279242e+01
   2.0600000e+02   1.0279729e+01
   2.0700000e+02   1.0280010e+01
   2.0800000e+02   1.0280002e+01
   2.0900000e+02   1.0280169e+01
   2.1000000e+02   1.0280118e+01
   2.1100000e+02   1.0280393e+01
   2.1200000e+02   1.0280528e+01
   2.1300000e+02   1.0280528e+01
   2.1400000e+02   1.0280872e+01
   2.1500000e+02   1.0280712e+01
   2.1600000e+02   1.0280649e+01
   2.1700000e+02   1.0280610e+01
   2.1800000e+02   1.0280780e+01
   2.1900000e+02   1.0280715e+01
   2.2000000e+02   1.0280160e+01
   2.2100000e+02   1.0279763e+01
   2.2200000e+02   1.0279631e+01
   2.2300000e+02   1.0279149e+01
   2.2400000e+02   1.0278796e+01
   2.2500000e+02   1.0278186e+01
   2.2600000e+02   1.0278176e+01
   2.2700000e+02   1.0277957e+01
   2.2800000e+02   1.0278146e+01
   2.2900000e+02   1.0278123e+01
   2.3000000e+02   1.0278369e+01
   2.3100000e+02   1.0278367e+01
   2.3200000e+02   1.0278538e+01
   2.3300000e+02   1.0278828e+01
   2.3400000e+02   1.0278649e+01
   2.3500000e+02   1.0278900e+01
   2.3600000e+02   1.0278755e+01
   2.3700000e+02   1.0278772e+01
   2.3800000e+02   1.0278723e+01
   2.3900000e+02   1.0278681e+01
   2.4000000e+02   1.0278554e+01
   2.4100000e+02   1.0278230e+01
   2.4200000e+02   1.0277944e+01
   2.4300000e+02   1.0276934e+01
   2.4400000e+02   1.0275104e+01
   2.4500000e+02   1.0272002e+01
   2.4600000e+02   1.0267827e+01
   2.4700000e+02   1.0263156e+01
   2.4800000e+02   1.0258662e+01
   2.4900000e+02   1.0255774e+01
   2.5000000e+02   1.0254822e+01
   2.5100000e+02   1.0255483e+01
   2.5200000e+02   1.0257200e+01
   2.5300000e+02   1.0258434e+01
   2.5400000e+02   1.0259668e+01
   2.5500000e+02   1.0259340e+01
   2.5600000e+02   1.0258374e+01
   2.5700000e+02   1.0256771e+01
   2.5800000e+02   1.0254970e+01
   2.5900000e+02   1.0253523e+01
   2.6000000e+02   1.0252112e+01
   2.6100000e+02   1.0250621e+01
   2.6200000e+02   1.0249574e+01
   2.6300000e+02   1.0248458e+01
   2.6400000e+02   1.0248331e+01
   2.6500000e+02   1.0249493e+01
   2.6600000e+02   1.0251036e+01
   2.6700000e+02   1.0253454e+01
   2.6800000e+02   1.0255722e+01
   2.6900000e+02   1.0258272e+01
   2.7000000e+02   1.0260107e+01
   2.7100000e+02   1.0261548e+01
   2.7200000e+02   1.0262273e+01
   2.7300000e+02   1.0262862e+01
   2.7400000e+02   1.0263567e+01
   2.7500000e+02   1.0263984e+01
   2.7600000e+02   1.0264850e+01
   2.7700000e+02   1.0265744e+01
   2.7800000e+02   1.0266889e+01
   2.7900000e+02   1.0267832e+01
   2.8000000e+02   1.0268297e+01
   2.8100000e+02   1.0268876e+01
   2.8200000e+02   1.0269461e+01
   2.8300000e+02   1.0269992e+01
   2.8400000e+02   1.0270562e+01
   2.8500000e+02   1.0271030e+01
   2.8600000e+02   1.0271688e+01
   2.8700000e+02   1.0272315e+01
   2.8800000e+02   1.0272976e+01
   2.8900000e+02   1.0273188e+01
   2.9000000e+02   1.0273856e+01
   2.9100000e+02   1.0274032e+01
   2.9200000e+02   1.0274407e+01
   2.9300000e+02   1.0274532e+01
   2.9400000e+02   1.0274813e+01
   2.9500000e+02   1.0275250e+01
   2.9600000e+02   1.0275650e+01
   2.9700000e+02   1.0275416e+01
   2.9800000e+02   1.0275530e+01
   2.9900000e+02   1.0275779e+01
   3.0000000e+02   1.0275333e+01
   3.0100000e+02   1.0274484e+01
   3.0200000e+02   1.0273864e+01
   3.0300000e+02   1.0272327e+01
   3.0400000e+02   1.0270180e+01
   3.0500000e+02   1.0267921e+01
   3.0600000e+02   1.0263834e+01
   3.0700000e+02   1.0259562e+01
   3.0800000e+02   1.0253935e+01
   3.0900000e+02   1.0247858e+01
   3.1000000e+02   1.0241615e+01
   3.1100000e+02   1.0236402e+01
   3.1200000e+02   1.0233074e+01
   3.1300000e+02   1.0231815e+01
   3.1400000e+02   1.0231316e+01
   3.1500000e+02   1.0230190e+01
   3.1600000e+02   1.0227041e+01
   3.1700000e+02   1.0221016e+01
   3.1800000e+02   1.0213127e+01
   3.1900000e+02   1.0204140e+01
   3.2000000e+02   1.0195814e+01
   3.2100000e+02   1.0189681e+01
   3.2200000e+02   1.0186253e+01
   3.2300000e+02   1.0185483e+01
   3.2400000e+02   1.0186803e+01
   3.2500000e+02   1.0190538e+01
   3.2600000e+02   1.0194956e+01
   3.2700000e+02   1.0201280e+01
   3.2800000e+02   1.0207793e+01
   3.2900000e+02   1.0214988e+01
   3.3000000e+02   1.0221591e+01
   3.3100000e+02   1.0227704e+01
   3.3200000e+02   1.0232363e+01
   3.3300000e+02   1.0235933e+01
   3.3400000e+02   1.0238238e+01
   3.3500000e+02   1.0238956e+01
   3.3600000e+02   1.0238888e+01
   3.3700000e+02   1.0238575e+01
   3.3800000e+02   1.0238276e+01
   3.3900000e+02   1.0238393e+01
   3.4000000e+02   1.0239747e+01
   3.4100000e+02   1.0241702e+01
   3.4200000e+02   1.0244700e+01
   3.4300000e+02   1.0248056e+01
   3.4400000e+02   1.0251158e+01
   3.4500000e+02   1.0254396e+01
   3.4600000e+02   1.0257129e+01
   3.4700000e+02   1.0259613e+01
   3.4800000e+02   1.0261911e+01
   3.4900000e+02   1.0263585e+01
   3.5000000e+02   1.0265157e+01
   3.5100000e+02   1.0266678e+01
   3.5200000e+02   1.0267679e+01
   3.5300000e+02   1.0268813e+01
   3.5400000e+02   1.0269704e+01
   3.5500000e+02   1.0270192e+01
   3.5600000e+02   1.0270781e+01
   3.5700000e+02   1.0270846e+01
   3.5800000e+02   1.0270663e+01
   3.5900000e+02   1.0270477e+01
   3.6000000e+02   1.0269946e+01
   3.6100000e+02   1.0269941e+01
   3.6200000e+02   1.0269788e+01
   3.6300000e+02   1.0269566e+01
   3.6400000e+02   1.0269884e+01
   3.6500000e+02   1.0270410e+01
   3.6600000e+02   1.0270888e+01
   3.6700000e+02   1.0271819e+01
   3.6800000e+02   1.0272629e+01
   3.6900000e+02   1.0272966e+01
   3.7000000e+02   1.0273765e+01
   3.7100000e+02   1.0274136e+01
   3.7200000e+02   1.0274463e+01
   3.7300000e+02   1.0274802e+01
   3.7400000e+02   1.0275189e+01
   3.7500000e+02   1.0275433e+01
   3.7600000e+02   1.0275548e+01
   3.7700000e+02   1.0275868e+01
   3.7800000e+02   1.0275917e+01
   3.7900000e+02   1.0275972e+01
   3.8000000e+02   1.0276261e+01
   3.8100000e+02   1.0276154e+01
   3.8200000e+02   1.0276170e+01
   3.8300000e+02   1.0275986e+01
   3.8400000e+02   1.0275619e+01
   3.8500000e+02   1.0275116e+01
   3.8600000e+02   1.0274474e+01
   3.8700000e+02   1.0273867e+01
   3.8800000e+02   1.0273151e+01
   3.8900000e+02   1.0272595e+01
   3.9000000e+02   1.0272131e+01
   3.9100000e+02   1.0271629e+01
   3.9200000e+02   1.0271779e+01
   3.9300000e+02   1.0272062e+01
   3.9400000e+02   1.0272155e+01
   3.9500000e+02   1.0272638e+01
   3.9600000e+02   1.0272812e+01
   3.9700000e+02   1.0273187e+01
   3.9800000e+02   1.0273804e+01
   3.9900000e+02   1.0274242e+01
   4.0000000e+02   1.0274523e+01
   4.0100000e+02   1.0275035e+01
   4.0200000e+02   1.0274858e+01
   4.0300000e+02   1.0275298e+01
   4.0400000e+02   1.0275215e+01
   4.0500000e+02   1.0275395e+01
   4.0600000e+02   1.0275615e+01
   4.0700000e+02   1.0275716e+01
   4.0800000e+02   1.0275908e+01
   4.0900000e+02   1.0275757e+01
   4.1000000e+02   1.0275953e+01
   4.1100000e+02   1.0276283e+01
   4.1200000e+02   1.0276180e+01
   4.1300000e+02   1.0276428e+01
   4.1400000e+02   1.0276143e+01
   4.1500000e+02   1.0276168e+01
   4.1600000e+02   1.0276185e+01
   4.1700000e+02   1.0276078e+01
   4.1800000e+02   1.0276099e+01
   4.1900000e+02   1.0276439e+01
   4.2000000e+02   1.0276238e+01
   4.2100000e+02   1.0276213e+01
   4.2200000e+02   1.0276219e+01
   4.2300000e+02   1.0276328e+01
   4.2400000e+02   1.0276423e+01
   4.2500000e+02   1.0276531e+01
   4.2600000e+02   1.0276431e+01
   4.2700000e+02   1.0276364e+01
   4.2800000e+02   1.0276373e+01
   4.2900000e+02   1.0276508e+01
   4.3000000e+02   1.0276398e+01
   4.3100000e+02   1.0276639e+01
   4.3200000e+02   1.0276609e+01
   4.3300000e+02   1.0276610e+01
   4.3400000e+02   1.0276467e+01
   4.3500000e+02   1.0276569e+01
   4.3600000e+02   1.0276137e+01
   4.3700000e+02   1.0276090e+01
   4.3800000e+02   1.0275212e+01
   4.3900000e+02   1.0274190e+01
   4.4000000e+02   1.0272658e+01
   4.4100000e+02   1.0270343e+01
   4.4200000e+02   1.0266965e+01
   4.4300000e+02   1.0262844e+01
   4.4400000e+02   1.0257580e+01
   4.4500000e+02   1.0251740e+01
   4.4600000e+02   1.0245487e+01
   4.4700000e+02   1.0239390e+01
   4.4800000e+02   1.0234022e+01
   4.4900000e+02   1.0230514e+01
   4.5000000e+02   1.0228586e+01
   4.5100000e+02   1.0228527e+01
   4.5200000e+02   1.0229818e+01
   4.5300000e+02   1.0232477e+01
   4.5400000e+02   1.0235584e+01
   4.5500000e+02   1.0239548e+01
   4.5600000e+02   1.0243466e+01
   4.5700000e+02   1.0246984e+01
   4.5800000e+02   1.0250007e+01
   4.5900000e+02   1.0252807e+01
   4.6000000e+02   1.0255323e+01
   4.6100000e+02   1.0257340e+01
   4.6200000e+02   1.0259317e+01
   4.6300000e+02   1.0260824e+01
   4.6400000e+02   1.0262636e+01
   4.6500000e+02   1.0264267e+01
   4.6600000e+02   1.0265506e+01
   4.6700000e+02   1.0266400e+01
   4.6800000e+02   1.0267372e+01
   4.6900000e+02   1.0268456e+01
   4.7000000e+02   1.0269256e+01
   4.7100000e+02   1.0269868e+01
   4.7200000e+02   1.0270711e+01
   4.7300000e+02   1.0271323e+01
   4.7400000e+02   1.0272094e+01
   4.7500000e+02   1.0272508e+01
   4.7600000e+02   1.0273015e+01
   4.7700000e+02   1.0273579e+01
   4.7800000e+02   1.0273858e+01
   4.7900000e+02   1.0274265e+01
   4.8000000e+02   1.0274455e+01
   4.8100000e+02   1.0274915e+01
   4.8200000e+02   1.0275029e+01
   4.8300000e+02   1.0275195e+01
   4.8400000e+02   1.0275351e+01
   4.8500000e+02   1.0275090e+01
   4.8600000e+02   1.0275257e+01
   4.8700000e+02   1.0275060e+01
   4.8800000e+02   1.0275120e+01
   4.8900000e+02   1.0275352e+01
   4.9000000e+02   1.0275311e+01
   4.9100000e+02   1.0275220e+01
   4.9200000e+02   1.0275140e+01
   4.9300000e+02   1.0275171e+01
   4.9400000e+02   1.0275107e+01
   4.9500000e+02   1.0275248e+01
   4.9600000e+02   1.0275245e+01
   4.9700000e+02   1.0275352e+01
   4.9800000e+02   1.0275329e+01
   4.9900000e+02   1.0275109e+01
   5.0000000e+02   1.0275100e+01
   5.0100000e+02   1.0274995e+01
   5.0200000e+02   1.0274915e+01
   5.0300000e+02   1.0274965e+01
   5.0400000e+02   1.0275159e+01
   5.0500000e+02   1.0275406e+01
   5.0600000e+02   1.0275227e+01
   5.0700000e+02   1.0275405e+01
   5.0800000e+02   1.0275136e+01
   5.0900000e+02   1.0275081e+01
   5.1000000e+02   1.0275263e+01
   5.1100000e+02   1.0275121e+01
   5.1200000e+02   1.0275217e+01
   5.1300000e+02   1.0275275e+01
   5.1400000e+02   1.0275588e+01
   5.1500000e+02   1.0275300e+01
   5.1600000e+02   1.0275267e+01
   5.1700000e+02   1.0275270e+01
   5.1800000e+02   1.0275285e+01
   5.1900000e+02   1.0274997e+01
   5.2000000e+02   1.0275167e+01
   5.2100000e+02   1.0275188e+01
   5.2200000e+02   1.0274860e+01
   5.2300000e+02   1.0274922e+01
   5.2400000e+02   1.0275119e+01
   5.2500000e+02   1.0275148e+01
   5.2600000e+02   1.0274955e+01
   5.2700000e+02   1.0275011e+01
   5.2800000e+02   1.0275018e+01
   5.2900000e+02   1.0274940e+01
   5.3000000e+02   1.0274881e+01
   5.3100000e+02   1.0274874e+01
   5.3200000e+02   1.0274668e+01
   5.3300000e+02   1.0274739e+01
   5.3400000e+02   1.0274843e+01
   5.3500000e+02   1.0274625e+01
   5.3600000e+02   1.0274598e+01
   5.3700000e+02   1.0274776e+01
   5.3800000e+02   1.0274702e+01
   5.3900000e+02   1.0274691e+01
   5.4000000e+02   1.0274481e+01
   5.4100000e+02   1.0274695e+01
   5.4200000e+02   1.0274365e+01
   5.4300000e+02   1.0274562e+01
   5.4400000e+02   1.0274374e+01
   5.4500000e+02   1.0274473e+01
   5.4600000e+02   1.0274534e+01
   5.4700000e+02   1.0274321e+01
   5.4800000e+02   1.0274355e+01
   5.4900000e+02   1.0274732e+01
   5.5000000e+02   1.0274458e+01
   5.5100000e+02   1.0274425e+01
   5.5200000e+02   1.0274485e+01
   5.5300000e+02   1.0274161e+01
   5.5400000e+02   1.0274511e+01
   5.5500000e+02   1.0274501e+01
   5.5600000e+02   1.0274562e+01
   5.5700000e+02   1.0274504e+01
   5.5800000e+02   1.0274703e+01
   5.5900000e+02   1.0274508e+01
   5.6000000e+02   1.0274504e+01
   5.6100000e+02   1.0274822e+01
   5.6200000e+02   1.0274196e+01
   5.6300000e+02   1.0274559e+01
   5.6400000e+02   1.0274499e+01
   5.6500000e+02   1.0274839e+01
   5.6600000e+02   1.0274804e+01
   5.6700000e+02   1.0274628e+01
   5.6800000e+02   1.0274565e+01
   5.6900000e+02   1.0274479e+01
   5.7000000e+02   1.0274574e+01
   5.7100000e+02   1.0274459e+01
   5.7200000e+02   1.0274317e+01
   5.7300000e+02   1.0274400e+01
   5.7400000e+02   1.0274334e+01
   5.7500000e+02   1.0274561e+01
   5.7600000e+02   1.0274370e+01
   5.7700000e+02   1.0274466e+01
   5.7800000e+02   1.0274177e+01
   5.7900000e+02   1.0274214e+01
   5.8000000e+02   1.0274037e+01
   5.8100000e+02   1.0274008e+01
   5.8200000e+02   1.0274243e+01
   5.8300000e+02   1.0274313e+01
   5.8400000e+02   1.0274282e+01
   5.8500000e+02   1.0274264e+01
   5.8600000e+02   1.0274203e+01
   5.8700000e+02   1.0274297e+01
   5.8800000e+02   1.0274329e+01
   5.8900000e+02   1.0274211e+01
   5.9000000e+02   1.0274219e+01
   5.9100000e+02   1.0274063e+01
   5.9200000e+02   1.0274214e+01
   5.9300000e+02   1.0274178e+01
   5.9400000e+02   1.0274179e+01
   5.9500000e+02   1.0273959e+01
   5.9600000e+02   1.0274017e+01
   5.9700000e+02   1.0273976e+01
   5.9800000e+02   1.0274324e+01
   5.9900000e+02   1.0273820e+01
   6.0000000e+02   1.0273745e+01
   6.0100000e+02   1.0273789e+01
   6.0200000e+02   1.0273881e+01
   6.0300000e+02   1.0273663e+01
   6.0400000e+02   1.0273418e+01
   6.0500000e+02   1.0273949e+01
   6.0600000e+02   1.0273898e+01
   6.0700000e+02   1.0273471e+01
   6.0800000e+02   1.0273855e+01
   6.0900000e+02   1.0273503e+01
   6.1000000e+02   1.0273615e+01
   6.1100000e+02   1.0273420e+01
   6.1200000e+02   1.0273937e+01
   6.1300000e+02   1.0273728e+01
   6.1400000e+02   1.0273889e+01
   6.1500000e+02   1.0273650e+01
   6.1600000e+02   1.0273432e+01
   6.1700000e+02   1.0273995e+01
   6.1800000e+02   1.0273548e+01
   6.1900000e+02   1.0273456e+01
   6.2000000e+02   1.0273470e+01
   6.2100000e+02   1.0273535e+01
   6.2200000e+02   1.0273410e+01
   6.2300000e+02   1.0273494e+01
   6.2400000e+02   1.0273404e+01
   6.2500000e+02   1.0273464e+01
   6.2600000e+02   1.0273485e+01
   6.2700000e+02   1.0273758e+01
   6.2800000e+02   1.0273674e+01
   6.2900000e+02   1.0273497e+01
   6.3000000e+02   1.0273794e+01
   6.3100000e+02   1.0273584e+01
   6.3200000e+02   1.0273449e+01
   6.3300000e+02   1.0273446e+01
   6.3400000e+02   1.0273693e+01
   6.3500000e+02   1.0273765e+01
   6.3600000e+02   1.0273719e+01
   6.3700000e+02   1.0273641e+01
   6.3800000e+02   1.0273818e+01
   6.3900000e+02   1.0273724e+01
   6.4000000e+02   1.0273625e+01
   6.4100000e+02   1.0273842e+01
   6.4200000e+02   1.0273617e+01
   6.4300000e+02   1.0274127e+01
   6.4400000e+02   1.0273722e+01
   6.4500000e+02   1.0273788e+01
   6.4600000e+02   1.0273707e+01
   6.4700000e+02   1.0273532e+01
   6.4800000e+02   1.0273382e+01
   6.4900000e+02   1.0273254e+01
   6.5000000e+02   1.0273549e+01
   6.5100000e+02   1.0273270e+01
   6.5200000e+02   1.0273261e+01
   6.5300000e+02   1.0273364e+01
   6.5400000e+02   1.0273640e+01
   6.5500000e+02   1.0273339e+01
   6.5600000e+02   1.0273327e+01
   6.5700000e+02   1.0273610e+01
   6.5800000e+02   1.0273225e+01
   6.5900000e+02   1.0273553e+01
   6.6000000e+02   1.0273542e+01
   6.6100000e+02   1.0273492e+01
   6.6200000e+02   1.0273206e+01
   6.6300000e+02   1.0273432e+01
   6.6400000e+02   1.0273179e+01
   6.6500000e+02   1.0272789e+01
   6.6600000e+02   1.0272962e+01
   6.6700000e+02   1.0272924e+01
   6.6800000e+02   1.0272747e+01
   6.6900000e+02   1.0272809e+01
   6.7000000e+02   1.0272695e+01
   6.7100000e+02   1.0272670e+01
   6.7200000e+02   1.0272643e+01
   6.7300000e+02   1.0272792e+01
   6.7400000e+02   1.0272855e+01
   6.7500000e+02   1.0272964e+01
   6.7600000e+02   1.0272783e+01
   6.7700000e+02   1.0272792e+01
   6.7800000e+02   1.0272886e+01
   6.7900000e+02   1.0272735e+01
   6.8000000e+02   1.0272684e+01
   6.8100000e+02   1.0272691e+01
   6.8200000e+02   1.0272626e+01
   6.8300000e+02   1.0272719e+01
   6.8400000e+02   1.0272187e+01
   6.8500000e+02   1.0272350e+01
   6.8600000e+02   1.0272599e+01
   6.8700000e+02   1.0272552e+01
   6.8800000e+02   1.0272294e+01
   6.8900000e+02   1.0272272e+01
   6.9000000e+02   1.0272409e+01
   6.9100000e+02   1.0272331e+01
   6.9200000e+02   1.0272199e+01
   6.9300000e+02   1.0271917e+01
   6.9400000e+02   1.0272335e+01
   6.9500000e+02   1.0272280e+01
   6.9600000e+02   1.0272199e+01
   6.9700000e+02   1.0272451e+01
   6.9800000e+02   1.0272636e+01
   6.9900000e+02   1.0272139e+01
   7.0000000e+02   1.0272352e+01
   7.0100000e+02   1.0272208e+01
   7.0200000e+02   1.0272232e+01
   7.0300000e+02   1.0272038e+01
   7.0400000e+02   1.0272245e+01
   7.0500000e+02   1.0272400e+01
   7.0600000e+02   1.0271983e+01
   7.0700000e+02   1.0271999e+01
   7.0800000e+02   1.0272163e+01
   7.0900000e+02   1.0272290e+01
   7.1000000e+02   1.0272354e+01
   7.1100000e+02   1.0272221e+01
   7.1200000e+02   1.0272535e+01
   7.1300000e+02   1.0272371e+01
   7.1400000e+02   1.0272530e+01
   7.1500000e+02   1.0272205e+01
   7.1600000e+02   1.0272529e+01
   7.1700000e+02   1.0272456e+01
   7.1800000e+02   1.0272384e+01
   7.1900000e+02   1.0272036e+01
   7.2000000e+02   1.0272046e+01
   7.2100000e+02   1.0272203e+01
   7.2200000e+02   1.0272132e+01
   7.2300000e+02   1.0271923e+01
   7.2400000e+02   1.0271913e+01
   7.2500000e+02   1.0271917e+01
   7.2600000e+02   1.0272291e+01
   7.2700000e+02   1.0272444e+01
   7.2800000e+02   1.0272316e+01
   7.2900000e+02   1.0272425e+01
   7.3000000e+02   1.0272169e+01
   7.3100000e+02   1.0272389e+01
   7.3200000e+02   1.0272313e+01
   7.3300000e+02   1.0272367e+01
   7.3400000e+02   1.0272437e+01
   7.3500000e+02   1.0272340e+01
   7.3600000e+02   1.0272286e+01
   7.3700000e+02   1.0272432e+01
   7.3800000e+02   1.0272209e+01
   7.3900000e+02   1.0272163e+01
   7.4000000e+02   1.0272117e+01
   7.4100000e+02   1.0272378e+01
   7.4200000e+02   1.0272446e+01
   7.4300000e+02   1.0272678e+01
   7.4400000e+02   1.0272567e+01
   7.4500000e+02   1.0272339e+01
   7.4600000e+02   1.0272744e+01
   7.4700000e+02   1.0272256e+01
   7.4800000e+02   1.0272600e+01
   7.4900000e+02   1.0272442e+01
   7.5000000e+02   1.0272494e+01
   7.5100000e+02   1.0272549e+01
   7.5200000e+02   1.0272372e+01
   7.5300000e+02   1.0272215e+01
   7.5400000e+02   1.0272014e+01
   7.5500000e+02   1.0272111e+01
   7.5600000e+02   1.0272089e+01
   7.5700000e+02   1.0272092e+01
   7.5800000e+02   1.0272208e+01
   7.5900000e+02   1.0272307e+01
   7.6000000e+02   1.0272298e+01
   7.6100000e+02   1.0272105e+01
   7.6200000e+02   1.0271985e+01
   7.6300000e+02   1.0272184e+01
   7.6400000e+02   1.0272119e+01
   7.6500000e+02   1.0271743e+01
   7.6600000e+02   1.0271653e+01
   7.6700000e+02   1.0271878e+01
   7.6800000e+02   1.0271744e+01
   7.6900000e+02   1.0271989e+01
   7.7000000e+02   1.0271818e+01
   7.7100000e+02   1.0271743e+01
   7.7200000e+02   1.0271919e+01
   7.7300000e+02   1.0271575e+01
   7.7400000e+02   1.0271585e+01
   7.7500000e+02   1.0271683e+01
   7.7600000e+02   1.0271633e+01
   7.7700000e+02   1.0271886e+01
   7.7800000e+02   1.0271867e+01
   7.7900000e+02   1.0271576e+01
   7.8000000e+02   1.0272022e+01
