   0.0000000e+00   1.0277593e+01
   1.0000000e+00   1.0274067e+01
   2.0000000e+00   1.0273414e+01
   3.0000000e+00   1.0272857e+01
   4.0000000e+00   1.0272331e+01
   5.0000000e+00   1.0272324e+01
   6.0000000e+00   1.0271896e+01
   7.0000000e+00   1.0271689e+01
   8.0000000e+00   1.0270722e+01
   9.0000000e+00   1.0271274e+01
   1.0000000e+01   1.0271137e+01
   1.1000000e+01   1.0270897e+01
   1.2000000e+01   1.0270883e+01
   1.3000000e+01   1.0270784e+01
   1.4000000e+01   1.0270287e+01
   1.5000000e+01   1.0270190e+01
   1.6000000e+01   1.0270130e+01
   1.7000000e+01   1.0269941e+01
   1.8000000e+01   1.0269855e+01
   1.9000000e+01   1.0270072e+01
   2.0000000e+01   1.0269955e+01
   2.1000000e+01   1.0269697e+01
   2.2000000e+01   1.0269746e+01
   2.3000000e+01   1.0269992e+01
   2.4000000e+01   1.0269362e+01
   2.5000000e+01   1.0269467e+01
   2.6000000e+01   1.0269314e+01
   2.7000000e+01   1.0269379e+01
   2.8000000e+01   1.0269073e+01
   2.9000000e+01   1.0269195e+01
   3.0000000e+01   1.0269283e+01
   3.1000000e+01   1.0269078e+01
   3.2000000e+01   1.0269124e+01
   3.3000000e+01   1.0268886e+01
   3.4000000e+01   1.0269156e+01
   3.5000000e+01   1.0269180e+01
   3.6000000e+01   1.0268457e+01
   3.7000000e+01   1.0268618e+01
   3.8000000e+01   1.0268504e+01
   3.9000000e+01   1.0268819e+01
   4.0000000e+01   1.0268404e+01
   4.1000000e+01   1.0268642e+01
   4.2000000e+01   1.0268353e+01
   4.3000000e+01   1.0268091e+01
   4.4000000e+01   1.0268262e+01
   4.5000000e+01   1.0268360e+01
   4.6000000e+01   1.0268182e+01
   4.7000000e+01   1.0268218e+01
   4.8000000e+01   1.0268238e+01
   4.9000000e+01   1.0268175e+01
   5.0000000e+01   1.0268074e+01
   5.1000000e+01   1.0268050e+01
   5.2000000e+01   1.0268110e+01
   5.3000000e+01   1.0267636e+01
   5.4000000e+01   1.0267556e+01
   5.5000000e+01   1.0267647e+01
   5.6000000e+01   1.0267793e+01
   5.7000000e+01   1.0267601e+01
   5.8000000e+01   1.0267462e+01
   5.9000000e+01   1.0267297e+01
   6.0000000e+01   1.0267121e+01
   6.1000000e+01   1.0267475e+01
   6.2000000e+01   1.0267093e+01
   6.3000000e+01   1.0267093e+01
   6.4000000e+01   1.0267021e+01
   6.5000000e+01   1.0267230e+01
   6.6000000e+01   1.0267064e+01
   6.7000000e+01   1.0266948e+01
   6.8000000e+01   1.0266862e+01
   6.9000000e+01   1.0266670e+01
   7.0000000e+01   1.0266851e+01
   7.1000000e+01   1.0267053e+01
   7.2000000e+01   1.0266972e+01
   7.3000000e+01   1.0266877e+01
   7.4000000e+01   1.0266776e+01
   7.5000000e+01   1.0266810e+01
   7.6000000e+01   1.0266622e+01
   7.7000000e+01   1.0266917e+01
   7.8000000e+01   1.0266813e+01
   7.9000000e+01   1.0266593e+01
   8.0000000e+01   1.0266527e+01
   8.1000000e+01   1.0266602e+01
   8.2000000e+01   1.0266558e+01
   8.3000000e+01   1.0266657e+01
   8.4000000e+01   1.0266490e+01
   8.5000000e+01   1.0266402e+01
   8.6000000e+01   1.0266050e+01
   8.7000000e+01   1.0266046e+01
   8.8000000e+01   1.0266071e+01
   8.9000000e+01   1.0266103e+01
   9.0000000e+01   1.0266123e+01
   9.1000000e+01   1.0266033e+01
   9.2000000e+01   1.0265859e+01
   9.3000000e+01   1.0265984e+01
   9.4000000e+01   1.0266196e+01
   9.5000000e+01   1.0265955e+01
   9.6000000e+01   1.0266076e+01
   9.7000000e+01   1.0265935e+01
   9.8000000e+01   1.0265907e+01
   9.9000000e+01   1.0265722e+01
   1.0000000e+02   1.0265727e+01
   1.0100000e+02   1.0265544e+01
   1.0200000e+02   1.0265515e+01
   1.0300000e+02   1.0265788e+01
   1.0400000e+02   1.0265796e+01
   1.0500000e+02   1.0265412e+01
   1.0600000e+02   1.0265756e+01
   1.0700000e+02   1.0265349e+01
   1.0800000e+02   1.0265493e+01
   1.0900000e+02   1.0265308e+01
   1.1000000e+02   1.0265430e+01
   1.1100000e+02   1.0265401e+01
   1.1200000e+02   1.0265348e+01
   1.1300000e+02   1.0265458e+01
   1.1400000e+02   1.0265345e+01
   1.1500000e+02   1.0265320e+01
   1.1600000e+02   1.0265061e+01
   1.1700000e+02   1.0264800e+01
   1.1800000e+02   1.0265021e+01
   1.1900000e+02   1.0265104e+01
   1.2000000e+02   1.0265220e+01
   1.2100000e+02   1.0265190e+01
   1.2200000e+02   1.0264972e+01
   1.2300000e+02   1.0264961e+01
   1.2400000e+02   1.0264964e+01
   1.2500000e+02   1.0264917e+01
   1.2600000e+02   1.0264833e+01
   1.2700000e+02   1.0264891e+01
   1.2800000e+02   1.0264901e+01
   1.2900000e+02   1.0264970e+01
   1.3000000e+02   1.0264632e+01
   1.3100000e+02   1.0264665e+01
   1.3200000e+02   1.0264572e+01
   1.3300000e+02   1.0265066e+01
   1.3400000e+02   1.0264950e+01
   1.3500000e+02   1.0264816e+01
   1.3600000e+02   1.0264842e+01
   1.3700000e+02   1.0264754e+01
   1.3800000e+02   1.0264633e+01
   1.3900000e+02   1.0264600e+01
   1.4000000e+02   1.0264584e+01
   1.4100000e+02   1.0264595e+01
   1.4200000e+02   1.0264483e+01
   1.4300000e+02   1.0264405e+01
   1.4400000e+02   1.0264716e+01
   1.4500000e+02   1.0264557e+01
   1.4600000e+02   1.0264527e+01
   1.4700000e+02   1.0264742e+01
   1.4800000e+02   1.0264574e+01
   1.4900000e+02   1.0264557e+01
   1.5000000e+02   1.0264533e+01
   1.5100000e+02   1.0264406e+01
   1.5200000e+02   1.0264682e+01
   1.5300000e+02   1.0264607e+01
   1.5400000e+02   1.0264225e+01
   1.5500000e+02   1.0264465e+01
   1.5600000e+02   1.0264187e+01
   1.5700000e+02   1.0264291e+01
   1.5800000e+02   1.0264286e+01
   1.5900000e+02   1.0263924e+01
   1.6000000e+02   1.0264256e+01
   1.6100000e+02   1.0264162e+01
   1.6200000e+02   1.0264108e+01
   1.6300000e+02   1.0263825e+01
   1.6400000e+02   1.0263974e+01
   1.6500000e+02   1.0264134e+01
   1.6600000e+02   1.0263183e+01
   1.6700000e+02   1.0256898e+01
   1.6800000e+02   1.0238068e+01
   1.6900000e+02   1.0227552e+01
   1.7000000e+02   1.0235065e+01
   1.7100000e+02   1.0245494e+01
   1.7200000e+02   1.0252601e+01
   1.7300000e+02   1.0255935e+01
   1.7400000e+02   1.0258134e+01
   1.7500000e+02   1.0259358e+01
   1.7600000e+02   1.0260671e+01
   1.7700000e+02   1.0261117e+01
   1.7800000e+02   1.0257922e+01
   1.7900000e+02   1.0203037e+01
   1.8000000e+02   1.0142548e+01
   1.8100000e+02   1.0153980e+01
   1.8200000e+02   1.0184761e+01
   1.8300000e+02   1.0199752e+01
   1.8400000e+02   1.0212109e+01
   1.8500000e+02   1.0220414e+01
   1.8600000e+02   1.0225426e+01
   1.8700000e+02   1.0228570e+01
   1.8800000e+02   1.0230362e+01
   1.8900000e+02   1.0232489e+01
   1.9000000e+02   1.0238483e+01
   1.9100000e+02   1.0246215e+01
   1.9200000e+02   1.0251018e+01
   1.9300000e+02   1.0254044e+01
   1.9400000e+02   1.0256263e+01
   1.9500000e+02   1.0257298e+01
   1.9600000e+02   1.0258426e+01
   1.9700000e+02   1.0259239e+01
   1.9800000e+02   1.0259851e+01
   1.9900000e+02   1.0260570e+01
   2.0000000e+02   1.0261027e+01
   2.0100000e+02   1.0261500e+01
   2.0200000e+02   1.0261674e+01
   2.0300000e+02   1.0261828e+01
   2.0400000e+02   1.0262133e+01
   2.0500000e+02   1.0262338e+01
   2.0600000e+02   1.0262550e+01
   2.0700000e+02   1.0262916e+01
   2.0800000e+02   1.0262840e+01
   2.0900000e+02   1.0262968e+01
   2.1000000e+02   1.0263128e+01
   2.1100000e+02   1.0262977e+01
   2.1200000e+02   1.0263015e+01
   2.1300000e+02   1.0263001e+01
   2.1400000e+02   1.0263053e+01
   2.1500000e+02   1.0262888e+01
   2.1600000e+02   1.0262859e+01
   2.1700000e+02   1.0263243e+01
   2.1800000e+02   1.0262930e+01
   2.1900000e+02   1.0263040e+01
   2.2000000e+02   1.0262923e+01
   2.2100000e+02   1.0262740e+01
   2.2200000e+02   1.0262745e+01
   2.2300000e+02   1.0262892e+01
   2.2400000e+02   1.0262740e+01
   2.2500000e+02   1.0262826e+01
   2.2600000e+02   1.0262677e+01
   2.2700000e+02   1.0262751e+01
   2.2800000e+02   1.0262446e+01
   2.2900000e+02   1.0262602e+01
   2.3000000e+02   1.0262317e+01
   2.3100000e+02   1.0262737e+01
   2.3200000e+02   1.0262639e+01
   2.3300000e+02   1.0262496e+01
   2.3400000e+02   1.0262389e+01
   2.3500000e+02   1.0262542e+01
   2.3600000e+02   1.0262147e+01
   2.3700000e+02   1.0262354e+01
   2.3800000e+02   1.0262371e+01
   2.3900000e+02   1.0262145e+01
   2.4000000e+02   1.0262245e+01
   2.4100000e+02   1.0261863e+01
   2.4200000e+02   1.0262071e+01
   2.4300000e+02   1.0261677e+01
   2.4400000e+02   1.0261376e+01
   2.4500000e+02   1.0260267e+01
   2.4600000e+02   1.0259610e+01
   2.4700000e+02   1.0258497e+01
   2.4800000e+02   1.0257471e+01
   2.4900000e+02   1.0256850e+01
   2.5000000e+02   1.0256958e+01
   2.5100000e+02   1.0256737e+01
   2.5200000e+02   1.0257041e+01
   2.5300000e+02   1.0257413e+01
   2.5400000e+02   1.0257611e+01
   2.5500000e+02   1.0257636e+01
   2.5600000e+02   1.0257500e+01
   2.5700000e+02   1.0257465e+01
   2.5800000e+02   1.0257125e+01
   2.5900000e+02   1.0256767e+01
   2.6000000e+02   1.0256548e+01
   2.6100000e+02   1.0255898e+01
   2.6200000e+02   1.0255943e+01
   2.6300000e+02   1.0255414e+01
   2.6400000e+02   1.0255450e+01
   2.6500000e+02   1.0255638e+01
   2.6600000e+02   1.0255561e+01
   2.6700000e+02   1.0256238e+01
   2.6800000e+02   1.0256858e+01
   2.6900000e+02   1.0257415e+01
   2.7000000e+02   1.0257459e+01
   2.7100000e+02   1.0258042e+01
   2.7200000e+02   1.0258378e+01
   2.7300000e+02   1.0258926e+01
   2.7400000e+02   1.0258886e+01
   2.7500000e+02   1.0259281e+01
   2.7600000e+02   1.0259173e+01
   2.7700000e+02   1.0259640e+01
   2.7800000e+02   1.0259676e+01
   2.7900000e+02   1.0260006e+01
   2.8000000e+02   1.0259826e+01
   2.8100000e+02   1.0259967e+01
   2.8200000e+02   1.0260226e+01
   2.8300000e+02   1.0260130e+01
   2.8400000e+02   1.0260114e+01
   2.8500000e+02   1.0260187e+01
   2.8600000e+02   1.0260320e+01
   2.8700000e+02   1.0260481e+01
   2.8800000e+02   1.0260426e+01
   2.8900000e+02   1.0260365e+01
   2.9000000e+02   1.0260200e+01
   2.9100000e+02   1.0260501e+01
   2.9200000e+02   1.0260662e+01
   2.9300000e+02   1.0260590e+01
   2.9400000e+02   1.0260778e+01
   2.9500000e+02   1.0260768e+01
   2.9600000e+02   1.0260872e+01
   2.9700000e+02   1.0260727e+01
   2.9800000e+02   1.0260769e+01
   2.9900000e+02   1.0260686e+01
   3.0000000e+02   1.0260249e+01
   3.0100000e+02   1.0259744e+01
   3.0200000e+02   1.0259128e+01
   3.0300000e+02   1.0257922e+01
   3.0400000e+02   1.0256525e+01
   3.0500000e+02   1.0254578e+01
   3.0600000e+02   1.0252178e+01
   3.0700000e+02   1.0249151e+01
   3.0800000e+02   1.0245121e+01
   3.0900000e+02   1.0241143e+01
   3.1000000e+02   1.0236878e+01
   3.1100000e+02   1.0233327e+01
   3.1200000e+02   1.0230736e+01
   3.1300000e+02   1.0229149e+01
   3.1400000e+02   1.0228366e+01
   3.1500000e+02   1.0227009e+01
   3.1600000e+02   1.0224775e+01
   3.1700000e+02   1.0221406e+01
   3.1800000e+02   1.0216340e+01
   3.1900000e+02   1.0210479e+01
   3.2000000e+02   1.0205236e+01
   3.2100000e+02   1.0201091e+01
   3.2200000e+02   1.0197992e+01
   3.2300000e+02   1.0196706e+01
   3.2400000e+02   1.0197247e+01
   3.2500000e+02   1.0199180e+01
   3.2600000e+02   1.0202502e+01
   3.2700000e+02   1.0207311e+01
   3.2800000e+02   1.0212437e+01
   3.2900000e+02   1.0218219e+01
   3.3000000e+02   1.0223744e+01
   3.3100000e+02   1.0228766e+01
   3.3200000e+02   1.0232979e+01
   3.3300000e+02   1.0236344e+01
   3.3400000e+02   1.0238131e+01
   3.3500000e+02   1.0239270e+01
   3.3600000e+02   1.0239346e+01
   3.3700000e+02   1.0238942e+01
   3.3800000e+02   1.0238445e+01
   3.3900000e+02   1.0238336e+01
   3.4000000e+02   1.0238266e+01
   3.4100000e+02   1.0239184e+01
   3.4200000e+02   1.0240643e+01
   3.4300000e+02   1.0242231e+01
   3.4400000e+02   1.0244397e+01
   3.4500000e+02   1.0246726e+01
   3.4600000e+02   1.0248783e+01
   3.4700000e+02   1.0250674e+01
   3.4800000e+02   1.0252225e+01
   3.4900000e+02   1.0253612e+01
   3.5000000e+02   1.0254626e+01
   3.5100000e+02   1.0255692e+01
   3.5200000e+02   1.0256026e+01
   3.5300000e+02   1.0256580e+01
   3.5400000e+02   1.0257076e+01
   3.5500000e+02   1.0257135e+01
   3.5600000e+02   1.0257827e+01
   3.5700000e+02   1.0257932e+01
   3.5800000e+02   1.0257677e+01
   3.5900000e+02   1.0257544e+01
   3.6000000e+02   1.0257202e+01
   3.6100000e+02   1.0256906e+01
   3.6200000e+02   1.0256614e+01
   3.6300000e+02   1.0256497e+01
   3.6400000e+02   1.0256438e+01
   3.6500000e+02   1.0256743e+01
   3.6600000e+02   1.0257028e+01
   3.6700000e+02   1.0257441e+01
   3.6800000e+02   1.0257896e+01
   3.6900000e+02   1.0257937e+01
   3.7000000e+02   1.0258270e+01
   3.7100000e+02   1.0258543e+01
   3.7200000e+02   1.0258977e+01
   3.7300000e+02   1.0258911e+01
   3.7400000e+02   1.0259003e+01
   3.7500000e+02   1.0259109e+01
   3.7600000e+02   1.0259092e+01
   3.7700000e+02   1.0259435e+01
   3.7800000e+02   1.0259196e+01
   3.7900000e+02   1.0259420e+01
   3.8000000e+02   1.0259421e+01
   3.8100000e+02   1.0259442e+01
   3.8200000e+02   1.0259363e+01
   3.8300000e+02   1.0259161e+01
   3.8400000e+02   1.0258919e+01
   3.8500000e+02   1.0258543e+01
   3.8600000e+02   1.0258484e+01
   3.8700000e+02   1.0258154e+01
   3.8800000e+02   1.0257530e+01
   3.8900000e+02   1.0257272e+01
   3.9000000e+02   1.0256817e+01
   3.9100000e+02   1.0256516e+01
   3.9200000e+02   1.0256461e+01
   3.9300000e+02   1.0256460e+01
   3.9400000e+02   1.0256353e+01
   3.9500000e+02   1.0256543e+01
   3.9600000e+02   1.0256693e+01
   3.9700000e+02   1.0257101e+01
   3.9800000e+02   1.0257504e+01
   3.9900000e+02   1.0257543e+01
   4.0000000e+02   1.0258010e+01
   4.0100000e+02   1.0258384e+01
   4.0200000e+02   1.0258188e+01
   4.0300000e+02   1.0258501e+01
   4.0400000e+02   1.0258693e+01
   4.0500000e+02   1.0258869e+01
   4.0600000e+02   1.0258746e+01
   4.0700000e+02   1.0259035e+01
   4.0800000e+02   1.0259060e+01
   4.0900000e+02   1.0258920e+01
   4.1000000e+02   1.0259068e+01
   4.1100000e+02   1.0259234e+01
   4.1200000e+02   1.0259365e+01
   4.1300000e+02   1.0259337e+01
   4.1400000e+02   1.0259521e+01
   4.1500000e+02   1.0259332e+01
   4.1600000e+02   1.0259338e+01
   4.1700000e+02   1.0259304e+01
   4.1800000e+02   1.0259249e+01
   4.1900000e+02   1.0259110e+01
   4.2000000e+02   1.0259313e+01
   4.2100000e+02   1.0259078e+01
   4.2200000e+02   1.0259330e+01
   4.2300000e+02   1.0259422e+01
   4.2400000e+02   1.0259212e+01
   4.2500000e+02   1.0259203e+01
   4.2600000e+02   1.0259344e+01
   4.2700000e+02   1.0259371e+01
   4.2800000e+02   1.0259204e+01
   4.2900000e+02   1.0259385e+01
   4.3000000e+02   1.0259350e+01
   4.3100000e+02   1.0259117e+01
   4.3200000e+02   1.0259181e+01
   4.3300000e+02   1.0259073e+01
   4.3400000e+02   1.0258952e+01
   4.3500000e+02   1.0258854e+01
   4.3600000e+02   1.0258217e+01
   4.3700000e+02   1.0257507e+01
   4.3800000e+02   1.0256212e+01
   4.3900000e+02   1.0253896e+01
   4.4000000e+02   1.0250447e+01
   4.4100000e+02   1.0244630e+01
   4.4200000e+02   1.0236620e+01
   4.4300000e+02   1.0225776e+01
   4.4400000e+02   1.0212550e+01
   4.4500000e+02   1.0197286e+01
   4.4600000e+02   1.0181148e+01
   4.4700000e+02   1.0165260e+01
   4.4800000e+02   1.0151620e+01
   4.4900000e+02   1.0141101e+01
   4.5000000e+02   1.0135139e+01
   4.5100000e+02   1.0133825e+01
   4.5200000e+02   1.0136329e+01
   4.5300000e+02   1.0143077e+01
   4.5400000e+02   1.0152168e+01
   4.5500000e+02   1.0162746e+01
   4.5600000e+02   1.0174335e+01
   4.5700000e+02   1.0185041e+01
   4.5800000e+02   1.0195520e+01
   4.5900000e+02   1.0205314e+01
   4.6000000e+02   1.0212936e+01
   4.6100000e+02   1.0220171e+01
   4.6200000e+02   1.0225904e+01
   4.6300000e+02   1.0230821e+01
   4.6400000e+02   1.0234520e+01
   4.6500000e+02   1.0237648e+01
   4.6600000e+02   1.0240553e+01
   4.6700000e+02   1.0242999e+01
   4.6800000e+02   1.0245162e+01
   4.6900000e+02   1.0246851e+01
   4.7000000e+02   1.0248365e+01
   4.7100000e+02   1.0249776e+01
   4.7200000e+02   1.0251141e+01
   4.7300000e+02   1.0251801e+01
   4.7400000e+02   1.0253102e+01
   4.7500000e+02   1.0254056e+01
   4.7600000e+02   1.0254867e+01
   4.7700000e+02   1.0255701e+01
   4.7800000e+02   1.0256010e+01
   4.7900000e+02   1.0256526e+01
   4.8000000e+02   1.0256866e+01
   4.8100000e+02   1.0257528e+01
   4.8200000e+02   1.0257648e+01
   4.8300000e+02   1.0257636e+01
   4.8400000e+02   1.0257879e+01
   4.8500000e+02   1.0257948e+01
   4.8600000e+02   1.0258165e+01
   4.8700000e+02   1.0258383e+01
   4.8800000e+02   1.0258259e+01
   4.8900000e+02   1.0258305e+01
   4.9000000e+02   1.0258696e+01
   4.9100000e+02   1.0258509e+01
   4.9200000e+02   1.0258756e+01
   4.9300000e+02   1.0258558e+01
   4.9400000e+02   1.0258654e+01
   4.9500000e+02   1.0258495e+01
   4.9600000e+02   1.0258526e+01
   4.9700000e+02   1.0258634e+01
   4.9800000e+02   1.0258747e+01
   4.9900000e+02   1.0258562e+01
   5.0000000e+02   1.0258592e+01
   5.0100000e+02   1.0258756e+01
   5.0200000e+02   1.0258549e+01
   5.0300000e+02   1.0258638e+01
   5.0400000e+02   1.0258613e+01
   5.0500000e+02   1.0258766e+01
   5.0600000e+02   1.0258736e+01
   5.0700000e+02   1.0258685e+01
   5.0800000e+02   1.0258471e+01
   5.0900000e+02   1.0258609e+01
   5.1000000e+02   1.0258524e+01
   5.1100000e+02   1.0258668e+01
   5.1200000e+02   1.0258833e+01
   5.1300000e+02   1.0258780e+01
   5.1400000e+02   1.0258596e+01
   5.1500000e+02   1.0258685e+01
   5.1600000e+02   1.0258835e+01
   5.1700000e+02   1.0258671e+01
   5.1800000e+02   1.0258364e+01
   5.1900000e+02   1.0258432e+01
   5.2000000e+02   1.0258319e+01
   5.2100000e+02   1.0258469e+01
   5.2200000e+02   1.0258126e+01
   5.2300000e+02   1.0258230e+01
   5.2400000e+02   1.0258341e+01
   5.2500000e+02   1.0258222e+01
   5.2600000e+02   1.0258531e+01
   5.2700000e+02   1.0258489e+01
   5.2800000e+02   1.0258341e+01
   5.2900000e+02   1.0258285e+01
   5.3000000e+02   1.0258276e+01
   5.3100000e+02   1.0258296e+01
   5.3200000e+02   1.0258223e+01
   5.3300000e+02   1.0258112e+01
   5.3400000e+02   1.0258097e+01
   5.3500000e+02   1.0258054e+01
   5.3600000e+02   1.0258168e+01
   5.3700000e+02   1.0258278e+01
   5.3800000e+02   1.0258185e+01
   5.3900000e+02   1.0258073e+01
   5.4000000e+02   1.0257881e+01
   5.4100000e+02   1.0258033e+01
   5.4200000e+02   1.0257858e+01
   5.4300000e+02   1.0258001e+01
   5.4400000e+02   1.0257977e+01
   5.4500000e+02   1.0257967e+01
   5.4600000e+02   1.0257999e+01
   5.4700000e+02   1.0257757e+01
   5.4800000e+02   1.0257827e+01
   5.4900000e+02   1.0258044e+01
   5.5000000e+02   1.0258090e+01
   5.5100000e+02   1.0258017e+01
   5.5200000e+02   1.0257941e+01
   5.5300000e+02   1.0257888e+01
   5.5400000e+02   1.0258151e+01
   5.5500000e+02   1.0258225e+01
   5.5600000e+02   1.0257952e+01
   5.5700000e+02   1.0257915e+01
   5.5800000e+02   1.0257749e+01
   5.5900000e+02   1.0257944e+01
   5.6000000e+02   1.0258007e+01
   5.6100000e+02   1.0257823e+01
   5.6200000e+02   1.0258040e+01
   5.6300000e+02   1.0257878e+01
   5.6400000e+02   1.0257645e+01
   5.6500000e+02   1.0257966e+01
   5.6600000e+02   1.0257687e+01
   5.6700000e+02   1.0257799e+01
   5.6800000e+02   1.0257891e+01
   5.6900000e+02   1.0257639e+01
   5.7000000e+02   1.0258110e+01
   5.7100000e+02   1.0257975e+01
   5.7200000e+02   1.0257971e+01
   5.7300000e+02   1.0257904e+01
   5.7400000e+02   1.0257776e+01
   5.7500000e+02   1.0257766e+01
   5.7600000e+02   1.0257751e+01
   5.7700000e+02   1.0257565e+01
   5.7800000e+02   1.0257585e+01
   5.7900000e+02   1.0257508e+01
   5.8000000e+02   1.0257650e+01
   5.8100000e+02   1.0257650e+01
   5.8200000e+02   1.0257531e+01
   5.8300000e+02   1.0257586e+01
   5.8400000e+02   1.0257357e+01
   5.8500000e+02   1.0257428e+01
   5.8600000e+02   1.0257609e+01
   5.8700000e+02   1.0257563e+01
   5.8800000e+02   1.0257657e+01
   5.8900000e+02   1.0257463e+01
   5.9000000e+02   1.0257436e+01
   5.9100000e+02   1.0257344e+01
   5.9200000e+02   1.0257481e+01
   5.9300000e+02   1.0257454e+01
   5.9400000e+02   1.0257524e+01
   5.9500000e+02   1.0257599e+01
   5.9600000e+02   1.0257752e+01
   5.9700000e+02   1.0257934e+01
   5.9800000e+02   1.0257586e+01
   5.9900000e+02   1.0257694e+01
   6.0000000e+02   1.0257494e+01
   6.0100000e+02   1.0257417e+01
   6.0200000e+02   1.0257600e+01
   6.0300000e+02   1.0257761e+01
   6.0400000e+02   1.0257474e+01
   6.0500000e+02   1.0257465e+01
   6.0600000e+02   1.0257315e+01
   6.0700000e+02   1.0257020e+01
   6.0800000e+02   1.0257185e+01
   6.0900000e+02   1.0257156e+01
   6.1000000e+02   1.0257060e+01
   6.1100000e+02   1.0257304e+01
   6.1200000e+02   1.0257181e+01
   6.1300000e+02   1.0257181e+01
   6.1400000e+02   1.0257122e+01
   6.1500000e+02   1.0257336e+01
   6.1600000e+02   1.0257435e+01
   6.1700000e+02   1.0257464e+01
   6.1800000e+02   1.0257231e+01
   6.1900000e+02   1.0257285e+01
   6.2000000e+02   1.0257313e+01
   6.2100000e+02   1.0257488e+01
   6.2200000e+02   1.0257240e+01
   6.2300000e+02   1.0257418e+01
   6.2400000e+02   1.0257350e+01
   6.2500000e+02   1.0257360e+01
   6.2600000e+02   1.0257313e+01
   6.2700000e+02   1.0257224e+01
   6.2800000e+02   1.0257350e+01
   6.2900000e+02   1.0257351e+01
   6.3000000e+02   1.0257130e+01
   6.3100000e+02   1.0257316e+01
   6.3200000e+02   1.0257234e+01
   6.3300000e+02   1.0257417e+01
   6.3400000e+02   1.0257180e+01
   6.3500000e+02   1.0257385e+01
   6.3600000e+02   1.0257223e+01
   6.3700000e+02   1.0257313e+01
   6.3800000e+02   1.0257137e+01
   6.3900000e+02   1.0256923e+01
   6.4000000e+02   1.0257052e+01
   6.4100000e+02   1.0257049e+01
   6.4200000e+02   1.0256919e+01
   6.4300000e+02   1.0256986e+01
   6.4400000e+02   1.0256883e+01
   6.4500000e+02   1.0256934e+01
   6.4600000e+02   1.0256982e+01
   6.4700000e+02   1.0256634e+01
   6.4800000e+02   1.0256926e+01
   6.4900000e+02   1.0256773e+01
   6.5000000e+02   1.0256672e+01
   6.5100000e+02   1.0256920e+01
   6.5200000e+02   1.0256804e+01
   6.5300000e+02   1.0256682e+01
   6.5400000e+02   1.0256834e+01
   6.5500000e+02   1.0256818e+01
   6.5600000e+02   1.0256953e+01
   6.5700000e+02   1.0256776e+01
   6.5800000e+02   1.0256804e+01
   6.5900000e+02   1.0256974e+01
   6.6000000e+02   1.0256736e+01
   6.6100000e+02   1.0256694e+01
   6.6200000e+02   1.0256909e+01
   6.6300000e+02   1.0256772e+01
   6.6400000e+02   1.0256690e+01
   6.6500000e+02   1.0256451e+01
   6.6600000e+02   1.0256693e+01
   6.6700000e+02   1.0256537e+01
   6.6800000e+02   1.0256281e+01
   6.6900000e+02   1.0256407e+01
   6.7000000e+02   1.0256672e+01
   6.7100000e+02   1.0256285e+01
   6.7200000e+02   1.0256181e+01
   6.7300000e+02   1.0256166e+01
   6.7400000e+02   1.0255969e+01
   6.7500000e+02   1.0255166e+01
   6.7600000e+02   1.0255001e+01
   6.7700000e+02   1.0254867e+01
   6.7800000e+02   1.0254306e+01
   6.7900000e+02   1.0253811e+01
   6.8000000e+02   1.0253119e+01
   6.8100000e+02   1.0252486e+01
   6.8200000e+02   1.0251747e+01
   6.8300000e+02   1.0250781e+01
   6.8400000e+02   1.0249989e+01
   6.8500000e+02   1.0249302e+01
   6.8600000e+02   1.0248928e+01
   6.8700000e+02   1.0248193e+01
   6.8800000e+02   1.0247812e+01
   6.8900000e+02   1.0247441e+01
   6.9000000e+02   1.0247815e+01
   6.9100000e+02   1.0247987e+01
   6.9200000e+02   1.0247812e+01
   6.9300000e+02   1.0248342e+01
   6.9400000e+02   1.0248877e+01
   6.9500000e+02   1.0249360e+01
   6.9600000e+02   1.0249614e+01
   6.9700000e+02   1.0250535e+01
   6.9800000e+02   1.0251299e+01
   6.9900000e+02   1.0251985e+01
   7.0000000e+02   1.0252098e+01
   7.0100000e+02   1.0252779e+01
   7.0200000e+02   1.0252985e+01
   7.0300000e+02   1.0253507e+01
   7.0400000e+02   1.0253825e+01
   7.0500000e+02   1.0254157e+01
   7.0600000e+02   1.0254419e+01
   7.0700000e+02   1.0254643e+01
   7.0800000e+02   1.0254841e+01
   7.0900000e+02   1.0254942e+01
   7.1000000e+02   1.0255387e+01
   7.1100000e+02   1.0255303e+01
   7.1200000e+02   1.0255462e+01
   7.1300000e+02   1.0255664e+01
   7.1400000e+02   1.0255560e+01
   7.1500000e+02   1.0255732e+01
   7.1600000e+02   1.0255781e+01
   7.1700000e+02   1.0255937e+01
   7.1800000e+02   1.0255974e+01
   7.1900000e+02   1.0255708e+01
   7.2000000e+02   1.0255969e+01
   7.2100000e+02   1.0256283e+01
   7.2200000e+02   1.0256020e+01
   7.2300000e+02   1.0256263e+01
   7.2400000e+02   1.0256008e+01
   7.2500000e+02   1.0256053e+01
   7.2600000e+02   1.0256246e+01
   7.2700000e+02   1.0256339e+01
   7.2800000e+02   1.0256328e+01
   7.2900000e+02   1.0256348e+01
   7.3000000e+02   1.0256351e+01
   7.3100000e+02   1.0256349e+01
   7.3200000e+02   1.0256696e+01
   7.3300000e+02   1.0256460e+01
   7.3400000e+02   1.0256379e+01
   7.3500000e+02   1.0256612e+01
   7.3600000e+02   1.0256500e+01
   7.3700000e+02   1.0256549e+01
   7.3800000e+02   1.0256744e+01
   7.3900000e+02   1.0256352e+01
   7.4000000e+02   1.0256554e+01
   7.4100000e+02   1.0256382e+01
   7.4200000e+02   1.0256218e+01
   7.4300000e+02   1.0256172e+01
   7.4400000e+02   1.0256174e+01
   7.4500000e+02   1.0256645e+01
   7.4600000e+02   1.0256608e+01
   7.4700000e+02   1.0256535e+01
   7.4800000e+02   1.0256542e+01
   7.4900000e+02   1.0256094e+01
   7.5000000e+02   1.0256338e+01
   7.5100000e+02   1.0256204e+01
   7.5200000e+02   1.0256292e+01
   7.5300000e+02   1.0256235e+01
   7.5400000e+02   1.0256121e+01
   7.5500000e+02   1.0256265e+01
   7.5600000e+02   1.0256045e+01
   7.5700000e+02   1.0256039e+01
   7.5800000e+02   1.0256082e+01
   7.5900000e+02   1.0256225e+01
   7.6000000e+02   1.0256207e+01
   7.6100000e+02   1.0256228e+01
   7.6200000e+02   1.0256367e+01
   7.6300000e+02   1.0256283e+01
   7.6400000e+02   1.0256399e+01
   7.6500000e+02   1.0256107e+01
   7.6600000e+02   1.0255923e+01
   7.6700000e+02   1.0256358e+01
   7.6800000e+02   1.0256053e+01
   7.6900000e+02   1.0255761e+01
   7.7000000e+02   1.0256286e+01
   7.7100000e+02   1.0256211e+01
   7.7200000e+02   1.0256194e+01
   7.7300000e+02   1.0256018e+01
   7.7400000e+02   1.0255765e+01
   7.7500000e+02   1.0256220e+01
   7.7600000e+02   1.0255996e+01
   7.7700000e+02   1.0255755e+01
   7.7800000e+02   1.0256145e+01
   7.7900000e+02   1.0256082e+01
   7.8000000e+02   1.0256112e+01
