   0.0000000e+00   1.0326456e+01
   1.0000000e+00   1.0323028e+01
   2.0000000e+00   1.0321965e+01
   3.0000000e+00   1.0321527e+01
   4.0000000e+00   1.0321248e+01
   5.0000000e+00   1.0320779e+01
   6.0000000e+00   1.0320694e+01
   7.0000000e+00   1.0320310e+01
   8.0000000e+00   1.0320093e+01
   9.0000000e+00   1.0320103e+01
   1.0000000e+01   1.0319769e+01
   1.1000000e+01   1.0319688e+01
   1.2000000e+01   1.0319765e+01
   1.3000000e+01   1.0319596e+01
   1.4000000e+01   1.0319113e+01
   1.5000000e+01   1.0319178e+01
   1.6000000e+01   1.0318791e+01
   1.7000000e+01   1.0318954e+01
   1.8000000e+01   1.0318651e+01
   1.9000000e+01   1.0318750e+01
   2.0000000e+01   1.0318513e+01
   2.1000000e+01   1.0318210e+01
   2.2000000e+01   1.0318225e+01
   2.3000000e+01   1.0318272e+01
   2.4000000e+01   1.0317777e+01
   2.5000000e+01   1.0317711e+01
   2.6000000e+01   1.0317586e+01
   2.7000000e+01   1.0317452e+01
   2.8000000e+01   1.0317414e+01
   2.9000000e+01   1.0317405e+01
   3.0000000e+01   1.0317337e+01
   3.1000000e+01   1.0317064e+01
   3.2000000e+01   1.0317056e+01
   3.3000000e+01   1.0316821e+01
   3.4000000e+01   1.0316694e+01
   3.5000000e+01   1.0316783e+01
   3.6000000e+01   1.0316679e+01
   3.7000000e+01   1.0316701e+01
   3.8000000e+01   1.0316649e+01
   3.9000000e+01   1.0316341e+01
   4.0000000e+01   1.0316242e+01
   4.1000000e+01   1.0316176e+01
   4.2000000e+01   1.0316176e+01
   4.3000000e+01   1.0316216e+01
   4.4000000e+01   1.0316088e+01
   4.5000000e+01   1.0316236e+01
   4.6000000e+01   1.0316006e+01
   4.7000000e+01   1.0315856e+01
   4.8000000e+01   1.0315910e+01
   4.9000000e+01   1.0315809e+01
   5.0000000e+01   1.0315817e+01
   5.1000000e+01   1.0315723e+01
   5.2000000e+01   1.0315469e+01
   5.3000000e+01   1.0315871e+01
   5.4000000e+01   1.0315748e+01
   5.5000000e+01   1.0315551e+01
   5.6000000e+01   1.0315728e+01
   5.7000000e+01   1.0315596e+01
   5.8000000e+01   1.0315563e+01
   5.9000000e+01   1.0315402e+01
   6.0000000e+01   1.0315444e+01
   6.1000000e+01   1.0315405e+01
   6.2000000e+01   1.0315144e+01
   6.3000000e+01   1.0315180e+01
   6.4000000e+01   1.0315175e+01
   6.5000000e+01   1.0315112e+01
   6.6000000e+01   1.0314882e+01
   6.7000000e+01   1.0314836e+01
   6.8000000e+01   1.0315188e+01
   6.9000000e+01   1.0314771e+01
   7.0000000e+01   1.0315052e+01
   7.1000000e+01   1.0314983e+01
   7.2000000e+01   1.0314922e+01
   7.3000000e+01   1.0314734e+01
   7.4000000e+01   1.0314792e+01
   7.5000000e+01   1.0314617e+01
   7.6000000e+01   1.0314539e+01
   7.7000000e+01   1.0314474e+01
   7.8000000e+01   1.0314397e+01
   7.9000000e+01   1.0314243e+01
   8.0000000e+01   1.0314483e+01
   8.1000000e+01   1.0314280e+01
   8.2000000e+01   1.0314398e+01
   8.3000000e+01   1.0314235e+01
   8.4000000e+01   1.0314358e+01
   8.5000000e+01   1.0314238e+01
   8.6000000e+01   1.0314149e+01
   8.7000000e+01   1.0314133e+01
   8.8000000e+01   1.0314095e+01
   8.9000000e+01   1.0314079e+01
   9.0000000e+01   1.0313996e+01
   9.1000000e+01   1.0313987e+01
   9.2000000e+01   1.0313725e+01
   9.3000000e+01   1.0313638e+01
   9.4000000e+01   1.0313653e+01
   9.5000000e+01   1.0313686e+01
   9.6000000e+01   1.0313534e+01
   9.7000000e+01   1.0313822e+01
   9.8000000e+01   1.0313611e+01
   9.9000000e+01   1.0313507e+01
   1.0000000e+02   1.0313585e+01
   1.0100000e+02   1.0313751e+01
   1.0200000e+02   1.0313428e+01
   1.0300000e+02   1.0313534e+01
   1.0400000e+02   1.0313614e+01
   1.0500000e+02   1.0313508e+01
   1.0600000e+02   1.0313310e+01
   1.0700000e+02   1.0313191e+01
   1.0800000e+02   1.0313397e+01
   1.0900000e+02   1.0313530e+01
   1.1000000e+02   1.0313317e+01
   1.1100000e+02   1.0313178e+01
   1.1200000e+02   1.0313378e+01
   1.1300000e+02   1.0313255e+01
   1.1400000e+02   1.0313389e+01
   1.1500000e+02   1.0313268e+01
   1.1600000e+02   1.0313241e+01
   1.1700000e+02   1.0312954e+01
   1.1800000e+02   1.0313269e+01
   1.1900000e+02   1.0312957e+01
   1.2000000e+02   1.0313018e+01
   1.2100000e+02   1.0312889e+01
   1.2200000e+02   1.0312627e+01
   1.2300000e+02   1.0313072e+01
   1.2400000e+02   1.0313183e+01
   1.2500000e+02   1.0312977e+01
   1.2600000e+02   1.0313036e+01
   1.2700000e+02   1.0313096e+01
   1.2800000e+02   1.0312992e+01
   1.2900000e+02   1.0312697e+01
   1.3000000e+02   1.0312715e+01
   1.3100000e+02   1.0312579e+01
   1.3200000e+02   1.0312624e+01
   1.3300000e+02   1.0312503e+01
   1.3400000e+02   1.0312390e+01
   1.3500000e+02   1.0312252e+01
   1.3600000e+02   1.0312392e+01
   1.3700000e+02   1.0312416e+01
   1.3800000e+02   1.0312264e+01
   1.3900000e+02   1.0312122e+01
   1.4000000e+02   1.0312166e+01
   1.4100000e+02   1.0312190e+01
   1.4200000e+02   1.0312273e+01
   1.4300000e+02   1.0311746e+01
   1.4400000e+02   1.0312207e+01
   1.4500000e+02   1.0312069e+01
   1.4600000e+02   1.0311818e+01
   1.4700000e+02   1.0312144e+01
   1.4800000e+02   1.0312185e+01
   1.4900000e+02   1.0311967e+01
   1.5000000e+02   1.0311992e+01
   1.5100000e+02   1.0312098e+01
   1.5200000e+02   1.0312300e+01
   1.5300000e+02   1.0312081e+01
   1.5400000e+02   1.0311943e+01
   1.5500000e+02   1.0312144e+01
   1.5600000e+02   1.0311994e+01
   1.5700000e+02   1.0311966e+01
   1.5800000e+02   1.0311919e+01
   1.5900000e+02   1.0311943e+01
   1.6000000e+02   1.0311901e+01
   1.6100000e+02   1.0311569e+01
   1.6200000e+02   1.0311610e+01
   1.6300000e+02   1.0311683e+01
   1.6400000e+02   1.0311432e+01
   1.6500000e+02   1.0311459e+01
   1.6600000e+02   1.0311117e+01
   1.6700000e+02   1.0305662e+01
   1.6800000e+02   1.0289403e+01
   1.6900000e+02   1.0279060e+01
   1.7000000e+02   1.0285402e+01
   1.7100000e+02   1.0294538e+01
   1.7200000e+02   1.0300121e+01
   1.7300000e+02   1.0302273e+01
   1.7400000e+02   1.0303871e+01
   1.7500000e+02   1.0305437e+01
   1.7600000e+02   1.0306667e+01
   1.7700000e+02   1.0307261e+01
   1.7800000e+02   1.0306160e+01
   1.7900000e+02   1.0276916e+01
   1.8000000e+02   1.0228745e+01
   1.8100000e+02   1.0228516e+01
   1.8200000e+02   1.0241358e+01
   1.8300000e+02   1.0247869e+01
   1.8400000e+02   1.0254952e+01
   1.8500000e+02   1.0259942e+01
   1.8600000e+02   1.0264920e+01
   1.8700000e+02   1.0269676e+01
   1.8800000e+02   1.0274158e+01
   1.8900000e+02   1.0277356e+01
   1.9000000e+02   1.0281066e+01
   1.9100000e+02   1.0285529e+01
   1.9200000e+02   1.0291745e+01
   1.9300000e+02   1.0297455e+01
   1.9400000e+02   1.0300913e+01
   1.9500000e+02   1.0302836e+01
   1.9600000e+02   1.0304482e+01
   1.9700000e+02   1.0305517e+01
   1.9800000e+02   1.0306185e+01
   1.9900000e+02   1.0307051e+01
   2.0000000e+02   1.0307490e+01
   2.0100000e+02   1.0307835e+01
   2.0200000e+02   1.0308478e+01
   2.0300000e+02   1.0309177e+01
   2.0400000e+02   1.0309528e+01
   2.0500000e+02   1.0309628e+01
   2.0600000e+02   1.0309895e+01
   2.0700000e+02   1.0310024e+01
   2.0800000e+02   1.0310082e+01
   2.0900000e+02   1.0309806e+01
   2.1000000e+02   1.0309833e+01
   2.1100000e+02   1.0309969e+01
   2.1200000e+02   1.0309815e+01
   2.1300000e+02   1.0310076e+01
   2.1400000e+02   1.0310164e+01
   2.1500000e+02   1.0310015e+01
   2.1600000e+02   1.0310257e+01
   2.1700000e+02   1.0310352e+01
   2.1800000e+02   1.0310193e+01
   2.1900000e+02   1.0310187e+01
   2.2000000e+02   1.0310257e+01
   2.2100000e+02   1.0310037e+01
   2.2200000e+02   1.0309837e+01
   2.2300000e+02   1.0309863e+01
   2.2400000e+02   1.0309821e+01
   2.2500000e+02   1.0309732e+01
   2.2600000e+02   1.0309844e+01
   2.2700000e+02   1.0309580e+01
   2.2800000e+02   1.0309804e+01
   2.2900000e+02   1.0309595e+01
   2.3000000e+02   1.0309604e+01
   2.3100000e+02   1.0309600e+01
   2.3200000e+02   1.0309684e+01
   2.3300000e+02   1.0309621e+01
   2.3400000e+02   1.0309851e+01
   2.3500000e+02   1.0309624e+01
   2.3600000e+02   1.0309572e+01
   2.3700000e+02   1.0309656e+01
   2.3800000e+02   1.0309437e+01
   2.3900000e+02   1.0309462e+01
   2.4000000e+02   1.0309579e+01
   2.4100000e+02   1.0309552e+01
   2.4200000e+02   1.0309528e+01
   2.4300000e+02   1.0309580e+01
   2.4400000e+02   1.0309059e+01
   2.4500000e+02   1.0308464e+01
   2.4600000e+02   1.0308045e+01
   2.4700000e+02   1.0307046e+01
   2.4800000e+02   1.0306661e+01
   2.4900000e+02   1.0306232e+01
   2.5000000e+02   1.0305966e+01
   2.5100000e+02   1.0305968e+01
   2.5200000e+02   1.0306382e+01
   2.5300000e+02   1.0306264e+01
   2.5400000e+02   1.0306276e+01
   2.5500000e+02   1.0306148e+01
   2.5600000e+02   1.0306035e+01
   2.5700000e+02   1.0305741e+01
   2.5800000e+02   1.0305541e+01
   2.5900000e+02   1.0305241e+01
   2.6000000e+02   1.0304970e+01
   2.6100000e+02   1.0304636e+01
   2.6200000e+02   1.0304662e+01
   2.6300000e+02   1.0304192e+01
   2.6400000e+02   1.0304282e+01
   2.6500000e+02   1.0304394e+01
   2.6600000e+02   1.0304605e+01
   2.6700000e+02   1.0304993e+01
   2.6800000e+02   1.0305406e+01
   2.6900000e+02   1.0305680e+01
   2.7000000e+02   1.0306010e+01
   2.7100000e+02   1.0306296e+01
   2.7200000e+02   1.0306507e+01
   2.7300000e+02   1.0306747e+01
   2.7400000e+02   1.0306681e+01
   2.7500000e+02   1.0306807e+01
   2.7600000e+02   1.0307105e+01
   2.7700000e+02   1.0306939e+01
   2.7800000e+02   1.0307220e+01
   2.7900000e+02   1.0307317e+01
   2.8000000e+02   1.0307354e+01
   2.8100000e+02   1.0307549e+01
   2.8200000e+02   1.0307394e+01
   2.8300000e+02   1.0307748e+01
   2.8400000e+02   1.0307753e+01
   2.8500000e+02   1.0307966e+01
   2.8600000e+02   1.0307815e+01
   2.8700000e+02   1.0307892e+01
   2.8800000e+02   1.0308002e+01
   2.8900000e+02   1.0308027e+01
   2.9000000e+02   1.0307968e+01
   2.9100000e+02   1.0308127e+01
   2.9200000e+02   1.0307790e+01
   2.9300000e+02   1.0307872e+01
   2.9400000e+02   1.0308048e+01
   2.9500000e+02   1.0307963e+01
   2.9600000e+02   1.0307759e+01
   2.9700000e+02   1.0308044e+01
   2.9800000e+02   1.0307781e+01
   2.9900000e+02   1.0307612e+01
   3.0000000e+02   1.0307390e+01
   3.0100000e+02   1.0306851e+01
   3.0200000e+02   1.0306367e+01
   3.0300000e+02   1.0305066e+01
   3.0400000e+02   1.0304021e+01
   3.0500000e+02   1.0302104e+01
   3.0600000e+02   1.0299797e+01
   3.0700000e+02   1.0296524e+01
   3.0800000e+02   1.0292655e+01
   3.0900000e+02   1.0288003e+01
   3.1000000e+02   1.0284174e+01
   3.1100000e+02   1.0280556e+01
   3.1200000e+02   1.0278502e+01
   3.1300000e+02   1.0277049e+01
   3.1400000e+02   1.0276225e+01
   3.1500000e+02   1.0274836e+01
   3.1600000e+02   1.0271647e+01
   3.1700000e+02   1.0267458e+01
   3.1800000e+02   1.0261504e+01
   3.1900000e+02   1.0256081e+01
   3.2000000e+02   1.0251343e+01
   3.2100000e+02   1.0247689e+01
   3.2200000e+02   1.0245058e+01
   3.2300000e+02   1.0244254e+01
   3.2400000e+02   1.0244682e+01
   3.2500000e+02   1.0246578e+01
   3.2600000e+02   1.0249691e+01
   3.2700000e+02   1.0253424e+01
   3.2800000e+02   1.0257952e+01
   3.2900000e+02   1.0263083e+01
   3.3000000e+02   1.0268349e+01
   3.3100000e+02   1.0272866e+01
   3.3200000e+02   1.0276860e+01
   3.3300000e+02   1.0279512e+01
   3.3400000e+02   1.0281683e+01
   3.3500000e+02   1.0282633e+01
   3.3600000e+02   1.0282829e+01
   3.3700000e+02   1.0282581e+01
   3.3800000e+02   1.0282279e+01
   3.3900000e+02   1.0282822e+01
   3.4000000e+02   1.0283487e+01
   3.4100000e+02   1.0284988e+01
   3.4200000e+02   1.0286768e+01
   3.4300000e+02   1.0288793e+01
   3.4400000e+02   1.0290771e+01
   3.4500000e+02   1.0292930e+01
   3.4600000e+02   1.0294576e+01
   3.4700000e+02   1.0296232e+01
   3.4800000e+02   1.0297859e+01
   3.4900000e+02   1.0299250e+01
   3.5000000e+02   1.0300507e+01
   3.5100000e+02   1.0301406e+01
   3.5200000e+02   1.0302436e+01
   3.5300000e+02   1.0302943e+01
   3.5400000e+02   1.0303548e+01
   3.5500000e+02   1.0303604e+01
   3.5600000e+02   1.0304180e+01
   3.5700000e+02   1.0303838e+01
   3.5800000e+02   1.0303684e+01
   3.5900000e+02   1.0303249e+01
   3.6000000e+02   1.0303311e+01
   3.6100000e+02   1.0303199e+01
   3.6200000e+02   1.0303078e+01
   3.6300000e+02   1.0302806e+01
   3.6400000e+02   1.0303135e+01
   3.6500000e+02   1.0303503e+01
   3.6600000e+02   1.0303697e+01
   3.6700000e+02   1.0304186e+01
   3.6800000e+02   1.0304464e+01
   3.6900000e+02   1.0304983e+01
   3.7000000e+02   1.0305155e+01
   3.7100000e+02   1.0305530e+01
   3.7200000e+02   1.0305643e+01
   3.7300000e+02   1.0305840e+01
   3.7400000e+02   1.0306333e+01
   3.7500000e+02   1.0306184e+01
   3.7600000e+02   1.0306284e+01
   3.7700000e+02   1.0306510e+01
   3.7800000e+02   1.0306603e+01
   3.7900000e+02   1.0306826e+01
   3.8000000e+02   1.0306879e+01
   3.8100000e+02   1.0306675e+01
   3.8200000e+02   1.0306465e+01
   3.8300000e+02   1.0306357e+01
   3.8400000e+02   1.0306190e+01
   3.8500000e+02   1.0305929e+01
   3.8600000e+02   1.0305514e+01
   3.8700000e+02   1.0305177e+01
   3.8800000e+02   1.0304801e+01
   3.8900000e+02   1.0304140e+01
   3.9000000e+02   1.0303984e+01
   3.9100000e+02   1.0303698e+01
   3.9200000e+02   1.0303647e+01
   3.9300000e+02   1.0303633e+01
   3.9400000e+02   1.0303665e+01
   3.9500000e+02   1.0304162e+01
   3.9600000e+02   1.0304602e+01
   3.9700000e+02   1.0304701e+01
   3.9800000e+02   1.0304827e+01
   3.9900000e+02   1.0304919e+01
   4.0000000e+02   1.0305471e+01
   4.0100000e+02   1.0305808e+01
   4.0200000e+02   1.0306015e+01
   4.0300000e+02   1.0305952e+01
   4.0400000e+02   1.0306165e+01
   4.0500000e+02   1.0306086e+01
   4.0600000e+02   1.0306411e+01
   4.0700000e+02   1.0306429e+01
   4.0800000e+02   1.0306115e+01
   4.0900000e+02   1.0306343e+01
   4.1000000e+02   1.0306304e+01
   4.1100000e+02   1.0306514e+01
   4.1200000e+02   1.0306418e+01
   4.1300000e+02   1.0306459e+01
   4.1400000e+02   1.0306631e+01
   4.1500000e+02   1.0306394e+01
   4.1600000e+02   1.0306418e+01
   4.1700000e+02   1.0306593e+01
   4.1800000e+02   1.0306490e+01
   4.1900000e+02   1.0306233e+01
   4.2000000e+02   1.0306547e+01
   4.2100000e+02   1.0306210e+01
   4.2200000e+02   1.0306319e+01
   4.2300000e+02   1.0306241e+01
   4.2400000e+02   1.0306117e+01
   4.2500000e+02   1.0306113e+01
   4.2600000e+02   1.0305901e+01
   4.2700000e+02   1.0306369e+01
   4.2800000e+02   1.0306227e+01
   4.2900000e+02   1.0306177e+01
   4.3000000e+02   1.0306132e+01
   4.3100000e+02   1.0306195e+01
   4.3200000e+02   1.0305921e+01
   4.3300000e+02   1.0306078e+01
   4.3400000e+02   1.0305742e+01
   4.3500000e+02   1.0305070e+01
   4.3600000e+02   1.0304361e+01
   4.3700000e+02   1.0302942e+01
   4.3800000e+02   1.0300226e+01
   4.3900000e+02   1.0295977e+01
   4.4000000e+02   1.0289366e+01
   4.4100000e+02   1.0279310e+01
   4.4200000e+02   1.0265957e+01
   4.4300000e+02   1.0248938e+01
   4.4400000e+02   1.0228534e+01
   4.4500000e+02   1.0206144e+01
   4.4600000e+02   1.0183848e+01
   4.4700000e+02   1.0163690e+01
   4.4800000e+02   1.0148105e+01
   4.4900000e+02   1.0137783e+01
   4.5000000e+02   1.0133540e+01
   4.5100000e+02   1.0134600e+01
   4.5200000e+02   1.0140551e+01
   4.5300000e+02   1.0150116e+01
   4.5400000e+02   1.0162183e+01
   4.5500000e+02   1.0175464e+01
   4.5600000e+02   1.0188982e+01
   4.5700000e+02   1.0202821e+01
   4.5800000e+02   1.0215066e+01
   4.5900000e+02   1.0226589e+01
   4.6000000e+02   1.0237170e+01
   4.6100000e+02   1.0246139e+01
   4.6200000e+02   1.0254189e+01
   4.6300000e+02   1.0260810e+01
   4.6400000e+02   1.0266400e+01
   4.6500000e+02   1.0270989e+01
   4.6600000e+02   1.0275464e+01
   4.6700000e+02   1.0279336e+01
   4.6800000e+02   1.0282701e+01
   4.6900000e+02   1.0285863e+01
   4.7000000e+02   1.0288517e+01
   4.7100000e+02   1.0290876e+01
   4.7200000e+02   1.0293476e+01
   4.7300000e+02   1.0295146e+01
   4.7400000e+02   1.0297069e+01
   4.7500000e+02   1.0298943e+01
   4.7600000e+02   1.0300189e+01
   4.7700000e+02   1.0301567e+01
   4.7800000e+02   1.0302375e+01
   4.7900000e+02   1.0303202e+01
   4.8000000e+02   1.0303665e+01
   4.8100000e+02   1.0304343e+01
   4.8200000e+02   1.0304397e+01
   4.8300000e+02   1.0304633e+01
   4.8400000e+02   1.0305176e+01
   4.8500000e+02   1.0305303e+01
   4.8600000e+02   1.0305428e+01
   4.8700000e+02   1.0305583e+01
   4.8800000e+02   1.0305772e+01
   4.8900000e+02   1.0305669e+01
   4.9000000e+02   1.0305851e+01
   4.9100000e+02   1.0305868e+01
   4.9200000e+02   1.0305885e+01
   4.9300000e+02   1.0305786e+01
   4.9400000e+02   1.0305716e+01
   4.9500000e+02   1.0306028e+01
   4.9600000e+02   1.0305846e+01
   4.9700000e+02   1.0305804e+01
   4.9800000e+02   1.0305803e+01
   4.9900000e+02   1.0305532e+01
   5.0000000e+02   1.0305543e+01
   5.0100000e+02   1.0305510e+01
   5.0200000e+02   1.0305612e+01
   5.0300000e+02   1.0305405e+01
   5.0400000e+02   1.0305396e+01
   5.0500000e+02   1.0305278e+01
   5.0600000e+02   1.0305268e+01
   5.0700000e+02   1.0305701e+01
   5.0800000e+02   1.0305563e+01
   5.0900000e+02   1.0305421e+01
   5.1000000e+02   1.0305729e+01
   5.1100000e+02   1.0305672e+01
   5.1200000e+02   1.0305681e+01
   5.1300000e+02   1.0305815e+01
   5.1400000e+02   1.0305735e+01
   5.1500000e+02   1.0305574e+01
   5.1600000e+02   1.0305776e+01
   5.1700000e+02   1.0305501e+01
   5.1800000e+02   1.0305501e+01
   5.1900000e+02   1.0305549e+01
   5.2000000e+02   1.0305374e+01
   5.2100000e+02   1.0305376e+01
   5.2200000e+02   1.0305752e+01
   5.2300000e+02   1.0305650e+01
   5.2400000e+02   1.0305441e+01
   5.2500000e+02   1.0305454e+01
   5.2600000e+02   1.0305550e+01
   5.2700000e+02   1.0305467e+01
   5.2800000e+02   1.0305584e+01
   5.2900000e+02   1.0305573e+01
   5.3000000e+02   1.0305029e+01
   5.3100000e+02   1.0305424e+01
   5.3200000e+02   1.0305226e+01
   5.3300000e+02   1.0305198e+01
   5.3400000e+02   1.0305230e+01
   5.3500000e+02   1.0305038e+01
   5.3600000e+02   1.0305278e+01
   5.3700000e+02   1.0305059e+01
   5.3800000e+02   1.0305007e+01
   5.3900000e+02   1.0304916e+01
   5.4000000e+02   1.0305155e+01
   5.4100000e+02   1.0305071e+01
   5.4200000e+02   1.0305060e+01
   5.4300000e+02   1.0305224e+01
   5.4400000e+02   1.0305372e+01
   5.4500000e+02   1.0305253e+01
   5.4600000e+02   1.0305062e+01
   5.4700000e+02   1.0304984e+01
   5.4800000e+02   1.0304952e+01
   5.4900000e+02   1.0304878e+01
   5.5000000e+02   1.0304957e+01
   5.5100000e+02   1.0304881e+01
   5.5200000e+02   1.0305021e+01
   5.5300000e+02   1.0305005e+01
   5.5400000e+02   1.0305041e+01
   5.5500000e+02   1.0304854e+01
   5.5600000e+02   1.0304831e+01
   5.5700000e+02   1.0304805e+01
   5.5800000e+02   1.0304816e+01
   5.5900000e+02   1.0304880e+01
   5.6000000e+02   1.0304683e+01
   5.6100000e+02   1.0304905e+01
   5.6200000e+02   1.0305122e+01
   5.6300000e+02   1.0304991e+01
   5.6400000e+02   1.0304862e+01
   5.6500000e+02   1.0305036e+01
   5.6600000e+02   1.0304788e+01
   5.6700000e+02   1.0304985e+01
   5.6800000e+02   1.0305002e+01
   5.6900000e+02   1.0305059e+01
   5.7000000e+02   1.0304746e+01
   5.7100000e+02   1.0304892e+01
   5.7200000e+02   1.0304853e+01
   5.7300000e+02   1.0304955e+01
   5.7400000e+02   1.0304707e+01
   5.7500000e+02   1.0304817e+01
   5.7600000e+02   1.0304831e+01
   5.7700000e+02   1.0305064e+01
   5.7800000e+02   1.0304763e+01
   5.7900000e+02   1.0304840e+01
   5.8000000e+02   1.0304769e+01
   5.8100000e+02   1.0304638e+01
   5.8200000e+02   1.0304491e+01
   5.8300000e+02   1.0304607e+01
   5.8400000e+02   1.0304632e+01
   5.8500000e+02   1.0304533e+01
   5.8600000e+02   1.0304648e+01
   5.8700000e+02   1.0304715e+01
   5.8800000e+02   1.0304687e+01
   5.8900000e+02   1.0304451e+01
   5.9000000e+02   1.0304736e+01
   5.9100000e+02   1.0304683e+01
   5.9200000e+02   1.0304565e+01
   5.9300000e+02   1.0304708e+01
   5.9400000e+02   1.0304675e+01
   5.9500000e+02   1.0304523e+01
   5.9600000e+02   1.0304700e+01
   5.9700000e+02   1.0304542e+01
   5.9800000e+02   1.0304632e+01
   5.9900000e+02   1.0304608e+01
   6.0000000e+02   1.0304645e+01
   6.0100000e+02   1.0304556e+01
   6.0200000e+02   1.0304510e+01
   6.0300000e+02   1.0304596e+01
   6.0400000e+02   1.0304471e+01
   6.0500000e+02   1.0304258e+01
   6.0600000e+02   1.0304120e+01
   6.0700000e+02   1.0304325e+01
   6.0800000e+02   1.0304138e+01
   6.0900000e+02   1.0304260e+01
   6.1000000e+02   1.0304152e+01
   6.1100000e+02   1.0304052e+01
   6.1200000e+02   1.0304112e+01
   6.1300000e+02   1.0304069e+01
   6.1400000e+02   1.0304304e+01
   6.1500000e+02   1.0304491e+01
   6.1600000e+02   1.0304178e+01
   6.1700000e+02   1.0304156e+01
   6.1800000e+02   1.0303962e+01
   6.1900000e+02   1.0304282e+01
   6.2000000e+02   1.0304332e+01
   6.2100000e+02   1.0304283e+01
   6.2200000e+02   1.0304223e+01
   6.2300000e+02   1.0304303e+01
   6.2400000e+02   1.0304273e+01
   6.2500000e+02   1.0304258e+01
   6.2600000e+02   1.0304091e+01
   6.2700000e+02   1.0303902e+01
   6.2800000e+02   1.0304126e+01
   6.2900000e+02   1.0304106e+01
   6.3000000e+02   1.0304167e+01
   6.3100000e+02   1.0304123e+01
   6.3200000e+02   1.0304344e+01
   6.3300000e+02   1.0304140e+01
   6.3400000e+02   1.0304054e+01
   6.3500000e+02   1.0304224e+01
   6.3600000e+02   1.0304355e+01
   6.3700000e+02   1.0304018e+01
   6.3800000e+02   1.0303990e+01
   6.3900000e+02   1.0303798e+01
   6.4000000e+02   1.0304044e+01
   6.4100000e+02   1.0303946e+01
   6.4200000e+02   1.0303716e+01
   6.4300000e+02   1.0303900e+01
   6.4400000e+02   1.0303839e+01
   6.4500000e+02   1.0303973e+01
   6.4600000e+02   1.0303705e+01
   6.4700000e+02   1.0303882e+01
   6.4800000e+02   1.0303541e+01
   6.4900000e+02   1.0303740e+01
   6.5000000e+02   1.0303594e+01
   6.5100000e+02   1.0303748e+01
   6.5200000e+02   1.0303657e+01
   6.5300000e+02   1.0303682e+01
   6.5400000e+02   1.0303488e+01
   6.5500000e+02   1.0303651e+01
   6.5600000e+02   1.0303577e+01
   6.5700000e+02   1.0303430e+01
   6.5800000e+02   1.0303827e+01
   6.5900000e+02   1.0303536e+01
   6.6000000e+02   1.0303705e+01
   6.6100000e+02   1.0303590e+01
   6.6200000e+02   1.0303588e+01
   6.6300000e+02   1.0303966e+01
   6.6400000e+02   1.0303743e+01
   6.6500000e+02   1.0303795e+01
   6.6600000e+02   1.0303768e+01
   6.6700000e+02   1.0303521e+01
   6.6800000e+02   1.0303657e+01
   6.6900000e+02   1.0303379e+01
   6.7000000e+02   1.0303380e+01
   6.7100000e+02   1.0302994e+01
   6.7200000e+02   1.0302545e+01
   6.7300000e+02   1.0302021e+01
   6.7400000e+02   1.0301001e+01
   6.7500000e+02   1.0300125e+01
   6.7600000e+02   1.0299118e+01
   6.7700000e+02   1.0297813e+01
   6.7800000e+02   1.0296201e+01
   6.7900000e+02   1.0294840e+01
   6.8000000e+02   1.0293011e+01
   6.8100000e+02   1.0291302e+01
   6.8200000e+02   1.0289216e+01
   6.8300000e+02   1.0287501e+01
   6.8400000e+02   1.0285564e+01
   6.8500000e+02   1.0284427e+01
   6.8600000e+02   1.0283571e+01
   6.8700000e+02   1.0282821e+01
   6.8800000e+02   1.0282308e+01
   6.8900000e+02   1.0282250e+01
   6.9000000e+02   1.0282403e+01
   6.9100000e+02   1.0282890e+01
   6.9200000e+02   1.0284139e+01
   6.9300000e+02   1.0285277e+01
   6.9400000e+02   1.0285892e+01
   6.9500000e+02   1.0287483e+01
   6.9600000e+02   1.0288867e+01
   6.9700000e+02   1.0290152e+01
   6.9800000e+02   1.0291093e+01
   6.9900000e+02   1.0292387e+01
   7.0000000e+02   1.0293883e+01
   7.0100000e+02   1.0294800e+01
   7.0200000e+02   1.0295513e+01
   7.0300000e+02   1.0296409e+01
   7.0400000e+02   1.0296972e+01
   7.0500000e+02   1.0297806e+01
   7.0600000e+02   1.0298580e+01
   7.0700000e+02   1.0299008e+01
   7.0800000e+02   1.0299611e+01
   7.0900000e+02   1.0300177e+01
   7.1000000e+02   1.0300485e+01
   7.1100000e+02   1.0300788e+01
   7.1200000e+02   1.0301042e+01
   7.1300000e+02   1.0301470e+01
   7.1400000e+02   1.0301785e+01
   7.1500000e+02   1.0301754e+01
   7.1600000e+02   1.0302135e+01
   7.1700000e+02   1.0302173e+01
   7.1800000e+02   1.0302222e+01
   7.1900000e+02   1.0302479e+01
   7.2000000e+02   1.0302381e+01
   7.2100000e+02   1.0302459e+01
   7.2200000e+02   1.0302680e+01
   7.2300000e+02   1.0302722e+01
   7.2400000e+02   1.0302477e+01
   7.2500000e+02   1.0302635e+01
   7.2600000e+02   1.0302582e+01
   7.2700000e+02   1.0302738e+01
   7.2800000e+02   1.0302555e+01
   7.2900000e+02   1.0302774e+01
   7.3000000e+02   1.0303292e+01
   7.3100000e+02   1.0302954e+01
   7.3200000e+02   1.0302911e+01
   7.3300000e+02   1.0302857e+01
   7.3400000e+02   1.0302780e+01
   7.3500000e+02   1.0303054e+01
   7.3600000e+02   1.0303022e+01
   7.3700000e+02   1.0302675e+01
   7.3800000e+02   1.0302748e+01
   7.3900000e+02   1.0302901e+01
   7.4000000e+02   1.0302663e+01
   7.4100000e+02   1.0302667e+01
   7.4200000e+02   1.0302889e+01
   7.4300000e+02   1.0302677e+01
   7.4400000e+02   1.0302715e+01
   7.4500000e+02   1.0302542e+01
   7.4600000e+02   1.0302303e+01
   7.4700000e+02   1.0302255e+01
   7.4800000e+02   1.0302535e+01
   7.4900000e+02   1.0302400e+01
   7.5000000e+02   1.0302450e+01
   7.5100000e+02   1.0302719e+01
   7.5200000e+02   1.0302419e+01
   7.5300000e+02   1.0302400e+01
   7.5400000e+02   1.0302416e+01
   7.5500000e+02   1.0302613e+01
   7.5600000e+02   1.0302610e+01
   7.5700000e+02   1.0302489e+01
   7.5800000e+02   1.0302511e+01
   7.5900000e+02   1.0302662e+01
   7.6000000e+02   1.0302683e+01
   7.6100000e+02   1.0302450e+01
   7.6200000e+02   1.0302453e+01
   7.6300000e+02   1.0302543e+01
   7.6400000e+02   1.0302564e+01
   7.6500000e+02   1.0302639e+01
   7.6600000e+02   1.0302513e+01
   7.6700000e+02   1.0302478e+01
   7.6800000e+02   1.0302421e+01
   7.6900000e+02   1.0302440e+01
   7.7000000e+02   1.0302357e+01
   7.7100000e+02   1.0302395e+01
   7.7200000e+02   1.0302497e+01
   7.7300000e+02   1.0302424e+01
   7.7400000e+02   1.0302640e+01
   7.7500000e+02   1.0302706e+01
   7.7600000e+02   1.0302320e+01
   7.7700000e+02   1.0302776e+01
   7.7800000e+02   1.0302519e+01
   7.7900000e+02   1.0302553e+01
   7.8000000e+02   1.0302660e+01
