   0.0000000e+00   1.0203484e+01
   1.0000000e+00   1.0198184e+01
   2.0000000e+00   1.0197265e+01
   3.0000000e+00   1.0196710e+01
   4.0000000e+00   1.0195978e+01
   5.0000000e+00   1.0195419e+01
   6.0000000e+00   1.0194954e+01
   7.0000000e+00   1.0194357e+01
   8.0000000e+00   1.0194234e+01
   9.0000000e+00   1.0193885e+01
   1.0000000e+01   1.0193640e+01
   1.1000000e+01   1.0193486e+01
   1.2000000e+01   1.0193329e+01
   1.3000000e+01   1.0193336e+01
   1.4000000e+01   1.0192610e+01
   1.5000000e+01   1.0193045e+01
   1.6000000e+01   1.0192695e+01
   1.7000000e+01   1.0192330e+01
   1.8000000e+01   1.0192081e+01
   1.9000000e+01   1.0191846e+01
   2.0000000e+01   1.0191812e+01
   2.1000000e+01   1.0191715e+01
   2.2000000e+01   1.0191503e+01
   2.3000000e+01   1.0191497e+01
   2.4000000e+01   1.0191144e+01
   2.5000000e+01   1.0191238e+01
   2.6000000e+01   1.0190854e+01
   2.7000000e+01   1.0190917e+01
   2.8000000e+01   1.0190616e+01
   2.9000000e+01   1.0190824e+01
   3.0000000e+01   1.0190482e+01
   3.1000000e+01   1.0190460e+01
   3.2000000e+01   1.0190326e+01
   3.3000000e+01   1.0190319e+01
   3.4000000e+01   1.0190391e+01
   3.5000000e+01   1.0190120e+01
   3.6000000e+01   1.0190107e+01
   3.7000000e+01   1.0190323e+01
   3.8000000e+01   1.0189824e+01
   3.9000000e+01   1.0189963e+01
   4.0000000e+01   1.0189416e+01
   4.1000000e+01   1.0189622e+01
   4.2000000e+01   1.0189547e+01
   4.3000000e+01   1.0189405e+01
   4.4000000e+01   1.0189431e+01
   4.5000000e+01   1.0189083e+01
   4.6000000e+01   1.0189142e+01
   4.7000000e+01   1.0189248e+01
   4.8000000e+01   1.0189056e+01
   4.9000000e+01   1.0188720e+01
   5.0000000e+01   1.0188862e+01
   5.1000000e+01   1.0188599e+01
   5.2000000e+01   1.0188645e+01
   5.3000000e+01   1.0188733e+01
   5.4000000e+01   1.0188613e+01
   5.5000000e+01   1.0188421e+01
   5.6000000e+01   1.0188603e+01
   5.7000000e+01   1.0188357e+01
   5.8000000e+01   1.0188402e+01
   5.9000000e+01   1.0188443e+01
   6.0000000e+01   1.0188170e+01
   6.1000000e+01   1.0188248e+01
   6.2000000e+01   1.0188165e+01
   6.3000000e+01   1.0188201e+01
   6.4000000e+01   1.0188309e+01
   6.5000000e+01   1.0188086e+01
   6.6000000e+01   1.0187930e+01
   6.7000000e+01   1.0188098e+01
   6.8000000e+01   1.0187897e+01
   6.9000000e+01   1.0187719e+01
   7.0000000e+01   1.0187679e+01
   7.1000000e+01   1.0187625e+01
   7.2000000e+01   1.0187535e+01
   7.3000000e+01   1.0187324e+01
   7.4000000e+01   1.0187578e+01
   7.5000000e+01   1.0187407e+01
   7.6000000e+01   1.0187435e+01
   7.7000000e+01   1.0187364e+01
   7.8000000e+01   1.0187209e+01
   7.9000000e+01   1.0187312e+01
   8.0000000e+01   1.0187449e+01
   8.1000000e+01   1.0187302e+01
   8.2000000e+01   1.0186972e+01
   8.3000000e+01   1.0187191e+01
   8.4000000e+01   1.0186834e+01
   8.5000000e+01   1.0187121e+01
   8.6000000e+01   1.0186907e+01
   8.7000000e+01   1.0187232e+01
   8.8000000e+01   1.0186770e+01
   8.9000000e+01   1.0186763e+01
   9.0000000e+01   1.0186554e+01
   9.1000000e+01   1.0186817e+01
   9.2000000e+01   1.0186801e+01
   9.3000000e+01   1.0186786e+01
   9.4000000e+01   1.0186772e+01
   9.5000000e+01   1.0186655e+01
   9.6000000e+01   1.0186603e+01
   9.7000000e+01   1.0186519e+01
   9.8000000e+01   1.0186537e+01
   9.9000000e+01   1.0186493e+01
   1.0000000e+02   1.0186491e+01
   1.0100000e+02   1.0186292e+01
   1.0200000e+02   1.0186310e+01
   1.0300000e+02   1.0186080e+01
   1.0400000e+02   1.0186291e+01
   1.0500000e+02   1.0186070e+01
   1.0600000e+02   1.0186151e+01
   1.0700000e+02   1.0186372e+01
   1.0800000e+02   1.0185887e+01
   1.0900000e+02   1.0185810e+01
   1.1000000e+02   1.0185776e+01
   1.1100000e+02   1.0186060e+01
   1.1200000e+02   1.0185770e+01
   1.1300000e+02   1.0185727e+01
   1.1400000e+02   1.0185627e+01
   1.1500000e+02   1.0185656e+01
   1.1600000e+02   1.0185855e+01
   1.1700000e+02   1.0185788e+01
   1.1800000e+02   1.0185576e+01
   1.1900000e+02   1.0185521e+01
   1.2000000e+02   1.0185642e+01
   1.2100000e+02   1.0185660e+01
   1.2200000e+02   1.0185416e+01
   1.2300000e+02   1.0185442e+01
   1.2400000e+02   1.0185308e+01
   1.2500000e+02   1.0185445e+01
   1.2600000e+02   1.0185330e+01
   1.2700000e+02   1.0185071e+01
   1.2800000e+02   1.0184901e+01
   1.2900000e+02   1.0185060e+01
   1.3000000e+02   1.0185169e+01
   1.3100000e+02   1.0184978e+01
   1.3200000e+02   1.0185148e+01
   1.3300000e+02   1.0185052e+01
   1.3400000e+02   1.0184968e+01
   1.3500000e+02   1.0184847e+01
   1.3600000e+02   1.0184737e+01
   1.3700000e+02   1.0184666e+01
   1.3800000e+02   1.0184799e+01
   1.3900000e+02   1.0184442e+01
   1.4000000e+02   1.0184694e+01
   1.4100000e+02   1.0184678e+01
   1.4200000e+02   1.0184714e+01
   1.4300000e+02   1.0184551e+01
   1.4400000e+02   1.0184406e+01
   1.4500000e+02   1.0184583e+01
   1.4600000e+02   1.0184278e+01
   1.4700000e+02   1.0184357e+01
   1.4800000e+02   1.0184524e+01
   1.4900000e+02   1.0184516e+01
   1.5000000e+02   1.0184485e+01
   1.5100000e+02   1.0184258e+01
   1.5200000e+02   1.0184327e+01
   1.5300000e+02   1.0184282e+01
   1.5400000e+02   1.0183986e+01
   1.5500000e+02   1.0183997e+01
   1.5600000e+02   1.0184226e+01
   1.5700000e+02   1.0183874e+01
   1.5800000e+02   1.0184083e+01
   1.5900000e+02   1.0183768e+01
   1.6000000e+02   1.0183831e+01
   1.6100000e+02   1.0183815e+01
   1.6200000e+02   1.0183760e+01
   1.6300000e+02   1.0183710e+01
   1.6400000e+02   1.0184009e+01
   1.6500000e+02   1.0183570e+01
   1.6600000e+02   1.0183385e+01
   1.6700000e+02   1.0180831e+01
   1.6800000e+02   1.0171720e+01
   1.6900000e+02   1.0165602e+01
   1.7000000e+02   1.0170730e+01
   1.7100000e+02   1.0177323e+01
   1.7200000e+02   1.0181037e+01
   1.7300000e+02   1.0182370e+01
   1.7400000e+02   1.0182777e+01
   1.7500000e+02   1.0183255e+01
   1.7600000e+02   1.0183317e+01
   1.7700000e+02   1.0182936e+01
   1.7800000e+02   1.0183349e+01
   1.7900000e+02   1.0179728e+01
   1.8000000e+02   1.0160153e+01
   1.8100000e+02   1.0148803e+01
   1.8200000e+02   1.0151505e+01
   1.8300000e+02   1.0157295e+01
   1.8400000e+02   1.0160791e+01
   1.8500000e+02   1.0161893e+01
   1.8600000e+02   1.0162160e+01
   1.8700000e+02   1.0163121e+01
   1.8800000e+02   1.0167081e+01
   1.8900000e+02   1.0171474e+01
   1.9000000e+02   1.0175589e+01
   1.9100000e+02   1.0179326e+01
   1.9200000e+02   1.0180909e+01
   1.9300000e+02   1.0181417e+01
   1.9400000e+02   1.0181876e+01
   1.9500000e+02   1.0181872e+01
   1.9600000e+02   1.0182018e+01
   1.9700000e+02   1.0182027e+01
   1.9800000e+02   1.0181807e+01
   1.9900000e+02   1.0181973e+01
   2.0000000e+02   1.0182141e+01
   2.0100000e+02   1.0182191e+01
   2.0200000e+02   1.0182375e+01
   2.0300000e+02   1.0182341e+01
   2.0400000e+02   1.0182321e+01
   2.0500000e+02   1.0181871e+01
   2.0600000e+02   1.0182023e+01
   2.0700000e+02   1.0181972e+01
   2.0800000e+02   1.0182217e+01
   2.0900000e+02   1.0182108e+01
   2.1000000e+02   1.0182038e+01
   2.1100000e+02   1.0182284e+01
   2.1200000e+02   1.0182381e+01
   2.1300000e+02   1.0182018e+01
   2.1400000e+02   1.0182162e+01
   2.1500000e+02   1.0182573e+01
   2.1600000e+02   1.0182120e+01
   2.1700000e+02   1.0182064e+01
   2.1800000e+02   1.0181964e+01
   2.1900000e+02   1.0182225e+01
   2.2000000e+02   1.0182130e+01
   2.2100000e+02   1.0181815e+01
   2.2200000e+02   1.0181821e+01
   2.2300000e+02   1.0181762e+01
   2.2400000e+02   1.0181273e+01
   2.2500000e+02   1.0181042e+01
   2.2600000e+02   1.0180606e+01
   2.2700000e+02   1.0180585e+01
   2.2800000e+02   1.0180207e+01
   2.2900000e+02   1.0180198e+01
   2.3000000e+02   1.0180297e+01
   2.3100000e+02   1.0180378e+01
   2.3200000e+02   1.0180733e+01
   2.3300000e+02   1.0180880e+01
   2.3400000e+02   1.0180910e+01
   2.3500000e+02   1.0180754e+01
   2.3600000e+02   1.0180984e+01
   2.3700000e+02   1.0181126e+01
   2.3800000e+02   1.0181081e+01
   2.3900000e+02   1.0181187e+01
   2.4000000e+02   1.0180734e+01
   2.4100000e+02   1.0181140e+01
   2.4200000e+02   1.0181094e+01
   2.4300000e+02   1.0180798e+01
   2.4400000e+02   1.0180808e+01
   2.4500000e+02   1.0180462e+01
   2.4600000e+02   1.0179664e+01
   2.4700000e+02   1.0177813e+01
   2.4800000e+02   1.0175237e+01
   2.4900000e+02   1.0171866e+01
   2.5000000e+02   1.0168417e+01
   2.5100000e+02   1.0166493e+01
   2.5200000e+02   1.0166600e+01
   2.5300000e+02   1.0167868e+01
   2.5400000e+02   1.0169907e+01
   2.5500000e+02   1.0172232e+01
   2.5600000e+02   1.0173490e+01
   2.5700000e+02   1.0173519e+01
   2.5800000e+02   1.0173635e+01
   2.5900000e+02   1.0172242e+01
   2.6000000e+02   1.0171225e+01
   2.6100000e+02   1.0170595e+01
   2.6200000e+02   1.0169700e+01
   2.6300000e+02   1.0168776e+01
   2.6400000e+02   1.0168155e+01
   2.6500000e+02   1.0167763e+01
   2.6600000e+02   1.0167692e+01
   2.6700000e+02   1.0168173e+01
   2.6800000e+02   1.0169657e+01
   2.6900000e+02   1.0171291e+01
   2.7000000e+02   1.0173294e+01
   2.7100000e+02   1.0174899e+01
   2.7200000e+02   1.0176327e+01
   2.7300000e+02   1.0176889e+01
   2.7400000e+02   1.0177135e+01
   2.7500000e+02   1.0177168e+01
   2.7600000e+02   1.0176982e+01
   2.7700000e+02   1.0176610e+01
   2.7800000e+02   1.0176966e+01
   2.7900000e+02   1.0176888e+01
   2.8000000e+02   1.0177340e+01
   2.8100000e+02   1.0177526e+01
   2.8200000e+02   1.0177692e+01
   2.8300000e+02   1.0178042e+01
   2.8400000e+02   1.0177858e+01
   2.8500000e+02   1.0177727e+01
   2.8600000e+02   1.0178012e+01
   2.8700000e+02   1.0178395e+01
   2.8800000e+02   1.0178247e+01
   2.8900000e+02   1.0178398e+01
   2.9000000e+02   1.0178682e+01
   2.9100000e+02   1.0178782e+01
   2.9200000e+02   1.0178809e+01
   2.9300000e+02   1.0178602e+01
   2.9400000e+02   1.0178971e+01
   2.9500000e+02   1.0179264e+01
   2.9600000e+02   1.0178930e+01
   2.9700000e+02   1.0179073e+01
   2.9800000e+02   1.0179207e+01
   2.9900000e+02   1.0178930e+01
   3.0000000e+02   1.0179041e+01
   3.0100000e+02   1.0178764e+01
   3.0200000e+02   1.0179176e+01
   3.0300000e+02   1.0178842e+01
   3.0400000e+02   1.0178487e+01
   3.0500000e+02   1.0177955e+01
   3.0600000e+02   1.0177026e+01
   3.0700000e+02   1.0176142e+01
   3.0800000e+02   1.0175025e+01
   3.0900000e+02   1.0173488e+01
   3.1000000e+02   1.0171414e+01
   3.1100000e+02   1.0168829e+01
   3.1200000e+02   1.0166347e+01
   3.1300000e+02   1.0163400e+01
   3.1400000e+02   1.0162031e+01
   3.1500000e+02   1.0162003e+01
   3.1600000e+02   1.0162880e+01
   3.1700000e+02   1.0163966e+01
   3.1800000e+02   1.0164201e+01
   3.1900000e+02   1.0162678e+01
   3.2000000e+02   1.0160246e+01
   3.2100000e+02   1.0156201e+01
   3.2200000e+02   1.0152148e+01
   3.2300000e+02   1.0149364e+01
   3.2400000e+02   1.0147509e+01
   3.2500000e+02   1.0147340e+01
   3.2600000e+02   1.0149006e+01
   3.2700000e+02   1.0151006e+01
   3.2800000e+02   1.0153965e+01
   3.2900000e+02   1.0157195e+01
   3.3000000e+02   1.0160723e+01
   3.3100000e+02   1.0164216e+01
   3.3200000e+02   1.0167831e+01
   3.3300000e+02   1.0170442e+01
   3.3400000e+02   1.0172313e+01
   3.3500000e+02   1.0173959e+01
   3.3600000e+02   1.0174337e+01
   3.3700000e+02   1.0174077e+01
   3.3800000e+02   1.0173394e+01
   3.3900000e+02   1.0172146e+01
   3.4000000e+02   1.0170899e+01
   3.4100000e+02   1.0169965e+01
   3.4200000e+02   1.0169512e+01
   3.4300000e+02   1.0169698e+01
   3.4400000e+02   1.0170566e+01
   3.4500000e+02   1.0171562e+01
   3.4600000e+02   1.0173005e+01
   3.4700000e+02   1.0174058e+01
   3.4800000e+02   1.0175388e+01
   3.4900000e+02   1.0176194e+01
   3.5000000e+02   1.0176629e+01
   3.5100000e+02   1.0177070e+01
   3.5200000e+02   1.0177249e+01
   3.5300000e+02   1.0177456e+01
   3.5400000e+02   1.0177596e+01
   3.5500000e+02   1.0177776e+01
   3.5600000e+02   1.0177403e+01
   3.5700000e+02   1.0177801e+01
   3.5800000e+02   1.0177545e+01
   3.5900000e+02   1.0177601e+01
   3.6000000e+02   1.0177527e+01
   3.6100000e+02   1.0177325e+01
   3.6200000e+02   1.0176920e+01
   3.6300000e+02   1.0176774e+01
   3.6400000e+02   1.0176255e+01
   3.6500000e+02   1.0176210e+01
   3.6600000e+02   1.0176133e+01
   3.6700000e+02   1.0176307e+01
   3.6800000e+02   1.0176651e+01
   3.6900000e+02   1.0176765e+01
   3.7000000e+02   1.0177137e+01
   3.7100000e+02   1.0177286e+01
   3.7200000e+02   1.0177595e+01
   3.7300000e+02   1.0177592e+01
   3.7400000e+02   1.0177876e+01
   3.7500000e+02   1.0177992e+01
   3.7600000e+02   1.0177774e+01
   3.7700000e+02   1.0177830e+01
   3.7800000e+02   1.0177650e+01
   3.7900000e+02   1.0177628e+01
   3.8000000e+02   1.0178062e+01
   3.8100000e+02   1.0177786e+01
   3.8200000e+02   1.0177721e+01
   3.8300000e+02   1.0177618e+01
   3.8400000e+02   1.0177618e+01
   3.8500000e+02   1.0177727e+01
   3.8600000e+02   1.0177567e+01
   3.8700000e+02   1.0177267e+01
   3.8800000e+02   1.0177210e+01
   3.8900000e+02   1.0177029e+01
   3.9000000e+02   1.0176473e+01
   3.9100000e+02   1.0176263e+01
   3.9200000e+02   1.0176026e+01
   3.9300000e+02   1.0175685e+01
   3.9400000e+02   1.0175836e+01
   3.9500000e+02   1.0175658e+01
   3.9600000e+02   1.0175940e+01
   3.9700000e+02   1.0176317e+01
   3.9800000e+02   1.0176261e+01
   3.9900000e+02   1.0176692e+01
   4.0000000e+02   1.0176939e+01
   4.0100000e+02   1.0177108e+01
   4.0200000e+02   1.0177360e+01
   4.0300000e+02   1.0177491e+01
   4.0400000e+02   1.0177370e+01
   4.0500000e+02   1.0177434e+01
   4.0600000e+02   1.0177327e+01
   4.0700000e+02   1.0177503e+01
   4.0800000e+02   1.0177401e+01
   4.0900000e+02   1.0177382e+01
   4.1000000e+02   1.0177114e+01
   4.1100000e+02   1.0177461e+01
   4.1200000e+02   1.0177195e+01
   4.1300000e+02   1.0177415e+01
   4.1400000e+02   1.0177486e+01
   4.1500000e+02   1.0177215e+01
   4.1600000e+02   1.0177077e+01
   4.1700000e+02   1.0177242e+01
   4.1800000e+02   1.0177140e+01
   4.1900000e+02   1.0177095e+01
   4.2000000e+02   1.0177137e+01
   4.2100000e+02   1.0177009e+01
   4.2200000e+02   1.0177184e+01
   4.2300000e+02   1.0177003e+01
   4.2400000e+02   1.0177074e+01
   4.2500000e+02   1.0176940e+01
   4.2600000e+02   1.0177273e+01
   4.2700000e+02   1.0177156e+01
   4.2800000e+02   1.0176982e+01
   4.2900000e+02   1.0177115e+01
   4.3000000e+02   1.0177046e+01
   4.3100000e+02   1.0177082e+01
   4.3200000e+02   1.0176854e+01
   4.3300000e+02   1.0176957e+01
   4.3400000e+02   1.0176657e+01
   4.3500000e+02   1.0176793e+01
   4.3600000e+02   1.0176811e+01
   4.3700000e+02   1.0176532e+01
   4.3800000e+02   1.0176444e+01
   4.3900000e+02   1.0176426e+01
   4.4000000e+02   1.0176596e+01
   4.4100000e+02   1.0176283e+01
   4.4200000e+02   1.0176040e+01
   4.4300000e+02   1.0175736e+01
   4.4400000e+02   1.0175491e+01
   4.4500000e+02   1.0174776e+01
   4.4600000e+02   1.0173770e+01
   4.4700000e+02   1.0172779e+01
   4.4800000e+02   1.0171858e+01
   4.4900000e+02   1.0170400e+01
   4.5000000e+02   1.0169124e+01
   4.5100000e+02   1.0168146e+01
   4.5200000e+02   1.0167653e+01
   4.5300000e+02   1.0167296e+01
   4.5400000e+02   1.0167812e+01
   4.5500000e+02   1.0168583e+01
   4.5600000e+02   1.0169692e+01
   4.5700000e+02   1.0170480e+01
   4.5800000e+02   1.0171990e+01
   4.5900000e+02   1.0172917e+01
   4.6000000e+02   1.0173565e+01
   4.6100000e+02   1.0174265e+01
   4.6200000e+02   1.0174996e+01
   4.6300000e+02   1.0175042e+01
   4.6400000e+02   1.0175453e+01
   4.6500000e+02   1.0175699e+01
   4.6600000e+02   1.0176017e+01
   4.6700000e+02   1.0175916e+01
   4.6800000e+02   1.0175923e+01
   4.6900000e+02   1.0175918e+01
   4.7000000e+02   1.0175793e+01
   4.7100000e+02   1.0176099e+01
   4.7200000e+02   1.0175769e+01
   4.7300000e+02   1.0175547e+01
   4.7400000e+02   1.0175968e+01
   4.7500000e+02   1.0175596e+01
   4.7600000e+02   1.0175677e+01
   4.7700000e+02   1.0175963e+01
   4.7800000e+02   1.0175766e+01
   4.7900000e+02   1.0175955e+01
   4.8000000e+02   1.0175833e+01
   4.8100000e+02   1.0175763e+01
   4.8200000e+02   1.0175599e+01
   4.8300000e+02   1.0175803e+01
   4.8400000e+02   1.0175858e+01
   4.8500000e+02   1.0175717e+01
   4.8600000e+02   1.0176057e+01
   4.8700000e+02   1.0175922e+01
   4.8800000e+02   1.0176141e+01
   4.8900000e+02   1.0175777e+01
   4.9000000e+02   1.0176018e+01
   4.9100000e+02   1.0175764e+01
   4.9200000e+02   1.0175939e+01
   4.9300000e+02   1.0175854e+01
   4.9400000e+02   1.0176045e+01
   4.9500000e+02   1.0175822e+01
   4.9600000e+02   1.0175894e+01
   4.9700000e+02   1.0175541e+01
   4.9800000e+02   1.0175439e+01
   4.9900000e+02   1.0175565e+01
   5.0000000e+02   1.0175515e+01
   5.0100000e+02   1.0175741e+01
   5.0200000e+02   1.0175728e+01
   5.0300000e+02   1.0175370e+01
   5.0400000e+02   1.0175571e+01
   5.0500000e+02   1.0175841e+01
   5.0600000e+02   1.0175145e+01
   5.0700000e+02   1.0175678e+01
   5.0800000e+02   1.0175652e+01
   5.0900000e+02   1.0175545e+01
   5.1000000e+02   1.0175651e+01
   5.1100000e+02   1.0175297e+01
   5.1200000e+02   1.0175675e+01
   5.1300000e+02   1.0175784e+01
   5.1400000e+02   1.0175636e+01
   5.1500000e+02   1.0175657e+01
   5.1600000e+02   1.0175668e+01
   5.1700000e+02   1.0175544e+01
   5.1800000e+02   1.0175825e+01
   5.1900000e+02   1.0175348e+01
   5.2000000e+02   1.0175626e+01
   5.2100000e+02   1.0175596e+01
   5.2200000e+02   1.0175496e+01
   5.2300000e+02   1.0175426e+01
   5.2400000e+02   1.0175754e+01
   5.2500000e+02   1.0175512e+01
   5.2600000e+02   1.0175619e+01
   5.2700000e+02   1.0175585e+01
   5.2800000e+02   1.0175357e+01
   5.2900000e+02   1.0175409e+01
   5.3000000e+02   1.0175596e+01
   5.3100000e+02   1.0175432e+01
   5.3200000e+02   1.0175185e+01
   5.3300000e+02   1.0175573e+01
   5.3400000e+02   1.0175102e+01
   5.3500000e+02   1.0175220e+01
   5.3600000e+02   1.0175228e+01
   5.3700000e+02   1.0175144e+01
   5.3800000e+02   1.0175190e+01
   5.3900000e+02   1.0174916e+01
   5.4000000e+02   1.0175139e+01
   5.4100000e+02   1.0174943e+01
   5.4200000e+02   1.0175308e+01
   5.4300000e+02   1.0174978e+01
   5.4400000e+02   1.0174942e+01
   5.4500000e+02   1.0175103e+01
   5.4600000e+02   1.0175090e+01
   5.4700000e+02   1.0175037e+01
   5.4800000e+02   1.0175099e+01
   5.4900000e+02   1.0174875e+01
   5.5000000e+02   1.0174923e+01
   5.5100000e+02   1.0174988e+01
   5.5200000e+02   1.0174941e+01
   5.5300000e+02   1.0175025e+01
   5.5400000e+02   1.0175256e+01
   5.5500000e+02   1.0174990e+01
   5.5600000e+02   1.0175001e+01
   5.5700000e+02   1.0174845e+01
   5.5800000e+02   1.0174712e+01
   5.5900000e+02   1.0174708e+01
   5.6000000e+02   1.0175234e+01
   5.6100000e+02   1.0175069e+01
   5.6200000e+02   1.0174965e+01
   5.6300000e+02   1.0174824e+01
   5.6400000e+02   1.0175045e+01
   5.6500000e+02   1.0174992e+01
   5.6600000e+02   1.0175287e+01
   5.6700000e+02   1.0175040e+01
   5.6800000e+02   1.0175027e+01
   5.6900000e+02   1.0174832e+01
   5.7000000e+02   1.0174952e+01
   5.7100000e+02   1.0174780e+01
   5.7200000e+02   1.0174674e+01
   5.7300000e+02   1.0175018e+01
   5.7400000e+02   1.0174778e+01
   5.7500000e+02   1.0174598e+01
   5.7600000e+02   1.0174709e+01
   5.7700000e+02   1.0174522e+01
   5.7800000e+02   1.0174764e+01
   5.7900000e+02   1.0174698e+01
   5.8000000e+02   1.0174393e+01
   5.8100000e+02   1.0174399e+01
   5.8200000e+02   1.0174376e+01
   5.8300000e+02   1.0174686e+01
   5.8400000e+02   1.0174809e+01
   5.8500000e+02   1.0174470e+01
   5.8600000e+02   1.0174598e+01
   5.8700000e+02   1.0174654e+01
   5.8800000e+02   1.0174512e+01
   5.8900000e+02   1.0174240e+01
   5.9000000e+02   1.0174751e+01
   5.9100000e+02   1.0174556e+01
   5.9200000e+02   1.0174694e+01
   5.9300000e+02   1.0174649e+01
   5.9400000e+02   1.0174556e+01
   5.9500000e+02   1.0174783e+01
   5.9600000e+02   1.0174650e+01
   5.9700000e+02   1.0174404e+01
   5.9800000e+02   1.0174447e+01
   5.9900000e+02   1.0174580e+01
   6.0000000e+02   1.0174350e+01
   6.0100000e+02   1.0174324e+01
   6.0200000e+02   1.0174490e+01
   6.0300000e+02   1.0174238e+01
   6.0400000e+02   1.0174310e+01
   6.0500000e+02   1.0174289e+01
   6.0600000e+02   1.0174206e+01
   6.0700000e+02   1.0174146e+01
   6.0800000e+02   1.0174099e+01
   6.0900000e+02   1.0174135e+01
   6.1000000e+02   1.0174106e+01
   6.1100000e+02   1.0174086e+01
   6.1200000e+02   1.0174129e+01
   6.1300000e+02   1.0174402e+01
   6.1400000e+02   1.0174123e+01
   6.1500000e+02   1.0174006e+01
   6.1600000e+02   1.0174227e+01
   6.1700000e+02   1.0173951e+01
   6.1800000e+02   1.0174191e+01
   6.1900000e+02   1.0174038e+01
   6.2000000e+02   1.0173666e+01
   6.2100000e+02   1.0174063e+01
   6.2200000e+02   1.0173818e+01
   6.2300000e+02   1.0174010e+01
   6.2400000e+02   1.0174138e+01
   6.2500000e+02   1.0173812e+01
   6.2600000e+02   1.0173905e+01
   6.2700000e+02   1.0173614e+01
   6.2800000e+02   1.0173770e+01
   6.2900000e+02   1.0173741e+01
   6.3000000e+02   1.0173438e+01
   6.3100000e+02   1.0173755e+01
   6.3200000e+02   1.0173831e+01
   6.3300000e+02   1.0173845e+01
   6.3400000e+02   1.0173969e+01
   6.3500000e+02   1.0173926e+01
   6.3600000e+02   1.0173699e+01
   6.3700000e+02   1.0173860e+01
   6.3800000e+02   1.0173750e+01
   6.3900000e+02   1.0173832e+01
   6.4000000e+02   1.0173732e+01
   6.4100000e+02   1.0173761e+01
   6.4200000e+02   1.0173600e+01
   6.4300000e+02   1.0173771e+01
   6.4400000e+02   1.0173596e+01
   6.4500000e+02   1.0173509e+01
   6.4600000e+02   1.0173655e+01
   6.4700000e+02   1.0173269e+01
   6.4800000e+02   1.0173277e+01
   6.4900000e+02   1.0173354e+01
   6.5000000e+02   1.0173433e+01
   6.5100000e+02   1.0173375e+01
   6.5200000e+02   1.0173612e+01
   6.5300000e+02   1.0173436e+01
   6.5400000e+02   1.0173611e+01
   6.5500000e+02   1.0173499e+01
   6.5600000e+02   1.0173558e+01
   6.5700000e+02   1.0173530e+01
   6.5800000e+02   1.0173470e+01
   6.5900000e+02   1.0173508e+01
   6.6000000e+02   1.0173553e+01
   6.6100000e+02   1.0173288e+01
   6.6200000e+02   1.0173571e+01
   6.6300000e+02   1.0173311e+01
   6.6400000e+02   1.0173737e+01
   6.6500000e+02   1.0173248e+01
   6.6600000e+02   1.0173422e+01
   6.6700000e+02   1.0173531e+01
   6.6800000e+02   1.0173618e+01
   6.6900000e+02   1.0173196e+01
   6.7000000e+02   1.0173530e+01
   6.7100000e+02   1.0173465e+01
   6.7200000e+02   1.0173279e+01
   6.7300000e+02   1.0173464e+01
   6.7400000e+02   1.0173311e+01
   6.7500000e+02   1.0173366e+01
   6.7600000e+02   1.0173299e+01
   6.7700000e+02   1.0173243e+01
   6.7800000e+02   1.0173388e+01
   6.7900000e+02   1.0173121e+01
   6.8000000e+02   1.0173343e+01
   6.8100000e+02   1.0172930e+01
   6.8200000e+02   1.0173106e+01
   6.8300000e+02   1.0173124e+01
   6.8400000e+02   1.0172906e+01
   6.8500000e+02   1.0173201e+01
   6.8600000e+02   1.0172987e+01
   6.8700000e+02   1.0173036e+01
   6.8800000e+02   1.0172789e+01
   6.8900000e+02   1.0172876e+01
   6.9000000e+02   1.0173003e+01
   6.9100000e+02   1.0172854e+01
   6.9200000e+02   1.0172847e+01
   6.9300000e+02   1.0172823e+01
   6.9400000e+02   1.0172748e+01
   6.9500000e+02   1.0172905e+01
   6.9600000e+02   1.0172991e+01
   6.9700000e+02   1.0172672e+01
   6.9800000e+02   1.0172911e+01
   6.9900000e+02   1.0173075e+01
   7.0000000e+02   1.0172851e+01
   7.0100000e+02   1.0173132e+01
   7.0200000e+02   1.0172701e+01
   7.0300000e+02   1.0172970e+01
   7.0400000e+02   1.0172814e+01
   7.0500000e+02   1.0172645e+01
   7.0600000e+02   1.0172533e+01
   7.0700000e+02   1.0172489e+01
   7.0800000e+02   1.0172726e+01
   7.0900000e+02   1.0172819e+01
   7.1000000e+02   1.0172603e+01
   7.1100000e+02   1.0172709e+01
   7.1200000e+02   1.0172339e+01
   7.1300000e+02   1.0172627e+01
   7.1400000e+02   1.0172381e+01
   7.1500000e+02   1.0172490e+01
   7.1600000e+02   1.0172137e+01
   7.1700000e+02   1.0172530e+01
   7.1800000e+02   1.0172567e+01
   7.1900000e+02   1.0172209e+01
   7.2000000e+02   1.0172356e+01
   7.2100000e+02   1.0172290e+01
   7.2200000e+02   1.0172303e+01
   7.2300000e+02   1.0172251e+01
   7.2400000e+02   1.0172470e+01
   7.2500000e+02   1.0172042e+01
   7.2600000e+02   1.0172451e+01
   7.2700000e+02   1.0172520e+01
   7.2800000e+02   1.0172561e+01
   7.2900000e+02   1.0172346e+01
   7.3000000e+02   1.0172251e+01
   7.3100000e+02   1.0172317e+01
   7.3200000e+02   1.0172511e+01
   7.3300000e+02   1.0172262e+01
   7.3400000e+02   1.0172306e+01
   7.3500000e+02   1.0172486e+01
   7.3600000e+02   1.0172429e+01
   7.3700000e+02   1.0172346e+01
   7.3800000e+02   1.0172153e+01
   7.3900000e+02   1.0172282e+01
   7.4000000e+02   1.0172357e+01
   7.4100000e+02   1.0172238e+01
   7.4200000e+02   1.0172212e+01
   7.4300000e+02   1.0172304e+01
   7.4400000e+02   1.0172194e+01
   7.4500000e+02   1.0172228e+01
   7.4600000e+02   1.0172156e+01
   7.4700000e+02   1.0172041e+01
   7.4800000e+02   1.0172376e+01
   7.4900000e+02   1.0172270e+01
   7.5000000e+02   1.0172089e+01
   7.5100000e+02   1.0172115e+01
   7.5200000e+02   1.0172183e+01
   7.5300000e+02   1.0172199e+01
   7.5400000e+02   1.0172276e+01
   7.5500000e+02   1.0172090e+01
   7.5600000e+02   1.0172178e+01
   7.5700000e+02   1.0172009e+01
   7.5800000e+02   1.0172221e+01
   7.5900000e+02   1.0171935e+01
   7.6000000e+02   1.0171824e+01
   7.6100000e+02   1.0172040e+01
   7.6200000e+02   1.0172016e+01
   7.6300000e+02   1.0171914e+01
   7.6400000e+02   1.0171968e+01
   7.6500000e+02   1.0171798e+01
   7.6600000e+02   1.0171975e+01
   7.6700000e+02   1.0172261e+01
   7.6800000e+02   1.0172030e+01
   7.6900000e+02   1.0172088e+01
   7.7000000e+02   1.0171813e+01
   7.7100000e+02   1.0171633e+01
   7.7200000e+02   1.0172080e+01
   7.7300000e+02   1.0171854e+01
   7.7400000e+02   1.0171554e+01
   7.7500000e+02   1.0171859e+01
   7.7600000e+02   1.0171767e+01
   7.7700000e+02   1.0171636e+01
   7.7800000e+02   1.0172031e+01
   7.7900000e+02   1.0171771e+01
   7.8000000e+02   1.0171335e+01
