   0.0000000e+00   1.0225749e+01
   1.0000000e+00   1.0221185e+01
   2.0000000e+00   1.0219329e+01
   3.0000000e+00   1.0218758e+01
   4.0000000e+00   1.0218001e+01
   5.0000000e+00   1.0217505e+01
   6.0000000e+00   1.0217283e+01
   7.0000000e+00   1.0217345e+01
   8.0000000e+00   1.0216768e+01
   9.0000000e+00   1.0216595e+01
   1.0000000e+01   1.0216056e+01
   1.1000000e+01   1.0215812e+01
   1.2000000e+01   1.0215637e+01
   1.3000000e+01   1.0215422e+01
   1.4000000e+01   1.0215136e+01
   1.5000000e+01   1.0215032e+01
   1.6000000e+01   1.0214805e+01
   1.7000000e+01   1.0214625e+01
   1.8000000e+01   1.0214363e+01
   1.9000000e+01   1.0214400e+01
   2.0000000e+01   1.0214039e+01
   2.1000000e+01   1.0214039e+01
   2.2000000e+01   1.0214129e+01
   2.3000000e+01   1.0213808e+01
   2.4000000e+01   1.0213700e+01
   2.5000000e+01   1.0213470e+01
   2.6000000e+01   1.0213331e+01
   2.7000000e+01   1.0213388e+01
   2.8000000e+01   1.0213072e+01
   2.9000000e+01   1.0213228e+01
   3.0000000e+01   1.0213105e+01
   3.1000000e+01   1.0212938e+01
   3.2000000e+01   1.0212805e+01
   3.3000000e+01   1.0212820e+01
   3.4000000e+01   1.0212474e+01
   3.5000000e+01   1.0212684e+01
   3.6000000e+01   1.0212418e+01
   3.7000000e+01   1.0212033e+01
   3.8000000e+01   1.0212137e+01
   3.9000000e+01   1.0212012e+01
   4.0000000e+01   1.0211737e+01
   4.1000000e+01   1.0211754e+01
   4.2000000e+01   1.0211584e+01
   4.3000000e+01   1.0211552e+01
   4.4000000e+01   1.0211491e+01
   4.5000000e+01   1.0211626e+01
   4.6000000e+01   1.0211397e+01
   4.7000000e+01   1.0211262e+01
   4.8000000e+01   1.0210971e+01
   4.9000000e+01   1.0211080e+01
   5.0000000e+01   1.0210959e+01
   5.1000000e+01   1.0210886e+01
   5.2000000e+01   1.0210700e+01
   5.3000000e+01   1.0210999e+01
   5.4000000e+01   1.0210843e+01
   5.5000000e+01   1.0210670e+01
   5.6000000e+01   1.0210553e+01
   5.7000000e+01   1.0210643e+01
   5.8000000e+01   1.0210343e+01
   5.9000000e+01   1.0210090e+01
   6.0000000e+01   1.0210471e+01
   6.1000000e+01   1.0210193e+01
   6.2000000e+01   1.0210219e+01
   6.3000000e+01   1.0210161e+01
   6.4000000e+01   1.0210020e+01
   6.5000000e+01   1.0210120e+01
   6.6000000e+01   1.0209758e+01
   6.7000000e+01   1.0209660e+01
   6.8000000e+01   1.0209740e+01
   6.9000000e+01   1.0209630e+01
   7.0000000e+01   1.0209531e+01
   7.1000000e+01   1.0209509e+01
   7.2000000e+01   1.0209155e+01
   7.3000000e+01   1.0209120e+01
   7.4000000e+01   1.0209260e+01
   7.5000000e+01   1.0209172e+01
   7.6000000e+01   1.0209045e+01
   7.7000000e+01   1.0208860e+01
   7.8000000e+01   1.0208718e+01
   7.9000000e+01   1.0208879e+01
   8.0000000e+01   1.0208802e+01
   8.1000000e+01   1.0208687e+01
   8.2000000e+01   1.0208894e+01
   8.3000000e+01   1.0208772e+01
   8.4000000e+01   1.0208523e+01
   8.5000000e+01   1.0208616e+01
   8.6000000e+01   1.0208496e+01
   8.7000000e+01   1.0208619e+01
   8.8000000e+01   1.0208656e+01
   8.9000000e+01   1.0208648e+01
   9.0000000e+01   1.0208352e+01
   9.1000000e+01   1.0208199e+01
   9.2000000e+01   1.0208227e+01
   9.3000000e+01   1.0208290e+01
   9.4000000e+01   1.0208002e+01
   9.5000000e+01   1.0208025e+01
   9.6000000e+01   1.0208047e+01
   9.7000000e+01   1.0207946e+01
   9.8000000e+01   1.0207585e+01
   9.9000000e+01   1.0207718e+01
   1.0000000e+02   1.0207995e+01
   1.0100000e+02   1.0207751e+01
   1.0200000e+02   1.0207719e+01
   1.0300000e+02   1.0207608e+01
   1.0400000e+02   1.0207574e+01
   1.0500000e+02   1.0207571e+01
   1.0600000e+02   1.0208054e+01
   1.0700000e+02   1.0207738e+01
   1.0800000e+02   1.0207754e+01
   1.0900000e+02   1.0207787e+01
   1.1000000e+02   1.0207460e+01
   1.1100000e+02   1.0207642e+01
   1.1200000e+02   1.0207576e+01
   1.1300000e+02   1.0207560e+01
   1.1400000e+02   1.0207276e+01
   1.1500000e+02   1.0207244e+01
   1.1600000e+02   1.0207283e+01
   1.1700000e+02   1.0207239e+01
   1.1800000e+02   1.0207170e+01
   1.1900000e+02   1.0207137e+01
   1.2000000e+02   1.0207074e+01
   1.2100000e+02   1.0206987e+01
   1.2200000e+02   1.0206789e+01
   1.2300000e+02   1.0206735e+01
   1.2400000e+02   1.0206924e+01
   1.2500000e+02   1.0206665e+01
   1.2600000e+02   1.0206505e+01
   1.2700000e+02   1.0206820e+01
   1.2800000e+02   1.0206659e+01
   1.2900000e+02   1.0206680e+01
   1.3000000e+02   1.0206744e+01
   1.3100000e+02   1.0206464e+01
   1.3200000e+02   1.0206407e+01
   1.3300000e+02   1.0206250e+01
   1.3400000e+02   1.0206050e+01
   1.3500000e+02   1.0206268e+01
   1.3600000e+02   1.0206332e+01
   1.3700000e+02   1.0206326e+01
   1.3800000e+02   1.0206278e+01
   1.3900000e+02   1.0206241e+01
   1.4000000e+02   1.0206224e+01
   1.4100000e+02   1.0206174e+01
   1.4200000e+02   1.0206068e+01
   1.4300000e+02   1.0206204e+01
   1.4400000e+02   1.0205983e+01
   1.4500000e+02   1.0206225e+01
   1.4600000e+02   1.0206091e+01
   1.4700000e+02   1.0205759e+01
   1.4800000e+02   1.0206082e+01
   1.4900000e+02   1.0205925e+01
   1.5000000e+02   1.0206094e+01
   1.5100000e+02   1.0206092e+01
   1.5200000e+02   1.0205873e+01
   1.5300000e+02   1.0206037e+01
   1.5400000e+02   1.0205923e+01
   1.5500000e+02   1.0205969e+01
   1.5600000e+02   1.0205799e+01
   1.5700000e+02   1.0205744e+01
   1.5800000e+02   1.0205798e+01
   1.5900000e+02   1.0205376e+01
   1.6000000e+02   1.0205599e+01
   1.6100000e+02   1.0205673e+01
   1.6200000e+02   1.0205575e+01
   1.6300000e+02   1.0205369e+01
   1.6400000e+02   1.0205463e+01
   1.6500000e+02   1.0205757e+01
   1.6600000e+02   1.0205253e+01
   1.6700000e+02   1.0202907e+01
   1.6800000e+02   1.0193432e+01
   1.6900000e+02   1.0186302e+01
   1.7000000e+02   1.0191992e+01
   1.7100000e+02   1.0199146e+01
   1.7200000e+02   1.0202668e+01
   1.7300000e+02   1.0204126e+01
   1.7400000e+02   1.0204764e+01
   1.7500000e+02   1.0204717e+01
   1.7600000e+02   1.0204676e+01
   1.7700000e+02   1.0204898e+01
   1.7800000e+02   1.0204948e+01
   1.7900000e+02   1.0201649e+01
   1.8000000e+02   1.0178320e+01
   1.8100000e+02   1.0162074e+01
   1.8200000e+02   1.0168503e+01
   1.8300000e+02   1.0178076e+01
   1.8400000e+02   1.0182962e+01
   1.8500000e+02   1.0184153e+01
   1.8600000e+02   1.0185040e+01
   1.8700000e+02   1.0187005e+01
   1.8800000e+02   1.0190147e+01
   1.8900000e+02   1.0194157e+01
   1.9000000e+02   1.0197846e+01
   1.9100000e+02   1.0200941e+01
   1.9200000e+02   1.0202560e+01
   1.9300000e+02   1.0203171e+01
   1.9400000e+02   1.0203478e+01
   1.9500000e+02   1.0203535e+01
   1.9600000e+02   1.0203426e+01
   1.9700000e+02   1.0203704e+01
   1.9800000e+02   1.0203676e+01
   1.9900000e+02   1.0203891e+01
   2.0000000e+02   1.0203363e+01
   2.0100000e+02   1.0203529e+01
   2.0200000e+02   1.0203750e+01
   2.0300000e+02   1.0203717e+01
   2.0400000e+02   1.0203550e+01
   2.0500000e+02   1.0203815e+01
   2.0600000e+02   1.0203589e+01
   2.0700000e+02   1.0203378e+01
   2.0800000e+02   1.0203482e+01
   2.0900000e+02   1.0203672e+01
   2.1000000e+02   1.0203659e+01
   2.1100000e+02   1.0203804e+01
   2.1200000e+02   1.0203641e+01
   2.1300000e+02   1.0203395e+01
   2.1400000e+02   1.0203133e+01
   2.1500000e+02   1.0203283e+01
   2.1600000e+02   1.0203580e+01
   2.1700000e+02   1.0203473e+01
   2.1800000e+02   1.0203171e+01
   2.1900000e+02   1.0203130e+01
   2.2000000e+02   1.0203014e+01
   2.2100000e+02   1.0203001e+01
   2.2200000e+02   1.0202339e+01
   2.2300000e+02   1.0202065e+01
   2.2400000e+02   1.0201142e+01
   2.2500000e+02   1.0199997e+01
   2.2600000e+02   1.0198858e+01
   2.2700000e+02   1.0197799e+01
   2.2800000e+02   1.0197209e+01
   2.2900000e+02   1.0197079e+01
   2.3000000e+02   1.0197742e+01
   2.3100000e+02   1.0198357e+01
   2.3200000e+02   1.0199142e+01
   2.3300000e+02   1.0200136e+01
   2.3400000e+02   1.0200596e+01
   2.3500000e+02   1.0200954e+01
   2.3600000e+02   1.0201108e+01
   2.3700000e+02   1.0201252e+01
   2.3800000e+02   1.0201138e+01
   2.3900000e+02   1.0201256e+01
   2.4000000e+02   1.0201090e+01
   2.4100000e+02   1.0200892e+01
   2.4200000e+02   1.0201162e+01
   2.4300000e+02   1.0200898e+01
   2.4400000e+02   1.0200662e+01
   2.4500000e+02   1.0199931e+01
   2.4600000e+02   1.0198362e+01
   2.4700000e+02   1.0195445e+01
   2.4800000e+02   1.0190821e+01
   2.4900000e+02   1.0185056e+01
   2.5000000e+02   1.0179669e+01
   2.5100000e+02   1.0175969e+01
   2.5200000e+02   1.0175770e+01
   2.5300000e+02   1.0178079e+01
   2.5400000e+02   1.0181647e+01
   2.5500000e+02   1.0185531e+01
   2.5600000e+02   1.0188062e+01
   2.5700000e+02   1.0189045e+01
   2.5800000e+02   1.0188621e+01
   2.5900000e+02   1.0186906e+01
   2.6000000e+02   1.0185022e+01
   2.6100000e+02   1.0183300e+01
   2.6200000e+02   1.0181860e+01
   2.6300000e+02   1.0180911e+01
   2.6400000e+02   1.0179687e+01
   2.6500000e+02   1.0178741e+01
   2.6600000e+02   1.0178358e+01
   2.6700000e+02   1.0179586e+01
   2.6800000e+02   1.0181823e+01
   2.6900000e+02   1.0185077e+01
   2.7000000e+02   1.0188172e+01
   2.7100000e+02   1.0191597e+01
   2.7200000e+02   1.0193660e+01
   2.7300000e+02   1.0195111e+01
   2.7400000e+02   1.0195526e+01
   2.7500000e+02   1.0195580e+01
   2.7600000e+02   1.0195311e+01
   2.7700000e+02   1.0194832e+01
   2.7800000e+02   1.0194374e+01
   2.7900000e+02   1.0194783e+01
   2.8000000e+02   1.0195230e+01
   2.8100000e+02   1.0195917e+01
   2.8200000e+02   1.0196576e+01
   2.8300000e+02   1.0196588e+01
   2.8400000e+02   1.0196868e+01
   2.8500000e+02   1.0196927e+01
   2.8600000e+02   1.0196937e+01
   2.8700000e+02   1.0197239e+01
   2.8800000e+02   1.0197438e+01
   2.8900000e+02   1.0197753e+01
   2.9000000e+02   1.0198179e+01
   2.9100000e+02   1.0198725e+01
   2.9200000e+02   1.0199146e+01
   2.9300000e+02   1.0198950e+01
   2.9400000e+02   1.0199451e+01
   2.9500000e+02   1.0199761e+01
   2.9600000e+02   1.0199475e+01
   2.9700000e+02   1.0199841e+01
   2.9800000e+02   1.0199765e+01
   2.9900000e+02   1.0200008e+01
   3.0000000e+02   1.0200142e+01
   3.0100000e+02   1.0200266e+01
   3.0200000e+02   1.0199997e+01
   3.0300000e+02   1.0199855e+01
   3.0400000e+02   1.0199445e+01
   3.0500000e+02   1.0198925e+01
   3.0600000e+02   1.0198180e+01
   3.0700000e+02   1.0197825e+01
   3.0800000e+02   1.0196991e+01
   3.0900000e+02   1.0195712e+01
   3.1000000e+02   1.0194088e+01
   3.1100000e+02   1.0192191e+01
   3.1200000e+02   1.0190134e+01
   3.1300000e+02   1.0187650e+01
   3.1400000e+02   1.0186841e+01
   3.1500000e+02   1.0186362e+01
   3.1600000e+02   1.0186613e+01
   3.1700000e+02   1.0187452e+01
   3.1800000e+02   1.0188265e+01
   3.1900000e+02   1.0187692e+01
   3.2000000e+02   1.0186071e+01
   3.2100000e+02   1.0183786e+01
   3.2200000e+02   1.0180886e+01
   3.2300000e+02   1.0178396e+01
   3.2400000e+02   1.0176820e+01
   3.2500000e+02   1.0176699e+01
   3.2600000e+02   1.0177290e+01
   3.2700000e+02   1.0178944e+01
   3.2800000e+02   1.0181401e+01
   3.2900000e+02   1.0183701e+01
   3.3000000e+02   1.0186437e+01
   3.3100000e+02   1.0188775e+01
   3.3200000e+02   1.0191309e+01
   3.3300000e+02   1.0193754e+01
   3.3400000e+02   1.0195072e+01
   3.3500000e+02   1.0196132e+01
   3.3600000e+02   1.0196782e+01
   3.3700000e+02   1.0196451e+01
   3.3800000e+02   1.0195955e+01
   3.3900000e+02   1.0195174e+01
   3.4000000e+02   1.0194414e+01
   3.4100000e+02   1.0193726e+01
   3.4200000e+02   1.0193046e+01
   3.4300000e+02   1.0193078e+01
   3.4400000e+02   1.0193790e+01
   3.4500000e+02   1.0194399e+01
   3.4600000e+02   1.0195078e+01
   3.4700000e+02   1.0196223e+01
   3.4800000e+02   1.0196807e+01
   3.4900000e+02   1.0197556e+01
   3.5000000e+02   1.0198177e+01
   3.5100000e+02   1.0198375e+01
   3.5200000e+02   1.0198487e+01
   3.5300000e+02   1.0198798e+01
   3.5400000e+02   1.0198868e+01
   3.5500000e+02   1.0198679e+01
   3.5600000e+02   1.0198651e+01
   3.5700000e+02   1.0198815e+01
   3.5800000e+02   1.0198654e+01
   3.5900000e+02   1.0198977e+01
   3.6000000e+02   1.0198829e+01
   3.6100000e+02   1.0198390e+01
   3.6200000e+02   1.0198563e+01
   3.6300000e+02   1.0198203e+01
   3.6400000e+02   1.0198082e+01
   3.6500000e+02   1.0198016e+01
   3.6600000e+02   1.0197710e+01
   3.6700000e+02   1.0197798e+01
   3.6800000e+02   1.0197927e+01
   3.6900000e+02   1.0198004e+01
   3.7000000e+02   1.0198352e+01
   3.7100000e+02   1.0198384e+01
   3.7200000e+02   1.0198794e+01
   3.7300000e+02   1.0198837e+01
   3.7400000e+02   1.0198710e+01
   3.7500000e+02   1.0198965e+01
   3.7600000e+02   1.0199162e+01
   3.7700000e+02   1.0199097e+01
   3.7800000e+02   1.0199119e+01
   3.7900000e+02   1.0199087e+01
   3.8000000e+02   1.0198706e+01
   3.8100000e+02   1.0198971e+01
   3.8200000e+02   1.0198764e+01
   3.8300000e+02   1.0199100e+01
   3.8400000e+02   1.0198719e+01
   3.8500000e+02   1.0198968e+01
   3.8600000e+02   1.0199226e+01
   3.8700000e+02   1.0198809e+01
   3.8800000e+02   1.0198670e+01
   3.8900000e+02   1.0198509e+01
   3.9000000e+02   1.0198391e+01
   3.9100000e+02   1.0198293e+01
   3.9200000e+02   1.0198014e+01
   3.9300000e+02   1.0197988e+01
   3.9400000e+02   1.0197864e+01
   3.9500000e+02   1.0197772e+01
   3.9600000e+02   1.0197788e+01
   3.9700000e+02   1.0197609e+01
   3.9800000e+02   1.0197984e+01
   3.9900000e+02   1.0197981e+01
   4.0000000e+02   1.0198329e+01
   4.0100000e+02   1.0198218e+01
   4.0200000e+02   1.0198558e+01
   4.0300000e+02   1.0198767e+01
   4.0400000e+02   1.0198680e+01
   4.0500000e+02   1.0198792e+01
   4.0600000e+02   1.0198680e+01
   4.0700000e+02   1.0198840e+01
   4.0800000e+02   1.0198509e+01
   4.0900000e+02   1.0198632e+01
   4.1000000e+02   1.0198411e+01
   4.1100000e+02   1.0198665e+01
   4.1200000e+02   1.0198585e+01
   4.1300000e+02   1.0198583e+01
   4.1400000e+02   1.0198285e+01
   4.1500000e+02   1.0198523e+01
   4.1600000e+02   1.0198311e+01
   4.1700000e+02   1.0198265e+01
   4.1800000e+02   1.0198478e+01
   4.1900000e+02   1.0198108e+01
   4.2000000e+02   1.0198410e+01
   4.2100000e+02   1.0198214e+01
   4.2200000e+02   1.0198438e+01
   4.2300000e+02   1.0198336e+01
   4.2400000e+02   1.0198420e+01
   4.2500000e+02   1.0198153e+01
   4.2600000e+02   1.0198320e+01
   4.2700000e+02   1.0198102e+01
   4.2800000e+02   1.0198443e+01
   4.2900000e+02   1.0198198e+01
   4.3000000e+02   1.0198099e+01
   4.3100000e+02   1.0197940e+01
   4.3200000e+02   1.0198073e+01
   4.3300000e+02   1.0198094e+01
   4.3400000e+02   1.0198238e+01
   4.3500000e+02   1.0197962e+01
   4.3600000e+02   1.0198443e+01
   4.3700000e+02   1.0198082e+01
   4.3800000e+02   1.0197977e+01
   4.3900000e+02   1.0197863e+01
   4.4000000e+02   1.0197933e+01
   4.4100000e+02   1.0198283e+01
   4.4200000e+02   1.0197934e+01
   4.4300000e+02   1.0197854e+01
   4.4400000e+02   1.0197991e+01
   4.4500000e+02   1.0197776e+01
   4.4600000e+02   1.0197327e+01
   4.4700000e+02   1.0197317e+01
   4.4800000e+02   1.0196898e+01
   4.4900000e+02   1.0196617e+01
   4.5000000e+02   1.0196648e+01
   4.5100000e+02   1.0196222e+01
   4.5200000e+02   1.0195978e+01
   4.5300000e+02   1.0196151e+01
   4.5400000e+02   1.0196418e+01
   4.5500000e+02   1.0196391e+01
   4.5600000e+02   1.0196329e+01
   4.5700000e+02   1.0196814e+01
   4.5800000e+02   1.0196990e+01
   4.5900000e+02   1.0197125e+01
   4.6000000e+02   1.0196833e+01
   4.6100000e+02   1.0197507e+01
   4.6200000e+02   1.0197159e+01
   4.6300000e+02   1.0197507e+01
   4.6400000e+02   1.0197488e+01
   4.6500000e+02   1.0197433e+01
   4.6600000e+02   1.0197685e+01
   4.6700000e+02   1.0197547e+01
   4.6800000e+02   1.0197379e+01
   4.6900000e+02   1.0198112e+01
   4.7000000e+02   1.0197719e+01
   4.7100000e+02   1.0197860e+01
   4.7200000e+02   1.0197590e+01
   4.7300000e+02   1.0198122e+01
   4.7400000e+02   1.0197849e+01
   4.7500000e+02   1.0197736e+01
   4.7600000e+02   1.0197624e+01
   4.7700000e+02   1.0197469e+01
   4.7800000e+02   1.0197519e+01
   4.7900000e+02   1.0197682e+01
   4.8000000e+02   1.0197467e+01
   4.8100000e+02   1.0197497e+01
   4.8200000e+02   1.0197446e+01
   4.8300000e+02   1.0197696e+01
   4.8400000e+02   1.0197521e+01
   4.8500000e+02   1.0197613e+01
   4.8600000e+02   1.0197587e+01
   4.8700000e+02   1.0197412e+01
   4.8800000e+02   1.0197427e+01
   4.8900000e+02   1.0197396e+01
   4.9000000e+02   1.0197583e+01
   4.9100000e+02   1.0197377e+01
   4.9200000e+02   1.0197297e+01
   4.9300000e+02   1.0197384e+01
   4.9400000e+02   1.0197459e+01
   4.9500000e+02   1.0197307e+01
   4.9600000e+02   1.0197083e+01
   4.9700000e+02   1.0197375e+01
   4.9800000e+02   1.0197193e+01
   4.9900000e+02   1.0197325e+01
   5.0000000e+02   1.0197080e+01
   5.0100000e+02   1.0197219e+01
   5.0200000e+02   1.0197363e+01
   5.0300000e+02   1.0197124e+01
   5.0400000e+02   1.0197096e+01
   5.0500000e+02   1.0197244e+01
   5.0600000e+02   1.0196865e+01
   5.0700000e+02   1.0197059e+01
   5.0800000e+02   1.0197309e+01
   5.0900000e+02   1.0197211e+01
   5.1000000e+02   1.0197190e+01
   5.1100000e+02   1.0197087e+01
   5.1200000e+02   1.0197139e+01
   5.1300000e+02   1.0197164e+01
   5.1400000e+02   1.0197077e+01
   5.1500000e+02   1.0197093e+01
   5.1600000e+02   1.0197178e+01
   5.1700000e+02   1.0197230e+01
   5.1800000e+02   1.0197191e+01
   5.1900000e+02   1.0197097e+01
   5.2000000e+02   1.0197073e+01
   5.2100000e+02   1.0197120e+01
   5.2200000e+02   1.0197187e+01
   5.2300000e+02   1.0197358e+01
   5.2400000e+02   1.0197081e+01
   5.2500000e+02   1.0197039e+01
   5.2600000e+02   1.0196935e+01
   5.2700000e+02   1.0196814e+01
   5.2800000e+02   1.0196792e+01
   5.2900000e+02   1.0196735e+01
   5.3000000e+02   1.0196886e+01
   5.3100000e+02   1.0196617e+01
   5.3200000e+02   1.0196748e+01
   5.3300000e+02   1.0196887e+01
   5.3400000e+02   1.0197046e+01
   5.3500000e+02   1.0196703e+01
   5.3600000e+02   1.0196861e+01
   5.3700000e+02   1.0196603e+01
   5.3800000e+02   1.0196619e+01
   5.3900000e+02   1.0196687e+01
   5.4000000e+02   1.0196633e+01
   5.4100000e+02   1.0196609e+01
   5.4200000e+02   1.0196675e+01
   5.4300000e+02   1.0196419e+01
   5.4400000e+02   1.0196639e+01
   5.4500000e+02   1.0196419e+01
   5.4600000e+02   1.0196910e+01
   5.4700000e+02   1.0196539e+01
   5.4800000e+02   1.0196633e+01
   5.4900000e+02   1.0196448e+01
   5.5000000e+02   1.0196486e+01
   5.5100000e+02   1.0196374e+01
   5.5200000e+02   1.0196778e+01
   5.5300000e+02   1.0196436e+01
   5.5400000e+02   1.0196568e+01
   5.5500000e+02   1.0196500e+01
   5.5600000e+02   1.0196602e+01
   5.5700000e+02   1.0196523e+01
   5.5800000e+02   1.0196596e+01
   5.5900000e+02   1.0196376e+01
   5.6000000e+02   1.0196449e+01
   5.6100000e+02   1.0196284e+01
   5.6200000e+02   1.0196138e+01
   5.6300000e+02   1.0196513e+01
   5.6400000e+02   1.0196345e+01
   5.6500000e+02   1.0196120e+01
   5.6600000e+02   1.0196358e+01
   5.6700000e+02   1.0196439e+01
   5.6800000e+02   1.0195990e+01
   5.6900000e+02   1.0196396e+01
   5.7000000e+02   1.0196138e+01
   5.7100000e+02   1.0196426e+01
   5.7200000e+02   1.0196399e+01
   5.7300000e+02   1.0196190e+01
   5.7400000e+02   1.0196299e+01
   5.7500000e+02   1.0196392e+01
   5.7600000e+02   1.0196329e+01
   5.7700000e+02   1.0196067e+01
   5.7800000e+02   1.0196366e+01
   5.7900000e+02   1.0196125e+01
   5.8000000e+02   1.0196446e+01
   5.8100000e+02   1.0196292e+01
   5.8200000e+02   1.0195981e+01
   5.8300000e+02   1.0196335e+01
   5.8400000e+02   1.0196144e+01
   5.8500000e+02   1.0196103e+01
   5.8600000e+02   1.0196266e+01
   5.8700000e+02   1.0196144e+01
   5.8800000e+02   1.0195867e+01
   5.8900000e+02   1.0195948e+01
   5.9000000e+02   1.0195975e+01
   5.9100000e+02   1.0195950e+01
   5.9200000e+02   1.0195929e+01
   5.9300000e+02   1.0195818e+01
   5.9400000e+02   1.0195847e+01
   5.9500000e+02   1.0196046e+01
   5.9600000e+02   1.0195826e+01
   5.9700000e+02   1.0195892e+01
   5.9800000e+02   1.0195912e+01
   5.9900000e+02   1.0196039e+01
   6.0000000e+02   1.0195982e+01
   6.0100000e+02   1.0196033e+01
   6.0200000e+02   1.0195837e+01
   6.0300000e+02   1.0195669e+01
   6.0400000e+02   1.0195834e+01
   6.0500000e+02   1.0195584e+01
   6.0600000e+02   1.0196131e+01
   6.0700000e+02   1.0195927e+01
   6.0800000e+02   1.0195706e+01
   6.0900000e+02   1.0195886e+01
   6.1000000e+02   1.0195883e+01
   6.1100000e+02   1.0195582e+01
   6.1200000e+02   1.0195829e+01
   6.1300000e+02   1.0195778e+01
   6.1400000e+02   1.0195856e+01
   6.1500000e+02   1.0195622e+01
   6.1600000e+02   1.0195831e+01
   6.1700000e+02   1.0195809e+01
   6.1800000e+02   1.0195646e+01
   6.1900000e+02   1.0195701e+01
   6.2000000e+02   1.0195776e+01
   6.2100000e+02   1.0195648e+01
   6.2200000e+02   1.0195555e+01
   6.2300000e+02   1.0195410e+01
   6.2400000e+02   1.0195641e+01
   6.2500000e+02   1.0195396e+01
   6.2600000e+02   1.0195795e+01
   6.2700000e+02   1.0195246e+01
   6.2800000e+02   1.0195354e+01
   6.2900000e+02   1.0195508e+01
   6.3000000e+02   1.0195445e+01
   6.3100000e+02   1.0195434e+01
   6.3200000e+02   1.0195151e+01
   6.3300000e+02   1.0195275e+01
   6.3400000e+02   1.0195249e+01
   6.3500000e+02   1.0195255e+01
   6.3600000e+02   1.0195568e+01
   6.3700000e+02   1.0195403e+01
   6.3800000e+02   1.0195413e+01
   6.3900000e+02   1.0195204e+01
   6.4000000e+02   1.0195128e+01
   6.4100000e+02   1.0195212e+01
   6.4200000e+02   1.0195420e+01
   6.4300000e+02   1.0195229e+01
   6.4400000e+02   1.0195284e+01
   6.4500000e+02   1.0195180e+01
   6.4600000e+02   1.0195118e+01
   6.4700000e+02   1.0195374e+01
   6.4800000e+02   1.0195240e+01
   6.4900000e+02   1.0195420e+01
   6.5000000e+02   1.0195218e+01
   6.5100000e+02   1.0194869e+01
   6.5200000e+02   1.0195391e+01
   6.5300000e+02   1.0195260e+01
   6.5400000e+02   1.0195104e+01
   6.5500000e+02   1.0194990e+01
   6.5600000e+02   1.0195175e+01
   6.5700000e+02   1.0195097e+01
   6.5800000e+02   1.0195154e+01
   6.5900000e+02   1.0194959e+01
   6.6000000e+02   1.0194752e+01
   6.6100000e+02   1.0195052e+01
   6.6200000e+02   1.0195090e+01
   6.6300000e+02   1.0195215e+01
   6.6400000e+02   1.0194642e+01
   6.6500000e+02   1.0195156e+01
   6.6600000e+02   1.0194732e+01
   6.6700000e+02   1.0195065e+01
   6.6800000e+02   1.0194999e+01
   6.6900000e+02   1.0195054e+01
   6.7000000e+02   1.0194930e+01
   6.7100000e+02   1.0195174e+01
   6.7200000e+02   1.0195166e+01
   6.7300000e+02   1.0195215e+01
   6.7400000e+02   1.0194901e+01
   6.7500000e+02   1.0195249e+01
   6.7600000e+02   1.0194951e+01
   6.7700000e+02   1.0194931e+01
   6.7800000e+02   1.0194791e+01
   6.7900000e+02   1.0194896e+01
   6.8000000e+02   1.0194821e+01
   6.8100000e+02   1.0194820e+01
   6.8200000e+02   1.0194942e+01
   6.8300000e+02   1.0194960e+01
   6.8400000e+02   1.0194648e+01
   6.8500000e+02   1.0194706e+01
   6.8600000e+02   1.0194582e+01
   6.8700000e+02   1.0194749e+01
   6.8800000e+02   1.0194856e+01
   6.8900000e+02   1.0194736e+01
   6.9000000e+02   1.0194944e+01
   6.9100000e+02   1.0194779e+01
   6.9200000e+02   1.0194902e+01
   6.9300000e+02   1.0194869e+01
   6.9400000e+02   1.0194883e+01
   6.9500000e+02   1.0194834e+01
   6.9600000e+02   1.0194938e+01
   6.9700000e+02   1.0194592e+01
   6.9800000e+02   1.0194774e+01
   6.9900000e+02   1.0194264e+01
   7.0000000e+02   1.0194615e+01
   7.0100000e+02   1.0194655e+01
   7.0200000e+02   1.0194540e+01
   7.0300000e+02   1.0194581e+01
   7.0400000e+02   1.0194518e+01
   7.0500000e+02   1.0194513e+01
   7.0600000e+02   1.0194627e+01
   7.0700000e+02   1.0194348e+01
   7.0800000e+02   1.0194714e+01
   7.0900000e+02   1.0194406e+01
   7.1000000e+02   1.0194613e+01
   7.1100000e+02   1.0194666e+01
   7.1200000e+02   1.0194267e+01
   7.1300000e+02   1.0194535e+01
   7.1400000e+02   1.0194513e+01
   7.1500000e+02   1.0194393e+01
   7.1600000e+02   1.0194524e+01
   7.1700000e+02   1.0194393e+01
   7.1800000e+02   1.0194488e+01
   7.1900000e+02   1.0194480e+01
   7.2000000e+02   1.0194195e+01
   7.2100000e+02   1.0194115e+01
   7.2200000e+02   1.0194273e+01
   7.2300000e+02   1.0194371e+01
   7.2400000e+02   1.0194415e+01
   7.2500000e+02   1.0194459e+01
   7.2600000e+02   1.0194031e+01
   7.2700000e+02   1.0194286e+01
   7.2800000e+02   1.0194338e+01
   7.2900000e+02   1.0194179e+01
   7.3000000e+02   1.0194001e+01
   7.3100000e+02   1.0194502e+01
   7.3200000e+02   1.0194230e+01
   7.3300000e+02   1.0194188e+01
   7.3400000e+02   1.0194225e+01
   7.3500000e+02   1.0194162e+01
   7.3600000e+02   1.0194062e+01
   7.3700000e+02   1.0194059e+01
   7.3800000e+02   1.0194062e+01
   7.3900000e+02   1.0194053e+01
   7.4000000e+02   1.0194023e+01
   7.4100000e+02   1.0194267e+01
   7.4200000e+02   1.0194181e+01
   7.4300000e+02   1.0193956e+01
   7.4400000e+02   1.0193950e+01
   7.4500000e+02   1.0194123e+01
   7.4600000e+02   1.0194088e+01
   7.4700000e+02   1.0194006e+01
   7.4800000e+02   1.0194072e+01
   7.4900000e+02   1.0193948e+01
   7.5000000e+02   1.0193979e+01
   7.5100000e+02   1.0193766e+01
   7.5200000e+02   1.0193980e+01
   7.5300000e+02   1.0193624e+01
   7.5400000e+02   1.0193655e+01
   7.5500000e+02   1.0193509e+01
   7.5600000e+02   1.0193808e+01
   7.5700000e+02   1.0193426e+01
   7.5800000e+02   1.0193916e+01
   7.5900000e+02   1.0193699e+01
   7.6000000e+02   1.0193773e+01
   7.6100000e+02   1.0193700e+01
   7.6200000e+02   1.0193734e+01
   7.6300000e+02   1.0193924e+01
   7.6400000e+02   1.0193655e+01
   7.6500000e+02   1.0193776e+01
   7.6600000e+02   1.0193738e+01
   7.6700000e+02   1.0193666e+01
   7.6800000e+02   1.0193546e+01
   7.6900000e+02   1.0193676e+01
   7.7000000e+02   1.0193596e+01
   7.7100000e+02   1.0193541e+01
   7.7200000e+02   1.0193691e+01
   7.7300000e+02   1.0193409e+01
   7.7400000e+02   1.0193760e+01
   7.7500000e+02   1.0193782e+01
   7.7600000e+02   1.0193640e+01
   7.7700000e+02   1.0193502e+01
   7.7800000e+02   1.0193595e+01
   7.7900000e+02   1.0193561e+01
   7.8000000e+02   1.0193461e+01
