   0.0000000e+00   1.0249562e+01
   1.0000000e+00   1.0244576e+01
   2.0000000e+00   1.0243000e+01
   3.0000000e+00   1.0242223e+01
   4.0000000e+00   1.0241915e+01
   5.0000000e+00   1.0241203e+01
   6.0000000e+00   1.0240904e+01
   7.0000000e+00   1.0240242e+01
   8.0000000e+00   1.0239862e+01
   9.0000000e+00   1.0239937e+01
   1.0000000e+01   1.0239722e+01
   1.1000000e+01   1.0239326e+01
   1.2000000e+01   1.0238903e+01
   1.3000000e+01   1.0238554e+01
   1.4000000e+01   1.0238607e+01
   1.5000000e+01   1.0238474e+01
   1.6000000e+01   1.0238071e+01
   1.7000000e+01   1.0238127e+01
   1.8000000e+01   1.0237746e+01
   1.9000000e+01   1.0237618e+01
   2.0000000e+01   1.0237581e+01
   2.1000000e+01   1.0237212e+01
   2.2000000e+01   1.0237452e+01
   2.3000000e+01   1.0237084e+01
   2.4000000e+01   1.0236806e+01
   2.5000000e+01   1.0236809e+01
   2.6000000e+01   1.0236889e+01
   2.7000000e+01   1.0236843e+01
   2.8000000e+01   1.0236741e+01
   2.9000000e+01   1.0236363e+01
   3.0000000e+01   1.0236573e+01
   3.1000000e+01   1.0236312e+01
   3.2000000e+01   1.0236025e+01
   3.3000000e+01   1.0236069e+01
   3.4000000e+01   1.0235837e+01
   3.5000000e+01   1.0235609e+01
   3.6000000e+01   1.0235524e+01
   3.7000000e+01   1.0235345e+01
   3.8000000e+01   1.0235661e+01
   3.9000000e+01   1.0235355e+01
   4.0000000e+01   1.0235289e+01
   4.1000000e+01   1.0235071e+01
   4.2000000e+01   1.0234961e+01
   4.3000000e+01   1.0235076e+01
   4.4000000e+01   1.0234764e+01
   4.5000000e+01   1.0234590e+01
   4.6000000e+01   1.0234575e+01
   4.7000000e+01   1.0234146e+01
   4.8000000e+01   1.0234210e+01
   4.9000000e+01   1.0234325e+01
   5.0000000e+01   1.0234363e+01
   5.1000000e+01   1.0233823e+01
   5.2000000e+01   1.0233867e+01
   5.3000000e+01   1.0233980e+01
   5.4000000e+01   1.0233838e+01
   5.5000000e+01   1.0233766e+01
   5.6000000e+01   1.0233715e+01
   5.7000000e+01   1.0233886e+01
   5.8000000e+01   1.0233697e+01
   5.9000000e+01   1.0233365e+01
   6.0000000e+01   1.0233486e+01
   6.1000000e+01   1.0233309e+01
   6.2000000e+01   1.0233150e+01
   6.3000000e+01   1.0232949e+01
   6.4000000e+01   1.0233357e+01
   6.5000000e+01   1.0233103e+01
   6.6000000e+01   1.0233077e+01
   6.7000000e+01   1.0233166e+01
   6.8000000e+01   1.0232854e+01
   6.9000000e+01   1.0232755e+01
   7.0000000e+01   1.0232742e+01
   7.1000000e+01   1.0232413e+01
   7.2000000e+01   1.0232543e+01
   7.3000000e+01   1.0232740e+01
   7.4000000e+01   1.0232641e+01
   7.5000000e+01   1.0232449e+01
   7.6000000e+01   1.0232583e+01
   7.7000000e+01   1.0232201e+01
   7.8000000e+01   1.0232198e+01
   7.9000000e+01   1.0231913e+01
   8.0000000e+01   1.0232112e+01
   8.1000000e+01   1.0231710e+01
   8.2000000e+01   1.0231552e+01
   8.3000000e+01   1.0231863e+01
   8.4000000e+01   1.0231646e+01
   8.5000000e+01   1.0231675e+01
   8.6000000e+01   1.0231828e+01
   8.7000000e+01   1.0231739e+01
   8.8000000e+01   1.0231664e+01
   8.9000000e+01   1.0231368e+01
   9.0000000e+01   1.0231538e+01
   9.1000000e+01   1.0231327e+01
   9.2000000e+01   1.0231587e+01
   9.3000000e+01   1.0231313e+01
   9.4000000e+01   1.0231365e+01
   9.5000000e+01   1.0231229e+01
   9.6000000e+01   1.0231357e+01
   9.7000000e+01   1.0231206e+01
   9.8000000e+01   1.0231216e+01
   9.9000000e+01   1.0231262e+01
   1.0000000e+02   1.0231008e+01
   1.0100000e+02   1.0231207e+01
   1.0200000e+02   1.0231019e+01
   1.0300000e+02   1.0231032e+01
   1.0400000e+02   1.0231015e+01
   1.0500000e+02   1.0230606e+01
   1.0600000e+02   1.0230931e+01
   1.0700000e+02   1.0230671e+01
   1.0800000e+02   1.0230602e+01
   1.0900000e+02   1.0230715e+01
   1.1000000e+02   1.0230520e+01
   1.1100000e+02   1.0230818e+01
   1.1200000e+02   1.0230580e+01
   1.1300000e+02   1.0230420e+01
   1.1400000e+02   1.0230632e+01
   1.1500000e+02   1.0230316e+01
   1.1600000e+02   1.0230302e+01
   1.1700000e+02   1.0230195e+01
   1.1800000e+02   1.0230084e+01
   1.1900000e+02   1.0230214e+01
   1.2000000e+02   1.0230167e+01
   1.2100000e+02   1.0230219e+01
   1.2200000e+02   1.0230101e+01
   1.2300000e+02   1.0229855e+01
   1.2400000e+02   1.0230096e+01
   1.2500000e+02   1.0229787e+01
   1.2600000e+02   1.0229929e+01
   1.2700000e+02   1.0229779e+01
   1.2800000e+02   1.0229982e+01
   1.2900000e+02   1.0229818e+01
   1.3000000e+02   1.0229706e+01
   1.3100000e+02   1.0229498e+01
   1.3200000e+02   1.0229533e+01
   1.3300000e+02   1.0229520e+01
   1.3400000e+02   1.0229707e+01
   1.3500000e+02   1.0229441e+01
   1.3600000e+02   1.0229307e+01
   1.3700000e+02   1.0229269e+01
   1.3800000e+02   1.0229322e+01
   1.3900000e+02   1.0229368e+01
   1.4000000e+02   1.0229058e+01
   1.4100000e+02   1.0229342e+01
   1.4200000e+02   1.0229049e+01
   1.4300000e+02   1.0229025e+01
   1.4400000e+02   1.0228983e+01
   1.4500000e+02   1.0228988e+01
   1.4600000e+02   1.0228921e+01
   1.4700000e+02   1.0228622e+01
   1.4800000e+02   1.0228821e+01
   1.4900000e+02   1.0228700e+01
   1.5000000e+02   1.0228680e+01
   1.5100000e+02   1.0228486e+01
   1.5200000e+02   1.0228595e+01
   1.5300000e+02   1.0228461e+01
   1.5400000e+02   1.0228225e+01
   1.5500000e+02   1.0228431e+01
   1.5600000e+02   1.0228525e+01
   1.5700000e+02   1.0228180e+01
   1.5800000e+02   1.0228311e+01
   1.5900000e+02   1.0228486e+01
   1.6000000e+02   1.0228282e+01
   1.6100000e+02   1.0228206e+01
   1.6200000e+02   1.0228165e+01
   1.6300000e+02   1.0228212e+01
   1.6400000e+02   1.0228052e+01
   1.6500000e+02   1.0228127e+01
   1.6600000e+02   1.0227914e+01
   1.6700000e+02   1.0225301e+01
   1.6800000e+02   1.0215873e+01
   1.6900000e+02   1.0209392e+01
   1.7000000e+02   1.0214932e+01
   1.7100000e+02   1.0221573e+01
   1.7200000e+02   1.0225434e+01
   1.7300000e+02   1.0226863e+01
   1.7400000e+02   1.0227363e+01
   1.7500000e+02   1.0227679e+01
   1.7600000e+02   1.0227504e+01
   1.7700000e+02   1.0227454e+01
   1.7800000e+02   1.0227153e+01
   1.7900000e+02   1.0224233e+01
   1.8000000e+02   1.0204582e+01
   1.8100000e+02   1.0192816e+01
   1.8200000e+02   1.0195564e+01
   1.8300000e+02   1.0200877e+01
   1.8400000e+02   1.0204328e+01
   1.8500000e+02   1.0205880e+01
   1.8600000e+02   1.0206417e+01
   1.8700000e+02   1.0208284e+01
   1.8800000e+02   1.0212063e+01
   1.8900000e+02   1.0215743e+01
   1.9000000e+02   1.0218498e+01
   1.9100000e+02   1.0222475e+01
   1.9200000e+02   1.0224824e+01
   1.9300000e+02   1.0225607e+01
   1.9400000e+02   1.0226092e+01
   1.9500000e+02   1.0226222e+01
   1.9600000e+02   1.0226072e+01
   1.9700000e+02   1.0226132e+01
   1.9800000e+02   1.0226252e+01
   1.9900000e+02   1.0226143e+01
   2.0000000e+02   1.0225886e+01
   2.0100000e+02   1.0226314e+01
   2.0200000e+02   1.0226330e+01
   2.0300000e+02   1.0225978e+01
   2.0400000e+02   1.0226078e+01
   2.0500000e+02   1.0226045e+01
   2.0600000e+02   1.0226304e+01
   2.0700000e+02   1.0226142e+01
   2.0800000e+02   1.0226283e+01
   2.0900000e+02   1.0226229e+01
   2.1000000e+02   1.0226326e+01
   2.1100000e+02   1.0226056e+01
   2.1200000e+02   1.0225826e+01
   2.1300000e+02   1.0226091e+01
   2.1400000e+02   1.0225790e+01
   2.1500000e+02   1.0225927e+01
   2.1600000e+02   1.0225834e+01
   2.1700000e+02   1.0225818e+01
   2.1800000e+02   1.0225965e+01
   2.1900000e+02   1.0225657e+01
   2.2000000e+02   1.0225623e+01
   2.2100000e+02   1.0225617e+01
   2.2200000e+02   1.0225313e+01
   2.2300000e+02   1.0225343e+01
   2.2400000e+02   1.0224779e+01
   2.2500000e+02   1.0224363e+01
   2.2600000e+02   1.0223938e+01
   2.2700000e+02   1.0223387e+01
   2.2800000e+02   1.0223259e+01
   2.2900000e+02   1.0223345e+01
   2.3000000e+02   1.0223295e+01
   2.3100000e+02   1.0223520e+01
   2.3200000e+02   1.0223907e+01
   2.3300000e+02   1.0223960e+01
   2.3400000e+02   1.0224591e+01
   2.3500000e+02   1.0224275e+01
   2.3600000e+02   1.0224455e+01
   2.3700000e+02   1.0224542e+01
   2.3800000e+02   1.0224796e+01
   2.3900000e+02   1.0224465e+01
   2.4000000e+02   1.0224449e+01
   2.4100000e+02   1.0224617e+01
   2.4200000e+02   1.0224664e+01
   2.4300000e+02   1.0224565e+01
   2.4400000e+02   1.0224173e+01
   2.4500000e+02   1.0223570e+01
   2.4600000e+02   1.0222198e+01
   2.4700000e+02   1.0220169e+01
   2.4800000e+02   1.0216387e+01
   2.4900000e+02   1.0212106e+01
   2.5000000e+02   1.0208090e+01
   2.5100000e+02   1.0205454e+01
   2.5200000e+02   1.0205563e+01
   2.5300000e+02   1.0207399e+01
   2.5400000e+02   1.0210244e+01
   2.5500000e+02   1.0212878e+01
   2.5600000e+02   1.0214377e+01
   2.5700000e+02   1.0214877e+01
   2.5800000e+02   1.0214235e+01
   2.5900000e+02   1.0213145e+01
   2.6000000e+02   1.0211472e+01
   2.6100000e+02   1.0210241e+01
   2.6200000e+02   1.0209370e+01
   2.6300000e+02   1.0208708e+01
   2.6400000e+02   1.0207417e+01
   2.6500000e+02   1.0206643e+01
   2.6600000e+02   1.0206302e+01
   2.6700000e+02   1.0207212e+01
   2.6800000e+02   1.0209170e+01
   2.6900000e+02   1.0211406e+01
   2.7000000e+02   1.0214206e+01
   2.7100000e+02   1.0216238e+01
   2.7200000e+02   1.0217924e+01
   2.7300000e+02   1.0219086e+01
   2.7400000e+02   1.0219038e+01
   2.7500000e+02   1.0219057e+01
   2.7600000e+02   1.0218895e+01
   2.7700000e+02   1.0218482e+01
   2.7800000e+02   1.0218773e+01
   2.7900000e+02   1.0218636e+01
   2.8000000e+02   1.0219368e+01
   2.8100000e+02   1.0219590e+01
   2.8200000e+02   1.0219816e+01
   2.8300000e+02   1.0219876e+01
   2.8400000e+02   1.0219836e+01
   2.8500000e+02   1.0220011e+01
   2.8600000e+02   1.0220545e+01
   2.8700000e+02   1.0220231e+01
   2.8800000e+02   1.0220686e+01
   2.8900000e+02   1.0220882e+01
   2.9000000e+02   1.0221293e+01
   2.9100000e+02   1.0221541e+01
   2.9200000e+02   1.0221709e+01
   2.9300000e+02   1.0221658e+01
   2.9400000e+02   1.0221862e+01
   2.9500000e+02   1.0221615e+01
   2.9600000e+02   1.0222075e+01
   2.9700000e+02   1.0222344e+01
   2.9800000e+02   1.0221880e+01
   2.9900000e+02   1.0222466e+01
   3.0000000e+02   1.0222243e+01
   3.0100000e+02   1.0222278e+01
   3.0200000e+02   1.0221934e+01
   3.0300000e+02   1.0221904e+01
   3.0400000e+02   1.0221247e+01
   3.0500000e+02   1.0220564e+01
   3.0600000e+02   1.0219622e+01
   3.0700000e+02   1.0218471e+01
   3.0800000e+02   1.0216959e+01
   3.0900000e+02   1.0214784e+01
   3.1000000e+02   1.0212176e+01
   3.1100000e+02   1.0208793e+01
   3.1200000e+02   1.0205298e+01
   3.1300000e+02   1.0202453e+01
   3.1400000e+02   1.0200602e+01
   3.1500000e+02   1.0200371e+01
   3.1600000e+02   1.0201337e+01
   3.1700000e+02   1.0202497e+01
   3.1800000e+02   1.0203181e+01
   3.1900000e+02   1.0201629e+01
   3.2000000e+02   1.0198045e+01
   3.2100000e+02   1.0193529e+01
   3.2200000e+02   1.0188832e+01
   3.2300000e+02   1.0185007e+01
   3.2400000e+02   1.0183191e+01
   3.2500000e+02   1.0183570e+01
   3.2600000e+02   1.0184816e+01
   3.2700000e+02   1.0188090e+01
   3.2800000e+02   1.0191872e+01
   3.2900000e+02   1.0195808e+01
   3.3000000e+02   1.0199785e+01
   3.3100000e+02   1.0204439e+01
   3.3200000e+02   1.0208577e+01
   3.3300000e+02   1.0211835e+01
   3.3400000e+02   1.0214229e+01
   3.3500000e+02   1.0215678e+01
   3.3600000e+02   1.0216268e+01
   3.3700000e+02   1.0215709e+01
   3.3800000e+02   1.0215044e+01
   3.3900000e+02   1.0213257e+01
   3.4000000e+02   1.0211985e+01
   3.4100000e+02   1.0210516e+01
   3.4200000e+02   1.0210225e+01
   3.4300000e+02   1.0210785e+01
   3.4400000e+02   1.0211741e+01
   3.4500000e+02   1.0212828e+01
   3.4600000e+02   1.0214630e+01
   3.4700000e+02   1.0216079e+01
   3.4800000e+02   1.0217421e+01
   3.4900000e+02   1.0218397e+01
   3.5000000e+02   1.0219271e+01
   3.5100000e+02   1.0219561e+01
   3.5200000e+02   1.0220044e+01
   3.5300000e+02   1.0220279e+01
   3.5400000e+02   1.0220318e+01
   3.5500000e+02   1.0220373e+01
   3.5600000e+02   1.0220664e+01
   3.5700000e+02   1.0220536e+01
   3.5800000e+02   1.0220472e+01
   3.5900000e+02   1.0220109e+01
   3.6000000e+02   1.0220250e+01
   3.6100000e+02   1.0219610e+01
   3.6200000e+02   1.0219378e+01
   3.6300000e+02   1.0219155e+01
   3.6400000e+02   1.0218676e+01
   3.6500000e+02   1.0218418e+01
   3.6600000e+02   1.0218541e+01
   3.6700000e+02   1.0218631e+01
   3.6800000e+02   1.0218950e+01
   3.6900000e+02   1.0219117e+01
   3.7000000e+02   1.0219181e+01
   3.7100000e+02   1.0219867e+01
   3.7200000e+02   1.0220083e+01
   3.7300000e+02   1.0220096e+01
   3.7400000e+02   1.0220250e+01
   3.7500000e+02   1.0220592e+01
   3.7600000e+02   1.0220264e+01
   3.7700000e+02   1.0220416e+01
   3.7800000e+02   1.0220414e+01
   3.7900000e+02   1.0220455e+01
   3.8000000e+02   1.0220565e+01
   3.8100000e+02   1.0220419e+01
   3.8200000e+02   1.0220492e+01
   3.8300000e+02   1.0220381e+01
   3.8400000e+02   1.0220347e+01
   3.8500000e+02   1.0220172e+01
   3.8600000e+02   1.0220188e+01
   3.8700000e+02   1.0219826e+01
   3.8800000e+02   1.0219827e+01
   3.8900000e+02   1.0219314e+01
   3.9000000e+02   1.0219149e+01
   3.9100000e+02   1.0218669e+01
   3.9200000e+02   1.0218425e+01
   3.9300000e+02   1.0218201e+01
   3.9400000e+02   1.0218320e+01
   3.9500000e+02   1.0218526e+01
   3.9600000e+02   1.0218237e+01
   3.9700000e+02   1.0218369e+01
   3.9800000e+02   1.0218751e+01
   3.9900000e+02   1.0219195e+01
   4.0000000e+02   1.0219383e+01
   4.0100000e+02   1.0219534e+01
   4.0200000e+02   1.0219540e+01
   4.0300000e+02   1.0219861e+01
   4.0400000e+02   1.0220060e+01
   4.0500000e+02   1.0220071e+01
   4.0600000e+02   1.0220252e+01
   4.0700000e+02   1.0220030e+01
   4.0800000e+02   1.0219968e+01
   4.0900000e+02   1.0219919e+01
   4.1000000e+02   1.0219878e+01
   4.1100000e+02   1.0220084e+01
   4.1200000e+02   1.0219808e+01
   4.1300000e+02   1.0219877e+01
   4.1400000e+02   1.0219868e+01
   4.1500000e+02   1.0219939e+01
   4.1600000e+02   1.0219963e+01
   4.1700000e+02   1.0219923e+01
   4.1800000e+02   1.0220052e+01
   4.1900000e+02   1.0220082e+01
   4.2000000e+02   1.0219610e+01
   4.2100000e+02   1.0219643e+01
   4.2200000e+02   1.0219957e+01
   4.2300000e+02   1.0219888e+01
   4.2400000e+02   1.0220059e+01
   4.2500000e+02   1.0219437e+01
   4.2600000e+02   1.0219544e+01
   4.2700000e+02   1.0219736e+01
   4.2800000e+02   1.0219631e+01
   4.2900000e+02   1.0219668e+01
   4.3000000e+02   1.0219631e+01
   4.3100000e+02   1.0219656e+01
   4.3200000e+02   1.0219367e+01
   4.3300000e+02   1.0219538e+01
   4.3400000e+02   1.0219497e+01
   4.3500000e+02   1.0219442e+01
   4.3600000e+02   1.0219266e+01
   4.3700000e+02   1.0219627e+01
   4.3800000e+02   1.0219344e+01
   4.3900000e+02   1.0219562e+01
   4.4000000e+02   1.0219243e+01
   4.4100000e+02   1.0219280e+01
   4.4200000e+02   1.0218652e+01
   4.4300000e+02   1.0218303e+01
   4.4400000e+02   1.0217809e+01
   4.4500000e+02   1.0217271e+01
   4.4600000e+02   1.0215874e+01
   4.4700000e+02   1.0214798e+01
   4.4800000e+02   1.0213373e+01
   4.4900000e+02   1.0211731e+01
   4.5000000e+02   1.0210401e+01
   4.5100000e+02   1.0209372e+01
   4.5200000e+02   1.0208817e+01
   4.5300000e+02   1.0208777e+01
   4.5400000e+02   1.0209204e+01
   4.5500000e+02   1.0209921e+01
   4.5600000e+02   1.0211462e+01
   4.5700000e+02   1.0212462e+01
   4.5800000e+02   1.0213826e+01
   4.5900000e+02   1.0214810e+01
   4.6000000e+02   1.0215838e+01
   4.6100000e+02   1.0216915e+01
   4.6200000e+02   1.0217499e+01
   4.6300000e+02   1.0217729e+01
   4.6400000e+02   1.0218156e+01
   4.6500000e+02   1.0218001e+01
   4.6600000e+02   1.0218457e+01
   4.6700000e+02   1.0218240e+01
   4.6800000e+02   1.0218434e+01
   4.6900000e+02   1.0218382e+01
   4.7000000e+02   1.0218474e+01
   4.7100000e+02   1.0218531e+01
   4.7200000e+02   1.0218717e+01
   4.7300000e+02   1.0218390e+01
   4.7400000e+02   1.0218712e+01
   4.7500000e+02   1.0218419e+01
   4.7600000e+02   1.0218343e+01
   4.7700000e+02   1.0218547e+01
   4.7800000e+02   1.0218537e+01
   4.7900000e+02   1.0218497e+01
   4.8000000e+02   1.0218698e+01
   4.8100000e+02   1.0218446e+01
   4.8200000e+02   1.0218612e+01
   4.8300000e+02   1.0218612e+01
   4.8400000e+02   1.0218677e+01
   4.8500000e+02   1.0218647e+01
   4.8600000e+02   1.0218497e+01
   4.8700000e+02   1.0218417e+01
   4.8800000e+02   1.0218798e+01
   4.8900000e+02   1.0218413e+01
   4.9000000e+02   1.0218376e+01
   4.9100000e+02   1.0218259e+01
   4.9200000e+02   1.0218385e+01
   4.9300000e+02   1.0218157e+01
   4.9400000e+02   1.0218219e+01
   4.9500000e+02   1.0218141e+01
   4.9600000e+02   1.0218225e+01
   4.9700000e+02   1.0218214e+01
   4.9800000e+02   1.0218294e+01
   4.9900000e+02   1.0218030e+01
   5.0000000e+02   1.0218135e+01
   5.0100000e+02   1.0218093e+01
   5.0200000e+02   1.0218078e+01
   5.0300000e+02   1.0217813e+01
   5.0400000e+02   1.0218058e+01
   5.0500000e+02   1.0217841e+01
   5.0600000e+02   1.0217920e+01
   5.0700000e+02   1.0218154e+01
   5.0800000e+02   1.0218156e+01
   5.0900000e+02   1.0217872e+01
   5.1000000e+02   1.0218017e+01
   5.1100000e+02   1.0218036e+01
   5.1200000e+02   1.0218080e+01
   5.1300000e+02   1.0218076e+01
   5.1400000e+02   1.0217763e+01
   5.1500000e+02   1.0218209e+01
   5.1600000e+02   1.0218067e+01
   5.1700000e+02   1.0217992e+01
   5.1800000e+02   1.0218014e+01
   5.1900000e+02   1.0217752e+01
   5.2000000e+02   1.0217782e+01
   5.2100000e+02   1.0217863e+01
   5.2200000e+02   1.0217964e+01
   5.2300000e+02   1.0217889e+01
   5.2400000e+02   1.0218128e+01
   5.2500000e+02   1.0217827e+01
   5.2600000e+02   1.0217515e+01
   5.2700000e+02   1.0217623e+01
   5.2800000e+02   1.0217590e+01
   5.2900000e+02   1.0217895e+01
   5.3000000e+02   1.0217852e+01
   5.3100000e+02   1.0217661e+01
   5.3200000e+02   1.0217800e+01
   5.3300000e+02   1.0217776e+01
   5.3400000e+02   1.0217624e+01
   5.3500000e+02   1.0217746e+01
   5.3600000e+02   1.0217742e+01
   5.3700000e+02   1.0217671e+01
   5.3800000e+02   1.0217690e+01
   5.3900000e+02   1.0217955e+01
   5.4000000e+02   1.0217248e+01
   5.4100000e+02   1.0217627e+01
   5.4200000e+02   1.0217795e+01
   5.4300000e+02   1.0217393e+01
   5.4400000e+02   1.0217782e+01
   5.4500000e+02   1.0217654e+01
   5.4600000e+02   1.0217199e+01
   5.4700000e+02   1.0217075e+01
   5.4800000e+02   1.0217510e+01
   5.4900000e+02   1.0217299e+01
   5.5000000e+02   1.0217117e+01
   5.5100000e+02   1.0217454e+01
   5.5200000e+02   1.0217503e+01
   5.5300000e+02   1.0217321e+01
   5.5400000e+02   1.0217012e+01
   5.5500000e+02   1.0217256e+01
   5.5600000e+02   1.0217079e+01
   5.5700000e+02   1.0217583e+01
   5.5800000e+02   1.0217136e+01
   5.5900000e+02   1.0217161e+01
   5.6000000e+02   1.0217643e+01
   5.6100000e+02   1.0217076e+01
   5.6200000e+02   1.0217154e+01
   5.6300000e+02   1.0217589e+01
   5.6400000e+02   1.0217095e+01
   5.6500000e+02   1.0217062e+01
   5.6600000e+02   1.0217056e+01
   5.6700000e+02   1.0217053e+01
   5.6800000e+02   1.0217050e+01
   5.6900000e+02   1.0217151e+01
   5.7000000e+02   1.0216845e+01
   5.7100000e+02   1.0216934e+01
   5.7200000e+02   1.0216684e+01
   5.7300000e+02   1.0216884e+01
   5.7400000e+02   1.0216714e+01
   5.7500000e+02   1.0216750e+01
   5.7600000e+02   1.0217044e+01
   5.7700000e+02   1.0216434e+01
   5.7800000e+02   1.0216871e+01
   5.7900000e+02   1.0216816e+01
   5.8000000e+02   1.0216669e+01
   5.8100000e+02   1.0216664e+01
   5.8200000e+02   1.0216559e+01
   5.8300000e+02   1.0216923e+01
   5.8400000e+02   1.0216850e+01
   5.8500000e+02   1.0216779e+01
   5.8600000e+02   1.0216795e+01
   5.8700000e+02   1.0216670e+01
   5.8800000e+02   1.0216681e+01
   5.8900000e+02   1.0216592e+01
   5.9000000e+02   1.0216729e+01
   5.9100000e+02   1.0216695e+01
   5.9200000e+02   1.0216486e+01
   5.9300000e+02   1.0216479e+01
   5.9400000e+02   1.0216546e+01
   5.9500000e+02   1.0216547e+01
   5.9600000e+02   1.0216308e+01
   5.9700000e+02   1.0216365e+01
   5.9800000e+02   1.0216303e+01
   5.9900000e+02   1.0216560e+01
   6.0000000e+02   1.0216458e+01
   6.0100000e+02   1.0216288e+01
   6.0200000e+02   1.0216099e+01
   6.0300000e+02   1.0216282e+01
   6.0400000e+02   1.0216227e+01
   6.0500000e+02   1.0216262e+01
   6.0600000e+02   1.0216405e+01
   6.0700000e+02   1.0216589e+01
   6.0800000e+02   1.0216312e+01
   6.0900000e+02   1.0216253e+01
   6.1000000e+02   1.0216165e+01
   6.1100000e+02   1.0216278e+01
   6.1200000e+02   1.0216474e+01
   6.1300000e+02   1.0216246e+01
   6.1400000e+02   1.0216434e+01
   6.1500000e+02   1.0216321e+01
   6.1600000e+02   1.0216042e+01
   6.1700000e+02   1.0216113e+01
   6.1800000e+02   1.0216261e+01
   6.1900000e+02   1.0215934e+01
   6.2000000e+02   1.0215915e+01
   6.2100000e+02   1.0216129e+01
   6.2200000e+02   1.0215873e+01
   6.2300000e+02   1.0216263e+01
   6.2400000e+02   1.0215842e+01
   6.2500000e+02   1.0215737e+01
   6.2600000e+02   1.0215923e+01
   6.2700000e+02   1.0215986e+01
   6.2800000e+02   1.0215888e+01
   6.2900000e+02   1.0215944e+01
   6.3000000e+02   1.0215947e+01
   6.3100000e+02   1.0215838e+01
   6.3200000e+02   1.0215766e+01
   6.3300000e+02   1.0215810e+01
   6.3400000e+02   1.0215694e+01
   6.3500000e+02   1.0216026e+01
   6.3600000e+02   1.0215830e+01
   6.3700000e+02   1.0215717e+01
   6.3800000e+02   1.0215751e+01
   6.3900000e+02   1.0215896e+01
   6.4000000e+02   1.0215664e+01
   6.4100000e+02   1.0215661e+01
   6.4200000e+02   1.0215460e+01
   6.4300000e+02   1.0215477e+01
   6.4400000e+02   1.0215874e+01
   6.4500000e+02   1.0215743e+01
   6.4600000e+02   1.0215521e+01
   6.4700000e+02   1.0215490e+01
   6.4800000e+02   1.0215689e+01
   6.4900000e+02   1.0215623e+01
   6.5000000e+02   1.0215928e+01
   6.5100000e+02   1.0215671e+01
   6.5200000e+02   1.0215670e+01
   6.5300000e+02   1.0215686e+01
   6.5400000e+02   1.0215398e+01
   6.5500000e+02   1.0215517e+01
   6.5600000e+02   1.0215587e+01
   6.5700000e+02   1.0215675e+01
   6.5800000e+02   1.0215406e+01
   6.5900000e+02   1.0215539e+01
   6.6000000e+02   1.0215523e+01
   6.6100000e+02   1.0215354e+01
   6.6200000e+02   1.0215482e+01
   6.6300000e+02   1.0215542e+01
   6.6400000e+02   1.0215352e+01
   6.6500000e+02   1.0215092e+01
   6.6600000e+02   1.0215383e+01
   6.6700000e+02   1.0215476e+01
   6.6800000e+02   1.0215434e+01
   6.6900000e+02   1.0215107e+01
   6.7000000e+02   1.0215192e+01
   6.7100000e+02   1.0215018e+01
   6.7200000e+02   1.0215277e+01
   6.7300000e+02   1.0215071e+01
   6.7400000e+02   1.0215080e+01
   6.7500000e+02   1.0215204e+01
   6.7600000e+02   1.0215119e+01
   6.7700000e+02   1.0215142e+01
   6.7800000e+02   1.0215212e+01
   6.7900000e+02   1.0215315e+01
   6.8000000e+02   1.0214797e+01
   6.8100000e+02   1.0215432e+01
   6.8200000e+02   1.0215077e+01
   6.8300000e+02   1.0215291e+01
   6.8400000e+02   1.0214832e+01
   6.8500000e+02   1.0215023e+01
   6.8600000e+02   1.0215150e+01
   6.8700000e+02   1.0215067e+01
   6.8800000e+02   1.0214909e+01
   6.8900000e+02   1.0214977e+01
   6.9000000e+02   1.0215101e+01
   6.9100000e+02   1.0214918e+01
   6.9200000e+02   1.0214790e+01
   6.9300000e+02   1.0214961e+01
   6.9400000e+02   1.0214969e+01
   6.9500000e+02   1.0215005e+01
   6.9600000e+02   1.0214920e+01
   6.9700000e+02   1.0214465e+01
   6.9800000e+02   1.0214993e+01
   6.9900000e+02   1.0214681e+01
   7.0000000e+02   1.0214853e+01
   7.0100000e+02   1.0214803e+01
   7.0200000e+02   1.0215000e+01
   7.0300000e+02   1.0214889e+01
   7.0400000e+02   1.0214663e+01
   7.0500000e+02   1.0214755e+01
   7.0600000e+02   1.0214830e+01
   7.0700000e+02   1.0214738e+01
   7.0800000e+02   1.0214835e+01
   7.0900000e+02   1.0214919e+01
   7.1000000e+02   1.0214871e+01
   7.1100000e+02   1.0214839e+01
   7.1200000e+02   1.0214707e+01
   7.1300000e+02   1.0214674e+01
   7.1400000e+02   1.0214777e+01
   7.1500000e+02   1.0214639e+01
   7.1600000e+02   1.0214845e+01
   7.1700000e+02   1.0214621e+01
   7.1800000e+02   1.0214550e+01
   7.1900000e+02   1.0214789e+01
   7.2000000e+02   1.0214724e+01
   7.2100000e+02   1.0214613e+01
   7.2200000e+02   1.0214602e+01
   7.2300000e+02   1.0214750e+01
   7.2400000e+02   1.0214454e+01
   7.2500000e+02   1.0214569e+01
   7.2600000e+02   1.0214560e+01
   7.2700000e+02   1.0214562e+01
   7.2800000e+02   1.0214390e+01
   7.2900000e+02   1.0214295e+01
   7.3000000e+02   1.0214033e+01
   7.3100000e+02   1.0214388e+01
   7.3200000e+02   1.0214654e+01
   7.3300000e+02   1.0214528e+01
   7.3400000e+02   1.0214111e+01
   7.3500000e+02   1.0214258e+01
   7.3600000e+02   1.0213955e+01
   7.3700000e+02   1.0214092e+01
   7.3800000e+02   1.0214271e+01
   7.3900000e+02   1.0214357e+01
   7.4000000e+02   1.0214236e+01
   7.4100000e+02   1.0214123e+01
   7.4200000e+02   1.0214059e+01
   7.4300000e+02   1.0213963e+01
   7.4400000e+02   1.0214436e+01
   7.4500000e+02   1.0213815e+01
   7.4600000e+02   1.0214081e+01
   7.4700000e+02   1.0214198e+01
   7.4800000e+02   1.0214172e+01
   7.4900000e+02   1.0214142e+01
   7.5000000e+02   1.0214040e+01
   7.5100000e+02   1.0213922e+01
   7.5200000e+02   1.0214148e+01
   7.5300000e+02   1.0214148e+01
   7.5400000e+02   1.0213973e+01
   7.5500000e+02   1.0214170e+01
   7.5600000e+02   1.0214011e+01
   7.5700000e+02   1.0214080e+01
   7.5800000e+02   1.0213885e+01
   7.5900000e+02   1.0214041e+01
   7.6000000e+02   1.0213760e+01
   7.6100000e+02   1.0213858e+01
   7.6200000e+02   1.0213929e+01
   7.6300000e+02   1.0213788e+01
   7.6400000e+02   1.0213552e+01
   7.6500000e+02   1.0213784e+01
   7.6600000e+02   1.0213735e+01
   7.6700000e+02   1.0213660e+01
   7.6800000e+02   1.0213806e+01
   7.6900000e+02   1.0213729e+01
   7.7000000e+02   1.0213758e+01
   7.7100000e+02   1.0213777e+01
   7.7200000e+02   1.0213606e+01
   7.7300000e+02   1.0213425e+01
   7.7400000e+02   1.0214096e+01
   7.7500000e+02   1.0213576e+01
   7.7600000e+02   1.0213654e+01
   7.7700000e+02   1.0213910e+01
   7.7800000e+02   1.0213797e+01
   7.7900000e+02   1.0213695e+01
   7.8000000e+02   1.0213680e+01
