   0.0000000e+00   1.0196114e+01
   1.0000000e+00   1.0191023e+01
   2.0000000e+00   1.0189801e+01
   3.0000000e+00   1.0189024e+01
   4.0000000e+00   1.0188502e+01
   5.0000000e+00   1.0187942e+01
   6.0000000e+00   1.0187707e+01
   7.0000000e+00   1.0187072e+01
   8.0000000e+00   1.0186593e+01
   9.0000000e+00   1.0186109e+01
   1.0000000e+01   1.0186023e+01
   1.1000000e+01   1.0186065e+01
   1.2000000e+01   1.0185469e+01
   1.3000000e+01   1.0185328e+01
   1.4000000e+01   1.0185071e+01
   1.5000000e+01   1.0185068e+01
   1.6000000e+01   1.0184725e+01
   1.7000000e+01   1.0184440e+01
   1.8000000e+01   1.0184532e+01
   1.9000000e+01   1.0184442e+01
   2.0000000e+01   1.0184374e+01
   2.1000000e+01   1.0183950e+01
   2.2000000e+01   1.0183761e+01
   2.3000000e+01   1.0183683e+01
   2.4000000e+01   1.0183519e+01
   2.5000000e+01   1.0183575e+01
   2.6000000e+01   1.0183065e+01
   2.7000000e+01   1.0183410e+01
   2.8000000e+01   1.0183296e+01
   2.9000000e+01   1.0183244e+01
   3.0000000e+01   1.0183210e+01
   3.1000000e+01   1.0182919e+01
   3.2000000e+01   1.0182595e+01
   3.3000000e+01   1.0182759e+01
   3.4000000e+01   1.0182523e+01
   3.5000000e+01   1.0182543e+01
   3.6000000e+01   1.0182442e+01
   3.7000000e+01   1.0182290e+01
   3.8000000e+01   1.0182199e+01
   3.9000000e+01   1.0181989e+01
   4.0000000e+01   1.0181880e+01
   4.1000000e+01   1.0181729e+01
   4.2000000e+01   1.0181823e+01
   4.3000000e+01   1.0181968e+01
   4.4000000e+01   1.0181777e+01
   4.5000000e+01   1.0181721e+01
   4.6000000e+01   1.0181409e+01
   4.7000000e+01   1.0181395e+01
   4.8000000e+01   1.0181349e+01
   4.9000000e+01   1.0181404e+01
   5.0000000e+01   1.0181485e+01
   5.1000000e+01   1.0181390e+01
   5.2000000e+01   1.0181117e+01
   5.3000000e+01   1.0181224e+01
   5.4000000e+01   1.0180976e+01
   5.5000000e+01   1.0181024e+01
   5.6000000e+01   1.0181034e+01
   5.7000000e+01   1.0180770e+01
   5.8000000e+01   1.0180707e+01
   5.9000000e+01   1.0180713e+01
   6.0000000e+01   1.0180610e+01
   6.1000000e+01   1.0180408e+01
   6.2000000e+01   1.0180447e+01
   6.3000000e+01   1.0180670e+01
   6.4000000e+01   1.0180696e+01
   6.5000000e+01   1.0180366e+01
   6.6000000e+01   1.0180400e+01
   6.7000000e+01   1.0180361e+01
   6.8000000e+01   1.0180458e+01
   6.9000000e+01   1.0180207e+01
   7.0000000e+01   1.0180107e+01
   7.1000000e+01   1.0179803e+01
   7.2000000e+01   1.0179888e+01
   7.3000000e+01   1.0179845e+01
   7.4000000e+01   1.0179858e+01
   7.5000000e+01   1.0179577e+01
   7.6000000e+01   1.0179654e+01
   7.7000000e+01   1.0179456e+01
   7.8000000e+01   1.0179274e+01
   7.9000000e+01   1.0179655e+01
   8.0000000e+01   1.0179026e+01
   8.1000000e+01   1.0179234e+01
   8.2000000e+01   1.0179267e+01
   8.3000000e+01   1.0179141e+01
   8.4000000e+01   1.0179174e+01
   8.5000000e+01   1.0179350e+01
   8.6000000e+01   1.0179139e+01
   8.7000000e+01   1.0179077e+01
   8.8000000e+01   1.0178974e+01
   8.9000000e+01   1.0179074e+01
   9.0000000e+01   1.0179175e+01
   9.1000000e+01   1.0178852e+01
   9.2000000e+01   1.0178712e+01
   9.3000000e+01   1.0178905e+01
   9.4000000e+01   1.0178740e+01
   9.5000000e+01   1.0178685e+01
   9.6000000e+01   1.0178560e+01
   9.7000000e+01   1.0178766e+01
   9.8000000e+01   1.0178680e+01
   9.9000000e+01   1.0178560e+01
   1.0000000e+02   1.0178671e+01
   1.0100000e+02   1.0178513e+01
   1.0200000e+02   1.0178420e+01
   1.0300000e+02   1.0178481e+01
   1.0400000e+02   1.0178281e+01
   1.0500000e+02   1.0178277e+01
   1.0600000e+02   1.0178107e+01
   1.0700000e+02   1.0178025e+01
   1.0800000e+02   1.0177911e+01
   1.0900000e+02   1.0177791e+01
   1.1000000e+02   1.0178021e+01
   1.1100000e+02   1.0177785e+01
   1.1200000e+02   1.0177781e+01
   1.1300000e+02   1.0177600e+01
   1.1400000e+02   1.0177731e+01
   1.1500000e+02   1.0177905e+01
   1.1600000e+02   1.0177519e+01
   1.1700000e+02   1.0177601e+01
   1.1800000e+02   1.0177781e+01
   1.1900000e+02   1.0177860e+01
   1.2000000e+02   1.0177695e+01
   1.2100000e+02   1.0177514e+01
   1.2200000e+02   1.0177665e+01
   1.2300000e+02   1.0177507e+01
   1.2400000e+02   1.0177465e+01
   1.2500000e+02   1.0177452e+01
   1.2600000e+02   1.0177502e+01
   1.2700000e+02   1.0177375e+01
   1.2800000e+02   1.0177461e+01
   1.2900000e+02   1.0177153e+01
   1.3000000e+02   1.0177272e+01
   1.3100000e+02   1.0177407e+01
   1.3200000e+02   1.0177248e+01
   1.3300000e+02   1.0177299e+01
   1.3400000e+02   1.0177255e+01
   1.3500000e+02   1.0177191e+01
   1.3600000e+02   1.0177222e+01
   1.3700000e+02   1.0177365e+01
   1.3800000e+02   1.0177115e+01
   1.3900000e+02   1.0177388e+01
   1.4000000e+02   1.0177152e+01
   1.4100000e+02   1.0177039e+01
   1.4200000e+02   1.0177156e+01
   1.4300000e+02   1.0176922e+01
   1.4400000e+02   1.0177163e+01
   1.4500000e+02   1.0176969e+01
   1.4600000e+02   1.0176764e+01
   1.4700000e+02   1.0176676e+01
   1.4800000e+02   1.0176521e+01
   1.4900000e+02   1.0176552e+01
   1.5000000e+02   1.0176403e+01
   1.5100000e+02   1.0176393e+01
   1.5200000e+02   1.0176833e+01
   1.5300000e+02   1.0176694e+01
   1.5400000e+02   1.0176516e+01
   1.5500000e+02   1.0176504e+01
   1.5600000e+02   1.0176428e+01
   1.5700000e+02   1.0176362e+01
   1.5800000e+02   1.0176405e+01
   1.5900000e+02   1.0176425e+01
   1.6000000e+02   1.0176167e+01
   1.6100000e+02   1.0176237e+01
   1.6200000e+02   1.0176471e+01
   1.6300000e+02   1.0176355e+01
   1.6400000e+02   1.0176193e+01
   1.6500000e+02   1.0176075e+01
   1.6600000e+02   1.0176025e+01
   1.6700000e+02   1.0173830e+01
   1.6800000e+02   1.0164528e+01
   1.6900000e+02   1.0157638e+01
   1.7000000e+02   1.0162674e+01
   1.7100000e+02   1.0169823e+01
   1.7200000e+02   1.0173246e+01
   1.7300000e+02   1.0174815e+01
   1.7400000e+02   1.0175212e+01
   1.7500000e+02   1.0175495e+01
   1.7600000e+02   1.0175898e+01
   1.7700000e+02   1.0175577e+01
   1.7800000e+02   1.0175723e+01
   1.7900000e+02   1.0172429e+01
   1.8000000e+02   1.0152384e+01
   1.8100000e+02   1.0139985e+01
   1.8200000e+02   1.0143168e+01
   1.8300000e+02   1.0149354e+01
   1.8400000e+02   1.0153026e+01
   1.8500000e+02   1.0154041e+01
   1.8600000e+02   1.0154367e+01
   1.8700000e+02   1.0155571e+01
   1.8800000e+02   1.0159387e+01
   1.8900000e+02   1.0163942e+01
   1.9000000e+02   1.0168197e+01
   1.9100000e+02   1.0171748e+01
   1.9200000e+02   1.0173186e+01
   1.9300000e+02   1.0173719e+01
   1.9400000e+02   1.0173932e+01
   1.9500000e+02   1.0174069e+01
   1.9600000e+02   1.0174071e+01
   1.9700000e+02   1.0174206e+01
   1.9800000e+02   1.0174236e+01
   1.9900000e+02   1.0174055e+01
   2.0000000e+02   1.0174003e+01
   2.0100000e+02   1.0174057e+01
   2.0200000e+02   1.0174352e+01
   2.0300000e+02   1.0174206e+01
   2.0400000e+02   1.0174219e+01
   2.0500000e+02   1.0174184e+01
   2.0600000e+02   1.0174311e+01
   2.0700000e+02   1.0174281e+01
   2.0800000e+02   1.0174147e+01
   2.0900000e+02   1.0174034e+01
   2.1000000e+02   1.0174146e+01
   2.1100000e+02   1.0174130e+01
   2.1200000e+02   1.0173913e+01
   2.1300000e+02   1.0173856e+01
   2.1400000e+02   1.0173813e+01
   2.1500000e+02   1.0173909e+01
   2.1600000e+02   1.0174002e+01
   2.1700000e+02   1.0173887e+01
   2.1800000e+02   1.0173871e+01
   2.1900000e+02   1.0173828e+01
   2.2000000e+02   1.0173719e+01
   2.2100000e+02   1.0173478e+01
   2.2200000e+02   1.0173715e+01
   2.2300000e+02   1.0173361e+01
   2.2400000e+02   1.0173540e+01
   2.2500000e+02   1.0173065e+01
   2.2600000e+02   1.0172830e+01
   2.2700000e+02   1.0172740e+01
   2.2800000e+02   1.0172840e+01
   2.2900000e+02   1.0172503e+01
   2.3000000e+02   1.0172902e+01
   2.3100000e+02   1.0172844e+01
   2.3200000e+02   1.0172725e+01
   2.3300000e+02   1.0173074e+01
   2.3400000e+02   1.0173020e+01
   2.3500000e+02   1.0173018e+01
   2.3600000e+02   1.0173294e+01
   2.3700000e+02   1.0173477e+01
   2.3800000e+02   1.0173759e+01
   2.3900000e+02   1.0173297e+01
   2.4000000e+02   1.0173474e+01
   2.4100000e+02   1.0173604e+01
   2.4200000e+02   1.0173170e+01
   2.4300000e+02   1.0173082e+01
   2.4400000e+02   1.0172996e+01
   2.4500000e+02   1.0172747e+01
   2.4600000e+02   1.0171852e+01
   2.4700000e+02   1.0170134e+01
   2.4800000e+02   1.0168188e+01
   2.4900000e+02   1.0164964e+01
   2.5000000e+02   1.0162119e+01
   2.5100000e+02   1.0160552e+01
   2.5200000e+02   1.0160280e+01
   2.5300000e+02   1.0161436e+01
   2.5400000e+02   1.0163537e+01
   2.5500000e+02   1.0165367e+01
   2.5600000e+02   1.0166315e+01
   2.5700000e+02   1.0166869e+01
   2.5800000e+02   1.0166255e+01
   2.5900000e+02   1.0165522e+01
   2.6000000e+02   1.0164452e+01
   2.6100000e+02   1.0163551e+01
   2.6200000e+02   1.0162864e+01
   2.6300000e+02   1.0162283e+01
   2.6400000e+02   1.0161642e+01
   2.6500000e+02   1.0161077e+01
   2.6600000e+02   1.0160729e+01
   2.6700000e+02   1.0161315e+01
   2.6800000e+02   1.0162457e+01
   2.6900000e+02   1.0163955e+01
   2.7000000e+02   1.0165413e+01
   2.7100000e+02   1.0167250e+01
   2.7200000e+02   1.0168534e+01
   2.7300000e+02   1.0168993e+01
   2.7400000e+02   1.0169130e+01
   2.7500000e+02   1.0169280e+01
   2.7600000e+02   1.0169250e+01
   2.7700000e+02   1.0169109e+01
   2.7800000e+02   1.0169265e+01
   2.7900000e+02   1.0169000e+01
   2.8000000e+02   1.0169420e+01
   2.8100000e+02   1.0169611e+01
   2.8200000e+02   1.0169779e+01
   2.8300000e+02   1.0170156e+01
   2.8400000e+02   1.0170432e+01
   2.8500000e+02   1.0170044e+01
   2.8600000e+02   1.0170211e+01
   2.8700000e+02   1.0170343e+01
   2.8800000e+02   1.0170744e+01
   2.8900000e+02   1.0170467e+01
   2.9000000e+02   1.0170969e+01
   2.9100000e+02   1.0170935e+01
   2.9200000e+02   1.0171059e+01
   2.9300000e+02   1.0171103e+01
   2.9400000e+02   1.0171074e+01
   2.9500000e+02   1.0170843e+01
   2.9600000e+02   1.0171156e+01
   2.9700000e+02   1.0171445e+01
   2.9800000e+02   1.0171167e+01
   2.9900000e+02   1.0171437e+01
   3.0000000e+02   1.0171355e+01
   3.0100000e+02   1.0171418e+01
   3.0200000e+02   1.0171146e+01
   3.0300000e+02   1.0170874e+01
   3.0400000e+02   1.0170395e+01
   3.0500000e+02   1.0169540e+01
   3.0600000e+02   1.0168422e+01
   3.0700000e+02   1.0167183e+01
   3.0800000e+02   1.0165965e+01
   3.0900000e+02   1.0163945e+01
   3.1000000e+02   1.0161471e+01
   3.1100000e+02   1.0157926e+01
   3.1200000e+02   1.0154254e+01
   3.1300000e+02   1.0150915e+01
   3.1400000e+02   1.0148949e+01
   3.1500000e+02   1.0148810e+01
   3.1600000e+02   1.0149840e+01
   3.1700000e+02   1.0151076e+01
   3.1800000e+02   1.0151450e+01
   3.1900000e+02   1.0150197e+01
   3.2000000e+02   1.0146476e+01
   3.2100000e+02   1.0141424e+01
   3.2200000e+02   1.0136237e+01
   3.2300000e+02   1.0132290e+01
   3.2400000e+02   1.0129832e+01
   3.2500000e+02   1.0130088e+01
   3.2600000e+02   1.0131816e+01
   3.2700000e+02   1.0134180e+01
   3.2800000e+02   1.0138106e+01
   3.2900000e+02   1.0142228e+01
   3.3000000e+02   1.0147069e+01
   3.3100000e+02   1.0151843e+01
   3.3200000e+02   1.0156076e+01
   3.3300000e+02   1.0159721e+01
   3.3400000e+02   1.0162713e+01
   3.3500000e+02   1.0164221e+01
   3.3600000e+02   1.0164939e+01
   3.3700000e+02   1.0164693e+01
   3.3800000e+02   1.0163476e+01
   3.3900000e+02   1.0161997e+01
   3.4000000e+02   1.0160478e+01
   3.4100000e+02   1.0159378e+01
   3.4200000e+02   1.0158530e+01
   3.4300000e+02   1.0158924e+01
   3.4400000e+02   1.0159562e+01
   3.4500000e+02   1.0161546e+01
   3.4600000e+02   1.0163077e+01
   3.4700000e+02   1.0164815e+01
   3.4800000e+02   1.0166144e+01
   3.4900000e+02   1.0167238e+01
   3.5000000e+02   1.0168068e+01
   3.5100000e+02   1.0168695e+01
   3.5200000e+02   1.0169106e+01
   3.5300000e+02   1.0169332e+01
   3.5400000e+02   1.0169560e+01
   3.5500000e+02   1.0169745e+01
   3.5600000e+02   1.0169522e+01
   3.5700000e+02   1.0169433e+01
   3.5800000e+02   1.0169457e+01
   3.5900000e+02   1.0169324e+01
   3.6000000e+02   1.0169157e+01
   3.6100000e+02   1.0168944e+01
   3.6200000e+02   1.0168382e+01
   3.6300000e+02   1.0168204e+01
   3.6400000e+02   1.0167467e+01
   3.6500000e+02   1.0167411e+01
   3.6600000e+02   1.0167487e+01
   3.6700000e+02   1.0167560e+01
   3.6800000e+02   1.0167788e+01
   3.6900000e+02   1.0167973e+01
   3.7000000e+02   1.0168432e+01
   3.7100000e+02   1.0168920e+01
   3.7200000e+02   1.0168907e+01
   3.7300000e+02   1.0169072e+01
   3.7400000e+02   1.0169305e+01
   3.7500000e+02   1.0169361e+01
   3.7600000e+02   1.0169516e+01
   3.7700000e+02   1.0169725e+01
   3.7800000e+02   1.0169456e+01
   3.7900000e+02   1.0169683e+01
   3.8000000e+02   1.0169599e+01
   3.8100000e+02   1.0169233e+01
   3.8200000e+02   1.0169484e+01
   3.8300000e+02   1.0169422e+01
   3.8400000e+02   1.0169847e+01
   3.8500000e+02   1.0169544e+01
   3.8600000e+02   1.0169224e+01
   3.8700000e+02   1.0169074e+01
   3.8800000e+02   1.0168950e+01
   3.8900000e+02   1.0168697e+01
   3.9000000e+02   1.0168201e+01
   3.9100000e+02   1.0167704e+01
   3.9200000e+02   1.0167726e+01
   3.9300000e+02   1.0167480e+01
   3.9400000e+02   1.0167306e+01
   3.9500000e+02   1.0167318e+01
   3.9600000e+02   1.0167594e+01
   3.9700000e+02   1.0167635e+01
   3.9800000e+02   1.0167893e+01
   3.9900000e+02   1.0168030e+01
   4.0000000e+02   1.0168445e+01
   4.0100000e+02   1.0168540e+01
   4.0200000e+02   1.0168930e+01
   4.0300000e+02   1.0168882e+01
   4.0400000e+02   1.0168861e+01
   4.0500000e+02   1.0168942e+01
   4.0600000e+02   1.0169341e+01
   4.0700000e+02   1.0169531e+01
   4.0800000e+02   1.0169147e+01
   4.0900000e+02   1.0169174e+01
   4.1000000e+02   1.0169121e+01
   4.1100000e+02   1.0169170e+01
   4.1200000e+02   1.0169166e+01
   4.1300000e+02   1.0169220e+01
   4.1400000e+02   1.0169042e+01
   4.1500000e+02   1.0168946e+01
   4.1600000e+02   1.0168900e+01
   4.1700000e+02   1.0168984e+01
   4.1800000e+02   1.0168879e+01
   4.1900000e+02   1.0169047e+01
   4.2000000e+02   1.0169315e+01
   4.2100000e+02   1.0169215e+01
   4.2200000e+02   1.0169182e+01
   4.2300000e+02   1.0168973e+01
   4.2400000e+02   1.0168935e+01
   4.2500000e+02   1.0169030e+01
   4.2600000e+02   1.0168991e+01
   4.2700000e+02   1.0169143e+01
   4.2800000e+02   1.0168673e+01
   4.2900000e+02   1.0168806e+01
   4.3000000e+02   1.0168880e+01
   4.3100000e+02   1.0168987e+01
   4.3200000e+02   1.0168840e+01
   4.3300000e+02   1.0168911e+01
   4.3400000e+02   1.0168646e+01
   4.3500000e+02   1.0168612e+01
   4.3600000e+02   1.0168650e+01
   4.3700000e+02   1.0168487e+01
   4.3800000e+02   1.0168560e+01
   4.3900000e+02   1.0168556e+01
   4.4000000e+02   1.0168054e+01
   4.4100000e+02   1.0168079e+01
   4.4200000e+02   1.0167746e+01
   4.4300000e+02   1.0166670e+01
   4.4400000e+02   1.0165770e+01
   4.4500000e+02   1.0164283e+01
   4.4600000e+02   1.0162125e+01
   4.4700000e+02   1.0159680e+01
   4.4800000e+02   1.0157087e+01
   4.4900000e+02   1.0154056e+01
   4.5000000e+02   1.0151003e+01
   4.5100000e+02   1.0149185e+01
   4.5200000e+02   1.0147914e+01
   4.5300000e+02   1.0147537e+01
   4.5400000e+02   1.0148267e+01
   4.5500000e+02   1.0150462e+01
   4.5600000e+02   1.0152332e+01
   4.5700000e+02   1.0154872e+01
   4.5800000e+02   1.0157626e+01
   4.5900000e+02   1.0159730e+01
   4.6000000e+02   1.0162096e+01
   4.6100000e+02   1.0163475e+01
   4.6200000e+02   1.0164987e+01
   4.6300000e+02   1.0165681e+01
   4.6400000e+02   1.0165946e+01
   4.6500000e+02   1.0166735e+01
   4.6600000e+02   1.0166884e+01
   4.6700000e+02   1.0166796e+01
   4.6800000e+02   1.0167498e+01
   4.6900000e+02   1.0167313e+01
   4.7000000e+02   1.0167387e+01
   4.7100000e+02   1.0167460e+01
   4.7200000e+02   1.0167621e+01
   4.7300000e+02   1.0167545e+01
   4.7400000e+02   1.0167631e+01
   4.7500000e+02   1.0167526e+01
   4.7600000e+02   1.0167849e+01
   4.7700000e+02   1.0167567e+01
   4.7800000e+02   1.0167843e+01
   4.7900000e+02   1.0167781e+01
   4.8000000e+02   1.0167485e+01
   4.8100000e+02   1.0167684e+01
   4.8200000e+02   1.0167586e+01
   4.8300000e+02   1.0167441e+01
   4.8400000e+02   1.0167565e+01
   4.8500000e+02   1.0167730e+01
   4.8600000e+02   1.0167586e+01
   4.8700000e+02   1.0167567e+01
   4.8800000e+02   1.0167832e+01
   4.8900000e+02   1.0167744e+01
   4.9000000e+02   1.0167304e+01
   4.9100000e+02   1.0167009e+01
   4.9200000e+02   1.0167657e+01
   4.9300000e+02   1.0167623e+01
   4.9400000e+02   1.0167649e+01
   4.9500000e+02   1.0167680e+01
   4.9600000e+02   1.0167454e+01
   4.9700000e+02   1.0167567e+01
   4.9800000e+02   1.0167287e+01
   4.9900000e+02   1.0167486e+01
   5.0000000e+02   1.0167323e+01
   5.0100000e+02   1.0167260e+01
   5.0200000e+02   1.0167264e+01
   5.0300000e+02   1.0167389e+01
   5.0400000e+02   1.0167200e+01
   5.0500000e+02   1.0167420e+01
   5.0600000e+02   1.0167395e+01
   5.0700000e+02   1.0167604e+01
   5.0800000e+02   1.0167106e+01
   5.0900000e+02   1.0167295e+01
   5.1000000e+02   1.0167031e+01
   5.1100000e+02   1.0167165e+01
   5.1200000e+02   1.0167077e+01
   5.1300000e+02   1.0167339e+01
   5.1400000e+02   1.0167154e+01
   5.1500000e+02   1.0167179e+01
   5.1600000e+02   1.0166697e+01
   5.1700000e+02   1.0167079e+01
   5.1800000e+02   1.0166913e+01
   5.1900000e+02   1.0166813e+01
   5.2000000e+02   1.0166691e+01
   5.2100000e+02   1.0166940e+01
   5.2200000e+02   1.0166978e+01
   5.2300000e+02   1.0167014e+01
   5.2400000e+02   1.0167249e+01
   5.2500000e+02   1.0166950e+01
   5.2600000e+02   1.0167097e+01
   5.2700000e+02   1.0167036e+01
   5.2800000e+02   1.0167058e+01
   5.2900000e+02   1.0166912e+01
   5.3000000e+02   1.0167147e+01
   5.3100000e+02   1.0166778e+01
   5.3200000e+02   1.0167202e+01
   5.3300000e+02   1.0167138e+01
   5.3400000e+02   1.0167097e+01
   5.3500000e+02   1.0166912e+01
   5.3600000e+02   1.0166960e+01
   5.3700000e+02   1.0166913e+01
   5.3800000e+02   1.0166893e+01
   5.3900000e+02   1.0166795e+01
   5.4000000e+02   1.0166851e+01
   5.4100000e+02   1.0166932e+01
   5.4200000e+02   1.0166633e+01
   5.4300000e+02   1.0166632e+01
   5.4400000e+02   1.0166499e+01
   5.4500000e+02   1.0166657e+01
   5.4600000e+02   1.0166429e+01
   5.4700000e+02   1.0166508e+01
   5.4800000e+02   1.0166434e+01
   5.4900000e+02   1.0166460e+01
   5.5000000e+02   1.0166633e+01
   5.5100000e+02   1.0166367e+01
   5.5200000e+02   1.0166235e+01
   5.5300000e+02   1.0166573e+01
   5.5400000e+02   1.0166455e+01
   5.5500000e+02   1.0166469e+01
   5.5600000e+02   1.0166422e+01
   5.5700000e+02   1.0166473e+01
   5.5800000e+02   1.0166654e+01
   5.5900000e+02   1.0166333e+01
   5.6000000e+02   1.0166461e+01
   5.6100000e+02   1.0166436e+01
   5.6200000e+02   1.0166561e+01
   5.6300000e+02   1.0166484e+01
   5.6400000e+02   1.0166172e+01
   5.6500000e+02   1.0166403e+01
   5.6600000e+02   1.0166197e+01
   5.6700000e+02   1.0166024e+01
   5.6800000e+02   1.0166247e+01
   5.6900000e+02   1.0166199e+01
   5.7000000e+02   1.0166154e+01
   5.7100000e+02   1.0166283e+01
   5.7200000e+02   1.0165960e+01
   5.7300000e+02   1.0165923e+01
   5.7400000e+02   1.0165734e+01
   5.7500000e+02   1.0166238e+01
   5.7600000e+02   1.0166258e+01
   5.7700000e+02   1.0166024e+01
   5.7800000e+02   1.0166037e+01
   5.7900000e+02   1.0165885e+01
   5.8000000e+02   1.0166160e+01
   5.8100000e+02   1.0166002e+01
   5.8200000e+02   1.0165817e+01
   5.8300000e+02   1.0165892e+01
   5.8400000e+02   1.0165730e+01
   5.8500000e+02   1.0165930e+01
   5.8600000e+02   1.0166040e+01
   5.8700000e+02   1.0165940e+01
   5.8800000e+02   1.0165784e+01
   5.8900000e+02   1.0165910e+01
   5.9000000e+02   1.0165945e+01
   5.9100000e+02   1.0165522e+01
   5.9200000e+02   1.0165788e+01
   5.9300000e+02   1.0165875e+01
   5.9400000e+02   1.0165646e+01
   5.9500000e+02   1.0165743e+01
   5.9600000e+02   1.0165755e+01
   5.9700000e+02   1.0165594e+01
   5.9800000e+02   1.0165748e+01
   5.9900000e+02   1.0165749e+01
   6.0000000e+02   1.0165659e+01
   6.0100000e+02   1.0165732e+01
   6.0200000e+02   1.0165627e+01
   6.0300000e+02   1.0165740e+01
   6.0400000e+02   1.0165525e+01
   6.0500000e+02   1.0165611e+01
   6.0600000e+02   1.0165252e+01
   6.0700000e+02   1.0165595e+01
   6.0800000e+02   1.0165515e+01
   6.0900000e+02   1.0165653e+01
   6.1000000e+02   1.0165892e+01
   6.1100000e+02   1.0165588e+01
   6.1200000e+02   1.0165483e+01
   6.1300000e+02   1.0165599e+01
   6.1400000e+02   1.0165484e+01
   6.1500000e+02   1.0165201e+01
   6.1600000e+02   1.0165508e+01
   6.1700000e+02   1.0165136e+01
   6.1800000e+02   1.0165535e+01
   6.1900000e+02   1.0165305e+01
   6.2000000e+02   1.0165270e+01
   6.2100000e+02   1.0165385e+01
   6.2200000e+02   1.0165305e+01
   6.2300000e+02   1.0165691e+01
   6.2400000e+02   1.0165327e+01
   6.2500000e+02   1.0165574e+01
   6.2600000e+02   1.0165310e+01
   6.2700000e+02   1.0165512e+01
   6.2800000e+02   1.0165303e+01
   6.2900000e+02   1.0165140e+01
   6.3000000e+02   1.0165229e+01
   6.3100000e+02   1.0165356e+01
   6.3200000e+02   1.0165369e+01
   6.3300000e+02   1.0165330e+01
   6.3400000e+02   1.0164987e+01
   6.3500000e+02   1.0165241e+01
   6.3600000e+02   1.0165394e+01
   6.3700000e+02   1.0165355e+01
   6.3800000e+02   1.0165127e+01
   6.3900000e+02   1.0165094e+01
   6.4000000e+02   1.0164965e+01
   6.4100000e+02   1.0165046e+01
   6.4200000e+02   1.0164939e+01
   6.4300000e+02   1.0164948e+01
   6.4400000e+02   1.0165012e+01
   6.4500000e+02   1.0165136e+01
   6.4600000e+02   1.0164951e+01
   6.4700000e+02   1.0164868e+01
   6.4800000e+02   1.0164904e+01
   6.4900000e+02   1.0164815e+01
   6.5000000e+02   1.0164852e+01
   6.5100000e+02   1.0164828e+01
   6.5200000e+02   1.0165131e+01
   6.5300000e+02   1.0164667e+01
   6.5400000e+02   1.0164973e+01
   6.5500000e+02   1.0164814e+01
   6.5600000e+02   1.0164562e+01
   6.5700000e+02   1.0164417e+01
   6.5800000e+02   1.0164560e+01
   6.5900000e+02   1.0164518e+01
   6.6000000e+02   1.0164369e+01
   6.6100000e+02   1.0164686e+01
   6.6200000e+02   1.0164247e+01
   6.6300000e+02   1.0164562e+01
   6.6400000e+02   1.0164430e+01
   6.6500000e+02   1.0164563e+01
   6.6600000e+02   1.0164535e+01
   6.6700000e+02   1.0164603e+01
   6.6800000e+02   1.0164560e+01
   6.6900000e+02   1.0164689e+01
   6.7000000e+02   1.0164298e+01
   6.7100000e+02   1.0164662e+01
   6.7200000e+02   1.0164420e+01
   6.7300000e+02   1.0164293e+01
   6.7400000e+02   1.0164100e+01
   6.7500000e+02   1.0164322e+01
   6.7600000e+02   1.0164729e+01
   6.7700000e+02   1.0164239e+01
   6.7800000e+02   1.0164466e+01
   6.7900000e+02   1.0164508e+01
   6.8000000e+02   1.0164335e+01
   6.8100000e+02   1.0164372e+01
   6.8200000e+02   1.0164119e+01
   6.8300000e+02   1.0164205e+01
   6.8400000e+02   1.0164046e+01
   6.8500000e+02   1.0164258e+01
   6.8600000e+02   1.0164094e+01
   6.8700000e+02   1.0164316e+01
   6.8800000e+02   1.0164413e+01
   6.8900000e+02   1.0164201e+01
   6.9000000e+02   1.0164061e+01
   6.9100000e+02   1.0164265e+01
   6.9200000e+02   1.0163803e+01
   6.9300000e+02   1.0163816e+01
   6.9400000e+02   1.0164157e+01
   6.9500000e+02   1.0164051e+01
   6.9600000e+02   1.0164136e+01
   6.9700000e+02   1.0163988e+01
   6.9800000e+02   1.0164284e+01
   6.9900000e+02   1.0163892e+01
   7.0000000e+02   1.0163876e+01
   7.0100000e+02   1.0163970e+01
   7.0200000e+02   1.0163835e+01
   7.0300000e+02   1.0163732e+01
   7.0400000e+02   1.0163816e+01
   7.0500000e+02   1.0163637e+01
   7.0600000e+02   1.0163762e+01
   7.0700000e+02   1.0163451e+01
   7.0800000e+02   1.0163624e+01
   7.0900000e+02   1.0163768e+01
   7.1000000e+02   1.0163715e+01
   7.1100000e+02   1.0163597e+01
   7.1200000e+02   1.0163531e+01
   7.1300000e+02   1.0163343e+01
   7.1400000e+02   1.0163477e+01
   7.1500000e+02   1.0163762e+01
   7.1600000e+02   1.0163344e+01
   7.1700000e+02   1.0163580e+01
   7.1800000e+02   1.0163450e+01
   7.1900000e+02   1.0163646e+01
   7.2000000e+02   1.0163627e+01
   7.2100000e+02   1.0163482e+01
   7.2200000e+02   1.0163549e+01
   7.2300000e+02   1.0163341e+01
   7.2400000e+02   1.0163625e+01
   7.2500000e+02   1.0163678e+01
   7.2600000e+02   1.0163427e+01
   7.2700000e+02   1.0163438e+01
   7.2800000e+02   1.0163356e+01
   7.2900000e+02   1.0163521e+01
   7.3000000e+02   1.0163401e+01
   7.3100000e+02   1.0163464e+01
   7.3200000e+02   1.0163295e+01
   7.3300000e+02   1.0163268e+01
   7.3400000e+02   1.0163368e+01
   7.3500000e+02   1.0163075e+01
   7.3600000e+02   1.0163172e+01
   7.3700000e+02   1.0163351e+01
   7.3800000e+02   1.0163240e+01
   7.3900000e+02   1.0163427e+01
   7.4000000e+02   1.0163227e+01
   7.4100000e+02   1.0163365e+01
   7.4200000e+02   1.0162949e+01
   7.4300000e+02   1.0163406e+01
   7.4400000e+02   1.0163161e+01
   7.4500000e+02   1.0162989e+01
   7.4600000e+02   1.0163149e+01
   7.4700000e+02   1.0163151e+01
   7.4800000e+02   1.0163041e+01
   7.4900000e+02   1.0163236e+01
   7.5000000e+02   1.0163146e+01
   7.5100000e+02   1.0163201e+01
   7.5200000e+02   1.0163359e+01
   7.5300000e+02   1.0163463e+01
   7.5400000e+02   1.0163143e+01
   7.5500000e+02   1.0163388e+01
   7.5600000e+02   1.0163152e+01
   7.5700000e+02   1.0163179e+01
   7.5800000e+02   1.0163122e+01
   7.5900000e+02   1.0163125e+01
   7.6000000e+02   1.0163006e+01
   7.6100000e+02   1.0163259e+01
   7.6200000e+02   1.0163008e+01
   7.6300000e+02   1.0162740e+01
   7.6400000e+02   1.0162743e+01
   7.6500000e+02   1.0162862e+01
   7.6600000e+02   1.0162849e+01
   7.6700000e+02   1.0162743e+01
   7.6800000e+02   1.0162714e+01
   7.6900000e+02   1.0162883e+01
   7.7000000e+02   1.0162952e+01
   7.7100000e+02   1.0162916e+01
   7.7200000e+02   1.0162651e+01
   7.7300000e+02   1.0162689e+01
   7.7400000e+02   1.0162685e+01
   7.7500000e+02   1.0162620e+01
   7.7600000e+02   1.0162514e+01
   7.7700000e+02   1.0162586e+01
   7.7800000e+02   1.0162669e+01
   7.7900000e+02   1.0162872e+01
   7.8000000e+02   1.0162463e+01
