   0.0000000e+00   1.0236938e+01
   1.0000000e+00   1.0231594e+01
   2.0000000e+00   1.0230285e+01
   3.0000000e+00   1.0229602e+01
   4.0000000e+00   1.0229009e+01
   5.0000000e+00   1.0228432e+01
   6.0000000e+00   1.0228038e+01
   7.0000000e+00   1.0227401e+01
   8.0000000e+00   1.0227445e+01
   9.0000000e+00   1.0226909e+01
   1.0000000e+01   1.0226858e+01
   1.1000000e+01   1.0226635e+01
   1.2000000e+01   1.0226442e+01
   1.3000000e+01   1.0226231e+01
   1.4000000e+01   1.0226103e+01
   1.5000000e+01   1.0225770e+01
   1.6000000e+01   1.0225848e+01
   1.7000000e+01   1.0225823e+01
   1.8000000e+01   1.0225511e+01
   1.9000000e+01   1.0225287e+01
   2.0000000e+01   1.0225122e+01
   2.1000000e+01   1.0224942e+01
   2.2000000e+01   1.0225232e+01
   2.3000000e+01   1.0224901e+01
   2.4000000e+01   1.0224171e+01
   2.5000000e+01   1.0224475e+01
   2.6000000e+01   1.0224313e+01
   2.7000000e+01   1.0224130e+01
   2.8000000e+01   1.0224144e+01
   2.9000000e+01   1.0223998e+01
   3.0000000e+01   1.0223823e+01
   3.1000000e+01   1.0223708e+01
   3.2000000e+01   1.0223224e+01
   3.3000000e+01   1.0223332e+01
   3.4000000e+01   1.0222998e+01
   3.5000000e+01   1.0223024e+01
   3.6000000e+01   1.0223119e+01
   3.7000000e+01   1.0223165e+01
   3.8000000e+01   1.0222880e+01
   3.9000000e+01   1.0222557e+01
   4.0000000e+01   1.0222699e+01
   4.1000000e+01   1.0222642e+01
   4.2000000e+01   1.0222586e+01
   4.3000000e+01   1.0222550e+01
   4.4000000e+01   1.0222350e+01
   4.5000000e+01   1.0222479e+01
   4.6000000e+01   1.0222488e+01
   4.7000000e+01   1.0222240e+01
   4.8000000e+01   1.0222126e+01
   4.9000000e+01   1.0221896e+01
   5.0000000e+01   1.0222004e+01
   5.1000000e+01   1.0221798e+01
   5.2000000e+01   1.0221641e+01
   5.3000000e+01   1.0221423e+01
   5.4000000e+01   1.0221708e+01
   5.5000000e+01   1.0221353e+01
   5.6000000e+01   1.0221615e+01
   5.7000000e+01   1.0221157e+01
   5.8000000e+01   1.0221042e+01
   5.9000000e+01   1.0221259e+01
   6.0000000e+01   1.0221139e+01
   6.1000000e+01   1.0221076e+01
   6.2000000e+01   1.0221178e+01
   6.3000000e+01   1.0220839e+01
   6.4000000e+01   1.0221167e+01
   6.5000000e+01   1.0220806e+01
   6.6000000e+01   1.0220647e+01
   6.7000000e+01   1.0220506e+01
   6.8000000e+01   1.0220959e+01
   6.9000000e+01   1.0220284e+01
   7.0000000e+01   1.0220669e+01
   7.1000000e+01   1.0220141e+01
   7.2000000e+01   1.0220066e+01
   7.3000000e+01   1.0220178e+01
   7.4000000e+01   1.0220173e+01
   7.5000000e+01   1.0220315e+01
   7.6000000e+01   1.0220243e+01
   7.7000000e+01   1.0219935e+01
   7.8000000e+01   1.0220116e+01
   7.9000000e+01   1.0219961e+01
   8.0000000e+01   1.0220020e+01
   8.1000000e+01   1.0219788e+01
   8.2000000e+01   1.0219660e+01
   8.3000000e+01   1.0219660e+01
   8.4000000e+01   1.0219609e+01
   8.5000000e+01   1.0219658e+01
   8.6000000e+01   1.0219606e+01
   8.7000000e+01   1.0219474e+01
   8.8000000e+01   1.0219785e+01
   8.9000000e+01   1.0219241e+01
   9.0000000e+01   1.0219594e+01
   9.1000000e+01   1.0219528e+01
   9.2000000e+01   1.0219216e+01
   9.3000000e+01   1.0219098e+01
   9.4000000e+01   1.0219197e+01
   9.5000000e+01   1.0219242e+01
   9.6000000e+01   1.0218936e+01
   9.7000000e+01   1.0218898e+01
   9.8000000e+01   1.0218877e+01
   9.9000000e+01   1.0218806e+01
   1.0000000e+02   1.0218834e+01
   1.0100000e+02   1.0218829e+01
   1.0200000e+02   1.0218468e+01
   1.0300000e+02   1.0218605e+01
   1.0400000e+02   1.0218342e+01
   1.0500000e+02   1.0218589e+01
   1.0600000e+02   1.0218565e+01
   1.0700000e+02   1.0218575e+01
   1.0800000e+02   1.0218337e+01
   1.0900000e+02   1.0218287e+01
   1.1000000e+02   1.0218385e+01
   1.1100000e+02   1.0218569e+01
   1.1200000e+02   1.0218140e+01
   1.1300000e+02   1.0218421e+01
   1.1400000e+02   1.0218331e+01
   1.1500000e+02   1.0218269e+01
   1.1600000e+02   1.0218136e+01
   1.1700000e+02   1.0217873e+01
   1.1800000e+02   1.0218075e+01
   1.1900000e+02   1.0218136e+01
   1.2000000e+02   1.0218032e+01
   1.2100000e+02   1.0217753e+01
   1.2200000e+02   1.0218070e+01
   1.2300000e+02   1.0217641e+01
   1.2400000e+02   1.0217951e+01
   1.2500000e+02   1.0217976e+01
   1.2600000e+02   1.0217718e+01
   1.2700000e+02   1.0217784e+01
   1.2800000e+02   1.0217647e+01
   1.2900000e+02   1.0217493e+01
   1.3000000e+02   1.0217497e+01
   1.3100000e+02   1.0217473e+01
   1.3200000e+02   1.0217286e+01
   1.3300000e+02   1.0217214e+01
   1.3400000e+02   1.0217481e+01
   1.3500000e+02   1.0217447e+01
   1.3600000e+02   1.0217255e+01
   1.3700000e+02   1.0217336e+01
   1.3800000e+02   1.0217439e+01
   1.3900000e+02   1.0217170e+01
   1.4000000e+02   1.0217150e+01
   1.4100000e+02   1.0217010e+01
   1.4200000e+02   1.0216659e+01
   1.4300000e+02   1.0216722e+01
   1.4400000e+02   1.0216854e+01
   1.4500000e+02   1.0216786e+01
   1.4600000e+02   1.0216730e+01
   1.4700000e+02   1.0216493e+01
   1.4800000e+02   1.0216714e+01
   1.4900000e+02   1.0216594e+01
   1.5000000e+02   1.0216536e+01
   1.5100000e+02   1.0216684e+01
   1.5200000e+02   1.0216623e+01
   1.5300000e+02   1.0216667e+01
   1.5400000e+02   1.0216373e+01
   1.5500000e+02   1.0216416e+01
   1.5600000e+02   1.0216456e+01
   1.5700000e+02   1.0216288e+01
   1.5800000e+02   1.0216440e+01
   1.5900000e+02   1.0216260e+01
   1.6000000e+02   1.0216207e+01
   1.6100000e+02   1.0216055e+01
   1.6200000e+02   1.0216368e+01
   1.6300000e+02   1.0216103e+01
   1.6400000e+02   1.0215967e+01
   1.6500000e+02   1.0216211e+01
   1.6600000e+02   1.0215964e+01
   1.6700000e+02   1.0213785e+01
   1.6800000e+02   1.0204465e+01
   1.6900000e+02   1.0196438e+01
   1.7000000e+02   1.0202134e+01
   1.7100000e+02   1.0209482e+01
   1.7200000e+02   1.0213314e+01
   1.7300000e+02   1.0214912e+01
   1.7400000e+02   1.0215229e+01
   1.7500000e+02   1.0215619e+01
   1.7600000e+02   1.0215671e+01
   1.7700000e+02   1.0215984e+01
   1.7800000e+02   1.0215951e+01
   1.7900000e+02   1.0212850e+01
   1.8000000e+02   1.0188823e+01
   1.8100000e+02   1.0170714e+01
   1.8200000e+02   1.0178617e+01
   1.8300000e+02   1.0189562e+01
   1.8400000e+02   1.0194055e+01
   1.8500000e+02   1.0194279e+01
   1.8600000e+02   1.0194635e+01
   1.8700000e+02   1.0196075e+01
   1.8800000e+02   1.0200107e+01
   1.8900000e+02   1.0206217e+01
   1.9000000e+02   1.0210543e+01
   1.9100000e+02   1.0212779e+01
   1.9200000e+02   1.0213797e+01
   1.9300000e+02   1.0214079e+01
   1.9400000e+02   1.0214413e+01
   1.9500000e+02   1.0214519e+01
   1.9600000e+02   1.0214454e+01
   1.9700000e+02   1.0214371e+01
   1.9800000e+02   1.0214470e+01
   1.9900000e+02   1.0214365e+01
   2.0000000e+02   1.0214270e+01
   2.0100000e+02   1.0214439e+01
   2.0200000e+02   1.0214387e+01
   2.0300000e+02   1.0214233e+01
   2.0400000e+02   1.0214495e+01
   2.0500000e+02   1.0214320e+01
   2.0600000e+02   1.0214544e+01
   2.0700000e+02   1.0214023e+01
   2.0800000e+02   1.0214480e+01
   2.0900000e+02   1.0214418e+01
   2.1000000e+02   1.0214407e+01
   2.1100000e+02   1.0214158e+01
   2.1200000e+02   1.0214596e+01
   2.1300000e+02   1.0214431e+01
   2.1400000e+02   1.0214181e+01
   2.1500000e+02   1.0214249e+01
   2.1600000e+02   1.0214180e+01
   2.1700000e+02   1.0214234e+01
   2.1800000e+02   1.0214181e+01
   2.1900000e+02   1.0214177e+01
   2.2000000e+02   1.0214503e+01
   2.2100000e+02   1.0214253e+01
   2.2200000e+02   1.0214216e+01
   2.2300000e+02   1.0214036e+01
   2.2400000e+02   1.0213970e+01
   2.2500000e+02   1.0214119e+01
   2.2600000e+02   1.0213883e+01
   2.2700000e+02   1.0213636e+01
   2.2800000e+02   1.0213885e+01
   2.2900000e+02   1.0213686e+01
   2.3000000e+02   1.0213745e+01
   2.3100000e+02   1.0213599e+01
   2.3200000e+02   1.0213897e+01
   2.3300000e+02   1.0213711e+01
   2.3400000e+02   1.0214025e+01
   2.3500000e+02   1.0213895e+01
   2.3600000e+02   1.0214198e+01
   2.3700000e+02   1.0213916e+01
   2.3800000e+02   1.0213753e+01
   2.3900000e+02   1.0213594e+01
   2.4000000e+02   1.0213327e+01
   2.4100000e+02   1.0213752e+01
   2.4200000e+02   1.0213456e+01
   2.4300000e+02   1.0213399e+01
   2.4400000e+02   1.0213402e+01
   2.4500000e+02   1.0213037e+01
   2.4600000e+02   1.0212693e+01
   2.4700000e+02   1.0212096e+01
   2.4800000e+02   1.0210705e+01
   2.4900000e+02   1.0209163e+01
   2.5000000e+02   1.0207569e+01
   2.5100000e+02   1.0206806e+01
   2.5200000e+02   1.0206693e+01
   2.5300000e+02   1.0207311e+01
   2.5400000e+02   1.0208216e+01
   2.5500000e+02   1.0209158e+01
   2.5600000e+02   1.0209961e+01
   2.5700000e+02   1.0210170e+01
   2.5800000e+02   1.0209974e+01
   2.5900000e+02   1.0209480e+01
   2.6000000e+02   1.0208953e+01
   2.6100000e+02   1.0208777e+01
   2.6200000e+02   1.0208121e+01
   2.6300000e+02   1.0207724e+01
   2.6400000e+02   1.0207520e+01
   2.6500000e+02   1.0207087e+01
   2.6600000e+02   1.0206923e+01
   2.6700000e+02   1.0207236e+01
   2.6800000e+02   1.0207954e+01
   2.6900000e+02   1.0208743e+01
   2.7000000e+02   1.0209450e+01
   2.7100000e+02   1.0210233e+01
   2.7200000e+02   1.0211046e+01
   2.7300000e+02   1.0211384e+01
   2.7400000e+02   1.0211274e+01
   2.7500000e+02   1.0211355e+01
   2.7600000e+02   1.0211162e+01
   2.7700000e+02   1.0211058e+01
   2.7800000e+02   1.0211291e+01
   2.7900000e+02   1.0211101e+01
   2.8000000e+02   1.0211352e+01
   2.8100000e+02   1.0211567e+01
   2.8200000e+02   1.0211386e+01
   2.8300000e+02   1.0211685e+01
   2.8400000e+02   1.0211566e+01
   2.8500000e+02   1.0211687e+01
   2.8600000e+02   1.0211511e+01
   2.8700000e+02   1.0211686e+01
   2.8800000e+02   1.0211777e+01
   2.8900000e+02   1.0211855e+01
   2.9000000e+02   1.0211735e+01
   2.9100000e+02   1.0212067e+01
   2.9200000e+02   1.0211910e+01
   2.9300000e+02   1.0212074e+01
   2.9400000e+02   1.0211988e+01
   2.9500000e+02   1.0211917e+01
   2.9600000e+02   1.0212011e+01
   2.9700000e+02   1.0212041e+01
   2.9800000e+02   1.0212074e+01
   2.9900000e+02   1.0212158e+01
   3.0000000e+02   1.0211893e+01
   3.0100000e+02   1.0211868e+01
   3.0200000e+02   1.0212078e+01
   3.0300000e+02   1.0211648e+01
   3.0400000e+02   1.0210982e+01
   3.0500000e+02   1.0210457e+01
   3.0600000e+02   1.0209899e+01
   3.0700000e+02   1.0209123e+01
   3.0800000e+02   1.0207723e+01
   3.0900000e+02   1.0206639e+01
   3.1000000e+02   1.0204472e+01
   3.1100000e+02   1.0201813e+01
   3.1200000e+02   1.0199171e+01
   3.1300000e+02   1.0196729e+01
   3.1400000e+02   1.0195312e+01
   3.1500000e+02   1.0194838e+01
   3.1600000e+02   1.0195441e+01
   3.1700000e+02   1.0196595e+01
   3.1800000e+02   1.0196776e+01
   3.1900000e+02   1.0195569e+01
   3.2000000e+02   1.0193035e+01
   3.2100000e+02   1.0188950e+01
   3.2200000e+02   1.0185270e+01
   3.2300000e+02   1.0181961e+01
   3.2400000e+02   1.0180213e+01
   3.2500000e+02   1.0180190e+01
   3.2600000e+02   1.0181281e+01
   3.2700000e+02   1.0183385e+01
   3.2800000e+02   1.0186204e+01
   3.2900000e+02   1.0189361e+01
   3.3000000e+02   1.0193077e+01
   3.3100000e+02   1.0196567e+01
   3.3200000e+02   1.0199864e+01
   3.3300000e+02   1.0203001e+01
   3.3400000e+02   1.0205018e+01
   3.3500000e+02   1.0206283e+01
   3.3600000e+02   1.0206701e+01
   3.3700000e+02   1.0206699e+01
   3.3800000e+02   1.0205580e+01
   3.3900000e+02   1.0204783e+01
   3.4000000e+02   1.0203395e+01
   3.4100000e+02   1.0202291e+01
   3.4200000e+02   1.0202050e+01
   3.4300000e+02   1.0201832e+01
   3.4400000e+02   1.0202786e+01
   3.4500000e+02   1.0204034e+01
   3.4600000e+02   1.0205408e+01
   3.4700000e+02   1.0206865e+01
   3.4800000e+02   1.0207730e+01
   3.4900000e+02   1.0208556e+01
   3.5000000e+02   1.0209189e+01
   3.5100000e+02   1.0209476e+01
   3.5200000e+02   1.0209606e+01
   3.5300000e+02   1.0210163e+01
   3.5400000e+02   1.0209838e+01
   3.5500000e+02   1.0210155e+01
   3.5600000e+02   1.0210405e+01
   3.5700000e+02   1.0210140e+01
   3.5800000e+02   1.0210135e+01
   3.5900000e+02   1.0209915e+01
   3.6000000e+02   1.0210031e+01
   3.6100000e+02   1.0209748e+01
   3.6200000e+02   1.0209371e+01
   3.6300000e+02   1.0208866e+01
   3.6400000e+02   1.0209111e+01
   3.6500000e+02   1.0209039e+01
   3.6600000e+02   1.0208973e+01
   3.6700000e+02   1.0209033e+01
   3.6800000e+02   1.0209416e+01
   3.6900000e+02   1.0209361e+01
   3.7000000e+02   1.0209503e+01
   3.7100000e+02   1.0209781e+01
   3.7200000e+02   1.0210081e+01
   3.7300000e+02   1.0210078e+01
   3.7400000e+02   1.0210147e+01
   3.7500000e+02   1.0210203e+01
   3.7600000e+02   1.0210081e+01
   3.7700000e+02   1.0210272e+01
   3.7800000e+02   1.0210011e+01
   3.7900000e+02   1.0210266e+01
   3.8000000e+02   1.0210247e+01
   3.8100000e+02   1.0210282e+01
   3.8200000e+02   1.0210171e+01
   3.8300000e+02   1.0210267e+01
   3.8400000e+02   1.0210120e+01
   3.8500000e+02   1.0209811e+01
   3.8600000e+02   1.0209770e+01
   3.8700000e+02   1.0209590e+01
   3.8800000e+02   1.0209460e+01
   3.8900000e+02   1.0208973e+01
   3.9000000e+02   1.0208946e+01
   3.9100000e+02   1.0208720e+01
   3.9200000e+02   1.0208524e+01
   3.9300000e+02   1.0208096e+01
   3.9400000e+02   1.0208117e+01
   3.9500000e+02   1.0208101e+01
   3.9600000e+02   1.0208380e+01
   3.9700000e+02   1.0208512e+01
   3.9800000e+02   1.0208664e+01
   3.9900000e+02   1.0208944e+01
   4.0000000e+02   1.0208978e+01
   4.0100000e+02   1.0209445e+01
   4.0200000e+02   1.0209426e+01
   4.0300000e+02   1.0209472e+01
   4.0400000e+02   1.0209605e+01
   4.0500000e+02   1.0209740e+01
   4.0600000e+02   1.0210003e+01
   4.0700000e+02   1.0209783e+01
   4.0800000e+02   1.0209604e+01
   4.0900000e+02   1.0209620e+01
   4.1000000e+02   1.0209742e+01
   4.1100000e+02   1.0209795e+01
   4.1200000e+02   1.0209538e+01
   4.1300000e+02   1.0209733e+01
   4.1400000e+02   1.0209494e+01
   4.1500000e+02   1.0209818e+01
   4.1600000e+02   1.0209647e+01
   4.1700000e+02   1.0209498e+01
   4.1800000e+02   1.0209591e+01
   4.1900000e+02   1.0209750e+01
   4.2000000e+02   1.0209428e+01
   4.2100000e+02   1.0209591e+01
   4.2200000e+02   1.0209534e+01
   4.2300000e+02   1.0209393e+01
   4.2400000e+02   1.0209372e+01
   4.2500000e+02   1.0209540e+01
   4.2600000e+02   1.0209343e+01
   4.2700000e+02   1.0209416e+01
   4.2800000e+02   1.0209471e+01
   4.2900000e+02   1.0209357e+01
   4.3000000e+02   1.0209525e+01
   4.3100000e+02   1.0209205e+01
   4.3200000e+02   1.0209211e+01
   4.3300000e+02   1.0209228e+01
   4.3400000e+02   1.0209436e+01
   4.3500000e+02   1.0209585e+01
   4.3600000e+02   1.0209180e+01
   4.3700000e+02   1.0208995e+01
   4.3800000e+02   1.0209086e+01
   4.3900000e+02   1.0208831e+01
   4.4000000e+02   1.0208728e+01
   4.4100000e+02   1.0208474e+01
   4.4200000e+02   1.0207947e+01
   4.4300000e+02   1.0207087e+01
   4.4400000e+02   1.0205886e+01
   4.4500000e+02   1.0204158e+01
   4.4600000e+02   1.0201823e+01
   4.4700000e+02   1.0198726e+01
   4.4800000e+02   1.0195360e+01
   4.4900000e+02   1.0192173e+01
   4.5000000e+02   1.0188844e+01
   4.5100000e+02   1.0186426e+01
   4.5200000e+02   1.0185065e+01
   4.5300000e+02   1.0185033e+01
   4.5400000e+02   1.0186273e+01
   4.5500000e+02   1.0187869e+01
   4.5600000e+02   1.0190950e+01
   4.5700000e+02   1.0193921e+01
   4.5800000e+02   1.0196614e+01
   4.5900000e+02   1.0199482e+01
   4.6000000e+02   1.0201562e+01
   4.6100000e+02   1.0203392e+01
   4.6200000e+02   1.0204773e+01
   4.6300000e+02   1.0205848e+01
   4.6400000e+02   1.0206830e+01
   4.6500000e+02   1.0207086e+01
   4.6600000e+02   1.0207497e+01
   4.6700000e+02   1.0207702e+01
   4.6800000e+02   1.0207979e+01
   4.6900000e+02   1.0207945e+01
   4.7000000e+02   1.0208128e+01
   4.7100000e+02   1.0208352e+01
   4.7200000e+02   1.0208001e+01
   4.7300000e+02   1.0208080e+01
   4.7400000e+02   1.0208211e+01
   4.7500000e+02   1.0208278e+01
   4.7600000e+02   1.0208436e+01
   4.7700000e+02   1.0208340e+01
   4.7800000e+02   1.0208293e+01
   4.7900000e+02   1.0208225e+01
   4.8000000e+02   1.0208283e+01
   4.8100000e+02   1.0207993e+01
   4.8200000e+02   1.0208330e+01
   4.8300000e+02   1.0208123e+01
   4.8400000e+02   1.0207956e+01
   4.8500000e+02   1.0208117e+01
   4.8600000e+02   1.0208095e+01
   4.8700000e+02   1.0208251e+01
   4.8800000e+02   1.0208195e+01
   4.8900000e+02   1.0208320e+01
   4.9000000e+02   1.0208131e+01
   4.9100000e+02   1.0208134e+01
   4.9200000e+02   1.0208266e+01
   4.9300000e+02   1.0208069e+01
   4.9400000e+02   1.0208054e+01
   4.9500000e+02   1.0207920e+01
   4.9600000e+02   1.0208329e+01
   4.9700000e+02   1.0208164e+01
   4.9800000e+02   1.0207853e+01
   4.9900000e+02   1.0208119e+01
   5.0000000e+02   1.0207983e+01
   5.0100000e+02   1.0208125e+01
   5.0200000e+02   1.0207959e+01
   5.0300000e+02   1.0208045e+01
   5.0400000e+02   1.0207911e+01
   5.0500000e+02   1.0207745e+01
   5.0600000e+02   1.0207628e+01
   5.0700000e+02   1.0207915e+01
   5.0800000e+02   1.0207723e+01
   5.0900000e+02   1.0207777e+01
   5.1000000e+02   1.0208108e+01
   5.1100000e+02   1.0207841e+01
   5.1200000e+02   1.0207690e+01
   5.1300000e+02   1.0207841e+01
   5.1400000e+02   1.0207749e+01
   5.1500000e+02   1.0207432e+01
   5.1600000e+02   1.0207731e+01
   5.1700000e+02   1.0207837e+01
   5.1800000e+02   1.0207525e+01
   5.1900000e+02   1.0207569e+01
   5.2000000e+02   1.0207809e+01
   5.2100000e+02   1.0207634e+01
   5.2200000e+02   1.0207238e+01
   5.2300000e+02   1.0207691e+01
   5.2400000e+02   1.0207301e+01
   5.2500000e+02   1.0207901e+01
   5.2600000e+02   1.0207357e+01
   5.2700000e+02   1.0207745e+01
   5.2800000e+02   1.0207645e+01
   5.2900000e+02   1.0207268e+01
   5.3000000e+02   1.0207538e+01
   5.3100000e+02   1.0207678e+01
   5.3200000e+02   1.0207754e+01
   5.3300000e+02   1.0207448e+01
   5.3400000e+02   1.0207118e+01
   5.3500000e+02   1.0207405e+01
   5.3600000e+02   1.0207307e+01
   5.3700000e+02   1.0207233e+01
   5.3800000e+02   1.0206939e+01
   5.3900000e+02   1.0207568e+01
   5.4000000e+02   1.0207518e+01
   5.4100000e+02   1.0207183e+01
   5.4200000e+02   1.0207154e+01
   5.4300000e+02   1.0207046e+01
   5.4400000e+02   1.0207576e+01
   5.4500000e+02   1.0206939e+01
   5.4600000e+02   1.0207031e+01
   5.4700000e+02   1.0207087e+01
   5.4800000e+02   1.0207304e+01
   5.4900000e+02   1.0207023e+01
   5.5000000e+02   1.0207389e+01
   5.5100000e+02   1.0206995e+01
   5.5200000e+02   1.0207028e+01
   5.5300000e+02   1.0206707e+01
   5.5400000e+02   1.0207207e+01
   5.5500000e+02   1.0207091e+01
   5.5600000e+02   1.0206940e+01
   5.5700000e+02   1.0207178e+01
   5.5800000e+02   1.0206996e+01
   5.5900000e+02   1.0207066e+01
   5.6000000e+02   1.0206889e+01
   5.6100000e+02   1.0207008e+01
   5.6200000e+02   1.0207376e+01
   5.6300000e+02   1.0207106e+01
   5.6400000e+02   1.0207188e+01
   5.6500000e+02   1.0207074e+01
   5.6600000e+02   1.0206867e+01
   5.6700000e+02   1.0206711e+01
   5.6800000e+02   1.0206833e+01
   5.6900000e+02   1.0207444e+01
   5.7000000e+02   1.0207264e+01
   5.7100000e+02   1.0206506e+01
   5.7200000e+02   1.0206990e+01
   5.7300000e+02   1.0206861e+01
   5.7400000e+02   1.0206713e+01
   5.7500000e+02   1.0206916e+01
   5.7600000e+02   1.0206881e+01
   5.7700000e+02   1.0206778e+01
   5.7800000e+02   1.0206506e+01
   5.7900000e+02   1.0206705e+01
   5.8000000e+02   1.0206752e+01
   5.8100000e+02   1.0206707e+01
   5.8200000e+02   1.0206820e+01
   5.8300000e+02   1.0206880e+01
   5.8400000e+02   1.0206678e+01
   5.8500000e+02   1.0206722e+01
   5.8600000e+02   1.0206934e+01
   5.8700000e+02   1.0206886e+01
   5.8800000e+02   1.0206789e+01
   5.8900000e+02   1.0206752e+01
   5.9000000e+02   1.0206708e+01
   5.9100000e+02   1.0206806e+01
   5.9200000e+02   1.0206896e+01
   5.9300000e+02   1.0206978e+01
   5.9400000e+02   1.0206722e+01
   5.9500000e+02   1.0206607e+01
   5.9600000e+02   1.0206659e+01
   5.9700000e+02   1.0206854e+01
   5.9800000e+02   1.0206795e+01
   5.9900000e+02   1.0206878e+01
   6.0000000e+02   1.0206653e+01
   6.0100000e+02   1.0206508e+01
   6.0200000e+02   1.0206713e+01
   6.0300000e+02   1.0206707e+01
   6.0400000e+02   1.0206558e+01
   6.0500000e+02   1.0206349e+01
   6.0600000e+02   1.0206524e+01
   6.0700000e+02   1.0206509e+01
   6.0800000e+02   1.0206547e+01
   6.0900000e+02   1.0206719e+01
   6.1000000e+02   1.0206268e+01
   6.1100000e+02   1.0206406e+01
   6.1200000e+02   1.0206535e+01
   6.1300000e+02   1.0206275e+01
   6.1400000e+02   1.0206270e+01
   6.1500000e+02   1.0206528e+01
   6.1600000e+02   1.0206287e+01
   6.1700000e+02   1.0206267e+01
   6.1800000e+02   1.0206218e+01
   6.1900000e+02   1.0206363e+01
   6.2000000e+02   1.0206202e+01
   6.2100000e+02   1.0206400e+01
   6.2200000e+02   1.0206467e+01
   6.2300000e+02   1.0206128e+01
   6.2400000e+02   1.0206111e+01
   6.2500000e+02   1.0206175e+01
   6.2600000e+02   1.0206177e+01
   6.2700000e+02   1.0206226e+01
   6.2800000e+02   1.0205931e+01
   6.2900000e+02   1.0205903e+01
   6.3000000e+02   1.0206172e+01
   6.3100000e+02   1.0206254e+01
   6.3200000e+02   1.0205944e+01
   6.3300000e+02   1.0205964e+01
   6.3400000e+02   1.0206384e+01
   6.3500000e+02   1.0206030e+01
   6.3600000e+02   1.0206285e+01
   6.3700000e+02   1.0206051e+01
   6.3800000e+02   1.0206267e+01
   6.3900000e+02   1.0206104e+01
   6.4000000e+02   1.0205675e+01
   6.4100000e+02   1.0206138e+01
   6.4200000e+02   1.0205864e+01
   6.4300000e+02   1.0206119e+01
   6.4400000e+02   1.0206194e+01
   6.4500000e+02   1.0206152e+01
   6.4600000e+02   1.0205894e+01
   6.4700000e+02   1.0205972e+01
   6.4800000e+02   1.0205791e+01
   6.4900000e+02   1.0206052e+01
   6.5000000e+02   1.0205742e+01
   6.5100000e+02   1.0205913e+01
   6.5200000e+02   1.0206033e+01
   6.5300000e+02   1.0205940e+01
   6.5400000e+02   1.0205891e+01
   6.5500000e+02   1.0205727e+01
   6.5600000e+02   1.0205858e+01
   6.5700000e+02   1.0206082e+01
   6.5800000e+02   1.0205853e+01
   6.5900000e+02   1.0205900e+01
   6.6000000e+02   1.0205749e+01
   6.6100000e+02   1.0205785e+01
   6.6200000e+02   1.0206124e+01
   6.6300000e+02   1.0206067e+01
   6.6400000e+02   1.0206020e+01
   6.6500000e+02   1.0205912e+01
   6.6600000e+02   1.0205717e+01
   6.6700000e+02   1.0205938e+01
   6.6800000e+02   1.0205898e+01
   6.6900000e+02   1.0206168e+01
   6.7000000e+02   1.0205818e+01
   6.7100000e+02   1.0205655e+01
   6.7200000e+02   1.0205749e+01
   6.7300000e+02   1.0205849e+01
   6.7400000e+02   1.0205607e+01
   6.7500000e+02   1.0205682e+01
   6.7600000e+02   1.0205718e+01
   6.7700000e+02   1.0205461e+01
   6.7800000e+02   1.0205392e+01
   6.7900000e+02   1.0205354e+01
   6.8000000e+02   1.0205514e+01
   6.8100000e+02   1.0205695e+01
   6.8200000e+02   1.0205447e+01
   6.8300000e+02   1.0205370e+01
   6.8400000e+02   1.0205203e+01
   6.8500000e+02   1.0205105e+01
   6.8600000e+02   1.0205156e+01
   6.8700000e+02   1.0205232e+01
   6.8800000e+02   1.0205232e+01
   6.8900000e+02   1.0205014e+01
   6.9000000e+02   1.0205096e+01
   6.9100000e+02   1.0205139e+01
   6.9200000e+02   1.0205072e+01
   6.9300000e+02   1.0205021e+01
   6.9400000e+02   1.0204839e+01
   6.9500000e+02   1.0204845e+01
   6.9600000e+02   1.0204855e+01
   6.9700000e+02   1.0204908e+01
   6.9800000e+02   1.0205109e+01
   6.9900000e+02   1.0205069e+01
   7.0000000e+02   1.0205164e+01
   7.0100000e+02   1.0204701e+01
   7.0200000e+02   1.0204823e+01
   7.0300000e+02   1.0204933e+01
   7.0400000e+02   1.0204917e+01
   7.0500000e+02   1.0205258e+01
   7.0600000e+02   1.0205131e+01
   7.0700000e+02   1.0205224e+01
   7.0800000e+02   1.0204975e+01
   7.0900000e+02   1.0205073e+01
   7.1000000e+02   1.0205107e+01
   7.1100000e+02   1.0205280e+01
   7.1200000e+02   1.0205023e+01
   7.1300000e+02   1.0205093e+01
   7.1400000e+02   1.0205213e+01
   7.1500000e+02   1.0205027e+01
   7.1600000e+02   1.0205179e+01
   7.1700000e+02   1.0205346e+01
   7.1800000e+02   1.0205147e+01
   7.1900000e+02   1.0205171e+01
   7.2000000e+02   1.0205148e+01
   7.2100000e+02   1.0204978e+01
   7.2200000e+02   1.0205471e+01
   7.2300000e+02   1.0205085e+01
   7.2400000e+02   1.0205147e+01
   7.2500000e+02   1.0204703e+01
   7.2600000e+02   1.0205026e+01
   7.2700000e+02   1.0204928e+01
   7.2800000e+02   1.0204802e+01
   7.2900000e+02   1.0205181e+01
   7.3000000e+02   1.0204802e+01
   7.3100000e+02   1.0204901e+01
   7.3200000e+02   1.0204817e+01
   7.3300000e+02   1.0205025e+01
   7.3400000e+02   1.0205157e+01
   7.3500000e+02   1.0204739e+01
   7.3600000e+02   1.0204939e+01
   7.3700000e+02   1.0204823e+01
   7.3800000e+02   1.0204746e+01
   7.3900000e+02   1.0204982e+01
   7.4000000e+02   1.0204893e+01
   7.4100000e+02   1.0204814e+01
   7.4200000e+02   1.0204542e+01
   7.4300000e+02   1.0204491e+01
   7.4400000e+02   1.0204556e+01
   7.4500000e+02   1.0204440e+01
   7.4600000e+02   1.0204840e+01
   7.4700000e+02   1.0204594e+01
   7.4800000e+02   1.0204714e+01
   7.4900000e+02   1.0204778e+01
   7.5000000e+02   1.0204586e+01
   7.5100000e+02   1.0204720e+01
   7.5200000e+02   1.0204701e+01
   7.5300000e+02   1.0204609e+01
   7.5400000e+02   1.0204578e+01
   7.5500000e+02   1.0204992e+01
   7.5600000e+02   1.0204742e+01
   7.5700000e+02   1.0204774e+01
   7.5800000e+02   1.0204665e+01
   7.5900000e+02   1.0204812e+01
   7.6000000e+02   1.0204878e+01
   7.6100000e+02   1.0204918e+01
   7.6200000e+02   1.0204795e+01
   7.6300000e+02   1.0204833e+01
   7.6400000e+02   1.0205030e+01
   7.6500000e+02   1.0204798e+01
   7.6600000e+02   1.0204876e+01
   7.6700000e+02   1.0204482e+01
   7.6800000e+02   1.0204682e+01
   7.6900000e+02   1.0204403e+01
   7.7000000e+02   1.0204650e+01
   7.7100000e+02   1.0204502e+01
   7.7200000e+02   1.0204631e+01
   7.7300000e+02   1.0204595e+01
   7.7400000e+02   1.0204513e+01
   7.7500000e+02   1.0204603e+01
   7.7600000e+02   1.0204492e+01
   7.7700000e+02   1.0204386e+01
   7.7800000e+02   1.0204252e+01
   7.7900000e+02   1.0204317e+01
   7.8000000e+02   1.0204617e+01
