   0.0000000e+00   1.0244389e+01
   1.0000000e+00   1.0239097e+01
   2.0000000e+00   1.0237630e+01
   3.0000000e+00   1.0236907e+01
   4.0000000e+00   1.0236370e+01
   5.0000000e+00   1.0235692e+01
   6.0000000e+00   1.0235467e+01
   7.0000000e+00   1.0234929e+01
   8.0000000e+00   1.0234853e+01
   9.0000000e+00   1.0234347e+01
   1.0000000e+01   1.0234397e+01
   1.1000000e+01   1.0234115e+01
   1.2000000e+01   1.0233816e+01
   1.3000000e+01   1.0234137e+01
   1.4000000e+01   1.0233662e+01
   1.5000000e+01   1.0233362e+01
   1.6000000e+01   1.0233486e+01
   1.7000000e+01   1.0233249e+01
   1.8000000e+01   1.0232902e+01
   1.9000000e+01   1.0232894e+01
   2.0000000e+01   1.0232822e+01
   2.1000000e+01   1.0232611e+01
   2.2000000e+01   1.0232426e+01
   2.3000000e+01   1.0232387e+01
   2.4000000e+01   1.0232290e+01
   2.5000000e+01   1.0232115e+01
   2.6000000e+01   1.0232020e+01
   2.7000000e+01   1.0232001e+01
   2.8000000e+01   1.0231735e+01
   2.9000000e+01   1.0231728e+01
   3.0000000e+01   1.0231564e+01
   3.1000000e+01   1.0231435e+01
   3.2000000e+01   1.0231515e+01
   3.3000000e+01   1.0231087e+01
   3.4000000e+01   1.0231224e+01
   3.5000000e+01   1.0231178e+01
   3.6000000e+01   1.0230935e+01
   3.7000000e+01   1.0230602e+01
   3.8000000e+01   1.0230670e+01
   3.9000000e+01   1.0230548e+01
   4.0000000e+01   1.0230480e+01
   4.1000000e+01   1.0230226e+01
   4.2000000e+01   1.0230251e+01
   4.3000000e+01   1.0229938e+01
   4.4000000e+01   1.0229732e+01
   4.5000000e+01   1.0229976e+01
   4.6000000e+01   1.0229745e+01
   4.7000000e+01   1.0229587e+01
   4.8000000e+01   1.0229754e+01
   4.9000000e+01   1.0229569e+01
   5.0000000e+01   1.0229428e+01
   5.1000000e+01   1.0229650e+01
   5.2000000e+01   1.0229497e+01
   5.3000000e+01   1.0229443e+01
   5.4000000e+01   1.0229409e+01
   5.5000000e+01   1.0229415e+01
   5.6000000e+01   1.0228904e+01
   5.7000000e+01   1.0229040e+01
   5.8000000e+01   1.0229116e+01
   5.9000000e+01   1.0229177e+01
   6.0000000e+01   1.0228679e+01
   6.1000000e+01   1.0228489e+01
   6.2000000e+01   1.0228605e+01
   6.3000000e+01   1.0228602e+01
   6.4000000e+01   1.0228371e+01
   6.5000000e+01   1.0228129e+01
   6.6000000e+01   1.0228235e+01
   6.7000000e+01   1.0228153e+01
   6.8000000e+01   1.0228340e+01
   6.9000000e+01   1.0228192e+01
   7.0000000e+01   1.0228113e+01
   7.1000000e+01   1.0227823e+01
   7.2000000e+01   1.0228109e+01
   7.3000000e+01   1.0227993e+01
   7.4000000e+01   1.0228301e+01
   7.5000000e+01   1.0228044e+01
   7.6000000e+01   1.0227833e+01
   7.7000000e+01   1.0227616e+01
   7.8000000e+01   1.0227706e+01
   7.9000000e+01   1.0227576e+01
   8.0000000e+01   1.0227645e+01
   8.1000000e+01   1.0227433e+01
   8.2000000e+01   1.0227584e+01
   8.3000000e+01   1.0227265e+01
   8.4000000e+01   1.0227674e+01
   8.5000000e+01   1.0227363e+01
   8.6000000e+01   1.0227279e+01
   8.7000000e+01   1.0227079e+01
   8.8000000e+01   1.0227109e+01
   8.9000000e+01   1.0227139e+01
   9.0000000e+01   1.0227002e+01
   9.1000000e+01   1.0227186e+01
   9.2000000e+01   1.0226863e+01
   9.3000000e+01   1.0226989e+01
   9.4000000e+01   1.0226920e+01
   9.5000000e+01   1.0226928e+01
   9.6000000e+01   1.0226774e+01
   9.7000000e+01   1.0226782e+01
   9.8000000e+01   1.0226570e+01
   9.9000000e+01   1.0226616e+01
   1.0000000e+02   1.0226622e+01
   1.0100000e+02   1.0226511e+01
   1.0200000e+02   1.0226650e+01
   1.0300000e+02   1.0226352e+01
   1.0400000e+02   1.0226473e+01
   1.0500000e+02   1.0226510e+01
   1.0600000e+02   1.0226251e+01
   1.0700000e+02   1.0226558e+01
   1.0800000e+02   1.0226093e+01
   1.0900000e+02   1.0226387e+01
   1.1000000e+02   1.0225861e+01
   1.1100000e+02   1.0226193e+01
   1.1200000e+02   1.0226001e+01
   1.1300000e+02   1.0225894e+01
   1.1400000e+02   1.0225889e+01
   1.1500000e+02   1.0225607e+01
   1.1600000e+02   1.0225618e+01
   1.1700000e+02   1.0225608e+01
   1.1800000e+02   1.0225681e+01
   1.1900000e+02   1.0225589e+01
   1.2000000e+02   1.0225783e+01
   1.2100000e+02   1.0225663e+01
   1.2200000e+02   1.0225369e+01
   1.2300000e+02   1.0225387e+01
   1.2400000e+02   1.0225508e+01
   1.2500000e+02   1.0225365e+01
   1.2600000e+02   1.0225375e+01
   1.2700000e+02   1.0225216e+01
   1.2800000e+02   1.0225179e+01
   1.2900000e+02   1.0225028e+01
   1.3000000e+02   1.0225128e+01
   1.3100000e+02   1.0224971e+01
   1.3200000e+02   1.0225110e+01
   1.3300000e+02   1.0225069e+01
   1.3400000e+02   1.0224764e+01
   1.3500000e+02   1.0224609e+01
   1.3600000e+02   1.0224878e+01
   1.3700000e+02   1.0224810e+01
   1.3800000e+02   1.0224748e+01
   1.3900000e+02   1.0224576e+01
   1.4000000e+02   1.0224581e+01
   1.4100000e+02   1.0224681e+01
   1.4200000e+02   1.0224508e+01
   1.4300000e+02   1.0224457e+01
   1.4400000e+02   1.0224828e+01
   1.4500000e+02   1.0224643e+01
   1.4600000e+02   1.0224607e+01
   1.4700000e+02   1.0224591e+01
   1.4800000e+02   1.0224700e+01
   1.4900000e+02   1.0224612e+01
   1.5000000e+02   1.0224536e+01
   1.5100000e+02   1.0224426e+01
   1.5200000e+02   1.0224565e+01
   1.5300000e+02   1.0224665e+01
   1.5400000e+02   1.0224394e+01
   1.5500000e+02   1.0224477e+01
   1.5600000e+02   1.0224115e+01
   1.5700000e+02   1.0224567e+01
   1.5800000e+02   1.0224028e+01
   1.5900000e+02   1.0224247e+01
   1.6000000e+02   1.0224489e+01
   1.6100000e+02   1.0224158e+01
   1.6200000e+02   1.0224039e+01
   1.6300000e+02   1.0224140e+01
   1.6400000e+02   1.0223947e+01
   1.6500000e+02   1.0224054e+01
   1.6600000e+02   1.0224101e+01
   1.6700000e+02   1.0221551e+01
   1.6800000e+02   1.0211865e+01
   1.6900000e+02   1.0204554e+01
   1.7000000e+02   1.0210680e+01
   1.7100000e+02   1.0217725e+01
   1.7200000e+02   1.0221424e+01
   1.7300000e+02   1.0222758e+01
   1.7400000e+02   1.0222937e+01
   1.7500000e+02   1.0223272e+01
   1.7600000e+02   1.0223778e+01
   1.7700000e+02   1.0223712e+01
   1.7800000e+02   1.0223360e+01
   1.7900000e+02   1.0219545e+01
   1.8000000e+02   1.0193984e+01
   1.8100000e+02   1.0180734e+01
   1.8200000e+02   1.0187822e+01
   1.8300000e+02   1.0197524e+01
   1.8400000e+02   1.0201229e+01
   1.8500000e+02   1.0201733e+01
   1.8600000e+02   1.0202452e+01
   1.8700000e+02   1.0204225e+01
   1.8800000e+02   1.0208165e+01
   1.8900000e+02   1.0213245e+01
   1.9000000e+02   1.0217795e+01
   1.9100000e+02   1.0220470e+01
   1.9200000e+02   1.0221311e+01
   1.9300000e+02   1.0221814e+01
   1.9400000e+02   1.0221904e+01
   1.9500000e+02   1.0222158e+01
   1.9600000e+02   1.0222287e+01
   1.9700000e+02   1.0222033e+01
   1.9800000e+02   1.0222373e+01
   1.9900000e+02   1.0222086e+01
   2.0000000e+02   1.0222436e+01
   2.0100000e+02   1.0222238e+01
   2.0200000e+02   1.0222140e+01
   2.0300000e+02   1.0222099e+01
   2.0400000e+02   1.0222061e+01
   2.0500000e+02   1.0222178e+01
   2.0600000e+02   1.0222209e+01
   2.0700000e+02   1.0222190e+01
   2.0800000e+02   1.0222237e+01
   2.0900000e+02   1.0222386e+01
   2.1000000e+02   1.0222181e+01
   2.1100000e+02   1.0222102e+01
   2.1200000e+02   1.0221824e+01
   2.1300000e+02   1.0221994e+01
   2.1400000e+02   1.0222043e+01
   2.1500000e+02   1.0221994e+01
   2.1600000e+02   1.0221946e+01
   2.1700000e+02   1.0221956e+01
   2.1800000e+02   1.0221993e+01
   2.1900000e+02   1.0222079e+01
   2.2000000e+02   1.0222053e+01
   2.2100000e+02   1.0221892e+01
   2.2200000e+02   1.0221934e+01
   2.2300000e+02   1.0222000e+01
   2.2400000e+02   1.0221991e+01
   2.2500000e+02   1.0221804e+01
   2.2600000e+02   1.0221649e+01
   2.2700000e+02   1.0221474e+01
   2.2800000e+02   1.0221535e+01
   2.2900000e+02   1.0221437e+01
   2.3000000e+02   1.0221483e+01
   2.3100000e+02   1.0221461e+01
   2.3200000e+02   1.0221280e+01
   2.3300000e+02   1.0221621e+01
   2.3400000e+02   1.0221745e+01
   2.3500000e+02   1.0221095e+01
   2.3600000e+02   1.0221394e+01
   2.3700000e+02   1.0221379e+01
   2.3800000e+02   1.0221681e+01
   2.3900000e+02   1.0221437e+01
   2.4000000e+02   1.0221385e+01
   2.4100000e+02   1.0221261e+01
   2.4200000e+02   1.0221424e+01
   2.4300000e+02   1.0221293e+01
   2.4400000e+02   1.0221256e+01
   2.4500000e+02   1.0220962e+01
   2.4600000e+02   1.0220389e+01
   2.4700000e+02   1.0219883e+01
   2.4800000e+02   1.0218351e+01
   2.4900000e+02   1.0216621e+01
   2.5000000e+02   1.0214972e+01
   2.5100000e+02   1.0214485e+01
   2.5200000e+02   1.0214023e+01
   2.5300000e+02   1.0214949e+01
   2.5400000e+02   1.0215900e+01
   2.5500000e+02   1.0216626e+01
   2.5600000e+02   1.0217462e+01
   2.5700000e+02   1.0217257e+01
   2.5800000e+02   1.0217275e+01
   2.5900000e+02   1.0216561e+01
   2.6000000e+02   1.0216408e+01
   2.6100000e+02   1.0215739e+01
   2.6200000e+02   1.0215507e+01
   2.6300000e+02   1.0214857e+01
   2.6400000e+02   1.0214676e+01
   2.6500000e+02   1.0214394e+01
   2.6600000e+02   1.0214415e+01
   2.6700000e+02   1.0214596e+01
   2.6800000e+02   1.0215075e+01
   2.6900000e+02   1.0216082e+01
   2.7000000e+02   1.0216865e+01
   2.7100000e+02   1.0217772e+01
   2.7200000e+02   1.0218142e+01
   2.7300000e+02   1.0218523e+01
   2.7400000e+02   1.0218689e+01
   2.7500000e+02   1.0218788e+01
   2.7600000e+02   1.0218240e+01
   2.7700000e+02   1.0218273e+01
   2.7800000e+02   1.0218471e+01
   2.7900000e+02   1.0218582e+01
   2.8000000e+02   1.0218790e+01
   2.8100000e+02   1.0218848e+01
   2.8200000e+02   1.0218943e+01
   2.8300000e+02   1.0219212e+01
   2.8400000e+02   1.0219003e+01
   2.8500000e+02   1.0218936e+01
   2.8600000e+02   1.0219059e+01
   2.8700000e+02   1.0219162e+01
   2.8800000e+02   1.0219558e+01
   2.8900000e+02   1.0219148e+01
   2.9000000e+02   1.0219167e+01
   2.9100000e+02   1.0219207e+01
   2.9200000e+02   1.0219275e+01
   2.9300000e+02   1.0219112e+01
   2.9400000e+02   1.0219203e+01
   2.9500000e+02   1.0219151e+01
   2.9600000e+02   1.0219140e+01
   2.9700000e+02   1.0219504e+01
   2.9800000e+02   1.0219287e+01
   2.9900000e+02   1.0219477e+01
   3.0000000e+02   1.0219289e+01
   3.0100000e+02   1.0219284e+01
   3.0200000e+02   1.0219239e+01
   3.0300000e+02   1.0218845e+01
   3.0400000e+02   1.0218370e+01
   3.0500000e+02   1.0217506e+01
   3.0600000e+02   1.0216750e+01
   3.0700000e+02   1.0215195e+01
   3.0800000e+02   1.0213713e+01
   3.0900000e+02   1.0211689e+01
   3.1000000e+02   1.0208901e+01
   3.1100000e+02   1.0205355e+01
   3.1200000e+02   1.0201868e+01
   3.1300000e+02   1.0198576e+01
   3.1400000e+02   1.0196802e+01
   3.1500000e+02   1.0196630e+01
   3.1600000e+02   1.0198017e+01
   3.1700000e+02   1.0199532e+01
   3.1800000e+02   1.0199302e+01
   3.1900000e+02   1.0197879e+01
   3.2000000e+02   1.0193708e+01
   3.2100000e+02   1.0188805e+01
   3.2200000e+02   1.0183689e+01
   3.2300000e+02   1.0179673e+01
   3.2400000e+02   1.0177986e+01
   3.2500000e+02   1.0178170e+01
   3.2600000e+02   1.0180009e+01
   3.2700000e+02   1.0182725e+01
   3.2800000e+02   1.0186565e+01
   3.2900000e+02   1.0190861e+01
   3.3000000e+02   1.0195632e+01
   3.3100000e+02   1.0200357e+01
   3.3200000e+02   1.0204908e+01
   3.3300000e+02   1.0208340e+01
   3.3400000e+02   1.0211175e+01
   3.3500000e+02   1.0212712e+01
   3.3600000e+02   1.0213044e+01
   3.3700000e+02   1.0212556e+01
   3.3800000e+02   1.0211116e+01
   3.3900000e+02   1.0209620e+01
   3.4000000e+02   1.0207670e+01
   3.4100000e+02   1.0206567e+01
   3.4200000e+02   1.0206169e+01
   3.4300000e+02   1.0206602e+01
   3.4400000e+02   1.0207799e+01
   3.4500000e+02   1.0209561e+01
   3.4600000e+02   1.0211294e+01
   3.4700000e+02   1.0212994e+01
   3.4800000e+02   1.0214304e+01
   3.4900000e+02   1.0215348e+01
   3.5000000e+02   1.0216014e+01
   3.5100000e+02   1.0216639e+01
   3.5200000e+02   1.0216871e+01
   3.5300000e+02   1.0217228e+01
   3.5400000e+02   1.0217240e+01
   3.5500000e+02   1.0217471e+01
   3.5600000e+02   1.0217335e+01
   3.5700000e+02   1.0217562e+01
   3.5800000e+02   1.0216985e+01
   3.5900000e+02   1.0217021e+01
   3.6000000e+02   1.0216939e+01
   3.6100000e+02   1.0216759e+01
   3.6200000e+02   1.0216179e+01
   3.6300000e+02   1.0215916e+01
   3.6400000e+02   1.0215569e+01
   3.6500000e+02   1.0215214e+01
   3.6600000e+02   1.0215380e+01
   3.6700000e+02   1.0215302e+01
   3.6800000e+02   1.0215647e+01
   3.6900000e+02   1.0216193e+01
   3.7000000e+02   1.0216527e+01
   3.7100000e+02   1.0216790e+01
   3.7200000e+02   1.0217152e+01
   3.7300000e+02   1.0217423e+01
   3.7400000e+02   1.0217826e+01
   3.7500000e+02   1.0217989e+01
   3.7600000e+02   1.0218013e+01
   3.7700000e+02   1.0217976e+01
   3.7800000e+02   1.0218198e+01
   3.7900000e+02   1.0217987e+01
   3.8000000e+02   1.0217938e+01
   3.8100000e+02   1.0218111e+01
   3.8200000e+02   1.0218140e+01
   3.8300000e+02   1.0218093e+01
   3.8400000e+02   1.0217808e+01
   3.8500000e+02   1.0217828e+01
   3.8600000e+02   1.0217512e+01
   3.8700000e+02   1.0217275e+01
   3.8800000e+02   1.0217150e+01
   3.8900000e+02   1.0216777e+01
   3.9000000e+02   1.0216131e+01
   3.9100000e+02   1.0215720e+01
   3.9200000e+02   1.0215423e+01
   3.9300000e+02   1.0215081e+01
   3.9400000e+02   1.0214963e+01
   3.9500000e+02   1.0215176e+01
   3.9600000e+02   1.0215494e+01
   3.9700000e+02   1.0215809e+01
   3.9800000e+02   1.0215893e+01
   3.9900000e+02   1.0216327e+01
   4.0000000e+02   1.0216734e+01
   4.0100000e+02   1.0217020e+01
   4.0200000e+02   1.0217168e+01
   4.0300000e+02   1.0217182e+01
   4.0400000e+02   1.0217002e+01
   4.0500000e+02   1.0217092e+01
   4.0600000e+02   1.0217248e+01
   4.0700000e+02   1.0217324e+01
   4.0800000e+02   1.0217358e+01
   4.0900000e+02   1.0217430e+01
   4.1000000e+02   1.0217511e+01
   4.1100000e+02   1.0217415e+01
   4.1200000e+02   1.0217158e+01
   4.1300000e+02   1.0217361e+01
   4.1400000e+02   1.0217458e+01
   4.1500000e+02   1.0216867e+01
   4.1600000e+02   1.0217451e+01
   4.1700000e+02   1.0217376e+01
   4.1800000e+02   1.0217081e+01
   4.1900000e+02   1.0217400e+01
   4.2000000e+02   1.0217157e+01
   4.2100000e+02   1.0217031e+01
   4.2200000e+02   1.0217057e+01
   4.2300000e+02   1.0217453e+01
   4.2400000e+02   1.0217011e+01
   4.2500000e+02   1.0217018e+01
   4.2600000e+02   1.0217079e+01
   4.2700000e+02   1.0217188e+01
   4.2800000e+02   1.0216968e+01
   4.2900000e+02   1.0217143e+01
   4.3000000e+02   1.0216909e+01
   4.3100000e+02   1.0216972e+01
   4.3200000e+02   1.0217105e+01
   4.3300000e+02   1.0217291e+01
   4.3400000e+02   1.0216793e+01
   4.3500000e+02   1.0217245e+01
   4.3600000e+02   1.0216864e+01
   4.3700000e+02   1.0216879e+01
   4.3800000e+02   1.0216945e+01
   4.3900000e+02   1.0216411e+01
   4.4000000e+02   1.0215937e+01
   4.4100000e+02   1.0215024e+01
   4.4200000e+02   1.0213492e+01
   4.4300000e+02   1.0211105e+01
   4.4400000e+02   1.0207403e+01
   4.4500000e+02   1.0202782e+01
   4.4600000e+02   1.0196154e+01
   4.4700000e+02   1.0188855e+01
   4.4800000e+02   1.0180706e+01
   4.4900000e+02   1.0172730e+01
   4.5000000e+02   1.0165590e+01
   4.5100000e+02   1.0161103e+01
   4.5200000e+02   1.0159309e+01
   4.5300000e+02   1.0160335e+01
   4.5400000e+02   1.0164055e+01
   4.5500000e+02   1.0169870e+01
   4.5600000e+02   1.0176506e+01
   4.5700000e+02   1.0184018e+01
   4.5800000e+02   1.0191334e+01
   4.5900000e+02   1.0197047e+01
   4.6000000e+02   1.0202040e+01
   4.6100000e+02   1.0205508e+01
   4.6200000e+02   1.0208666e+01
   4.6300000e+02   1.0210590e+01
   4.6400000e+02   1.0212245e+01
   4.6500000e+02   1.0213044e+01
   4.6600000e+02   1.0213594e+01
   4.6700000e+02   1.0214303e+01
   4.6800000e+02   1.0214691e+01
   4.6900000e+02   1.0214862e+01
   4.7000000e+02   1.0214985e+01
   4.7100000e+02   1.0215152e+01
   4.7200000e+02   1.0215127e+01
   4.7300000e+02   1.0215072e+01
   4.7400000e+02   1.0215199e+01
   4.7500000e+02   1.0215237e+01
   4.7600000e+02   1.0215266e+01
   4.7700000e+02   1.0215293e+01
   4.7800000e+02   1.0215653e+01
   4.7900000e+02   1.0215445e+01
   4.8000000e+02   1.0215461e+01
   4.8100000e+02   1.0215476e+01
   4.8200000e+02   1.0215755e+01
   4.8300000e+02   1.0215892e+01
   4.8400000e+02   1.0215359e+01
   4.8500000e+02   1.0215723e+01
   4.8600000e+02   1.0215615e+01
   4.8700000e+02   1.0215751e+01
   4.8800000e+02   1.0215687e+01
   4.8900000e+02   1.0215544e+01
   4.9000000e+02   1.0215716e+01
   4.9100000e+02   1.0215840e+01
   4.9200000e+02   1.0215525e+01
   4.9300000e+02   1.0215850e+01
   4.9400000e+02   1.0215787e+01
   4.9500000e+02   1.0215892e+01
   4.9600000e+02   1.0215711e+01
   4.9700000e+02   1.0216046e+01
   4.9800000e+02   1.0215804e+01
   4.9900000e+02   1.0215921e+01
   5.0000000e+02   1.0215854e+01
   5.0100000e+02   1.0215797e+01
   5.0200000e+02   1.0215387e+01
   5.0300000e+02   1.0216096e+01
   5.0400000e+02   1.0215939e+01
   5.0500000e+02   1.0215779e+01
   5.0600000e+02   1.0215407e+01
   5.0700000e+02   1.0215646e+01
   5.0800000e+02   1.0215625e+01
   5.0900000e+02   1.0215894e+01
   5.1000000e+02   1.0215866e+01
   5.1100000e+02   1.0215588e+01
   5.1200000e+02   1.0216180e+01
   5.1300000e+02   1.0215460e+01
   5.1400000e+02   1.0215700e+01
   5.1500000e+02   1.0215579e+01
   5.1600000e+02   1.0215560e+01
   5.1700000e+02   1.0215671e+01
   5.1800000e+02   1.0215766e+01
   5.1900000e+02   1.0216004e+01
   5.2000000e+02   1.0215782e+01
   5.2100000e+02   1.0215486e+01
   5.2200000e+02   1.0215531e+01
   5.2300000e+02   1.0215644e+01
   5.2400000e+02   1.0215665e+01
   5.2500000e+02   1.0215419e+01
   5.2600000e+02   1.0215599e+01
   5.2700000e+02   1.0215548e+01
   5.2800000e+02   1.0215643e+01
   5.2900000e+02   1.0215449e+01
   5.3000000e+02   1.0215413e+01
   5.3100000e+02   1.0215664e+01
   5.3200000e+02   1.0215424e+01
   5.3300000e+02   1.0215457e+01
   5.3400000e+02   1.0215390e+01
   5.3500000e+02   1.0215418e+01
   5.3600000e+02   1.0215383e+01
   5.3700000e+02   1.0215168e+01
   5.3800000e+02   1.0215558e+01
   5.3900000e+02   1.0215414e+01
   5.4000000e+02   1.0215267e+01
   5.4100000e+02   1.0215757e+01
   5.4200000e+02   1.0215429e+01
   5.4300000e+02   1.0215482e+01
   5.4400000e+02   1.0215117e+01
   5.4500000e+02   1.0214877e+01
   5.4600000e+02   1.0215095e+01
   5.4700000e+02   1.0215206e+01
   5.4800000e+02   1.0215073e+01
   5.4900000e+02   1.0215108e+01
   5.5000000e+02   1.0215489e+01
   5.5100000e+02   1.0215113e+01
   5.5200000e+02   1.0215446e+01
   5.5300000e+02   1.0215261e+01
   5.5400000e+02   1.0215280e+01
   5.5500000e+02   1.0215277e+01
   5.5600000e+02   1.0215145e+01
   5.5700000e+02   1.0215312e+01
   5.5800000e+02   1.0215387e+01
   5.5900000e+02   1.0215370e+01
   5.6000000e+02   1.0215464e+01
   5.6100000e+02   1.0215160e+01
   5.6200000e+02   1.0215097e+01
   5.6300000e+02   1.0215298e+01
   5.6400000e+02   1.0215348e+01
   5.6500000e+02   1.0215413e+01
   5.6600000e+02   1.0215175e+01
   5.6700000e+02   1.0215126e+01
   5.6800000e+02   1.0215258e+01
   5.6900000e+02   1.0214901e+01
   5.7000000e+02   1.0215064e+01
   5.7100000e+02   1.0215012e+01
   5.7200000e+02   1.0214745e+01
   5.7300000e+02   1.0215019e+01
   5.7400000e+02   1.0214722e+01
   5.7500000e+02   1.0214885e+01
   5.7600000e+02   1.0214737e+01
   5.7700000e+02   1.0214797e+01
   5.7800000e+02   1.0214809e+01
   5.7900000e+02   1.0214680e+01
   5.8000000e+02   1.0214358e+01
   5.8100000e+02   1.0214575e+01
   5.8200000e+02   1.0214855e+01
   5.8300000e+02   1.0215036e+01
   5.8400000e+02   1.0214666e+01
   5.8500000e+02   1.0214893e+01
   5.8600000e+02   1.0214862e+01
   5.8700000e+02   1.0214802e+01
   5.8800000e+02   1.0214965e+01
   5.8900000e+02   1.0214881e+01
   5.9000000e+02   1.0214858e+01
   5.9100000e+02   1.0214849e+01
   5.9200000e+02   1.0214520e+01
   5.9300000e+02   1.0214486e+01
   5.9400000e+02   1.0214519e+01
   5.9500000e+02   1.0214509e+01
   5.9600000e+02   1.0214679e+01
   5.9700000e+02   1.0214668e+01
   5.9800000e+02   1.0214542e+01
   5.9900000e+02   1.0214401e+01
   6.0000000e+02   1.0214629e+01
   6.0100000e+02   1.0214436e+01
   6.0200000e+02   1.0214594e+01
   6.0300000e+02   1.0214667e+01
   6.0400000e+02   1.0214502e+01
   6.0500000e+02   1.0214643e+01
   6.0600000e+02   1.0214447e+01
   6.0700000e+02   1.0214567e+01
   6.0800000e+02   1.0214237e+01
   6.0900000e+02   1.0214545e+01
   6.1000000e+02   1.0214539e+01
   6.1100000e+02   1.0214530e+01
   6.1200000e+02   1.0214409e+01
   6.1300000e+02   1.0214302e+01
   6.1400000e+02   1.0214532e+01
   6.1500000e+02   1.0214527e+01
   6.1600000e+02   1.0214351e+01
   6.1700000e+02   1.0214293e+01
   6.1800000e+02   1.0214217e+01
   6.1900000e+02   1.0214272e+01
   6.2000000e+02   1.0214201e+01
   6.2100000e+02   1.0214140e+01
   6.2200000e+02   1.0214438e+01
   6.2300000e+02   1.0214251e+01
   6.2400000e+02   1.0214223e+01
   6.2500000e+02   1.0214511e+01
   6.2600000e+02   1.0214136e+01
   6.2700000e+02   1.0214146e+01
   6.2800000e+02   1.0214096e+01
   6.2900000e+02   1.0214077e+01
   6.3000000e+02   1.0214051e+01
   6.3100000e+02   1.0214273e+01
   6.3200000e+02   1.0214381e+01
   6.3300000e+02   1.0214183e+01
   6.3400000e+02   1.0214237e+01
   6.3500000e+02   1.0214060e+01
   6.3600000e+02   1.0214115e+01
   6.3700000e+02   1.0213795e+01
   6.3800000e+02   1.0213780e+01
   6.3900000e+02   1.0213786e+01
   6.4000000e+02   1.0214307e+01
   6.4100000e+02   1.0214161e+01
   6.4200000e+02   1.0214113e+01
   6.4300000e+02   1.0213924e+01
   6.4400000e+02   1.0214097e+01
   6.4500000e+02   1.0214030e+01
   6.4600000e+02   1.0214030e+01
   6.4700000e+02   1.0213944e+01
   6.4800000e+02   1.0213897e+01
   6.4900000e+02   1.0214130e+01
   6.5000000e+02   1.0213882e+01
   6.5100000e+02   1.0214178e+01
   6.5200000e+02   1.0213831e+01
   6.5300000e+02   1.0214034e+01
   6.5400000e+02   1.0214065e+01
   6.5500000e+02   1.0213688e+01
   6.5600000e+02   1.0213809e+01
   6.5700000e+02   1.0213836e+01
   6.5800000e+02   1.0213790e+01
   6.5900000e+02   1.0213562e+01
   6.6000000e+02   1.0213665e+01
   6.6100000e+02   1.0213786e+01
   6.6200000e+02   1.0213614e+01
   6.6300000e+02   1.0213726e+01
   6.6400000e+02   1.0213413e+01
   6.6500000e+02   1.0213670e+01
   6.6600000e+02   1.0213596e+01
   6.6700000e+02   1.0213642e+01
   6.6800000e+02   1.0213508e+01
   6.6900000e+02   1.0213793e+01
   6.7000000e+02   1.0213704e+01
   6.7100000e+02   1.0213600e+01
   6.7200000e+02   1.0213419e+01
   6.7300000e+02   1.0213609e+01
   6.7400000e+02   1.0213173e+01
   6.7500000e+02   1.0213307e+01
   6.7600000e+02   1.0213416e+01
   6.7700000e+02   1.0212988e+01
   6.7800000e+02   1.0212966e+01
   6.7900000e+02   1.0212688e+01
   6.8000000e+02   1.0212890e+01
   6.8100000e+02   1.0212488e+01
   6.8200000e+02   1.0212212e+01
   6.8300000e+02   1.0212211e+01
   6.8400000e+02   1.0211888e+01
   6.8500000e+02   1.0211581e+01
   6.8600000e+02   1.0211027e+01
   6.8700000e+02   1.0211064e+01
   6.8800000e+02   1.0210893e+01
   6.8900000e+02   1.0210681e+01
   6.9000000e+02   1.0210932e+01
   6.9100000e+02   1.0210727e+01
   6.9200000e+02   1.0210985e+01
   6.9300000e+02   1.0210803e+01
   6.9400000e+02   1.0211073e+01
   6.9500000e+02   1.0211179e+01
   6.9600000e+02   1.0211403e+01
   6.9700000e+02   1.0211287e+01
   6.9800000e+02   1.0212265e+01
   6.9900000e+02   1.0211998e+01
   7.0000000e+02   1.0212330e+01
   7.0100000e+02   1.0212385e+01
   7.0200000e+02   1.0212747e+01
   7.0300000e+02   1.0212647e+01
   7.0400000e+02   1.0212704e+01
   7.0500000e+02   1.0212821e+01
   7.0600000e+02   1.0212935e+01
   7.0700000e+02   1.0212825e+01
   7.0800000e+02   1.0212697e+01
   7.0900000e+02   1.0212819e+01
   7.1000000e+02   1.0213040e+01
   7.1100000e+02   1.0213140e+01
   7.1200000e+02   1.0212987e+01
   7.1300000e+02   1.0213082e+01
   7.1400000e+02   1.0213132e+01
   7.1500000e+02   1.0212958e+01
   7.1600000e+02   1.0212998e+01
   7.1700000e+02   1.0212831e+01
   7.1800000e+02   1.0212883e+01
   7.1900000e+02   1.0213128e+01
   7.2000000e+02   1.0212846e+01
   7.2100000e+02   1.0212904e+01
   7.2200000e+02   1.0212674e+01
   7.2300000e+02   1.0213031e+01
   7.2400000e+02   1.0213058e+01
   7.2500000e+02   1.0212730e+01
   7.2600000e+02   1.0212749e+01
   7.2700000e+02   1.0212652e+01
   7.2800000e+02   1.0212781e+01
   7.2900000e+02   1.0212762e+01
   7.3000000e+02   1.0212781e+01
   7.3100000e+02   1.0212782e+01
   7.3200000e+02   1.0212875e+01
   7.3300000e+02   1.0212623e+01
   7.3400000e+02   1.0212711e+01
   7.3500000e+02   1.0212734e+01
   7.3600000e+02   1.0212736e+01
   7.3700000e+02   1.0212691e+01
   7.3800000e+02   1.0212896e+01
   7.3900000e+02   1.0212890e+01
   7.4000000e+02   1.0212688e+01
   7.4100000e+02   1.0212938e+01
   7.4200000e+02   1.0213000e+01
   7.4300000e+02   1.0212873e+01
   7.4400000e+02   1.0212634e+01
   7.4500000e+02   1.0213051e+01
   7.4600000e+02   1.0212532e+01
   7.4700000e+02   1.0212286e+01
   7.4800000e+02   1.0212668e+01
   7.4900000e+02   1.0212622e+01
   7.5000000e+02   1.0212519e+01
   7.5100000e+02   1.0212417e+01
   7.5200000e+02   1.0212357e+01
   7.5300000e+02   1.0212246e+01
   7.5400000e+02   1.0212497e+01
   7.5500000e+02   1.0212402e+01
   7.5600000e+02   1.0212498e+01
   7.5700000e+02   1.0212481e+01
   7.5800000e+02   1.0212341e+01
   7.5900000e+02   1.0212359e+01
   7.6000000e+02   1.0212550e+01
   7.6100000e+02   1.0212214e+01
   7.6200000e+02   1.0212259e+01
   7.6300000e+02   1.0212322e+01
   7.6400000e+02   1.0212125e+01
   7.6500000e+02   1.0212119e+01
   7.6600000e+02   1.0212058e+01
   7.6700000e+02   1.0212236e+01
   7.6800000e+02   1.0212268e+01
   7.6900000e+02   1.0211967e+01
   7.7000000e+02   1.0212495e+01
   7.7100000e+02   1.0212390e+01
   7.7200000e+02   1.0212209e+01
   7.7300000e+02   1.0212378e+01
   7.7400000e+02   1.0212260e+01
   7.7500000e+02   1.0212464e+01
   7.7600000e+02   1.0211988e+01
   7.7700000e+02   1.0212213e+01
   7.7800000e+02   1.0212406e+01
   7.7900000e+02   1.0212410e+01
   7.8000000e+02   1.0212425e+01
