   0.0000000e+00   1.0139455e+01
   1.0000000e+00   1.0134402e+01
   2.0000000e+00   1.0132600e+01
   3.0000000e+00   1.0132147e+01
   4.0000000e+00   1.0131741e+01
   5.0000000e+00   1.0130995e+01
   6.0000000e+00   1.0130479e+01
   7.0000000e+00   1.0130038e+01
   8.0000000e+00   1.0129551e+01
   9.0000000e+00   1.0129305e+01
   1.0000000e+01   1.0129129e+01
   1.1000000e+01   1.0129031e+01
   1.2000000e+01   1.0128733e+01
   1.3000000e+01   1.0128985e+01
   1.4000000e+01   1.0128636e+01
   1.5000000e+01   1.0128580e+01
   1.6000000e+01   1.0128238e+01
   1.7000000e+01   1.0128101e+01
   1.8000000e+01   1.0128017e+01
   1.9000000e+01   1.0127805e+01
   2.0000000e+01   1.0127708e+01
   2.1000000e+01   1.0127361e+01
   2.2000000e+01   1.0127214e+01
   2.3000000e+01   1.0127231e+01
   2.4000000e+01   1.0127185e+01
   2.5000000e+01   1.0127162e+01
   2.6000000e+01   1.0126894e+01
   2.7000000e+01   1.0126973e+01
   2.8000000e+01   1.0126375e+01
   2.9000000e+01   1.0126355e+01
   3.0000000e+01   1.0126614e+01
   3.1000000e+01   1.0126152e+01
   3.2000000e+01   1.0126167e+01
   3.3000000e+01   1.0126397e+01
   3.4000000e+01   1.0126302e+01
   3.5000000e+01   1.0126252e+01
   3.6000000e+01   1.0125673e+01
   3.7000000e+01   1.0125862e+01
   3.8000000e+01   1.0125518e+01
   3.9000000e+01   1.0125704e+01
   4.0000000e+01   1.0125580e+01
   4.1000000e+01   1.0125377e+01
   4.2000000e+01   1.0125115e+01
   4.3000000e+01   1.0125147e+01
   4.4000000e+01   1.0125342e+01
   4.5000000e+01   1.0125024e+01
   4.6000000e+01   1.0125156e+01
   4.7000000e+01   1.0124953e+01
   4.8000000e+01   1.0124784e+01
   4.9000000e+01   1.0124806e+01
   5.0000000e+01   1.0124935e+01
   5.1000000e+01   1.0124675e+01
   5.2000000e+01   1.0124844e+01
   5.3000000e+01   1.0124811e+01
   5.4000000e+01   1.0124548e+01
   5.5000000e+01   1.0124648e+01
   5.6000000e+01   1.0124732e+01
   5.7000000e+01   1.0124424e+01
   5.8000000e+01   1.0124319e+01
   5.9000000e+01   1.0124270e+01
   6.0000000e+01   1.0124159e+01
   6.1000000e+01   1.0124178e+01
   6.2000000e+01   1.0124174e+01
   6.3000000e+01   1.0123858e+01
   6.4000000e+01   1.0123963e+01
   6.5000000e+01   1.0123719e+01
   6.6000000e+01   1.0123685e+01
   6.7000000e+01   1.0123673e+01
   6.8000000e+01   1.0123599e+01
   6.9000000e+01   1.0123473e+01
   7.0000000e+01   1.0123635e+01
   7.1000000e+01   1.0123737e+01
   7.2000000e+01   1.0123309e+01
   7.3000000e+01   1.0123487e+01
   7.4000000e+01   1.0123717e+01
   7.5000000e+01   1.0123430e+01
   7.6000000e+01   1.0123306e+01
   7.7000000e+01   1.0123479e+01
   7.8000000e+01   1.0123458e+01
   7.9000000e+01   1.0123286e+01
   8.0000000e+01   1.0123142e+01
   8.1000000e+01   1.0123304e+01
   8.2000000e+01   1.0123274e+01
   8.3000000e+01   1.0123167e+01
   8.4000000e+01   1.0122977e+01
   8.5000000e+01   1.0123201e+01
   8.6000000e+01   1.0123094e+01
   8.7000000e+01   1.0122576e+01
   8.8000000e+01   1.0122605e+01
   8.9000000e+01   1.0122661e+01
   9.0000000e+01   1.0122822e+01
   9.1000000e+01   1.0122894e+01
   9.2000000e+01   1.0122686e+01
   9.3000000e+01   1.0122786e+01
   9.4000000e+01   1.0122621e+01
   9.5000000e+01   1.0122770e+01
   9.6000000e+01   1.0122524e+01
   9.7000000e+01   1.0122758e+01
   9.8000000e+01   1.0122878e+01
   9.9000000e+01   1.0122559e+01
   1.0000000e+02   1.0122710e+01
   1.0100000e+02   1.0122615e+01
   1.0200000e+02   1.0122487e+01
   1.0300000e+02   1.0122429e+01
   1.0400000e+02   1.0122230e+01
   1.0500000e+02   1.0122128e+01
   1.0600000e+02   1.0122515e+01
   1.0700000e+02   1.0121844e+01
   1.0800000e+02   1.0122249e+01
   1.0900000e+02   1.0121852e+01
   1.1000000e+02   1.0122020e+01
   1.1100000e+02   1.0121912e+01
   1.1200000e+02   1.0122288e+01
   1.1300000e+02   1.0121880e+01
   1.1400000e+02   1.0121983e+01
   1.1500000e+02   1.0121998e+01
   1.1600000e+02   1.0122217e+01
   1.1700000e+02   1.0121844e+01
   1.1800000e+02   1.0121829e+01
   1.1900000e+02   1.0121981e+01
   1.2000000e+02   1.0121704e+01
   1.2100000e+02   1.0121984e+01
   1.2200000e+02   1.0121711e+01
   1.2300000e+02   1.0121814e+01
   1.2400000e+02   1.0121679e+01
   1.2500000e+02   1.0121779e+01
   1.2600000e+02   1.0121704e+01
   1.2700000e+02   1.0121886e+01
   1.2800000e+02   1.0121613e+01
   1.2900000e+02   1.0121743e+01
   1.3000000e+02   1.0121752e+01
   1.3100000e+02   1.0121758e+01
   1.3200000e+02   1.0121399e+01
   1.3300000e+02   1.0121613e+01
   1.3400000e+02   1.0121666e+01
   1.3500000e+02   1.0121651e+01
   1.3600000e+02   1.0121448e+01
   1.3700000e+02   1.0121791e+01
   1.3800000e+02   1.0121740e+01
   1.3900000e+02   1.0121378e+01
   1.4000000e+02   1.0121185e+01
   1.4100000e+02   1.0121302e+01
   1.4200000e+02   1.0121146e+01
   1.4300000e+02   1.0121205e+01
   1.4400000e+02   1.0121101e+01
   1.4500000e+02   1.0121447e+01
   1.4600000e+02   1.0121310e+01
   1.4700000e+02   1.0121327e+01
   1.4800000e+02   1.0121071e+01
   1.4900000e+02   1.0121042e+01
   1.5000000e+02   1.0121000e+01
   1.5100000e+02   1.0121020e+01
   1.5200000e+02   1.0121114e+01
   1.5300000e+02   1.0121211e+01
   1.5400000e+02   1.0121151e+01
   1.5500000e+02   1.0121268e+01
   1.5600000e+02   1.0121113e+01
   1.5700000e+02   1.0121257e+01
   1.5800000e+02   1.0121131e+01
   1.5900000e+02   1.0120797e+01
   1.6000000e+02   1.0120932e+01
   1.6100000e+02   1.0120766e+01
   1.6200000e+02   1.0121024e+01
   1.6300000e+02   1.0121203e+01
   1.6400000e+02   1.0120688e+01
   1.6500000e+02   1.0120621e+01
   1.6600000e+02   1.0120723e+01
   1.6700000e+02   1.0118652e+01
   1.6800000e+02   1.0109634e+01
   1.6900000e+02   1.0102342e+01
   1.7000000e+02   1.0107208e+01
   1.7100000e+02   1.0114391e+01
   1.7200000e+02   1.0118280e+01
   1.7300000e+02   1.0119864e+01
   1.7400000e+02   1.0120233e+01
   1.7500000e+02   1.0120724e+01
   1.7600000e+02   1.0120505e+01
   1.7700000e+02   1.0120479e+01
   1.7800000e+02   1.0120606e+01
   1.7900000e+02   1.0117935e+01
   1.8000000e+02   1.0101227e+01
   1.8100000e+02   1.0084352e+01
   1.8200000e+02   1.0082669e+01
   1.8300000e+02   1.0089954e+01
   1.8400000e+02   1.0096559e+01
   1.8500000e+02   1.0097758e+01
   1.8600000e+02   1.0099898e+01
   1.8700000e+02   1.0103312e+01
   1.8800000e+02   1.0106525e+01
   1.8900000e+02   1.0110281e+01
   1.9000000e+02   1.0114535e+01
   1.9100000e+02   1.0117532e+01
   1.9200000e+02   1.0118656e+01
   1.9300000e+02   1.0119007e+01
   1.9400000e+02   1.0119350e+01
   1.9500000e+02   1.0119326e+01
   1.9600000e+02   1.0119259e+01
   1.9700000e+02   1.0119290e+01
   1.9800000e+02   1.0119661e+01
   1.9900000e+02   1.0119510e+01
   2.0000000e+02   1.0119583e+01
   2.0100000e+02   1.0119633e+01
   2.0200000e+02   1.0119660e+01
   2.0300000e+02   1.0119608e+01
   2.0400000e+02   1.0119664e+01
   2.0500000e+02   1.0119453e+01
   2.0600000e+02   1.0119591e+01
   2.0700000e+02   1.0119713e+01
   2.0800000e+02   1.0119788e+01
   2.0900000e+02   1.0119323e+01
   2.1000000e+02   1.0119607e+01
   2.1100000e+02   1.0119293e+01
   2.1200000e+02   1.0119108e+01
   2.1300000e+02   1.0119464e+01
   2.1400000e+02   1.0119221e+01
   2.1500000e+02   1.0119064e+01
   2.1600000e+02   1.0119309e+01
   2.1700000e+02   1.0119204e+01
   2.1800000e+02   1.0118944e+01
   2.1900000e+02   1.0118985e+01
   2.2000000e+02   1.0119141e+01
   2.2100000e+02   1.0119250e+01
   2.2200000e+02   1.0118823e+01
   2.2300000e+02   1.0118997e+01
   2.2400000e+02   1.0118951e+01
   2.2500000e+02   1.0118655e+01
   2.2600000e+02   1.0118492e+01
   2.2700000e+02   1.0118296e+01
   2.2800000e+02   1.0118168e+01
   2.2900000e+02   1.0118359e+01
   2.3000000e+02   1.0118159e+01
   2.3100000e+02   1.0118179e+01
   2.3200000e+02   1.0118818e+01
   2.3300000e+02   1.0118645e+01
   2.3400000e+02   1.0118577e+01
   2.3500000e+02   1.0118754e+01
   2.3600000e+02   1.0118770e+01
   2.3700000e+02   1.0118895e+01
   2.3800000e+02   1.0118560e+01
   2.3900000e+02   1.0118635e+01
   2.4000000e+02   1.0118712e+01
   2.4100000e+02   1.0118800e+01
   2.4200000e+02   1.0119004e+01
   2.4300000e+02   1.0118531e+01
   2.4400000e+02   1.0118456e+01
   2.4500000e+02   1.0118201e+01
   2.4600000e+02   1.0117365e+01
   2.4700000e+02   1.0115983e+01
   2.4800000e+02   1.0113622e+01
   2.4900000e+02   1.0110694e+01
   2.5000000e+02   1.0108057e+01
   2.5100000e+02   1.0106205e+01
   2.5200000e+02   1.0106113e+01
   2.5300000e+02   1.0107379e+01
   2.5400000e+02   1.0109223e+01
   2.5500000e+02   1.0110922e+01
   2.5600000e+02   1.0112479e+01
   2.5700000e+02   1.0112608e+01
   2.5800000e+02   1.0112341e+01
   2.5900000e+02   1.0111456e+01
   2.6000000e+02   1.0110302e+01
   2.6100000e+02   1.0109628e+01
   2.6200000e+02   1.0108977e+01
   2.6300000e+02   1.0108437e+01
   2.6400000e+02   1.0107859e+01
   2.6500000e+02   1.0107350e+01
   2.6600000e+02   1.0107031e+01
   2.6700000e+02   1.0107544e+01
   2.6800000e+02   1.0108845e+01
   2.6900000e+02   1.0110309e+01
   2.7000000e+02   1.0112096e+01
   2.7100000e+02   1.0113250e+01
   2.7200000e+02   1.0114565e+01
   2.7300000e+02   1.0115448e+01
   2.7400000e+02   1.0115491e+01
   2.7500000e+02   1.0115341e+01
   2.7600000e+02   1.0115298e+01
   2.7700000e+02   1.0115364e+01
   2.7800000e+02   1.0114974e+01
   2.7900000e+02   1.0115243e+01
   2.8000000e+02   1.0115593e+01
   2.8100000e+02   1.0115878e+01
   2.8200000e+02   1.0115882e+01
   2.8300000e+02   1.0116108e+01
   2.8400000e+02   1.0116259e+01
   2.8500000e+02   1.0116237e+01
   2.8600000e+02   1.0116221e+01
   2.8700000e+02   1.0116519e+01
   2.8800000e+02   1.0116748e+01
   2.8900000e+02   1.0116807e+01
   2.9000000e+02   1.0116748e+01
   2.9100000e+02   1.0116816e+01
   2.9200000e+02   1.0117137e+01
   2.9300000e+02   1.0117261e+01
   2.9400000e+02   1.0117654e+01
   2.9500000e+02   1.0117379e+01
   2.9600000e+02   1.0117400e+01
   2.9700000e+02   1.0117549e+01
   2.9800000e+02   1.0117588e+01
   2.9900000e+02   1.0117735e+01
   3.0000000e+02   1.0117475e+01
   3.0100000e+02   1.0117800e+01
   3.0200000e+02   1.0117323e+01
   3.0300000e+02   1.0117082e+01
   3.0400000e+02   1.0116846e+01
   3.0500000e+02   1.0116313e+01
   3.0600000e+02   1.0115264e+01
   3.0700000e+02   1.0114550e+01
   3.0800000e+02   1.0113191e+01
   3.0900000e+02   1.0111802e+01
   3.1000000e+02   1.0109549e+01
   3.1100000e+02   1.0107185e+01
   3.1200000e+02   1.0104403e+01
   3.1300000e+02   1.0101963e+01
   3.1400000e+02   1.0100640e+01
   3.1500000e+02   1.0100254e+01
   3.1600000e+02   1.0100932e+01
   3.1700000e+02   1.0101857e+01
   3.1800000e+02   1.0101948e+01
   3.1900000e+02   1.0100756e+01
   3.2000000e+02   1.0098130e+01
   3.2100000e+02   1.0094093e+01
   3.2200000e+02   1.0090240e+01
   3.2300000e+02   1.0087236e+01
   3.2400000e+02   1.0085464e+01
   3.2500000e+02   1.0085858e+01
   3.2600000e+02   1.0086734e+01
   3.2700000e+02   1.0089084e+01
   3.2800000e+02   1.0092117e+01
   3.2900000e+02   1.0095460e+01
   3.3000000e+02   1.0099064e+01
   3.3100000e+02   1.0102804e+01
   3.3200000e+02   1.0106109e+01
   3.3300000e+02   1.0108910e+01
   3.3400000e+02   1.0111221e+01
   3.3500000e+02   1.0112399e+01
   3.3600000e+02   1.0112740e+01
   3.3700000e+02   1.0112456e+01
   3.3800000e+02   1.0111957e+01
   3.3900000e+02   1.0110452e+01
   3.4000000e+02   1.0109694e+01
   3.4100000e+02   1.0108430e+01
   3.4200000e+02   1.0108018e+01
   3.4300000e+02   1.0108358e+01
   3.4400000e+02   1.0109188e+01
   3.4500000e+02   1.0110156e+01
   3.4600000e+02   1.0111708e+01
   3.4700000e+02   1.0112837e+01
   3.4800000e+02   1.0113503e+01
   3.4900000e+02   1.0114717e+01
   3.5000000e+02   1.0115136e+01
   3.5100000e+02   1.0115460e+01
   3.5200000e+02   1.0115798e+01
   3.5300000e+02   1.0116091e+01
   3.5400000e+02   1.0116329e+01
   3.5500000e+02   1.0116014e+01
   3.5600000e+02   1.0116040e+01
   3.5700000e+02   1.0116442e+01
   3.5800000e+02   1.0115990e+01
   3.5900000e+02   1.0116059e+01
   3.6000000e+02   1.0115626e+01
   3.6100000e+02   1.0115839e+01
   3.6200000e+02   1.0115240e+01
   3.6300000e+02   1.0114776e+01
   3.6400000e+02   1.0115043e+01
   3.6500000e+02   1.0114775e+01
   3.6600000e+02   1.0114764e+01
   3.6700000e+02   1.0114991e+01
   3.6800000e+02   1.0115002e+01
   3.6900000e+02   1.0115450e+01
   3.7000000e+02   1.0115588e+01
   3.7100000e+02   1.0115961e+01
   3.7200000e+02   1.0115962e+01
   3.7300000e+02   1.0116038e+01
   3.7400000e+02   1.0116325e+01
   3.7500000e+02   1.0116388e+01
   3.7600000e+02   1.0116448e+01
   3.7700000e+02   1.0116612e+01
   3.7800000e+02   1.0116773e+01
   3.7900000e+02   1.0116478e+01
   3.8000000e+02   1.0116870e+01
   3.8100000e+02   1.0116600e+01
   3.8200000e+02   1.0116479e+01
   3.8300000e+02   1.0116693e+01
   3.8400000e+02   1.0116375e+01
   3.8500000e+02   1.0116246e+01
   3.8600000e+02   1.0116224e+01
   3.8700000e+02   1.0116028e+01
   3.8800000e+02   1.0116004e+01
   3.8900000e+02   1.0115988e+01
   3.9000000e+02   1.0115353e+01
   3.9100000e+02   1.0115425e+01
   3.9200000e+02   1.0115087e+01
   3.9300000e+02   1.0114930e+01
   3.9400000e+02   1.0114663e+01
   3.9500000e+02   1.0114571e+01
   3.9600000e+02   1.0114940e+01
   3.9700000e+02   1.0114879e+01
   3.9800000e+02   1.0115248e+01
   3.9900000e+02   1.0115516e+01
   4.0000000e+02   1.0115568e+01
   4.0100000e+02   1.0115805e+01
   4.0200000e+02   1.0115981e+01
   4.0300000e+02   1.0116047e+01
   4.0400000e+02   1.0115980e+01
   4.0500000e+02   1.0116060e+01
   4.0600000e+02   1.0116337e+01
   4.0700000e+02   1.0116107e+01
   4.0800000e+02   1.0116371e+01
   4.0900000e+02   1.0116272e+01
   4.1000000e+02   1.0116232e+01
   4.1100000e+02   1.0116272e+01
   4.1200000e+02   1.0116139e+01
   4.1300000e+02   1.0115984e+01
   4.1400000e+02   1.0116084e+01
   4.1500000e+02   1.0115941e+01
   4.1600000e+02   1.0116284e+01
   4.1700000e+02   1.0116182e+01
   4.1800000e+02   1.0116112e+01
   4.1900000e+02   1.0116137e+01
   4.2000000e+02   1.0116127e+01
   4.2100000e+02   1.0116267e+01
   4.2200000e+02   1.0116174e+01
   4.2300000e+02   1.0116141e+01
   4.2400000e+02   1.0116187e+01
   4.2500000e+02   1.0116266e+01
   4.2600000e+02   1.0116161e+01
   4.2700000e+02   1.0116187e+01
   4.2800000e+02   1.0116017e+01
   4.2900000e+02   1.0116234e+01
   4.3000000e+02   1.0115932e+01
   4.3100000e+02   1.0115958e+01
   4.3200000e+02   1.0116048e+01
   4.3300000e+02   1.0116363e+01
   4.3400000e+02   1.0115927e+01
   4.3500000e+02   1.0116086e+01
   4.3600000e+02   1.0115813e+01
   4.3700000e+02   1.0116028e+01
   4.3800000e+02   1.0115647e+01
   4.3900000e+02   1.0115805e+01
   4.4000000e+02   1.0115973e+01
   4.4100000e+02   1.0115803e+01
   4.4200000e+02   1.0115400e+01
   4.4300000e+02   1.0115129e+01
   4.4400000e+02   1.0114393e+01
   4.4500000e+02   1.0113704e+01
   4.4600000e+02   1.0112539e+01
   4.4700000e+02   1.0111168e+01
   4.4800000e+02   1.0109645e+01
   4.4900000e+02   1.0108226e+01
   4.5000000e+02   1.0106633e+01
   4.5100000e+02   1.0105918e+01
   4.5200000e+02   1.0105020e+01
   4.5300000e+02   1.0104853e+01
   4.5400000e+02   1.0105372e+01
   4.5500000e+02   1.0106218e+01
   4.5600000e+02   1.0107401e+01
   4.5700000e+02   1.0108894e+01
   4.5800000e+02   1.0110460e+01
   4.5900000e+02   1.0111531e+01
   4.6000000e+02   1.0112515e+01
   4.6100000e+02   1.0113522e+01
   4.6200000e+02   1.0114000e+01
   4.6300000e+02   1.0114511e+01
   4.6400000e+02   1.0114806e+01
   4.6500000e+02   1.0114878e+01
   4.6600000e+02   1.0115324e+01
   4.6700000e+02   1.0115112e+01
   4.6800000e+02   1.0115157e+01
   4.6900000e+02   1.0115262e+01
   4.7000000e+02   1.0115373e+01
   4.7100000e+02   1.0115485e+01
   4.7200000e+02   1.0115500e+01
   4.7300000e+02   1.0115537e+01
   4.7400000e+02   1.0115166e+01
   4.7500000e+02   1.0115382e+01
   4.7600000e+02   1.0115272e+01
   4.7700000e+02   1.0115760e+01
   4.7800000e+02   1.0115360e+01
   4.7900000e+02   1.0115468e+01
   4.8000000e+02   1.0115421e+01
   4.8100000e+02   1.0115261e+01
   4.8200000e+02   1.0115240e+01
   4.8300000e+02   1.0115792e+01
   4.8400000e+02   1.0115463e+01
   4.8500000e+02   1.0115358e+01
   4.8600000e+02   1.0115125e+01
   4.8700000e+02   1.0115503e+01
   4.8800000e+02   1.0115564e+01
   4.8900000e+02   1.0115539e+01
   4.9000000e+02   1.0115645e+01
   4.9100000e+02   1.0115684e+01
   4.9200000e+02   1.0115828e+01
   4.9300000e+02   1.0115469e+01
   4.9400000e+02   1.0115491e+01
   4.9500000e+02   1.0115278e+01
   4.9600000e+02   1.0115335e+01
   4.9700000e+02   1.0115498e+01
   4.9800000e+02   1.0115069e+01
   4.9900000e+02   1.0114957e+01
   5.0000000e+02   1.0115263e+01
   5.0100000e+02   1.0115006e+01
   5.0200000e+02   1.0114938e+01
   5.0300000e+02   1.0115012e+01
   5.0400000e+02   1.0115024e+01
   5.0500000e+02   1.0115091e+01
   5.0600000e+02   1.0115134e+01
   5.0700000e+02   1.0115196e+01
   5.0800000e+02   1.0115178e+01
   5.0900000e+02   1.0115043e+01
   5.1000000e+02   1.0115200e+01
   5.1100000e+02   1.0115226e+01
   5.1200000e+02   1.0114994e+01
   5.1300000e+02   1.0114961e+01
   5.1400000e+02   1.0114811e+01
   5.1500000e+02   1.0115073e+01
   5.1600000e+02   1.0114872e+01
   5.1700000e+02   1.0115045e+01
   5.1800000e+02   1.0115093e+01
   5.1900000e+02   1.0114747e+01
   5.2000000e+02   1.0115096e+01
   5.2100000e+02   1.0114987e+01
   5.2200000e+02   1.0114859e+01
   5.2300000e+02   1.0114980e+01
   5.2400000e+02   1.0114834e+01
   5.2500000e+02   1.0114848e+01
   5.2600000e+02   1.0114946e+01
   5.2700000e+02   1.0114930e+01
   5.2800000e+02   1.0114722e+01
   5.2900000e+02   1.0114805e+01
   5.3000000e+02   1.0114877e+01
   5.3100000e+02   1.0115098e+01
   5.3200000e+02   1.0114885e+01
   5.3300000e+02   1.0114744e+01
   5.3400000e+02   1.0114827e+01
   5.3500000e+02   1.0114793e+01
   5.3600000e+02   1.0115035e+01
   5.3700000e+02   1.0114851e+01
   5.3800000e+02   1.0114830e+01
   5.3900000e+02   1.0114894e+01
   5.4000000e+02   1.0114931e+01
   5.4100000e+02   1.0114864e+01
   5.4200000e+02   1.0114680e+01
   5.4300000e+02   1.0114812e+01
   5.4400000e+02   1.0114594e+01
   5.4500000e+02   1.0114748e+01
   5.4600000e+02   1.0114671e+01
   5.4700000e+02   1.0114720e+01
   5.4800000e+02   1.0114733e+01
   5.4900000e+02   1.0114805e+01
   5.5000000e+02   1.0114679e+01
   5.5100000e+02   1.0114720e+01
   5.5200000e+02   1.0114751e+01
   5.5300000e+02   1.0114620e+01
   5.5400000e+02   1.0114737e+01
   5.5500000e+02   1.0114973e+01
   5.5600000e+02   1.0114955e+01
   5.5700000e+02   1.0114722e+01
   5.5800000e+02   1.0114755e+01
   5.5900000e+02   1.0114824e+01
   5.6000000e+02   1.0114816e+01
   5.6100000e+02   1.0114807e+01
   5.6200000e+02   1.0114790e+01
   5.6300000e+02   1.0114907e+01
   5.6400000e+02   1.0114527e+01
   5.6500000e+02   1.0114645e+01
   5.6600000e+02   1.0114399e+01
   5.6700000e+02   1.0114789e+01
   5.6800000e+02   1.0114809e+01
   5.6900000e+02   1.0114655e+01
   5.7000000e+02   1.0114604e+01
   5.7100000e+02   1.0114360e+01
   5.7200000e+02   1.0114486e+01
   5.7300000e+02   1.0114345e+01
   5.7400000e+02   1.0114579e+01
   5.7500000e+02   1.0114122e+01
   5.7600000e+02   1.0114492e+01
   5.7700000e+02   1.0114294e+01
   5.7800000e+02   1.0114170e+01
   5.7900000e+02   1.0113986e+01
   5.8000000e+02   1.0114280e+01
   5.8100000e+02   1.0114267e+01
   5.8200000e+02   1.0114335e+01
   5.8300000e+02   1.0114296e+01
   5.8400000e+02   1.0113981e+01
   5.8500000e+02   1.0114180e+01
   5.8600000e+02   1.0114233e+01
   5.8700000e+02   1.0114437e+01
   5.8800000e+02   1.0114205e+01
   5.8900000e+02   1.0114148e+01
   5.9000000e+02   1.0114143e+01
   5.9100000e+02   1.0114134e+01
   5.9200000e+02   1.0114171e+01
   5.9300000e+02   1.0114318e+01
   5.9400000e+02   1.0113984e+01
   5.9500000e+02   1.0114486e+01
   5.9600000e+02   1.0114338e+01
   5.9700000e+02   1.0114242e+01
   5.9800000e+02   1.0114190e+01
   5.9900000e+02   1.0114331e+01
   6.0000000e+02   1.0114166e+01
   6.0100000e+02   1.0114332e+01
   6.0200000e+02   1.0114116e+01
   6.0300000e+02   1.0114034e+01
   6.0400000e+02   1.0114258e+01
   6.0500000e+02   1.0114067e+01
   6.0600000e+02   1.0114028e+01
   6.0700000e+02   1.0114173e+01
   6.0800000e+02   1.0113928e+01
   6.0900000e+02   1.0114013e+01
   6.1000000e+02   1.0113825e+01
   6.1100000e+02   1.0114322e+01
   6.1200000e+02   1.0113955e+01
   6.1300000e+02   1.0113781e+01
   6.1400000e+02   1.0114280e+01
   6.1500000e+02   1.0114063e+01
   6.1600000e+02   1.0113934e+01
   6.1700000e+02   1.0114180e+01
   6.1800000e+02   1.0114049e+01
   6.1900000e+02   1.0113883e+01
   6.2000000e+02   1.0114057e+01
   6.2100000e+02   1.0113857e+01
   6.2200000e+02   1.0114090e+01
   6.2300000e+02   1.0113906e+01
   6.2400000e+02   1.0113922e+01
   6.2500000e+02   1.0114209e+01
   6.2600000e+02   1.0113954e+01
   6.2700000e+02   1.0114067e+01
   6.2800000e+02   1.0113598e+01
   6.2900000e+02   1.0113560e+01
   6.3000000e+02   1.0113944e+01
   6.3100000e+02   1.0113714e+01
   6.3200000e+02   1.0113742e+01
   6.3300000e+02   1.0113810e+01
   6.3400000e+02   1.0113520e+01
   6.3500000e+02   1.0113849e+01
   6.3600000e+02   1.0113938e+01
   6.3700000e+02   1.0113550e+01
   6.3800000e+02   1.0113371e+01
   6.3900000e+02   1.0113565e+01
   6.4000000e+02   1.0113768e+01
   6.4100000e+02   1.0113655e+01
   6.4200000e+02   1.0113577e+01
   6.4300000e+02   1.0113851e+01
   6.4400000e+02   1.0113606e+01
   6.4500000e+02   1.0113394e+01
   6.4600000e+02   1.0113712e+01
   6.4700000e+02   1.0113758e+01
   6.4800000e+02   1.0113729e+01
   6.4900000e+02   1.0113451e+01
   6.5000000e+02   1.0113770e+01
   6.5100000e+02   1.0113600e+01
   6.5200000e+02   1.0113784e+01
   6.5300000e+02   1.0113867e+01
   6.5400000e+02   1.0113819e+01
   6.5500000e+02   1.0113623e+01
   6.5600000e+02   1.0113679e+01
   6.5700000e+02   1.0113608e+01
   6.5800000e+02   1.0113741e+01
   6.5900000e+02   1.0113562e+01
   6.6000000e+02   1.0113545e+01
   6.6100000e+02   1.0113564e+01
   6.6200000e+02   1.0113785e+01
   6.6300000e+02   1.0113707e+01
   6.6400000e+02   1.0113475e+01
   6.6500000e+02   1.0113522e+01
   6.6600000e+02   1.0113601e+01
   6.6700000e+02   1.0113701e+01
   6.6800000e+02   1.0113686e+01
   6.6900000e+02   1.0113599e+01
   6.7000000e+02   1.0113627e+01
   6.7100000e+02   1.0113705e+01
   6.7200000e+02   1.0113367e+01
   6.7300000e+02   1.0113531e+01
   6.7400000e+02   1.0113684e+01
   6.7500000e+02   1.0113713e+01
   6.7600000e+02   1.0113459e+01
   6.7700000e+02   1.0113631e+01
   6.7800000e+02   1.0113247e+01
   6.7900000e+02   1.0113653e+01
   6.8000000e+02   1.0113328e+01
   6.8100000e+02   1.0113526e+01
   6.8200000e+02   1.0113686e+01
   6.8300000e+02   1.0113143e+01
   6.8400000e+02   1.0113192e+01
   6.8500000e+02   1.0113262e+01
   6.8600000e+02   1.0113364e+01
   6.8700000e+02   1.0113109e+01
   6.8800000e+02   1.0113628e+01
   6.8900000e+02   1.0113040e+01
   6.9000000e+02   1.0113460e+01
   6.9100000e+02   1.0113497e+01
   6.9200000e+02   1.0113094e+01
   6.9300000e+02   1.0113356e+01
   6.9400000e+02   1.0113267e+01
   6.9500000e+02   1.0113110e+01
   6.9600000e+02   1.0113326e+01
   6.9700000e+02   1.0113012e+01
   6.9800000e+02   1.0113380e+01
   6.9900000e+02   1.0113387e+01
   7.0000000e+02   1.0113360e+01
   7.0100000e+02   1.0113190e+01
   7.0200000e+02   1.0113262e+01
   7.0300000e+02   1.0113519e+01
   7.0400000e+02   1.0113118e+01
   7.0500000e+02   1.0113257e+01
   7.0600000e+02   1.0113011e+01
   7.0700000e+02   1.0113138e+01
   7.0800000e+02   1.0112994e+01
   7.0900000e+02   1.0113050e+01
   7.1000000e+02   1.0113011e+01
   7.1100000e+02   1.0113261e+01
   7.1200000e+02   1.0113184e+01
   7.1300000e+02   1.0113200e+01
   7.1400000e+02   1.0113125e+01
   7.1500000e+02   1.0113152e+01
   7.1600000e+02   1.0113202e+01
   7.1700000e+02   1.0113156e+01
   7.1800000e+02   1.0113024e+01
   7.1900000e+02   1.0113247e+01
   7.2000000e+02   1.0112949e+01
   7.2100000e+02   1.0113329e+01
   7.2200000e+02   1.0113110e+01
   7.2300000e+02   1.0113029e+01
   7.2400000e+02   1.0112951e+01
   7.2500000e+02   1.0113273e+01
   7.2600000e+02   1.0113233e+01
   7.2700000e+02   1.0113346e+01
   7.2800000e+02   1.0113288e+01
   7.2900000e+02   1.0112700e+01
   7.3000000e+02   1.0113189e+01
   7.3100000e+02   1.0112686e+01
   7.3200000e+02   1.0112716e+01
   7.3300000e+02   1.0112748e+01
   7.3400000e+02   1.0112804e+01
   7.3500000e+02   1.0112832e+01
   7.3600000e+02   1.0112730e+01
   7.3700000e+02   1.0112902e+01
   7.3800000e+02   1.0112802e+01
   7.3900000e+02   1.0112711e+01
   7.4000000e+02   1.0112825e+01
   7.4100000e+02   1.0112666e+01
   7.4200000e+02   1.0112625e+01
   7.4300000e+02   1.0112748e+01
   7.4400000e+02   1.0112704e+01
   7.4500000e+02   1.0112671e+01
   7.4600000e+02   1.0112561e+01
   7.4700000e+02   1.0112613e+01
   7.4800000e+02   1.0112449e+01
   7.4900000e+02   1.0112572e+01
   7.5000000e+02   1.0112821e+01
   7.5100000e+02   1.0112511e+01
   7.5200000e+02   1.0112803e+01
   7.5300000e+02   1.0112858e+01
   7.5400000e+02   1.0112705e+01
   7.5500000e+02   1.0112612e+01
   7.5600000e+02   1.0112799e+01
   7.5700000e+02   1.0112619e+01
   7.5800000e+02   1.0112613e+01
   7.5900000e+02   1.0112744e+01
   7.6000000e+02   1.0112798e+01
   7.6100000e+02   1.0112583e+01
   7.6200000e+02   1.0112636e+01
   7.6300000e+02   1.0112808e+01
   7.6400000e+02   1.0112638e+01
   7.6500000e+02   1.0112809e+01
   7.6600000e+02   1.0112750e+01
   7.6700000e+02   1.0113022e+01
   7.6800000e+02   1.0112704e+01
   7.6900000e+02   1.0112765e+01
   7.7000000e+02   1.0112443e+01
   7.7100000e+02   1.0112509e+01
   7.7200000e+02   1.0112370e+01
   7.7300000e+02   1.0112496e+01
   7.7400000e+02   1.0112634e+01
   7.7500000e+02   1.0112692e+01
   7.7600000e+02   1.0112553e+01
   7.7700000e+02   1.0112700e+01
   7.7800000e+02   1.0112488e+01
   7.7900000e+02   1.0112778e+01
   7.8000000e+02   1.0112453e+01
