   0.0000000e+00   1.0221018e+01
   1.0000000e+00   1.0215940e+01
   2.0000000e+00   1.0214782e+01
   3.0000000e+00   1.0214008e+01
   4.0000000e+00   1.0213385e+01
   5.0000000e+00   1.0212964e+01
   6.0000000e+00   1.0212360e+01
   7.0000000e+00   1.0212104e+01
   8.0000000e+00   1.0211444e+01
   9.0000000e+00   1.0211296e+01
   1.0000000e+01   1.0211227e+01
   1.1000000e+01   1.0210948e+01
   1.2000000e+01   1.0210870e+01
   1.3000000e+01   1.0210585e+01
   1.4000000e+01   1.0210352e+01
   1.5000000e+01   1.0210318e+01
   1.6000000e+01   1.0209990e+01
   1.7000000e+01   1.0209825e+01
   1.8000000e+01   1.0209730e+01
   1.9000000e+01   1.0209873e+01
   2.0000000e+01   1.0209381e+01
   2.1000000e+01   1.0209309e+01
   2.2000000e+01   1.0209025e+01
   2.3000000e+01   1.0209008e+01
   2.4000000e+01   1.0209035e+01
   2.5000000e+01   1.0208913e+01
   2.6000000e+01   1.0208760e+01
   2.7000000e+01   1.0208498e+01
   2.8000000e+01   1.0208339e+01
   2.9000000e+01   1.0208332e+01
   3.0000000e+01   1.0208088e+01
   3.1000000e+01   1.0207938e+01
   3.2000000e+01   1.0207886e+01
   3.3000000e+01   1.0207886e+01
   3.4000000e+01   1.0207584e+01
   3.5000000e+01   1.0207629e+01
   3.6000000e+01   1.0207723e+01
   3.7000000e+01   1.0207493e+01
   3.8000000e+01   1.0207532e+01
   3.9000000e+01   1.0207343e+01
   4.0000000e+01   1.0207340e+01
   4.1000000e+01   1.0207263e+01
   4.2000000e+01   1.0207325e+01
   4.3000000e+01   1.0207069e+01
   4.4000000e+01   1.0206943e+01
   4.5000000e+01   1.0207096e+01
   4.6000000e+01   1.0206964e+01
   4.7000000e+01   1.0206680e+01
   4.8000000e+01   1.0206758e+01
   4.9000000e+01   1.0206587e+01
   5.0000000e+01   1.0206255e+01
   5.1000000e+01   1.0206379e+01
   5.2000000e+01   1.0206334e+01
   5.3000000e+01   1.0206417e+01
   5.4000000e+01   1.0206187e+01
   5.5000000e+01   1.0205961e+01
   5.6000000e+01   1.0206017e+01
   5.7000000e+01   1.0206219e+01
   5.8000000e+01   1.0206030e+01
   5.9000000e+01   1.0206104e+01
   6.0000000e+01   1.0206005e+01
   6.1000000e+01   1.0205909e+01
   6.2000000e+01   1.0205679e+01
   6.3000000e+01   1.0205670e+01
   6.4000000e+01   1.0205841e+01
   6.5000000e+01   1.0205753e+01
   6.6000000e+01   1.0205421e+01
   6.7000000e+01   1.0205011e+01
   6.8000000e+01   1.0205565e+01
   6.9000000e+01   1.0205350e+01
   7.0000000e+01   1.0205506e+01
   7.1000000e+01   1.0205251e+01
   7.2000000e+01   1.0205100e+01
   7.3000000e+01   1.0205041e+01
   7.4000000e+01   1.0205393e+01
   7.5000000e+01   1.0204980e+01
   7.6000000e+01   1.0205004e+01
   7.7000000e+01   1.0205280e+01
   7.8000000e+01   1.0204929e+01
   7.9000000e+01   1.0205334e+01
   8.0000000e+01   1.0204903e+01
   8.1000000e+01   1.0204911e+01
   8.2000000e+01   1.0204747e+01
   8.3000000e+01   1.0204598e+01
   8.4000000e+01   1.0204647e+01
   8.5000000e+01   1.0204909e+01
   8.6000000e+01   1.0204296e+01
   8.7000000e+01   1.0204266e+01
   8.8000000e+01   1.0204391e+01
   8.9000000e+01   1.0204350e+01
   9.0000000e+01   1.0204570e+01
   9.1000000e+01   1.0204404e+01
   9.2000000e+01   1.0204554e+01
   9.3000000e+01   1.0204211e+01
   9.4000000e+01   1.0204091e+01
   9.5000000e+01   1.0204143e+01
   9.6000000e+01   1.0203906e+01
   9.7000000e+01   1.0204189e+01
   9.8000000e+01   1.0204485e+01
   9.9000000e+01   1.0204020e+01
   1.0000000e+02   1.0204043e+01
   1.0100000e+02   1.0204367e+01
   1.0200000e+02   1.0204028e+01
   1.0300000e+02   1.0203837e+01
   1.0400000e+02   1.0203915e+01
   1.0500000e+02   1.0204073e+01
   1.0600000e+02   1.0204037e+01
   1.0700000e+02   1.0203862e+01
   1.0800000e+02   1.0203977e+01
   1.0900000e+02   1.0203922e+01
   1.1000000e+02   1.0203895e+01
   1.1100000e+02   1.0203947e+01
   1.1200000e+02   1.0203912e+01
   1.1300000e+02   1.0203551e+01
   1.1400000e+02   1.0203647e+01
   1.1500000e+02   1.0203227e+01
   1.1600000e+02   1.0203496e+01
   1.1700000e+02   1.0203680e+01
   1.1800000e+02   1.0203561e+01
   1.1900000e+02   1.0203558e+01
   1.2000000e+02   1.0203320e+01
   1.2100000e+02   1.0203545e+01
   1.2200000e+02   1.0203462e+01
   1.2300000e+02   1.0203319e+01
   1.2400000e+02   1.0203330e+01
   1.2500000e+02   1.0203075e+01
   1.2600000e+02   1.0203295e+01
   1.2700000e+02   1.0203424e+01
   1.2800000e+02   1.0203222e+01
   1.2900000e+02   1.0203068e+01
   1.3000000e+02   1.0203100e+01
   1.3100000e+02   1.0203033e+01
   1.3200000e+02   1.0202878e+01
   1.3300000e+02   1.0202963e+01
   1.3400000e+02   1.0202812e+01
   1.3500000e+02   1.0202735e+01
   1.3600000e+02   1.0203077e+01
   1.3700000e+02   1.0202722e+01
   1.3800000e+02   1.0202693e+01
   1.3900000e+02   1.0202564e+01
   1.4000000e+02   1.0202642e+01
   1.4100000e+02   1.0202582e+01
   1.4200000e+02   1.0202763e+01
   1.4300000e+02   1.0202452e+01
   1.4400000e+02   1.0202398e+01
   1.4500000e+02   1.0202331e+01
   1.4600000e+02   1.0202228e+01
   1.4700000e+02   1.0202407e+01
   1.4800000e+02   1.0202248e+01
   1.4900000e+02   1.0202122e+01
   1.5000000e+02   1.0202457e+01
   1.5100000e+02   1.0202182e+01
   1.5200000e+02   1.0202074e+01
   1.5300000e+02   1.0202198e+01
   1.5400000e+02   1.0202093e+01
   1.5500000e+02   1.0201720e+01
   1.5600000e+02   1.0202028e+01
   1.5700000e+02   1.0201890e+01
   1.5800000e+02   1.0202082e+01
   1.5900000e+02   1.0202052e+01
   1.6000000e+02   1.0201732e+01
   1.6100000e+02   1.0201868e+01
   1.6200000e+02   1.0201666e+01
   1.6300000e+02   1.0201563e+01
   1.6400000e+02   1.0201853e+01
   1.6500000e+02   1.0201658e+01
   1.6600000e+02   1.0201211e+01
   1.6700000e+02   1.0198739e+01
   1.6800000e+02   1.0188993e+01
   1.6900000e+02   1.0182687e+01
   1.7000000e+02   1.0189177e+01
   1.7100000e+02   1.0196002e+01
   1.7200000e+02   1.0199238e+01
   1.7300000e+02   1.0200569e+01
   1.7400000e+02   1.0201111e+01
   1.7500000e+02   1.0201266e+01
   1.7600000e+02   1.0201594e+01
   1.7700000e+02   1.0201320e+01
   1.7800000e+02   1.0201382e+01
   1.7900000e+02   1.0197465e+01
   1.8000000e+02   1.0173641e+01
   1.8100000e+02   1.0159716e+01
   1.8200000e+02   1.0166120e+01
   1.8300000e+02   1.0174764e+01
   1.8400000e+02   1.0179195e+01
   1.8500000e+02   1.0180019e+01
   1.8600000e+02   1.0180293e+01
   1.8700000e+02   1.0182283e+01
   1.8800000e+02   1.0186489e+01
   1.8900000e+02   1.0191428e+01
   1.9000000e+02   1.0195505e+01
   1.9100000e+02   1.0198437e+01
   1.9200000e+02   1.0199184e+01
   1.9300000e+02   1.0199579e+01
   1.9400000e+02   1.0199752e+01
   1.9500000e+02   1.0199980e+01
   1.9600000e+02   1.0200179e+01
   1.9700000e+02   1.0200148e+01
   1.9800000e+02   1.0200115e+01
   1.9900000e+02   1.0199960e+01
   2.0000000e+02   1.0200229e+01
   2.0100000e+02   1.0200229e+01
   2.0200000e+02   1.0200243e+01
   2.0300000e+02   1.0199944e+01
   2.0400000e+02   1.0200196e+01
   2.0500000e+02   1.0200161e+01
   2.0600000e+02   1.0199799e+01
   2.0700000e+02   1.0200191e+01
   2.0800000e+02   1.0200211e+01
   2.0900000e+02   1.0199856e+01
   2.1000000e+02   1.0199807e+01
   2.1100000e+02   1.0199799e+01
   2.1200000e+02   1.0199626e+01
   2.1300000e+02   1.0200069e+01
   2.1400000e+02   1.0199820e+01
   2.1500000e+02   1.0199912e+01
   2.1600000e+02   1.0199743e+01
   2.1700000e+02   1.0199691e+01
   2.1800000e+02   1.0199835e+01
   2.1900000e+02   1.0199745e+01
   2.2000000e+02   1.0199648e+01
   2.2100000e+02   1.0199467e+01
   2.2200000e+02   1.0198982e+01
   2.2300000e+02   1.0198745e+01
   2.2400000e+02   1.0198392e+01
   2.2500000e+02   1.0197616e+01
   2.2600000e+02   1.0196613e+01
   2.2700000e+02   1.0196117e+01
   2.2800000e+02   1.0195937e+01
   2.2900000e+02   1.0195688e+01
   2.3000000e+02   1.0196107e+01
   2.3100000e+02   1.0196514e+01
   2.3200000e+02   1.0197353e+01
   2.3300000e+02   1.0197862e+01
   2.3400000e+02   1.0198242e+01
   2.3500000e+02   1.0198035e+01
   2.3600000e+02   1.0198177e+01
   2.3700000e+02   1.0198343e+01
   2.3800000e+02   1.0198238e+01
   2.3900000e+02   1.0198342e+01
   2.4000000e+02   1.0197934e+01
   2.4100000e+02   1.0198373e+01
   2.4200000e+02   1.0198223e+01
   2.4300000e+02   1.0198315e+01
   2.4400000e+02   1.0197660e+01
   2.4500000e+02   1.0197302e+01
   2.4600000e+02   1.0195755e+01
   2.4700000e+02   1.0192980e+01
   2.4800000e+02   1.0188791e+01
   2.4900000e+02   1.0183576e+01
   2.5000000e+02   1.0178819e+01
   2.5100000e+02   1.0175880e+01
   2.5200000e+02   1.0175992e+01
   2.5300000e+02   1.0178365e+01
   2.5400000e+02   1.0181691e+01
   2.5500000e+02   1.0184797e+01
   2.5600000e+02   1.0186770e+01
   2.5700000e+02   1.0187435e+01
   2.5800000e+02   1.0186901e+01
   2.5900000e+02   1.0185135e+01
   2.6000000e+02   1.0183694e+01
   2.6100000e+02   1.0182209e+01
   2.6200000e+02   1.0180867e+01
   2.6300000e+02   1.0179894e+01
   2.6400000e+02   1.0179087e+01
   2.6500000e+02   1.0178052e+01
   2.6600000e+02   1.0177887e+01
   2.6700000e+02   1.0178739e+01
   2.6800000e+02   1.0180984e+01
   2.6900000e+02   1.0183886e+01
   2.7000000e+02   1.0186895e+01
   2.7100000e+02   1.0189472e+01
   2.7200000e+02   1.0191804e+01
   2.7300000e+02   1.0192825e+01
   2.7400000e+02   1.0192960e+01
   2.7500000e+02   1.0192964e+01
   2.7600000e+02   1.0192743e+01
   2.7700000e+02   1.0192318e+01
   2.7800000e+02   1.0192440e+01
   2.7900000e+02   1.0192749e+01
   2.8000000e+02   1.0193395e+01
   2.8100000e+02   1.0193935e+01
   2.8200000e+02   1.0193940e+01
   2.8300000e+02   1.0194033e+01
   2.8400000e+02   1.0194310e+01
   2.8500000e+02   1.0194576e+01
   2.8600000e+02   1.0194354e+01
   2.8700000e+02   1.0194730e+01
   2.8800000e+02   1.0195115e+01
   2.8900000e+02   1.0195627e+01
   2.9000000e+02   1.0195828e+01
   2.9100000e+02   1.0196040e+01
   2.9200000e+02   1.0196063e+01
   2.9300000e+02   1.0196511e+01
   2.9400000e+02   1.0196613e+01
   2.9500000e+02   1.0196547e+01
   2.9600000e+02   1.0196809e+01
   2.9700000e+02   1.0196952e+01
   2.9800000e+02   1.0197073e+01
   2.9900000e+02   1.0197201e+01
   3.0000000e+02   1.0197160e+01
   3.0100000e+02   1.0196990e+01
   3.0200000e+02   1.0197002e+01
   3.0300000e+02   1.0196657e+01
   3.0400000e+02   1.0196204e+01
   3.0500000e+02   1.0195527e+01
   3.0600000e+02   1.0194911e+01
   3.0700000e+02   1.0193954e+01
   3.0800000e+02   1.0192733e+01
   3.0900000e+02   1.0191341e+01
   3.1000000e+02   1.0188961e+01
   3.1100000e+02   1.0186851e+01
   3.1200000e+02   1.0183851e+01
   3.1300000e+02   1.0180936e+01
   3.1400000e+02   1.0179792e+01
   3.1500000e+02   1.0179063e+01
   3.1600000e+02   1.0179973e+01
   3.1700000e+02   1.0181274e+01
   3.1800000e+02   1.0181525e+01
   3.1900000e+02   1.0180702e+01
   3.2000000e+02   1.0178351e+01
   3.2100000e+02   1.0174739e+01
   3.2200000e+02   1.0170650e+01
   3.2300000e+02   1.0167544e+01
   3.2400000e+02   1.0165812e+01
   3.2500000e+02   1.0165757e+01
   3.2600000e+02   1.0167390e+01
   3.2700000e+02   1.0169261e+01
   3.2800000e+02   1.0172049e+01
   3.2900000e+02   1.0175177e+01
   3.3000000e+02   1.0179006e+01
   3.3100000e+02   1.0182628e+01
   3.3200000e+02   1.0185586e+01
   3.3300000e+02   1.0188526e+01
   3.3400000e+02   1.0190563e+01
   3.3500000e+02   1.0192061e+01
   3.3600000e+02   1.0192528e+01
   3.3700000e+02   1.0192225e+01
   3.3800000e+02   1.0191689e+01
   3.3900000e+02   1.0190449e+01
   3.4000000e+02   1.0189474e+01
   3.4100000e+02   1.0188008e+01
   3.4200000e+02   1.0187662e+01
   3.4300000e+02   1.0187821e+01
   3.4400000e+02   1.0188429e+01
   3.4500000e+02   1.0189624e+01
   3.4600000e+02   1.0190869e+01
   3.4700000e+02   1.0192150e+01
   3.4800000e+02   1.0193146e+01
   3.4900000e+02   1.0193950e+01
   3.5000000e+02   1.0194360e+01
   3.5100000e+02   1.0194884e+01
   3.5200000e+02   1.0195218e+01
   3.5300000e+02   1.0195508e+01
   3.5400000e+02   1.0195471e+01
   3.5500000e+02   1.0195623e+01
   3.5600000e+02   1.0195966e+01
   3.5700000e+02   1.0195344e+01
   3.5800000e+02   1.0195563e+01
   3.5900000e+02   1.0195520e+01
   3.6000000e+02   1.0195522e+01
   3.6100000e+02   1.0194930e+01
   3.6200000e+02   1.0194997e+01
   3.6300000e+02   1.0194673e+01
   3.6400000e+02   1.0194565e+01
   3.6500000e+02   1.0194146e+01
   3.6600000e+02   1.0194515e+01
   3.6700000e+02   1.0194412e+01
   3.6800000e+02   1.0194592e+01
   3.6900000e+02   1.0195096e+01
   3.7000000e+02   1.0195286e+01
   3.7100000e+02   1.0195066e+01
   3.7200000e+02   1.0195584e+01
   3.7300000e+02   1.0195629e+01
   3.7400000e+02   1.0195645e+01
   3.7500000e+02   1.0196002e+01
   3.7600000e+02   1.0195665e+01
   3.7700000e+02   1.0195996e+01
   3.7800000e+02   1.0195891e+01
   3.7900000e+02   1.0195690e+01
   3.8000000e+02   1.0195861e+01
   3.8100000e+02   1.0195973e+01
   3.8200000e+02   1.0195964e+01
   3.8300000e+02   1.0195695e+01
   3.8400000e+02   1.0195666e+01
   3.8500000e+02   1.0195794e+01
   3.8600000e+02   1.0195725e+01
   3.8700000e+02   1.0195431e+01
   3.8800000e+02   1.0195391e+01
   3.8900000e+02   1.0195305e+01
   3.9000000e+02   1.0194888e+01
   3.9100000e+02   1.0194683e+01
   3.9200000e+02   1.0194621e+01
   3.9300000e+02   1.0194583e+01
   3.9400000e+02   1.0194058e+01
   3.9500000e+02   1.0194202e+01
   3.9600000e+02   1.0194086e+01
   3.9700000e+02   1.0194520e+01
   3.9800000e+02   1.0194531e+01
   3.9900000e+02   1.0194713e+01
   4.0000000e+02   1.0194715e+01
   4.0100000e+02   1.0195040e+01
   4.0200000e+02   1.0195461e+01
   4.0300000e+02   1.0195440e+01
   4.0400000e+02   1.0195343e+01
   4.0500000e+02   1.0195396e+01
   4.0600000e+02   1.0195602e+01
   4.0700000e+02   1.0195749e+01
   4.0800000e+02   1.0195716e+01
   4.0900000e+02   1.0195678e+01
   4.1000000e+02   1.0195453e+01
   4.1100000e+02   1.0195681e+01
   4.1200000e+02   1.0195565e+01
   4.1300000e+02   1.0195753e+01
   4.1400000e+02   1.0195412e+01
   4.1500000e+02   1.0195652e+01
   4.1600000e+02   1.0195574e+01
   4.1700000e+02   1.0195475e+01
   4.1800000e+02   1.0195518e+01
   4.1900000e+02   1.0195844e+01
   4.2000000e+02   1.0195443e+01
   4.2100000e+02   1.0195458e+01
   4.2200000e+02   1.0195673e+01
   4.2300000e+02   1.0195484e+01
   4.2400000e+02   1.0195596e+01
   4.2500000e+02   1.0195250e+01
   4.2600000e+02   1.0195497e+01
   4.2700000e+02   1.0195505e+01
   4.2800000e+02   1.0195505e+01
   4.2900000e+02   1.0195400e+01
   4.3000000e+02   1.0195296e+01
   4.3100000e+02   1.0195300e+01
   4.3200000e+02   1.0195331e+01
   4.3300000e+02   1.0195391e+01
   4.3400000e+02   1.0195584e+01
   4.3500000e+02   1.0195244e+01
   4.3600000e+02   1.0195297e+01
   4.3700000e+02   1.0195516e+01
   4.3800000e+02   1.0195083e+01
   4.3900000e+02   1.0195462e+01
   4.4000000e+02   1.0195083e+01
   4.4100000e+02   1.0195021e+01
   4.4200000e+02   1.0195172e+01
   4.4300000e+02   1.0194820e+01
   4.4400000e+02   1.0194465e+01
   4.4500000e+02   1.0194668e+01
   4.4600000e+02   1.0194020e+01
   4.4700000e+02   1.0193387e+01
   4.4800000e+02   1.0192878e+01
   4.4900000e+02   1.0192032e+01
   4.5000000e+02   1.0191757e+01
   4.5100000e+02   1.0191116e+01
   4.5200000e+02   1.0190704e+01
   4.5300000e+02   1.0190666e+01
   4.5400000e+02   1.0190821e+01
   4.5500000e+02   1.0190828e+01
   4.5600000e+02   1.0191351e+01
   4.5700000e+02   1.0191863e+01
   4.5800000e+02   1.0192522e+01
   4.5900000e+02   1.0192902e+01
   4.6000000e+02   1.0193438e+01
   4.6100000e+02   1.0193843e+01
   4.6200000e+02   1.0193949e+01
   4.6300000e+02   1.0194301e+01
   4.6400000e+02   1.0194619e+01
   4.6500000e+02   1.0194488e+01
   4.6600000e+02   1.0194516e+01
   4.6700000e+02   1.0194558e+01
   4.6800000e+02   1.0194620e+01
   4.6900000e+02   1.0194526e+01
   4.7000000e+02   1.0194624e+01
   4.7100000e+02   1.0194804e+01
   4.7200000e+02   1.0194328e+01
   4.7300000e+02   1.0194731e+01
   4.7400000e+02   1.0194588e+01
   4.7500000e+02   1.0194685e+01
   4.7600000e+02   1.0194817e+01
   4.7700000e+02   1.0194555e+01
   4.7800000e+02   1.0194541e+01
   4.7900000e+02   1.0194639e+01
   4.8000000e+02   1.0194548e+01
   4.8100000e+02   1.0194472e+01
   4.8200000e+02   1.0194585e+01
   4.8300000e+02   1.0194576e+01
   4.8400000e+02   1.0194580e+01
   4.8500000e+02   1.0194539e+01
   4.8600000e+02   1.0194657e+01
   4.8700000e+02   1.0194866e+01
   4.8800000e+02   1.0194610e+01
   4.8900000e+02   1.0194216e+01
   4.9000000e+02   1.0194775e+01
   4.9100000e+02   1.0194498e+01
   4.9200000e+02   1.0194727e+01
   4.9300000e+02   1.0194532e+01
   4.9400000e+02   1.0194647e+01
   4.9500000e+02   1.0194286e+01
   4.9600000e+02   1.0194320e+01
   4.9700000e+02   1.0194417e+01
   4.9800000e+02   1.0194357e+01
   4.9900000e+02   1.0194384e+01
   5.0000000e+02   1.0194599e+01
   5.0100000e+02   1.0194146e+01
   5.0200000e+02   1.0194329e+01
   5.0300000e+02   1.0194099e+01
   5.0400000e+02   1.0194458e+01
   5.0500000e+02   1.0194083e+01
   5.0600000e+02   1.0194240e+01
   5.0700000e+02   1.0194230e+01
   5.0800000e+02   1.0194256e+01
   5.0900000e+02   1.0194388e+01
   5.1000000e+02   1.0194132e+01
   5.1100000e+02   1.0194190e+01
   5.1200000e+02   1.0194140e+01
   5.1300000e+02   1.0194269e+01
   5.1400000e+02   1.0194392e+01
   5.1500000e+02   1.0194242e+01
   5.1600000e+02   1.0194209e+01
   5.1700000e+02   1.0194413e+01
   5.1800000e+02   1.0194575e+01
   5.1900000e+02   1.0194137e+01
   5.2000000e+02   1.0194375e+01
   5.2100000e+02   1.0194015e+01
   5.2200000e+02   1.0194126e+01
   5.2300000e+02   1.0193850e+01
   5.2400000e+02   1.0194027e+01
   5.2500000e+02   1.0194036e+01
   5.2600000e+02   1.0193876e+01
   5.2700000e+02   1.0193801e+01
   5.2800000e+02   1.0193944e+01
   5.2900000e+02   1.0194120e+01
   5.3000000e+02   1.0193677e+01
   5.3100000e+02   1.0194038e+01
   5.3200000e+02   1.0193753e+01
   5.3300000e+02   1.0193913e+01
   5.3400000e+02   1.0193839e+01
   5.3500000e+02   1.0193819e+01
   5.3600000e+02   1.0193833e+01
   5.3700000e+02   1.0193774e+01
   5.3800000e+02   1.0194046e+01
   5.3900000e+02   1.0193859e+01
   5.4000000e+02   1.0193823e+01
   5.4100000e+02   1.0194053e+01
   5.4200000e+02   1.0193847e+01
   5.4300000e+02   1.0193676e+01
   5.4400000e+02   1.0193858e+01
   5.4500000e+02   1.0193871e+01
   5.4600000e+02   1.0193526e+01
   5.4700000e+02   1.0193835e+01
   5.4800000e+02   1.0193885e+01
   5.4900000e+02   1.0193791e+01
   5.5000000e+02   1.0193568e+01
   5.5100000e+02   1.0193509e+01
   5.5200000e+02   1.0193670e+01
   5.5300000e+02   1.0193493e+01
   5.5400000e+02   1.0193236e+01
   5.5500000e+02   1.0193701e+01
   5.5600000e+02   1.0193339e+01
   5.5700000e+02   1.0193622e+01
   5.5800000e+02   1.0193327e+01
   5.5900000e+02   1.0193425e+01
   5.6000000e+02   1.0193472e+01
   5.6100000e+02   1.0193427e+01
   5.6200000e+02   1.0193391e+01
   5.6300000e+02   1.0193384e+01
   5.6400000e+02   1.0193409e+01
   5.6500000e+02   1.0193590e+01
   5.6600000e+02   1.0193397e+01
   5.6700000e+02   1.0193608e+01
   5.6800000e+02   1.0193496e+01
   5.6900000e+02   1.0193483e+01
   5.7000000e+02   1.0193351e+01
   5.7100000e+02   1.0193606e+01
   5.7200000e+02   1.0193349e+01
   5.7300000e+02   1.0193495e+01
   5.7400000e+02   1.0193352e+01
   5.7500000e+02   1.0193549e+01
   5.7600000e+02   1.0193622e+01
   5.7700000e+02   1.0193429e+01
   5.7800000e+02   1.0193571e+01
   5.7900000e+02   1.0193467e+01
   5.8000000e+02   1.0193509e+01
   5.8100000e+02   1.0193281e+01
   5.8200000e+02   1.0193432e+01
   5.8300000e+02   1.0193268e+01
   5.8400000e+02   1.0193404e+01
   5.8500000e+02   1.0193342e+01
   5.8600000e+02   1.0193130e+01
   5.8700000e+02   1.0193542e+01
   5.8800000e+02   1.0193019e+01
   5.8900000e+02   1.0193179e+01
   5.9000000e+02   1.0193014e+01
   5.9100000e+02   1.0193149e+01
   5.9200000e+02   1.0192980e+01
   5.9300000e+02   1.0192972e+01
   5.9400000e+02   1.0193147e+01
   5.9500000e+02   1.0192982e+01
   5.9600000e+02   1.0192984e+01
   5.9700000e+02   1.0193134e+01
   5.9800000e+02   1.0193052e+01
   5.9900000e+02   1.0192932e+01
   6.0000000e+02   1.0192875e+01
   6.0100000e+02   1.0192975e+01
   6.0200000e+02   1.0193036e+01
   6.0300000e+02   1.0192943e+01
   6.0400000e+02   1.0193188e+01
   6.0500000e+02   1.0192919e+01
   6.0600000e+02   1.0193116e+01
   6.0700000e+02   1.0192705e+01
   6.0800000e+02   1.0193080e+01
   6.0900000e+02   1.0192884e+01
   6.1000000e+02   1.0192851e+01
   6.1100000e+02   1.0192844e+01
   6.1200000e+02   1.0192873e+01
   6.1300000e+02   1.0192922e+01
   6.1400000e+02   1.0192818e+01
   6.1500000e+02   1.0192913e+01
   6.1600000e+02   1.0192774e+01
   6.1700000e+02   1.0192997e+01
   6.1800000e+02   1.0192823e+01
   6.1900000e+02   1.0192695e+01
   6.2000000e+02   1.0192685e+01
   6.2100000e+02   1.0192767e+01
   6.2200000e+02   1.0192728e+01
   6.2300000e+02   1.0192815e+01
   6.2400000e+02   1.0192906e+01
   6.2500000e+02   1.0192878e+01
   6.2600000e+02   1.0192884e+01
   6.2700000e+02   1.0192808e+01
   6.2800000e+02   1.0192915e+01
   6.2900000e+02   1.0193154e+01
   6.3000000e+02   1.0193015e+01
   6.3100000e+02   1.0192766e+01
   6.3200000e+02   1.0192990e+01
   6.3300000e+02   1.0192842e+01
   6.3400000e+02   1.0192576e+01
   6.3500000e+02   1.0192887e+01
   6.3600000e+02   1.0192616e+01
   6.3700000e+02   1.0192715e+01
   6.3800000e+02   1.0192928e+01
   6.3900000e+02   1.0192344e+01
   6.4000000e+02   1.0192923e+01
   6.4100000e+02   1.0192639e+01
   6.4200000e+02   1.0192513e+01
   6.4300000e+02   1.0192791e+01
   6.4400000e+02   1.0192424e+01
   6.4500000e+02   1.0192160e+01
   6.4600000e+02   1.0192331e+01
   6.4700000e+02   1.0192479e+01
   6.4800000e+02   1.0192748e+01
   6.4900000e+02   1.0192539e+01
   6.5000000e+02   1.0192549e+01
   6.5100000e+02   1.0192453e+01
   6.5200000e+02   1.0192517e+01
   6.5300000e+02   1.0192327e+01
   6.5400000e+02   1.0192370e+01
   6.5500000e+02   1.0192390e+01
   6.5600000e+02   1.0192324e+01
   6.5700000e+02   1.0192202e+01
   6.5800000e+02   1.0192393e+01
   6.5900000e+02   1.0192411e+01
   6.6000000e+02   1.0192267e+01
   6.6100000e+02   1.0192262e+01
   6.6200000e+02   1.0192121e+01
   6.6300000e+02   1.0192150e+01
   6.6400000e+02   1.0192001e+01
   6.6500000e+02   1.0192263e+01
   6.6600000e+02   1.0192263e+01
   6.6700000e+02   1.0192205e+01
   6.6800000e+02   1.0191978e+01
   6.6900000e+02   1.0191876e+01
   6.7000000e+02   1.0192099e+01
   6.7100000e+02   1.0192272e+01
   6.7200000e+02   1.0192066e+01
   6.7300000e+02   1.0192263e+01
   6.7400000e+02   1.0191949e+01
   6.7500000e+02   1.0192214e+01
   6.7600000e+02   1.0191979e+01
   6.7700000e+02   1.0192120e+01
   6.7800000e+02   1.0192213e+01
   6.7900000e+02   1.0192201e+01
   6.8000000e+02   1.0192227e+01
   6.8100000e+02   1.0191905e+01
   6.8200000e+02   1.0191994e+01
   6.8300000e+02   1.0192214e+01
   6.8400000e+02   1.0192057e+01
   6.8500000e+02   1.0191945e+01
   6.8600000e+02   1.0192042e+01
   6.8700000e+02   1.0192147e+01
   6.8800000e+02   1.0191929e+01
   6.8900000e+02   1.0191891e+01
   6.9000000e+02   1.0191912e+01
   6.9100000e+02   1.0191948e+01
   6.9200000e+02   1.0192026e+01
   6.9300000e+02   1.0191976e+01
   6.9400000e+02   1.0191892e+01
   6.9500000e+02   1.0191708e+01
   6.9600000e+02   1.0191895e+01
   6.9700000e+02   1.0192112e+01
   6.9800000e+02   1.0191745e+01
   6.9900000e+02   1.0192006e+01
   7.0000000e+02   1.0191963e+01
   7.0100000e+02   1.0191884e+01
   7.0200000e+02   1.0191786e+01
   7.0300000e+02   1.0192153e+01
   7.0400000e+02   1.0192053e+01
   7.0500000e+02   1.0191815e+01
   7.0600000e+02   1.0191604e+01
   7.0700000e+02   1.0191904e+01
   7.0800000e+02   1.0191790e+01
   7.0900000e+02   1.0191775e+01
   7.1000000e+02   1.0191549e+01
   7.1100000e+02   1.0191888e+01
   7.1200000e+02   1.0191904e+01
   7.1300000e+02   1.0191766e+01
   7.1400000e+02   1.0191817e+01
   7.1500000e+02   1.0191825e+01
   7.1600000e+02   1.0191904e+01
   7.1700000e+02   1.0191846e+01
   7.1800000e+02   1.0191735e+01
   7.1900000e+02   1.0191883e+01
   7.2000000e+02   1.0191884e+01
   7.2100000e+02   1.0191690e+01
   7.2200000e+02   1.0191616e+01
   7.2300000e+02   1.0191560e+01
   7.2400000e+02   1.0192104e+01
   7.2500000e+02   1.0191845e+01
   7.2600000e+02   1.0191917e+01
   7.2700000e+02   1.0191635e+01
   7.2800000e+02   1.0191756e+01
   7.2900000e+02   1.0191865e+01
   7.3000000e+02   1.0191752e+01
   7.3100000e+02   1.0191935e+01
   7.3200000e+02   1.0191510e+01
   7.3300000e+02   1.0191409e+01
   7.3400000e+02   1.0191679e+01
   7.3500000e+02   1.0191625e+01
   7.3600000e+02   1.0191559e+01
   7.3700000e+02   1.0191747e+01
   7.3800000e+02   1.0191494e+01
   7.3900000e+02   1.0191550e+01
   7.4000000e+02   1.0191632e+01
   7.4100000e+02   1.0191515e+01
   7.4200000e+02   1.0191642e+01
   7.4300000e+02   1.0191621e+01
   7.4400000e+02   1.0191495e+01
   7.4500000e+02   1.0191411e+01
   7.4600000e+02   1.0191525e+01
   7.4700000e+02   1.0191417e+01
   7.4800000e+02   1.0191568e+01
   7.4900000e+02   1.0191690e+01
   7.5000000e+02   1.0191615e+01
   7.5100000e+02   1.0191531e+01
   7.5200000e+02   1.0191386e+01
   7.5300000e+02   1.0191398e+01
   7.5400000e+02   1.0191277e+01
   7.5500000e+02   1.0191388e+01
   7.5600000e+02   1.0191522e+01
   7.5700000e+02   1.0191408e+01
   7.5800000e+02   1.0191227e+01
   7.5900000e+02   1.0191476e+01
   7.6000000e+02   1.0191440e+01
   7.6100000e+02   1.0191204e+01
   7.6200000e+02   1.0191083e+01
   7.6300000e+02   1.0191528e+01
   7.6400000e+02   1.0191362e+01
   7.6500000e+02   1.0190951e+01
   7.6600000e+02   1.0191023e+01
   7.6700000e+02   1.0191440e+01
   7.6800000e+02   1.0190961e+01
   7.6900000e+02   1.0190924e+01
   7.7000000e+02   1.0191256e+01
   7.7100000e+02   1.0191295e+01
   7.7200000e+02   1.0191021e+01
   7.7300000e+02   1.0191213e+01
   7.7400000e+02   1.0191215e+01
   7.7500000e+02   1.0191202e+01
   7.7600000e+02   1.0191127e+01
   7.7700000e+02   1.0191026e+01
   7.7800000e+02   1.0191053e+01
   7.7900000e+02   1.0191058e+01
   7.8000000e+02   1.0190957e+01
