   0.0000000e+00   1.0232200e+01
   1.0000000e+00   1.0227264e+01
   2.0000000e+00   1.0225974e+01
   3.0000000e+00   1.0225143e+01
   4.0000000e+00   1.0224505e+01
   5.0000000e+00   1.0224230e+01
   6.0000000e+00   1.0223703e+01
   7.0000000e+00   1.0223463e+01
   8.0000000e+00   1.0223012e+01
   9.0000000e+00   1.0222779e+01
   1.0000000e+01   1.0222462e+01
   1.1000000e+01   1.0222177e+01
   1.2000000e+01   1.0222031e+01
   1.3000000e+01   1.0221650e+01
   1.4000000e+01   1.0221182e+01
   1.5000000e+01   1.0221401e+01
   1.6000000e+01   1.0220920e+01
   1.7000000e+01   1.0221162e+01
   1.8000000e+01   1.0220952e+01
   1.9000000e+01   1.0220475e+01
   2.0000000e+01   1.0220340e+01
   2.1000000e+01   1.0220215e+01
   2.2000000e+01   1.0220241e+01
   2.3000000e+01   1.0219998e+01
   2.4000000e+01   1.0219628e+01
   2.5000000e+01   1.0219749e+01
   2.6000000e+01   1.0219470e+01
   2.7000000e+01   1.0219405e+01
   2.8000000e+01   1.0219348e+01
   2.9000000e+01   1.0219248e+01
   3.0000000e+01   1.0218976e+01
   3.1000000e+01   1.0218802e+01
   3.2000000e+01   1.0218798e+01
   3.3000000e+01   1.0218567e+01
   3.4000000e+01   1.0218670e+01
   3.5000000e+01   1.0218409e+01
   3.6000000e+01   1.0218452e+01
   3.7000000e+01   1.0218338e+01
   3.8000000e+01   1.0218059e+01
   3.9000000e+01   1.0217862e+01
   4.0000000e+01   1.0218008e+01
   4.1000000e+01   1.0217799e+01
   4.2000000e+01   1.0217555e+01
   4.3000000e+01   1.0217863e+01
   4.4000000e+01   1.0217515e+01
   4.5000000e+01   1.0217444e+01
   4.6000000e+01   1.0217327e+01
   4.7000000e+01   1.0217179e+01
   4.8000000e+01   1.0217288e+01
   4.9000000e+01   1.0217202e+01
   5.0000000e+01   1.0216874e+01
   5.1000000e+01   1.0216759e+01
   5.2000000e+01   1.0216894e+01
   5.3000000e+01   1.0216904e+01
   5.4000000e+01   1.0216942e+01
   5.5000000e+01   1.0216670e+01
   5.6000000e+01   1.0216651e+01
   5.7000000e+01   1.0216642e+01
   5.8000000e+01   1.0216592e+01
   5.9000000e+01   1.0216398e+01
   6.0000000e+01   1.0216633e+01
   6.1000000e+01   1.0216335e+01
   6.2000000e+01   1.0216222e+01
   6.3000000e+01   1.0216217e+01
   6.4000000e+01   1.0216231e+01
   6.5000000e+01   1.0216132e+01
   6.6000000e+01   1.0215845e+01
   6.7000000e+01   1.0215771e+01
   6.8000000e+01   1.0215823e+01
   6.9000000e+01   1.0215663e+01
   7.0000000e+01   1.0215581e+01
   7.1000000e+01   1.0215599e+01
   7.2000000e+01   1.0215737e+01
   7.3000000e+01   1.0215407e+01
   7.4000000e+01   1.0215265e+01
   7.5000000e+01   1.0215259e+01
   7.6000000e+01   1.0215145e+01
   7.7000000e+01   1.0215132e+01
   7.8000000e+01   1.0214916e+01
   7.9000000e+01   1.0214731e+01
   8.0000000e+01   1.0214496e+01
   8.1000000e+01   1.0214777e+01
   8.2000000e+01   1.0214615e+01
   8.3000000e+01   1.0214285e+01
   8.4000000e+01   1.0214401e+01
   8.5000000e+01   1.0214337e+01
   8.6000000e+01   1.0214242e+01
   8.7000000e+01   1.0214554e+01
   8.8000000e+01   1.0214470e+01
   8.9000000e+01   1.0214173e+01
   9.0000000e+01   1.0214079e+01
   9.1000000e+01   1.0214163e+01
   9.2000000e+01   1.0213915e+01
   9.3000000e+01   1.0214027e+01
   9.4000000e+01   1.0214080e+01
   9.5000000e+01   1.0213683e+01
   9.6000000e+01   1.0213827e+01
   9.7000000e+01   1.0213751e+01
   9.8000000e+01   1.0213803e+01
   9.9000000e+01   1.0213652e+01
   1.0000000e+02   1.0213389e+01
   1.0100000e+02   1.0213658e+01
   1.0200000e+02   1.0213302e+01
   1.0300000e+02   1.0213287e+01
   1.0400000e+02   1.0213390e+01
   1.0500000e+02   1.0213397e+01
   1.0600000e+02   1.0213415e+01
   1.0700000e+02   1.0213068e+01
   1.0800000e+02   1.0212943e+01
   1.0900000e+02   1.0212995e+01
   1.1000000e+02   1.0213082e+01
   1.1100000e+02   1.0213049e+01
   1.1200000e+02   1.0212865e+01
   1.1300000e+02   1.0212865e+01
   1.1400000e+02   1.0212881e+01
   1.1500000e+02   1.0212717e+01
   1.1600000e+02   1.0212717e+01
   1.1700000e+02   1.0212698e+01
   1.1800000e+02   1.0212661e+01
   1.1900000e+02   1.0212490e+01
   1.2000000e+02   1.0212722e+01
   1.2100000e+02   1.0212532e+01
   1.2200000e+02   1.0212564e+01
   1.2300000e+02   1.0212462e+01
   1.2400000e+02   1.0212347e+01
   1.2500000e+02   1.0212290e+01
   1.2600000e+02   1.0212349e+01
   1.2700000e+02   1.0212502e+01
   1.2800000e+02   1.0212137e+01
   1.2900000e+02   1.0212148e+01
   1.3000000e+02   1.0212057e+01
   1.3100000e+02   1.0212105e+01
   1.3200000e+02   1.0212016e+01
   1.3300000e+02   1.0212075e+01
   1.3400000e+02   1.0211879e+01
   1.3500000e+02   1.0211884e+01
   1.3600000e+02   1.0211678e+01
   1.3700000e+02   1.0211795e+01
   1.3800000e+02   1.0211744e+01
   1.3900000e+02   1.0211616e+01
   1.4000000e+02   1.0211515e+01
   1.4100000e+02   1.0211418e+01
   1.4200000e+02   1.0211593e+01
   1.4300000e+02   1.0211747e+01
   1.4400000e+02   1.0211375e+01
   1.4500000e+02   1.0211526e+01
   1.4600000e+02   1.0211414e+01
   1.4700000e+02   1.0211326e+01
   1.4800000e+02   1.0211483e+01
   1.4900000e+02   1.0211268e+01
   1.5000000e+02   1.0211248e+01
   1.5100000e+02   1.0211189e+01
   1.5200000e+02   1.0211112e+01
   1.5300000e+02   1.0211036e+01
   1.5400000e+02   1.0210943e+01
   1.5500000e+02   1.0210735e+01
   1.5600000e+02   1.0210923e+01
   1.5700000e+02   1.0210651e+01
   1.5800000e+02   1.0210855e+01
   1.5900000e+02   1.0210718e+01
   1.6000000e+02   1.0210632e+01
   1.6100000e+02   1.0210852e+01
   1.6200000e+02   1.0210388e+01
   1.6300000e+02   1.0210661e+01
   1.6400000e+02   1.0210421e+01
   1.6500000e+02   1.0210586e+01
   1.6600000e+02   1.0210444e+01
   1.6700000e+02   1.0208280e+01
   1.6800000e+02   1.0199053e+01
   1.6900000e+02   1.0191421e+01
   1.7000000e+02   1.0196735e+01
   1.7100000e+02   1.0203720e+01
   1.7200000e+02   1.0207467e+01
   1.7300000e+02   1.0209143e+01
   1.7400000e+02   1.0209997e+01
   1.7500000e+02   1.0209993e+01
   1.7600000e+02   1.0210388e+01
   1.7700000e+02   1.0210342e+01
   1.7800000e+02   1.0210127e+01
   1.7900000e+02   1.0207463e+01
   1.8000000e+02   1.0185618e+01
   1.8100000e+02   1.0168343e+01
   1.8200000e+02   1.0174190e+01
   1.8300000e+02   1.0183299e+01
   1.8400000e+02   1.0188296e+01
   1.8500000e+02   1.0189397e+01
   1.8600000e+02   1.0189099e+01
   1.8700000e+02   1.0190143e+01
   1.8800000e+02   1.0194338e+01
   1.8900000e+02   1.0199158e+01
   1.9000000e+02   1.0203728e+01
   1.9100000e+02   1.0206706e+01
   1.9200000e+02   1.0208018e+01
   1.9300000e+02   1.0208653e+01
   1.9400000e+02   1.0208990e+01
   1.9500000e+02   1.0208577e+01
   1.9600000e+02   1.0208962e+01
   1.9700000e+02   1.0209095e+01
   1.9800000e+02   1.0209060e+01
   1.9900000e+02   1.0208911e+01
   2.0000000e+02   1.0208609e+01
   2.0100000e+02   1.0208727e+01
   2.0200000e+02   1.0209165e+01
   2.0300000e+02   1.0209083e+01
   2.0400000e+02   1.0208360e+01
   2.0500000e+02   1.0209027e+01
   2.0600000e+02   1.0208792e+01
   2.0700000e+02   1.0208620e+01
   2.0800000e+02   1.0208854e+01
   2.0900000e+02   1.0208438e+01
   2.1000000e+02   1.0208994e+01
   2.1100000e+02   1.0208500e+01
   2.1200000e+02   1.0208341e+01
   2.1300000e+02   1.0208536e+01
   2.1400000e+02   1.0208461e+01
   2.1500000e+02   1.0208580e+01
   2.1600000e+02   1.0208371e+01
   2.1700000e+02   1.0208546e+01
   2.1800000e+02   1.0208228e+01
   2.1900000e+02   1.0208461e+01
   2.2000000e+02   1.0208129e+01
   2.2100000e+02   1.0208052e+01
   2.2200000e+02   1.0207616e+01
   2.2300000e+02   1.0207363e+01
   2.2400000e+02   1.0206375e+01
   2.2500000e+02   1.0205496e+01
   2.2600000e+02   1.0204653e+01
   2.2700000e+02   1.0203619e+01
   2.2800000e+02   1.0203001e+01
   2.2900000e+02   1.0203158e+01
   2.3000000e+02   1.0203644e+01
   2.3100000e+02   1.0204108e+01
   2.3200000e+02   1.0205140e+01
   2.3300000e+02   1.0205714e+01
   2.3400000e+02   1.0206147e+01
   2.3500000e+02   1.0206660e+01
   2.3600000e+02   1.0206855e+01
   2.3700000e+02   1.0206681e+01
   2.3800000e+02   1.0206924e+01
   2.3900000e+02   1.0206550e+01
   2.4000000e+02   1.0206549e+01
   2.4100000e+02   1.0206493e+01
   2.4200000e+02   1.0206548e+01
   2.4300000e+02   1.0206438e+01
   2.4400000e+02   1.0206209e+01
   2.4500000e+02   1.0205477e+01
   2.4600000e+02   1.0203846e+01
   2.4700000e+02   1.0201589e+01
   2.4800000e+02   1.0197178e+01
   2.4900000e+02   1.0191825e+01
   2.5000000e+02   1.0186539e+01
   2.5100000e+02   1.0182849e+01
   2.5200000e+02   1.0182127e+01
   2.5300000e+02   1.0184201e+01
   2.5400000e+02   1.0187885e+01
   2.5500000e+02   1.0191770e+01
   2.5600000e+02   1.0194247e+01
   2.5700000e+02   1.0195080e+01
   2.5800000e+02   1.0194671e+01
   2.5900000e+02   1.0193194e+01
   2.6000000e+02   1.0191677e+01
   2.6100000e+02   1.0189895e+01
   2.6200000e+02   1.0188557e+01
   2.6300000e+02   1.0187308e+01
   2.6400000e+02   1.0186345e+01
   2.6500000e+02   1.0185221e+01
   2.6600000e+02   1.0184931e+01
   2.6700000e+02   1.0185582e+01
   2.6800000e+02   1.0187712e+01
   2.6900000e+02   1.0190776e+01
   2.7000000e+02   1.0194185e+01
   2.7100000e+02   1.0197083e+01
   2.7200000e+02   1.0199427e+01
   2.7300000e+02   1.0200839e+01
   2.7400000e+02   1.0201281e+01
   2.7500000e+02   1.0201270e+01
   2.7600000e+02   1.0200707e+01
   2.7700000e+02   1.0200504e+01
   2.7800000e+02   1.0200458e+01
   2.7900000e+02   1.0200850e+01
   2.8000000e+02   1.0201014e+01
   2.8100000e+02   1.0201584e+01
   2.8200000e+02   1.0202136e+01
   2.8300000e+02   1.0202385e+01
   2.8400000e+02   1.0202325e+01
   2.8500000e+02   1.0202379e+01
   2.8600000e+02   1.0202705e+01
   2.8700000e+02   1.0202844e+01
   2.8800000e+02   1.0203049e+01
   2.8900000e+02   1.0203614e+01
   2.9000000e+02   1.0203714e+01
   2.9100000e+02   1.0203973e+01
   2.9200000e+02   1.0204271e+01
   2.9300000e+02   1.0204143e+01
   2.9400000e+02   1.0204743e+01
   2.9500000e+02   1.0204543e+01
   2.9600000e+02   1.0204495e+01
   2.9700000e+02   1.0204879e+01
   2.9800000e+02   1.0204830e+01
   2.9900000e+02   1.0205122e+01
   3.0000000e+02   1.0205001e+01
   3.0100000e+02   1.0205246e+01
   3.0200000e+02   1.0204994e+01
   3.0300000e+02   1.0204663e+01
   3.0400000e+02   1.0204291e+01
   3.0500000e+02   1.0203817e+01
   3.0600000e+02   1.0203164e+01
   3.0700000e+02   1.0202623e+01
   3.0800000e+02   1.0201577e+01
   3.0900000e+02   1.0200523e+01
   3.1000000e+02   1.0198728e+01
   3.1100000e+02   1.0196958e+01
   3.1200000e+02   1.0194553e+01
   3.1300000e+02   1.0192602e+01
   3.1400000e+02   1.0190866e+01
   3.1500000e+02   1.0190458e+01
   3.1600000e+02   1.0190934e+01
   3.1700000e+02   1.0191836e+01
   3.1800000e+02   1.0192324e+01
   3.1900000e+02   1.0191765e+01
   3.2000000e+02   1.0190207e+01
   3.2100000e+02   1.0187554e+01
   3.2200000e+02   1.0184198e+01
   3.2300000e+02   1.0181653e+01
   3.2400000e+02   1.0180173e+01
   3.2500000e+02   1.0179699e+01
   3.2600000e+02   1.0180166e+01
   3.2700000e+02   1.0182302e+01
   3.2800000e+02   1.0184657e+01
   3.2900000e+02   1.0187114e+01
   3.3000000e+02   1.0189662e+01
   3.3100000e+02   1.0192516e+01
   3.3200000e+02   1.0195281e+01
   3.3300000e+02   1.0197716e+01
   3.3400000e+02   1.0199327e+01
   3.3500000e+02   1.0200764e+01
   3.3600000e+02   1.0200898e+01
   3.3700000e+02   1.0201173e+01
   3.3800000e+02   1.0200483e+01
   3.3900000e+02   1.0199681e+01
   3.4000000e+02   1.0199131e+01
   3.4100000e+02   1.0198361e+01
   3.4200000e+02   1.0197382e+01
   3.4300000e+02   1.0197451e+01
   3.4400000e+02   1.0197779e+01
   3.4500000e+02   1.0198683e+01
   3.4600000e+02   1.0199672e+01
   3.4700000e+02   1.0200395e+01
   3.4800000e+02   1.0201664e+01
   3.4900000e+02   1.0202281e+01
   3.5000000e+02   1.0202695e+01
   3.5100000e+02   1.0203086e+01
   3.5200000e+02   1.0203283e+01
   3.5300000e+02   1.0203489e+01
   3.5400000e+02   1.0203285e+01
   3.5500000e+02   1.0203477e+01
   3.5600000e+02   1.0203626e+01
   3.5700000e+02   1.0203681e+01
   3.5800000e+02   1.0203277e+01
   3.5900000e+02   1.0203804e+01
   3.6000000e+02   1.0203298e+01
   3.6100000e+02   1.0203443e+01
   3.6200000e+02   1.0202987e+01
   3.6300000e+02   1.0202948e+01
   3.6400000e+02   1.0202717e+01
   3.6500000e+02   1.0202635e+01
   3.6600000e+02   1.0202641e+01
   3.6700000e+02   1.0202526e+01
   3.6800000e+02   1.0202829e+01
   3.6900000e+02   1.0202813e+01
   3.7000000e+02   1.0203124e+01
   3.7100000e+02   1.0203267e+01
   3.7200000e+02   1.0203472e+01
   3.7300000e+02   1.0203609e+01
   3.7400000e+02   1.0203478e+01
   3.7500000e+02   1.0203713e+01
   3.7600000e+02   1.0203543e+01
   3.7700000e+02   1.0203549e+01
   3.7800000e+02   1.0203428e+01
   3.7900000e+02   1.0203517e+01
   3.8000000e+02   1.0203756e+01
   3.8100000e+02   1.0203546e+01
   3.8200000e+02   1.0203956e+01
   3.8300000e+02   1.0203725e+01
   3.8400000e+02   1.0203524e+01
   3.8500000e+02   1.0203370e+01
   3.8600000e+02   1.0203354e+01
   3.8700000e+02   1.0203228e+01
   3.8800000e+02   1.0203135e+01
   3.8900000e+02   1.0203023e+01
   3.9000000e+02   1.0202871e+01
   3.9100000e+02   1.0202626e+01
   3.9200000e+02   1.0202440e+01
   3.9300000e+02   1.0202171e+01
   3.9400000e+02   1.0202317e+01
   3.9500000e+02   1.0201859e+01
   3.9600000e+02   1.0202015e+01
   3.9700000e+02   1.0202107e+01
   3.9800000e+02   1.0202371e+01
   3.9900000e+02   1.0202573e+01
   4.0000000e+02   1.0202387e+01
   4.0100000e+02   1.0202818e+01
   4.0200000e+02   1.0202827e+01
   4.0300000e+02   1.0202759e+01
   4.0400000e+02   1.0202902e+01
   4.0500000e+02   1.0202735e+01
   4.0600000e+02   1.0202712e+01
   4.0700000e+02   1.0202722e+01
   4.0800000e+02   1.0202854e+01
   4.0900000e+02   1.0202938e+01
   4.1000000e+02   1.0202930e+01
   4.1100000e+02   1.0202834e+01
   4.1200000e+02   1.0203000e+01
   4.1300000e+02   1.0202845e+01
   4.1400000e+02   1.0202842e+01
   4.1500000e+02   1.0202767e+01
   4.1600000e+02   1.0202807e+01
   4.1700000e+02   1.0202635e+01
   4.1800000e+02   1.0202687e+01
   4.1900000e+02   1.0202686e+01
   4.2000000e+02   1.0202588e+01
   4.2100000e+02   1.0202606e+01
   4.2200000e+02   1.0202567e+01
   4.2300000e+02   1.0202672e+01
   4.2400000e+02   1.0202511e+01
   4.2500000e+02   1.0202224e+01
   4.2600000e+02   1.0202518e+01
   4.2700000e+02   1.0202680e+01
   4.2800000e+02   1.0202777e+01
   4.2900000e+02   1.0202390e+01
   4.3000000e+02   1.0202565e+01
   4.3100000e+02   1.0202555e+01
   4.3200000e+02   1.0202629e+01
   4.3300000e+02   1.0202418e+01
   4.3400000e+02   1.0202457e+01
   4.3500000e+02   1.0202200e+01
   4.3600000e+02   1.0202448e+01
   4.3700000e+02   1.0202499e+01
   4.3800000e+02   1.0202169e+01
   4.3900000e+02   1.0202178e+01
   4.4000000e+02   1.0202414e+01
   4.4100000e+02   1.0202267e+01
   4.4200000e+02   1.0201999e+01
   4.4300000e+02   1.0202212e+01
   4.4400000e+02   1.0201838e+01
   4.4500000e+02   1.0201641e+01
   4.4600000e+02   1.0201626e+01
   4.4700000e+02   1.0201259e+01
   4.4800000e+02   1.0200766e+01
   4.4900000e+02   1.0200486e+01
   4.5000000e+02   1.0200127e+01
   4.5100000e+02   1.0199827e+01
   4.5200000e+02   1.0199658e+01
   4.5300000e+02   1.0199309e+01
   4.5400000e+02   1.0199458e+01
   4.5500000e+02   1.0199543e+01
   4.5600000e+02   1.0200000e+01
   4.5700000e+02   1.0200094e+01
   4.5800000e+02   1.0200531e+01
   4.5900000e+02   1.0200817e+01
   4.6000000e+02   1.0200831e+01
   4.6100000e+02   1.0201121e+01
   4.6200000e+02   1.0201070e+01
   4.6300000e+02   1.0201665e+01
   4.6400000e+02   1.0201383e+01
   4.6500000e+02   1.0201270e+01
   4.6600000e+02   1.0201230e+01
   4.6700000e+02   1.0201363e+01
   4.6800000e+02   1.0201272e+01
   4.6900000e+02   1.0201733e+01
   4.7000000e+02   1.0201482e+01
   4.7100000e+02   1.0201377e+01
   4.7200000e+02   1.0201159e+01
   4.7300000e+02   1.0201351e+01
   4.7400000e+02   1.0201409e+01
   4.7500000e+02   1.0201374e+01
   4.7600000e+02   1.0201417e+01
   4.7700000e+02   1.0201427e+01
   4.7800000e+02   1.0201471e+01
   4.7900000e+02   1.0201493e+01
   4.8000000e+02   1.0201611e+01
   4.8100000e+02   1.0201528e+01
   4.8200000e+02   1.0201446e+01
   4.8300000e+02   1.0201605e+01
   4.8400000e+02   1.0201629e+01
   4.8500000e+02   1.0201376e+01
   4.8600000e+02   1.0201252e+01
   4.8700000e+02   1.0201105e+01
   4.8800000e+02   1.0201040e+01
   4.8900000e+02   1.0201277e+01
   4.9000000e+02   1.0201004e+01
   4.9100000e+02   1.0201207e+01
   4.9200000e+02   1.0201176e+01
   4.9300000e+02   1.0201306e+01
   4.9400000e+02   1.0201143e+01
   4.9500000e+02   1.0201105e+01
   4.9600000e+02   1.0201004e+01
   4.9700000e+02   1.0201198e+01
   4.9800000e+02   1.0201102e+01
   4.9900000e+02   1.0201083e+01
   5.0000000e+02   1.0201151e+01
   5.0100000e+02   1.0201137e+01
   5.0200000e+02   1.0201029e+01
   5.0300000e+02   1.0201270e+01
   5.0400000e+02   1.0201146e+01
   5.0500000e+02   1.0201175e+01
   5.0600000e+02   1.0201130e+01
   5.0700000e+02   1.0200871e+01
   5.0800000e+02   1.0200936e+01
   5.0900000e+02   1.0200720e+01
   5.1000000e+02   1.0200838e+01
   5.1100000e+02   1.0200776e+01
   5.1200000e+02   1.0200718e+01
   5.1300000e+02   1.0200647e+01
   5.1400000e+02   1.0200762e+01
   5.1500000e+02   1.0200872e+01
   5.1600000e+02   1.0200756e+01
   5.1700000e+02   1.0200610e+01
   5.1800000e+02   1.0200975e+01
   5.1900000e+02   1.0200836e+01
   5.2000000e+02   1.0200580e+01
   5.2100000e+02   1.0200533e+01
   5.2200000e+02   1.0201020e+01
   5.2300000e+02   1.0200578e+01
   5.2400000e+02   1.0200674e+01
   5.2500000e+02   1.0200419e+01
   5.2600000e+02   1.0200469e+01
   5.2700000e+02   1.0200472e+01
   5.2800000e+02   1.0200409e+01
   5.2900000e+02   1.0200542e+01
   5.3000000e+02   1.0200489e+01
   5.3100000e+02   1.0200254e+01
   5.3200000e+02   1.0200586e+01
   5.3300000e+02   1.0200345e+01
   5.3400000e+02   1.0200513e+01
   5.3500000e+02   1.0200423e+01
   5.3600000e+02   1.0200650e+01
   5.3700000e+02   1.0200417e+01
   5.3800000e+02   1.0200232e+01
   5.3900000e+02   1.0200483e+01
   5.4000000e+02   1.0200259e+01
   5.4100000e+02   1.0200097e+01
   5.4200000e+02   1.0200351e+01
   5.4300000e+02   1.0200341e+01
   5.4400000e+02   1.0200285e+01
   5.4500000e+02   1.0200058e+01
   5.4600000e+02   1.0200002e+01
   5.4700000e+02   1.0200463e+01
   5.4800000e+02   1.0200096e+01
   5.4900000e+02   1.0200451e+01
   5.5000000e+02   1.0200531e+01
   5.5100000e+02   1.0199978e+01
   5.5200000e+02   1.0200032e+01
   5.5300000e+02   1.0200150e+01
   5.5400000e+02   1.0200089e+01
   5.5500000e+02   1.0200041e+01
   5.5600000e+02   1.0199976e+01
   5.5700000e+02   1.0200265e+01
   5.5800000e+02   1.0200116e+01
   5.5900000e+02   1.0199844e+01
   5.6000000e+02   1.0200067e+01
   5.6100000e+02   1.0199972e+01
   5.6200000e+02   1.0200150e+01
   5.6300000e+02   1.0199843e+01
   5.6400000e+02   1.0199679e+01
   5.6500000e+02   1.0199750e+01
   5.6600000e+02   1.0199917e+01
   5.6700000e+02   1.0199681e+01
   5.6800000e+02   1.0199765e+01
   5.6900000e+02   1.0199711e+01
   5.7000000e+02   1.0199754e+01
   5.7100000e+02   1.0200227e+01
   5.7200000e+02   1.0199518e+01
   5.7300000e+02   1.0199812e+01
   5.7400000e+02   1.0199512e+01
   5.7500000e+02   1.0199852e+01
   5.7600000e+02   1.0199847e+01
   5.7700000e+02   1.0199558e+01
   5.7800000e+02   1.0199662e+01
   5.7900000e+02   1.0199386e+01
   5.8000000e+02   1.0199564e+01
   5.8100000e+02   1.0199656e+01
   5.8200000e+02   1.0199628e+01
   5.8300000e+02   1.0199456e+01
   5.8400000e+02   1.0199568e+01
   5.8500000e+02   1.0199576e+01
   5.8600000e+02   1.0199507e+01
   5.8700000e+02   1.0199569e+01
   5.8800000e+02   1.0199588e+01
   5.8900000e+02   1.0199425e+01
   5.9000000e+02   1.0199617e+01
   5.9100000e+02   1.0199526e+01
   5.9200000e+02   1.0199394e+01
   5.9300000e+02   1.0199373e+01
   5.9400000e+02   1.0199510e+01
   5.9500000e+02   1.0199510e+01
   5.9600000e+02   1.0199341e+01
   5.9700000e+02   1.0199415e+01
   5.9800000e+02   1.0199377e+01
   5.9900000e+02   1.0199211e+01
   6.0000000e+02   1.0199246e+01
   6.0100000e+02   1.0199108e+01
   6.0200000e+02   1.0199421e+01
   6.0300000e+02   1.0198933e+01
   6.0400000e+02   1.0199164e+01
   6.0500000e+02   1.0199073e+01
   6.0600000e+02   1.0198855e+01
   6.0700000e+02   1.0198986e+01
   6.0800000e+02   1.0198971e+01
   6.0900000e+02   1.0198923e+01
   6.1000000e+02   1.0198911e+01
   6.1100000e+02   1.0199144e+01
   6.1200000e+02   1.0198912e+01
   6.1300000e+02   1.0199061e+01
   6.1400000e+02   1.0198920e+01
   6.1500000e+02   1.0198951e+01
   6.1600000e+02   1.0198786e+01
   6.1700000e+02   1.0199167e+01
   6.1800000e+02   1.0198998e+01
   6.1900000e+02   1.0199022e+01
   6.2000000e+02   1.0198970e+01
   6.2100000e+02   1.0198955e+01
   6.2200000e+02   1.0198998e+01
   6.2300000e+02   1.0198921e+01
   6.2400000e+02   1.0198678e+01
   6.2500000e+02   1.0198986e+01
   6.2600000e+02   1.0198964e+01
   6.2700000e+02   1.0198915e+01
   6.2800000e+02   1.0198689e+01
   6.2900000e+02   1.0198953e+01
   6.3000000e+02   1.0199024e+01
   6.3100000e+02   1.0198842e+01
   6.3200000e+02   1.0198801e+01
   6.3300000e+02   1.0198817e+01
   6.3400000e+02   1.0198577e+01
   6.3500000e+02   1.0198631e+01
   6.3600000e+02   1.0198741e+01
   6.3700000e+02   1.0198624e+01
   6.3800000e+02   1.0198823e+01
   6.3900000e+02   1.0198440e+01
   6.4000000e+02   1.0198476e+01
   6.4100000e+02   1.0198572e+01
   6.4200000e+02   1.0198467e+01
   6.4300000e+02   1.0198377e+01
   6.4400000e+02   1.0198534e+01
   6.4500000e+02   1.0198361e+01
   6.4600000e+02   1.0198397e+01
   6.4700000e+02   1.0198338e+01
   6.4800000e+02   1.0198383e+01
   6.4900000e+02   1.0198429e+01
   6.5000000e+02   1.0198471e+01
   6.5100000e+02   1.0198393e+01
   6.5200000e+02   1.0198380e+01
   6.5300000e+02   1.0198345e+01
   6.5400000e+02   1.0198274e+01
   6.5500000e+02   1.0198605e+01
   6.5600000e+02   1.0198207e+01
   6.5700000e+02   1.0198539e+01
   6.5800000e+02   1.0198491e+01
   6.5900000e+02   1.0198357e+01
   6.6000000e+02   1.0198406e+01
   6.6100000e+02   1.0198339e+01
   6.6200000e+02   1.0198458e+01
   6.6300000e+02   1.0198380e+01
   6.6400000e+02   1.0198268e+01
   6.6500000e+02   1.0198346e+01
   6.6600000e+02   1.0198346e+01
   6.6700000e+02   1.0198511e+01
   6.6800000e+02   1.0197839e+01
   6.6900000e+02   1.0198259e+01
   6.7000000e+02   1.0198254e+01
   6.7100000e+02   1.0197972e+01
   6.7200000e+02   1.0197975e+01
   6.7300000e+02   1.0198073e+01
   6.7400000e+02   1.0197892e+01
   6.7500000e+02   1.0198122e+01
   6.7600000e+02   1.0198031e+01
   6.7700000e+02   1.0197942e+01
   6.7800000e+02   1.0197757e+01
   6.7900000e+02   1.0198031e+01
   6.8000000e+02   1.0197887e+01
   6.8100000e+02   1.0197877e+01
   6.8200000e+02   1.0197855e+01
   6.8300000e+02   1.0197877e+01
   6.8400000e+02   1.0198166e+01
   6.8500000e+02   1.0197908e+01
   6.8600000e+02   1.0197677e+01
   6.8700000e+02   1.0197986e+01
   6.8800000e+02   1.0197838e+01
   6.8900000e+02   1.0197673e+01
   6.9000000e+02   1.0197721e+01
   6.9100000e+02   1.0197801e+01
   6.9200000e+02   1.0197856e+01
   6.9300000e+02   1.0197656e+01
   6.9400000e+02   1.0197671e+01
   6.9500000e+02   1.0197540e+01
   6.9600000e+02   1.0197710e+01
   6.9700000e+02   1.0197585e+01
   6.9800000e+02   1.0197806e+01
   6.9900000e+02   1.0197755e+01
   7.0000000e+02   1.0197584e+01
   7.0100000e+02   1.0197878e+01
   7.0200000e+02   1.0197694e+01
   7.0300000e+02   1.0197735e+01
   7.0400000e+02   1.0197720e+01
   7.0500000e+02   1.0197751e+01
   7.0600000e+02   1.0197687e+01
   7.0700000e+02   1.0197329e+01
   7.0800000e+02   1.0197623e+01
   7.0900000e+02   1.0197290e+01
   7.1000000e+02   1.0197514e+01
   7.1100000e+02   1.0197632e+01
   7.1200000e+02   1.0197810e+01
   7.1300000e+02   1.0197412e+01
   7.1400000e+02   1.0197656e+01
   7.1500000e+02   1.0197290e+01
   7.1600000e+02   1.0197479e+01
   7.1700000e+02   1.0197666e+01
   7.1800000e+02   1.0197431e+01
   7.1900000e+02   1.0197441e+01
   7.2000000e+02   1.0197398e+01
   7.2100000e+02   1.0197433e+01
   7.2200000e+02   1.0197243e+01
   7.2300000e+02   1.0197260e+01
   7.2400000e+02   1.0197226e+01
   7.2500000e+02   1.0197296e+01
   7.2600000e+02   1.0197301e+01
   7.2700000e+02   1.0197465e+01
   7.2800000e+02   1.0197241e+01
   7.2900000e+02   1.0197436e+01
   7.3000000e+02   1.0197045e+01
   7.3100000e+02   1.0197349e+01
   7.3200000e+02   1.0197273e+01
   7.3300000e+02   1.0197098e+01
   7.3400000e+02   1.0196989e+01
   7.3500000e+02   1.0196872e+01
   7.3600000e+02   1.0197218e+01
   7.3700000e+02   1.0197135e+01
   7.3800000e+02   1.0197003e+01
   7.3900000e+02   1.0196898e+01
   7.4000000e+02   1.0197016e+01
   7.4100000e+02   1.0196985e+01
   7.4200000e+02   1.0196990e+01
   7.4300000e+02   1.0197126e+01
   7.4400000e+02   1.0197111e+01
   7.4500000e+02   1.0197056e+01
   7.4600000e+02   1.0197135e+01
   7.4700000e+02   1.0197121e+01
   7.4800000e+02   1.0196707e+01
   7.4900000e+02   1.0196959e+01
   7.5000000e+02   1.0196882e+01
   7.5100000e+02   1.0197122e+01
   7.5200000e+02   1.0196672e+01
   7.5300000e+02   1.0196796e+01
   7.5400000e+02   1.0196887e+01
   7.5500000e+02   1.0196654e+01
   7.5600000e+02   1.0196877e+01
   7.5700000e+02   1.0196793e+01
   7.5800000e+02   1.0196613e+01
   7.5900000e+02   1.0196819e+01
   7.6000000e+02   1.0196500e+01
   7.6100000e+02   1.0196688e+01
   7.6200000e+02   1.0196638e+01
   7.6300000e+02   1.0196806e+01
   7.6400000e+02   1.0196766e+01
   7.6500000e+02   1.0196621e+01
   7.6600000e+02   1.0196487e+01
   7.6700000e+02   1.0196504e+01
   7.6800000e+02   1.0196532e+01
   7.6900000e+02   1.0196548e+01
   7.7000000e+02   1.0196530e+01
   7.7100000e+02   1.0196356e+01
   7.7200000e+02   1.0196632e+01
   7.7300000e+02   1.0196668e+01
   7.7400000e+02   1.0196605e+01
   7.7500000e+02   1.0196642e+01
   7.7600000e+02   1.0196893e+01
   7.7700000e+02   1.0196447e+01
   7.7800000e+02   1.0196424e+01
   7.7900000e+02   1.0196627e+01
   7.8000000e+02   1.0196417e+01
