   0.0000000e+00   1.0235344e+01
   1.0000000e+00   1.0230253e+01
   2.0000000e+00   1.0229064e+01
   3.0000000e+00   1.0228333e+01
   4.0000000e+00   1.0227404e+01
   5.0000000e+00   1.0227173e+01
   6.0000000e+00   1.0226764e+01
   7.0000000e+00   1.0226285e+01
   8.0000000e+00   1.0226413e+01
   9.0000000e+00   1.0225932e+01
   1.0000000e+01   1.0225790e+01
   1.1000000e+01   1.0225272e+01
   1.2000000e+01   1.0225482e+01
   1.3000000e+01   1.0225167e+01
   1.4000000e+01   1.0224771e+01
   1.5000000e+01   1.0224582e+01
   1.6000000e+01   1.0224609e+01
   1.7000000e+01   1.0224066e+01
   1.8000000e+01   1.0223883e+01
   1.9000000e+01   1.0223567e+01
   2.0000000e+01   1.0223968e+01
   2.1000000e+01   1.0223447e+01
   2.2000000e+01   1.0223306e+01
   2.3000000e+01   1.0223416e+01
   2.4000000e+01   1.0222966e+01
   2.5000000e+01   1.0222941e+01
   2.6000000e+01   1.0222770e+01
   2.7000000e+01   1.0222526e+01
   2.8000000e+01   1.0222735e+01
   2.9000000e+01   1.0222210e+01
   3.0000000e+01   1.0222152e+01
   3.1000000e+01   1.0221981e+01
   3.2000000e+01   1.0221947e+01
   3.3000000e+01   1.0221785e+01
   3.4000000e+01   1.0221543e+01
   3.5000000e+01   1.0221680e+01
   3.6000000e+01   1.0221566e+01
   3.7000000e+01   1.0221486e+01
   3.8000000e+01   1.0221353e+01
   3.9000000e+01   1.0221156e+01
   4.0000000e+01   1.0221225e+01
   4.1000000e+01   1.0220897e+01
   4.2000000e+01   1.0220889e+01
   4.3000000e+01   1.0220572e+01
   4.4000000e+01   1.0220855e+01
   4.5000000e+01   1.0220362e+01
   4.6000000e+01   1.0220680e+01
   4.7000000e+01   1.0220454e+01
   4.8000000e+01   1.0220300e+01
   4.9000000e+01   1.0220331e+01
   5.0000000e+01   1.0220257e+01
   5.1000000e+01   1.0220115e+01
   5.2000000e+01   1.0220067e+01
   5.3000000e+01   1.0220268e+01
   5.4000000e+01   1.0219892e+01
   5.5000000e+01   1.0220065e+01
   5.6000000e+01   1.0219683e+01
   5.7000000e+01   1.0219868e+01
   5.8000000e+01   1.0219553e+01
   5.9000000e+01   1.0219450e+01
   6.0000000e+01   1.0219493e+01
   6.1000000e+01   1.0219512e+01
   6.2000000e+01   1.0219237e+01
   6.3000000e+01   1.0219432e+01
   6.4000000e+01   1.0219442e+01
   6.5000000e+01   1.0219016e+01
   6.6000000e+01   1.0219039e+01
   6.7000000e+01   1.0218835e+01
   6.8000000e+01   1.0219338e+01
   6.9000000e+01   1.0218896e+01
   7.0000000e+01   1.0218718e+01
   7.1000000e+01   1.0218992e+01
   7.2000000e+01   1.0218755e+01
   7.3000000e+01   1.0218566e+01
   7.4000000e+01   1.0218611e+01
   7.5000000e+01   1.0218348e+01
   7.6000000e+01   1.0218282e+01
   7.7000000e+01   1.0218302e+01
   7.8000000e+01   1.0218307e+01
   7.9000000e+01   1.0218216e+01
   8.0000000e+01   1.0218310e+01
   8.1000000e+01   1.0218102e+01
   8.2000000e+01   1.0218079e+01
   8.3000000e+01   1.0218013e+01
   8.4000000e+01   1.0217630e+01
   8.5000000e+01   1.0217904e+01
   8.6000000e+01   1.0217730e+01
   8.7000000e+01   1.0217691e+01
   8.8000000e+01   1.0217579e+01
   8.9000000e+01   1.0217223e+01
   9.0000000e+01   1.0217048e+01
   9.1000000e+01   1.0217081e+01
   9.2000000e+01   1.0217015e+01
   9.3000000e+01   1.0217105e+01
   9.4000000e+01   1.0217064e+01
   9.5000000e+01   1.0217183e+01
   9.6000000e+01   1.0217134e+01
   9.7000000e+01   1.0216977e+01
   9.8000000e+01   1.0217017e+01
   9.9000000e+01   1.0217031e+01
   1.0000000e+02   1.0216780e+01
   1.0100000e+02   1.0216982e+01
   1.0200000e+02   1.0216971e+01
   1.0300000e+02   1.0216714e+01
   1.0400000e+02   1.0216496e+01
   1.0500000e+02   1.0216481e+01
   1.0600000e+02   1.0216478e+01
   1.0700000e+02   1.0216515e+01
   1.0800000e+02   1.0216444e+01
   1.0900000e+02   1.0216349e+01
   1.1000000e+02   1.0216131e+01
   1.1100000e+02   1.0216327e+01
   1.1200000e+02   1.0216098e+01
   1.1300000e+02   1.0216156e+01
   1.1400000e+02   1.0215773e+01
   1.1500000e+02   1.0216218e+01
   1.1600000e+02   1.0215976e+01
   1.1700000e+02   1.0216142e+01
   1.1800000e+02   1.0216076e+01
   1.1900000e+02   1.0215939e+01
   1.2000000e+02   1.0215877e+01
   1.2100000e+02   1.0215970e+01
   1.2200000e+02   1.0215984e+01
   1.2300000e+02   1.0215864e+01
   1.2400000e+02   1.0215644e+01
   1.2500000e+02   1.0215672e+01
   1.2600000e+02   1.0215839e+01
   1.2700000e+02   1.0215670e+01
   1.2800000e+02   1.0215774e+01
   1.2900000e+02   1.0215477e+01
   1.3000000e+02   1.0215323e+01
   1.3100000e+02   1.0215328e+01
   1.3200000e+02   1.0215437e+01
   1.3300000e+02   1.0215131e+01
   1.3400000e+02   1.0215108e+01
   1.3500000e+02   1.0215223e+01
   1.3600000e+02   1.0215159e+01
   1.3700000e+02   1.0215033e+01
   1.3800000e+02   1.0215208e+01
   1.3900000e+02   1.0214627e+01
   1.4000000e+02   1.0214803e+01
   1.4100000e+02   1.0214942e+01
   1.4200000e+02   1.0214828e+01
   1.4300000e+02   1.0214940e+01
   1.4400000e+02   1.0214540e+01
   1.4500000e+02   1.0214751e+01
   1.4600000e+02   1.0214622e+01
   1.4700000e+02   1.0214675e+01
   1.4800000e+02   1.0214644e+01
   1.4900000e+02   1.0214372e+01
   1.5000000e+02   1.0214242e+01
   1.5100000e+02   1.0214605e+01
   1.5200000e+02   1.0214385e+01
   1.5300000e+02   1.0214392e+01
   1.5400000e+02   1.0214351e+01
   1.5500000e+02   1.0214496e+01
   1.5600000e+02   1.0214266e+01
   1.5700000e+02   1.0214253e+01
   1.5800000e+02   1.0214182e+01
   1.5900000e+02   1.0214379e+01
   1.6000000e+02   1.0214078e+01
   1.6100000e+02   1.0214173e+01
   1.6200000e+02   1.0213986e+01
   1.6300000e+02   1.0213830e+01
   1.6400000e+02   1.0214002e+01
   1.6500000e+02   1.0213756e+01
   1.6600000e+02   1.0213675e+01
   1.6700000e+02   1.0210529e+01
   1.6800000e+02   1.0200407e+01
   1.6900000e+02   1.0194664e+01
   1.7000000e+02   1.0201339e+01
   1.7100000e+02   1.0208305e+01
   1.7200000e+02   1.0211278e+01
   1.7300000e+02   1.0212609e+01
   1.7400000e+02   1.0213052e+01
   1.7500000e+02   1.0212861e+01
   1.7600000e+02   1.0213023e+01
   1.7700000e+02   1.0213195e+01
   1.7800000e+02   1.0213247e+01
   1.7900000e+02   1.0208579e+01
   1.8000000e+02   1.0181372e+01
   1.8100000e+02   1.0169329e+01
   1.8200000e+02   1.0177237e+01
   1.8300000e+02   1.0188149e+01
   1.8400000e+02   1.0192173e+01
   1.8500000e+02   1.0193133e+01
   1.8600000e+02   1.0193904e+01
   1.8700000e+02   1.0195747e+01
   1.8800000e+02   1.0199101e+01
   1.8900000e+02   1.0202914e+01
   1.9000000e+02   1.0207150e+01
   1.9100000e+02   1.0209864e+01
   1.9200000e+02   1.0211062e+01
   1.9300000e+02   1.0211594e+01
   1.9400000e+02   1.0211749e+01
   1.9500000e+02   1.0211764e+01
   1.9600000e+02   1.0211683e+01
   1.9700000e+02   1.0211751e+01
   1.9800000e+02   1.0212120e+01
   1.9900000e+02   1.0212129e+01
   2.0000000e+02   1.0212145e+01
   2.0100000e+02   1.0211931e+01
   2.0200000e+02   1.0212005e+01
   2.0300000e+02   1.0211934e+01
   2.0400000e+02   1.0211818e+01
   2.0500000e+02   1.0212045e+01
   2.0600000e+02   1.0211687e+01
   2.0700000e+02   1.0212055e+01
   2.0800000e+02   1.0211969e+01
   2.0900000e+02   1.0211766e+01
   2.1000000e+02   1.0211727e+01
   2.1100000e+02   1.0211857e+01
   2.1200000e+02   1.0211562e+01
   2.1300000e+02   1.0211829e+01
   2.1400000e+02   1.0211564e+01
   2.1500000e+02   1.0212100e+01
   2.1600000e+02   1.0211634e+01
   2.1700000e+02   1.0211618e+01
   2.1800000e+02   1.0211642e+01
   2.1900000e+02   1.0211434e+01
   2.2000000e+02   1.0211385e+01
   2.2100000e+02   1.0210988e+01
   2.2200000e+02   1.0210733e+01
   2.2300000e+02   1.0210786e+01
   2.2400000e+02   1.0210028e+01
   2.2500000e+02   1.0209212e+01
   2.2600000e+02   1.0208946e+01
   2.2700000e+02   1.0208402e+01
   2.2800000e+02   1.0208235e+01
   2.2900000e+02   1.0208015e+01
   2.3000000e+02   1.0208449e+01
   2.3100000e+02   1.0208818e+01
   2.3200000e+02   1.0208990e+01
   2.3300000e+02   1.0209486e+01
   2.3400000e+02   1.0209784e+01
   2.3500000e+02   1.0210031e+01
   2.3600000e+02   1.0210184e+01
   2.3700000e+02   1.0210053e+01
   2.3800000e+02   1.0210069e+01
   2.3900000e+02   1.0209753e+01
   2.4000000e+02   1.0209904e+01
   2.4100000e+02   1.0209367e+01
   2.4200000e+02   1.0209609e+01
   2.4300000e+02   1.0209333e+01
   2.4400000e+02   1.0209395e+01
   2.4500000e+02   1.0208324e+01
   2.4600000e+02   1.0207262e+01
   2.4700000e+02   1.0204797e+01
   2.4800000e+02   1.0201059e+01
   2.4900000e+02   1.0196380e+01
   2.5000000e+02   1.0192548e+01
   2.5100000e+02   1.0190226e+01
   2.5200000e+02   1.0190348e+01
   2.5300000e+02   1.0192438e+01
   2.5400000e+02   1.0195335e+01
   2.5500000e+02   1.0197943e+01
   2.5600000e+02   1.0199648e+01
   2.5700000e+02   1.0199896e+01
   2.5800000e+02   1.0199421e+01
   2.5900000e+02   1.0197772e+01
   2.6000000e+02   1.0196415e+01
   2.6100000e+02   1.0195159e+01
   2.6200000e+02   1.0193849e+01
   2.6300000e+02   1.0192911e+01
   2.6400000e+02   1.0191875e+01
   2.6500000e+02   1.0191389e+01
   2.6600000e+02   1.0191081e+01
   2.6700000e+02   1.0191942e+01
   2.6800000e+02   1.0193961e+01
   2.6900000e+02   1.0196410e+01
   2.7000000e+02   1.0199262e+01
   2.7100000e+02   1.0201822e+01
   2.7200000e+02   1.0203046e+01
   2.7300000e+02   1.0204402e+01
   2.7400000e+02   1.0204138e+01
   2.7500000e+02   1.0204077e+01
   2.7600000e+02   1.0203789e+01
   2.7700000e+02   1.0203851e+01
   2.7800000e+02   1.0203227e+01
   2.7900000e+02   1.0203719e+01
   2.8000000e+02   1.0204495e+01
   2.8100000e+02   1.0204734e+01
   2.8200000e+02   1.0204910e+01
   2.8300000e+02   1.0205346e+01
   2.8400000e+02   1.0205346e+01
   2.8500000e+02   1.0205349e+01
   2.8600000e+02   1.0205465e+01
   2.8700000e+02   1.0205836e+01
   2.8800000e+02   1.0206116e+01
   2.8900000e+02   1.0206624e+01
   2.9000000e+02   1.0206888e+01
   2.9100000e+02   1.0207122e+01
   2.9200000e+02   1.0207249e+01
   2.9300000e+02   1.0207437e+01
   2.9400000e+02   1.0207369e+01
   2.9500000e+02   1.0207346e+01
   2.9600000e+02   1.0207514e+01
   2.9700000e+02   1.0207728e+01
   2.9800000e+02   1.0207563e+01
   2.9900000e+02   1.0207676e+01
   3.0000000e+02   1.0207805e+01
   3.0100000e+02   1.0207653e+01
   3.0200000e+02   1.0207615e+01
   3.0300000e+02   1.0207233e+01
   3.0400000e+02   1.0206645e+01
   3.0500000e+02   1.0205999e+01
   3.0600000e+02   1.0205147e+01
   3.0700000e+02   1.0203875e+01
   3.0800000e+02   1.0202266e+01
   3.0900000e+02   1.0200513e+01
   3.1000000e+02   1.0197767e+01
   3.1100000e+02   1.0194398e+01
   3.1200000e+02   1.0191016e+01
   3.1300000e+02   1.0187864e+01
   3.1400000e+02   1.0186207e+01
   3.1500000e+02   1.0185987e+01
   3.1600000e+02   1.0186958e+01
   3.1700000e+02   1.0188505e+01
   3.1800000e+02   1.0188900e+01
   3.1900000e+02   1.0187321e+01
   3.2000000e+02   1.0184125e+01
   3.2100000e+02   1.0179658e+01
   3.2200000e+02   1.0175158e+01
   3.2300000e+02   1.0171237e+01
   3.2400000e+02   1.0169485e+01
   3.2500000e+02   1.0169336e+01
   3.2600000e+02   1.0171057e+01
   3.2700000e+02   1.0173932e+01
   3.2800000e+02   1.0177471e+01
   3.2900000e+02   1.0181304e+01
   3.3000000e+02   1.0185677e+01
   3.3100000e+02   1.0190287e+01
   3.3200000e+02   1.0194676e+01
   3.3300000e+02   1.0197578e+01
   3.3400000e+02   1.0199957e+01
   3.3500000e+02   1.0201763e+01
   3.3600000e+02   1.0201775e+01
   3.3700000e+02   1.0201736e+01
   3.3800000e+02   1.0200975e+01
   3.3900000e+02   1.0199159e+01
   3.4000000e+02   1.0197505e+01
   3.4100000e+02   1.0196422e+01
   3.4200000e+02   1.0195793e+01
   3.4300000e+02   1.0195729e+01
   3.4400000e+02   1.0197090e+01
   3.4500000e+02   1.0198309e+01
   3.4600000e+02   1.0200020e+01
   3.4700000e+02   1.0201299e+01
   3.4800000e+02   1.0202539e+01
   3.4900000e+02   1.0203713e+01
   3.5000000e+02   1.0204414e+01
   3.5100000e+02   1.0204935e+01
   3.5200000e+02   1.0205383e+01
   3.5300000e+02   1.0205560e+01
   3.5400000e+02   1.0205984e+01
   3.5500000e+02   1.0205803e+01
   3.5600000e+02   1.0205769e+01
   3.5700000e+02   1.0205848e+01
   3.5800000e+02   1.0205712e+01
   3.5900000e+02   1.0205582e+01
   3.6000000e+02   1.0205236e+01
   3.6100000e+02   1.0205039e+01
   3.6200000e+02   1.0204666e+01
   3.6300000e+02   1.0204063e+01
   3.6400000e+02   1.0204233e+01
   3.6500000e+02   1.0203736e+01
   3.6600000e+02   1.0203887e+01
   3.6700000e+02   1.0203745e+01
   3.6800000e+02   1.0204199e+01
   3.6900000e+02   1.0204399e+01
   3.7000000e+02   1.0205344e+01
   3.7100000e+02   1.0205194e+01
   3.7200000e+02   1.0205550e+01
   3.7300000e+02   1.0205933e+01
   3.7400000e+02   1.0205707e+01
   3.7500000e+02   1.0205929e+01
   3.7600000e+02   1.0205790e+01
   3.7700000e+02   1.0206295e+01
   3.7800000e+02   1.0206241e+01
   3.7900000e+02   1.0206099e+01
   3.8000000e+02   1.0206274e+01
   3.8100000e+02   1.0206068e+01
   3.8200000e+02   1.0206198e+01
   3.8300000e+02   1.0206108e+01
   3.8400000e+02   1.0205656e+01
   3.8500000e+02   1.0205972e+01
   3.8600000e+02   1.0205892e+01
   3.8700000e+02   1.0205486e+01
   3.8800000e+02   1.0205420e+01
   3.8900000e+02   1.0205107e+01
   3.9000000e+02   1.0204406e+01
   3.9100000e+02   1.0204290e+01
   3.9200000e+02   1.0203705e+01
   3.9300000e+02   1.0203881e+01
   3.9400000e+02   1.0203597e+01
   3.9500000e+02   1.0203459e+01
   3.9600000e+02   1.0203652e+01
   3.9700000e+02   1.0203905e+01
   3.9800000e+02   1.0204212e+01
   3.9900000e+02   1.0204573e+01
   4.0000000e+02   1.0204970e+01
   4.0100000e+02   1.0205115e+01
   4.0200000e+02   1.0205305e+01
   4.0300000e+02   1.0205207e+01
   4.0400000e+02   1.0205689e+01
   4.0500000e+02   1.0205594e+01
   4.0600000e+02   1.0205604e+01
   4.0700000e+02   1.0205869e+01
   4.0800000e+02   1.0205647e+01
   4.0900000e+02   1.0205587e+01
   4.1000000e+02   1.0205760e+01
   4.1100000e+02   1.0205603e+01
   4.1200000e+02   1.0205658e+01
   4.1300000e+02   1.0205664e+01
   4.1400000e+02   1.0205655e+01
   4.1500000e+02   1.0205450e+01
   4.1600000e+02   1.0205489e+01
   4.1700000e+02   1.0205245e+01
   4.1800000e+02   1.0205585e+01
   4.1900000e+02   1.0205082e+01
   4.2000000e+02   1.0205232e+01
   4.2100000e+02   1.0205541e+01
   4.2200000e+02   1.0205042e+01
   4.2300000e+02   1.0204973e+01
   4.2400000e+02   1.0205164e+01
   4.2500000e+02   1.0204922e+01
   4.2600000e+02   1.0205010e+01
   4.2700000e+02   1.0204992e+01
   4.2800000e+02   1.0205244e+01
   4.2900000e+02   1.0204996e+01
   4.3000000e+02   1.0204963e+01
   4.3100000e+02   1.0204733e+01
   4.3200000e+02   1.0204993e+01
   4.3300000e+02   1.0204825e+01
   4.3400000e+02   1.0204635e+01
   4.3500000e+02   1.0205250e+01
   4.3600000e+02   1.0204689e+01
   4.3700000e+02   1.0204963e+01
   4.3800000e+02   1.0204776e+01
   4.3900000e+02   1.0204663e+01
   4.4000000e+02   1.0204676e+01
   4.4100000e+02   1.0204826e+01
   4.4200000e+02   1.0204448e+01
   4.4300000e+02   1.0204019e+01
   4.4400000e+02   1.0203395e+01
   4.4500000e+02   1.0202438e+01
   4.4600000e+02   1.0201273e+01
   4.4700000e+02   1.0200100e+01
   4.4800000e+02   1.0198552e+01
   4.4900000e+02   1.0197008e+01
   4.5000000e+02   1.0195221e+01
   4.5100000e+02   1.0194175e+01
   4.5200000e+02   1.0193128e+01
   4.5300000e+02   1.0193085e+01
   4.5400000e+02   1.0193560e+01
   4.5500000e+02   1.0194325e+01
   4.5600000e+02   1.0195460e+01
   4.5700000e+02   1.0196895e+01
   4.5800000e+02   1.0198368e+01
   4.5900000e+02   1.0199600e+01
   4.6000000e+02   1.0200753e+01
   4.6100000e+02   1.0201958e+01
   4.6200000e+02   1.0202313e+01
   4.6300000e+02   1.0202858e+01
   4.6400000e+02   1.0203322e+01
   4.6500000e+02   1.0203414e+01
   4.6600000e+02   1.0203555e+01
   4.6700000e+02   1.0203741e+01
   4.6800000e+02   1.0203831e+01
   4.6900000e+02   1.0203810e+01
   4.7000000e+02   1.0203572e+01
   4.7100000e+02   1.0203883e+01
   4.7200000e+02   1.0203808e+01
   4.7300000e+02   1.0203901e+01
   4.7400000e+02   1.0203904e+01
   4.7500000e+02   1.0203896e+01
   4.7600000e+02   1.0203807e+01
   4.7700000e+02   1.0204031e+01
   4.7800000e+02   1.0203574e+01
   4.7900000e+02   1.0203930e+01
   4.8000000e+02   1.0203878e+01
   4.8100000e+02   1.0203784e+01
   4.8200000e+02   1.0203764e+01
   4.8300000e+02   1.0204008e+01
   4.8400000e+02   1.0204018e+01
   4.8500000e+02   1.0203987e+01
   4.8600000e+02   1.0204223e+01
   4.8700000e+02   1.0204020e+01
   4.8800000e+02   1.0204021e+01
   4.8900000e+02   1.0203969e+01
   4.9000000e+02   1.0204194e+01
   4.9100000e+02   1.0203906e+01
   4.9200000e+02   1.0203987e+01
   4.9300000e+02   1.0203760e+01
   4.9400000e+02   1.0203976e+01
   4.9500000e+02   1.0203587e+01
   4.9600000e+02   1.0203794e+01
   4.9700000e+02   1.0203765e+01
   4.9800000e+02   1.0203784e+01
   4.9900000e+02   1.0203666e+01
   5.0000000e+02   1.0203772e+01
   5.0100000e+02   1.0203771e+01
   5.0200000e+02   1.0203773e+01
   5.0300000e+02   1.0203527e+01
   5.0400000e+02   1.0203742e+01
   5.0500000e+02   1.0203843e+01
   5.0600000e+02   1.0203756e+01
   5.0700000e+02   1.0203754e+01
   5.0800000e+02   1.0203524e+01
   5.0900000e+02   1.0203398e+01
   5.1000000e+02   1.0203459e+01
   5.1100000e+02   1.0203542e+01
   5.1200000e+02   1.0203262e+01
   5.1300000e+02   1.0203357e+01
   5.1400000e+02   1.0203222e+01
   5.1500000e+02   1.0203291e+01
   5.1600000e+02   1.0203203e+01
   5.1700000e+02   1.0203126e+01
   5.1800000e+02   1.0203410e+01
   5.1900000e+02   1.0202875e+01
   5.2000000e+02   1.0203212e+01
   5.2100000e+02   1.0203504e+01
   5.2200000e+02   1.0202948e+01
   5.2300000e+02   1.0203193e+01
   5.2400000e+02   1.0203315e+01
   5.2500000e+02   1.0203109e+01
   5.2600000e+02   1.0203213e+01
   5.2700000e+02   1.0202924e+01
   5.2800000e+02   1.0203080e+01
   5.2900000e+02   1.0203011e+01
   5.3000000e+02   1.0202925e+01
   5.3100000e+02   1.0202992e+01
   5.3200000e+02   1.0202707e+01
   5.3300000e+02   1.0202666e+01
   5.3400000e+02   1.0202710e+01
   5.3500000e+02   1.0203100e+01
   5.3600000e+02   1.0203117e+01
   5.3700000e+02   1.0202816e+01
   5.3800000e+02   1.0202973e+01
   5.3900000e+02   1.0203183e+01
   5.4000000e+02   1.0202973e+01
   5.4100000e+02   1.0202716e+01
   5.4200000e+02   1.0202675e+01
   5.4300000e+02   1.0202938e+01
   5.4400000e+02   1.0203040e+01
   5.4500000e+02   1.0202837e+01
   5.4600000e+02   1.0202488e+01
   5.4700000e+02   1.0202545e+01
   5.4800000e+02   1.0202929e+01
   5.4900000e+02   1.0202519e+01
   5.5000000e+02   1.0202983e+01
   5.5100000e+02   1.0202183e+01
   5.5200000e+02   1.0202472e+01
   5.5300000e+02   1.0202399e+01
   5.5400000e+02   1.0202603e+01
   5.5500000e+02   1.0202598e+01
   5.5600000e+02   1.0202401e+01
   5.5700000e+02   1.0202825e+01
   5.5800000e+02   1.0202522e+01
   5.5900000e+02   1.0202124e+01
   5.6000000e+02   1.0202326e+01
   5.6100000e+02   1.0202381e+01
   5.6200000e+02   1.0202410e+01
   5.6300000e+02   1.0202368e+01
   5.6400000e+02   1.0202362e+01
   5.6500000e+02   1.0202586e+01
   5.6600000e+02   1.0202494e+01
   5.6700000e+02   1.0202340e+01
   5.6800000e+02   1.0202232e+01
   5.6900000e+02   1.0202453e+01
   5.7000000e+02   1.0202549e+01
   5.7100000e+02   1.0202499e+01
   5.7200000e+02   1.0202348e+01
   5.7300000e+02   1.0202178e+01
   5.7400000e+02   1.0202377e+01
   5.7500000e+02   1.0202077e+01
   5.7600000e+02   1.0202300e+01
   5.7700000e+02   1.0202048e+01
   5.7800000e+02   1.0202376e+01
   5.7900000e+02   1.0202520e+01
   5.8000000e+02   1.0202201e+01
   5.8100000e+02   1.0202155e+01
   5.8200000e+02   1.0201934e+01
   5.8300000e+02   1.0202057e+01
   5.8400000e+02   1.0202056e+01
   5.8500000e+02   1.0202260e+01
   5.8600000e+02   1.0202271e+01
   5.8700000e+02   1.0202284e+01
   5.8800000e+02   1.0201997e+01
   5.8900000e+02   1.0202131e+01
   5.9000000e+02   1.0202062e+01
   5.9100000e+02   1.0201860e+01
   5.9200000e+02   1.0201936e+01
   5.9300000e+02   1.0202005e+01
   5.9400000e+02   1.0201681e+01
   5.9500000e+02   1.0201949e+01
   5.9600000e+02   1.0201914e+01
   5.9700000e+02   1.0201844e+01
   5.9800000e+02   1.0202075e+01
   5.9900000e+02   1.0201825e+01
   6.0000000e+02   1.0201913e+01
   6.0100000e+02   1.0202142e+01
   6.0200000e+02   1.0201913e+01
   6.0300000e+02   1.0201580e+01
   6.0400000e+02   1.0201500e+01
   6.0500000e+02   1.0201566e+01
   6.0600000e+02   1.0201601e+01
   6.0700000e+02   1.0201479e+01
   6.0800000e+02   1.0201683e+01
   6.0900000e+02   1.0201796e+01
   6.1000000e+02   1.0201624e+01
   6.1100000e+02   1.0201373e+01
   6.1200000e+02   1.0201352e+01
   6.1300000e+02   1.0201412e+01
   6.1400000e+02   1.0201518e+01
   6.1500000e+02   1.0201450e+01
   6.1600000e+02   1.0201172e+01
   6.1700000e+02   1.0201033e+01
   6.1800000e+02   1.0201298e+01
   6.1900000e+02   1.0201709e+01
   6.2000000e+02   1.0201456e+01
   6.2100000e+02   1.0201364e+01
   6.2200000e+02   1.0201607e+01
   6.2300000e+02   1.0201579e+01
   6.2400000e+02   1.0201367e+01
   6.2500000e+02   1.0201174e+01
   6.2600000e+02   1.0201393e+01
   6.2700000e+02   1.0201371e+01
   6.2800000e+02   1.0201276e+01
   6.2900000e+02   1.0201331e+01
   6.3000000e+02   1.0201480e+01
   6.3100000e+02   1.0201070e+01
   6.3200000e+02   1.0201237e+01
   6.3300000e+02   1.0201120e+01
   6.3400000e+02   1.0201194e+01
   6.3500000e+02   1.0201468e+01
   6.3600000e+02   1.0201058e+01
   6.3700000e+02   1.0201263e+01
   6.3800000e+02   1.0200740e+01
   6.3900000e+02   1.0200897e+01
   6.4000000e+02   1.0201207e+01
   6.4100000e+02   1.0201138e+01
   6.4200000e+02   1.0201158e+01
   6.4300000e+02   1.0200812e+01
   6.4400000e+02   1.0200954e+01
   6.4500000e+02   1.0200880e+01
   6.4600000e+02   1.0200943e+01
   6.4700000e+02   1.0200808e+01
   6.4800000e+02   1.0200702e+01
   6.4900000e+02   1.0200937e+01
   6.5000000e+02   1.0200974e+01
   6.5100000e+02   1.0201085e+01
   6.5200000e+02   1.0200837e+01
   6.5300000e+02   1.0200740e+01
   6.5400000e+02   1.0201108e+01
   6.5500000e+02   1.0200634e+01
   6.5600000e+02   1.0201082e+01
   6.5700000e+02   1.0200990e+01
   6.5800000e+02   1.0200875e+01
   6.5900000e+02   1.0201024e+01
   6.6000000e+02   1.0200728e+01
   6.6100000e+02   1.0201068e+01
   6.6200000e+02   1.0200892e+01
   6.6300000e+02   1.0200840e+01
   6.6400000e+02   1.0200603e+01
   6.6500000e+02   1.0200710e+01
   6.6600000e+02   1.0200740e+01
   6.6700000e+02   1.0200950e+01
   6.6800000e+02   1.0200857e+01
   6.6900000e+02   1.0200905e+01
   6.7000000e+02   1.0200912e+01
   6.7100000e+02   1.0200831e+01
   6.7200000e+02   1.0200790e+01
   6.7300000e+02   1.0200660e+01
   6.7400000e+02   1.0200650e+01
   6.7500000e+02   1.0200885e+01
   6.7600000e+02   1.0200653e+01
   6.7700000e+02   1.0200707e+01
   6.7800000e+02   1.0200850e+01
   6.7900000e+02   1.0200654e+01
   6.8000000e+02   1.0200597e+01
   6.8100000e+02   1.0200541e+01
   6.8200000e+02   1.0200397e+01
   6.8300000e+02   1.0200208e+01
   6.8400000e+02   1.0200536e+01
   6.8500000e+02   1.0200496e+01
   6.8600000e+02   1.0200350e+01
   6.8700000e+02   1.0200179e+01
   6.8800000e+02   1.0200365e+01
   6.8900000e+02   1.0200299e+01
   6.9000000e+02   1.0200011e+01
   6.9100000e+02   1.0200172e+01
   6.9200000e+02   1.0200231e+01
   6.9300000e+02   1.0200361e+01
   6.9400000e+02   1.0200463e+01
   6.9500000e+02   1.0200262e+01
   6.9600000e+02   1.0200322e+01
   6.9700000e+02   1.0200329e+01
   6.9800000e+02   1.0200083e+01
   6.9900000e+02   1.0200248e+01
   7.0000000e+02   1.0200201e+01
   7.0100000e+02   1.0200072e+01
   7.0200000e+02   1.0200182e+01
   7.0300000e+02   1.0200237e+01
   7.0400000e+02   1.0200062e+01
   7.0500000e+02   1.0199925e+01
   7.0600000e+02   1.0200333e+01
   7.0700000e+02   1.0200094e+01
   7.0800000e+02   1.0199761e+01
   7.0900000e+02   1.0200031e+01
   7.1000000e+02   1.0200042e+01
   7.1100000e+02   1.0199943e+01
   7.1200000e+02   1.0199700e+01
   7.1300000e+02   1.0199762e+01
   7.1400000e+02   1.0199891e+01
   7.1500000e+02   1.0199833e+01
   7.1600000e+02   1.0199611e+01
   7.1700000e+02   1.0199709e+01
   7.1800000e+02   1.0199958e+01
   7.1900000e+02   1.0200098e+01
   7.2000000e+02   1.0199819e+01
   7.2100000e+02   1.0199990e+01
   7.2200000e+02   1.0199496e+01
   7.2300000e+02   1.0200086e+01
   7.2400000e+02   1.0200142e+01
   7.2500000e+02   1.0200070e+01
   7.2600000e+02   1.0199947e+01
   7.2700000e+02   1.0200266e+01
   7.2800000e+02   1.0200020e+01
   7.2900000e+02   1.0199768e+01
   7.3000000e+02   1.0199664e+01
   7.3100000e+02   1.0199883e+01
   7.3200000e+02   1.0199870e+01
   7.3300000e+02   1.0199683e+01
   7.3400000e+02   1.0199672e+01
   7.3500000e+02   1.0199731e+01
   7.3600000e+02   1.0199939e+01
   7.3700000e+02   1.0199640e+01
   7.3800000e+02   1.0199620e+01
   7.3900000e+02   1.0199658e+01
   7.4000000e+02   1.0199633e+01
   7.4100000e+02   1.0199647e+01
   7.4200000e+02   1.0199471e+01
   7.4300000e+02   1.0199642e+01
   7.4400000e+02   1.0199698e+01
   7.4500000e+02   1.0199709e+01
   7.4600000e+02   1.0199955e+01
   7.4700000e+02   1.0199739e+01
   7.4800000e+02   1.0199961e+01
   7.4900000e+02   1.0199595e+01
   7.5000000e+02   1.0199661e+01
   7.5100000e+02   1.0199415e+01
   7.5200000e+02   1.0199290e+01
   7.5300000e+02   1.0199523e+01
   7.5400000e+02   1.0199347e+01
   7.5500000e+02   1.0199613e+01
   7.5600000e+02   1.0199267e+01
   7.5700000e+02   1.0199573e+01
   7.5800000e+02   1.0199187e+01
   7.5900000e+02   1.0199277e+01
   7.6000000e+02   1.0199360e+01
   7.6100000e+02   1.0199246e+01
   7.6200000e+02   1.0199532e+01
   7.6300000e+02   1.0199584e+01
   7.6400000e+02   1.0199476e+01
   7.6500000e+02   1.0199305e+01
   7.6600000e+02   1.0199597e+01
   7.6700000e+02   1.0199640e+01
   7.6800000e+02   1.0199533e+01
   7.6900000e+02   1.0199278e+01
   7.7000000e+02   1.0199363e+01
   7.7100000e+02   1.0199661e+01
   7.7200000e+02   1.0199133e+01
   7.7300000e+02   1.0199491e+01
   7.7400000e+02   1.0199292e+01
   7.7500000e+02   1.0199179e+01
   7.7600000e+02   1.0199159e+01
   7.7700000e+02   1.0199237e+01
   7.7800000e+02   1.0198876e+01
   7.7900000e+02   1.0199163e+01
   7.8000000e+02   1.0199093e+01
