   0.0000000e+00   1.0234777e+01
   1.0000000e+00   1.0229898e+01
   2.0000000e+00   1.0228390e+01
   3.0000000e+00   1.0227738e+01
   4.0000000e+00   1.0227421e+01
   5.0000000e+00   1.0226807e+01
   6.0000000e+00   1.0226375e+01
   7.0000000e+00   1.0225800e+01
   8.0000000e+00   1.0225495e+01
   9.0000000e+00   1.0225332e+01
   1.0000000e+01   1.0224681e+01
   1.1000000e+01   1.0224647e+01
   1.2000000e+01   1.0224450e+01
   1.3000000e+01   1.0224161e+01
   1.4000000e+01   1.0224105e+01
   1.5000000e+01   1.0223785e+01
   1.6000000e+01   1.0223466e+01
   1.7000000e+01   1.0223434e+01
   1.8000000e+01   1.0223403e+01
   1.9000000e+01   1.0223067e+01
   2.0000000e+01   1.0223097e+01
   2.1000000e+01   1.0222790e+01
   2.2000000e+01   1.0222916e+01
   2.3000000e+01   1.0222594e+01
   2.4000000e+01   1.0222549e+01
   2.5000000e+01   1.0222211e+01
   2.6000000e+01   1.0222204e+01
   2.7000000e+01   1.0222011e+01
   2.8000000e+01   1.0222129e+01
   2.9000000e+01   1.0221810e+01
   3.0000000e+01   1.0221471e+01
   3.1000000e+01   1.0221594e+01
   3.2000000e+01   1.0221498e+01
   3.3000000e+01   1.0221099e+01
   3.4000000e+01   1.0221613e+01
   3.5000000e+01   1.0221210e+01
   3.6000000e+01   1.0221117e+01
   3.7000000e+01   1.0220847e+01
   3.8000000e+01   1.0220578e+01
   3.9000000e+01   1.0220820e+01
   4.0000000e+01   1.0220691e+01
   4.1000000e+01   1.0220717e+01
   4.2000000e+01   1.0220472e+01
   4.3000000e+01   1.0220694e+01
   4.4000000e+01   1.0220520e+01
   4.5000000e+01   1.0220226e+01
   4.6000000e+01   1.0220214e+01
   4.7000000e+01   1.0219942e+01
   4.8000000e+01   1.0220334e+01
   4.9000000e+01   1.0220105e+01
   5.0000000e+01   1.0219784e+01
   5.1000000e+01   1.0219526e+01
   5.2000000e+01   1.0219763e+01
   5.3000000e+01   1.0219774e+01
   5.4000000e+01   1.0219366e+01
   5.5000000e+01   1.0219406e+01
   5.6000000e+01   1.0219232e+01
   5.7000000e+01   1.0219169e+01
   5.8000000e+01   1.0219058e+01
   5.9000000e+01   1.0218941e+01
   6.0000000e+01   1.0218958e+01
   6.1000000e+01   1.0218855e+01
   6.2000000e+01   1.0218898e+01
   6.3000000e+01   1.0218450e+01
   6.4000000e+01   1.0218616e+01
   6.5000000e+01   1.0218580e+01
   6.6000000e+01   1.0218609e+01
   6.7000000e+01   1.0218400e+01
   6.8000000e+01   1.0218535e+01
   6.9000000e+01   1.0218294e+01
   7.0000000e+01   1.0218235e+01
   7.1000000e+01   1.0218264e+01
   7.2000000e+01   1.0218313e+01
   7.3000000e+01   1.0217953e+01
   7.4000000e+01   1.0218099e+01
   7.5000000e+01   1.0218147e+01
   7.6000000e+01   1.0217815e+01
   7.7000000e+01   1.0217712e+01
   7.8000000e+01   1.0217770e+01
   7.9000000e+01   1.0217929e+01
   8.0000000e+01   1.0217961e+01
   8.1000000e+01   1.0217606e+01
   8.2000000e+01   1.0217629e+01
   8.3000000e+01   1.0217553e+01
   8.4000000e+01   1.0217237e+01
   8.5000000e+01   1.0217362e+01
   8.6000000e+01   1.0217507e+01
   8.7000000e+01   1.0217156e+01
   8.8000000e+01   1.0217272e+01
   8.9000000e+01   1.0216972e+01
   9.0000000e+01   1.0217152e+01
   9.1000000e+01   1.0217131e+01
   9.2000000e+01   1.0217018e+01
   9.3000000e+01   1.0216755e+01
   9.4000000e+01   1.0217199e+01
   9.5000000e+01   1.0216832e+01
   9.6000000e+01   1.0216501e+01
   9.7000000e+01   1.0216553e+01
   9.8000000e+01   1.0216926e+01
   9.9000000e+01   1.0216294e+01
   1.0000000e+02   1.0216706e+01
   1.0100000e+02   1.0216407e+01
   1.0200000e+02   1.0216545e+01
   1.0300000e+02   1.0216430e+01
   1.0400000e+02   1.0216355e+01
   1.0500000e+02   1.0216540e+01
   1.0600000e+02   1.0216253e+01
   1.0700000e+02   1.0216202e+01
   1.0800000e+02   1.0215852e+01
   1.0900000e+02   1.0216339e+01
   1.1000000e+02   1.0215981e+01
   1.1100000e+02   1.0215980e+01
   1.1200000e+02   1.0215840e+01
   1.1300000e+02   1.0216137e+01
   1.1400000e+02   1.0216061e+01
   1.1500000e+02   1.0216082e+01
   1.1600000e+02   1.0215763e+01
   1.1700000e+02   1.0215798e+01
   1.1800000e+02   1.0215475e+01
   1.1900000e+02   1.0215799e+01
   1.2000000e+02   1.0216012e+01
   1.2100000e+02   1.0215726e+01
   1.2200000e+02   1.0215735e+01
   1.2300000e+02   1.0215664e+01
   1.2400000e+02   1.0215823e+01
   1.2500000e+02   1.0215557e+01
   1.2600000e+02   1.0215624e+01
   1.2700000e+02   1.0215377e+01
   1.2800000e+02   1.0215554e+01
   1.2900000e+02   1.0215301e+01
   1.3000000e+02   1.0215386e+01
   1.3100000e+02   1.0215227e+01
   1.3200000e+02   1.0215275e+01
   1.3300000e+02   1.0215220e+01
   1.3400000e+02   1.0214989e+01
   1.3500000e+02   1.0215101e+01
   1.3600000e+02   1.0215302e+01
   1.3700000e+02   1.0214840e+01
   1.3800000e+02   1.0214920e+01
   1.3900000e+02   1.0214948e+01
   1.4000000e+02   1.0215222e+01
   1.4100000e+02   1.0214935e+01
   1.4200000e+02   1.0214783e+01
   1.4300000e+02   1.0214765e+01
   1.4400000e+02   1.0214817e+01
   1.4500000e+02   1.0214887e+01
   1.4600000e+02   1.0214735e+01
   1.4700000e+02   1.0214359e+01
   1.4800000e+02   1.0214351e+01
   1.4900000e+02   1.0214431e+01
   1.5000000e+02   1.0214273e+01
   1.5100000e+02   1.0213888e+01
   1.5200000e+02   1.0214239e+01
   1.5300000e+02   1.0213971e+01
   1.5400000e+02   1.0214023e+01
   1.5500000e+02   1.0213961e+01
   1.5600000e+02   1.0213924e+01
   1.5700000e+02   1.0213834e+01
   1.5800000e+02   1.0213748e+01
   1.5900000e+02   1.0213682e+01
   1.6000000e+02   1.0213905e+01
   1.6100000e+02   1.0213503e+01
   1.6200000e+02   1.0213592e+01
   1.6300000e+02   1.0213692e+01
   1.6400000e+02   1.0213560e+01
   1.6500000e+02   1.0213544e+01
   1.6600000e+02   1.0213205e+01
   1.6700000e+02   1.0210186e+01
   1.6800000e+02   1.0199910e+01
   1.6900000e+02   1.0194368e+01
   1.7000000e+02   1.0201303e+01
   1.7100000e+02   1.0207938e+01
   1.7200000e+02   1.0210963e+01
   1.7300000e+02   1.0212328e+01
   1.7400000e+02   1.0212700e+01
   1.7500000e+02   1.0213181e+01
   1.7600000e+02   1.0212990e+01
   1.7700000e+02   1.0213136e+01
   1.7800000e+02   1.0212853e+01
   1.7900000e+02   1.0208403e+01
   1.8000000e+02   1.0181280e+01
   1.8100000e+02   1.0170824e+01
   1.8200000e+02   1.0178180e+01
   1.8300000e+02   1.0187225e+01
   1.8400000e+02   1.0190947e+01
   1.8500000e+02   1.0191884e+01
   1.8600000e+02   1.0192985e+01
   1.8700000e+02   1.0195784e+01
   1.8800000e+02   1.0199327e+01
   1.8900000e+02   1.0202907e+01
   1.9000000e+02   1.0206918e+01
   1.9100000e+02   1.0209924e+01
   1.9200000e+02   1.0211031e+01
   1.9300000e+02   1.0211286e+01
   1.9400000e+02   1.0211348e+01
   1.9500000e+02   1.0211677e+01
   1.9600000e+02   1.0211608e+01
   1.9700000e+02   1.0211677e+01
   1.9800000e+02   1.0211783e+01
   1.9900000e+02   1.0211928e+01
   2.0000000e+02   1.0211746e+01
   2.0100000e+02   1.0211531e+01
   2.0200000e+02   1.0211658e+01
   2.0300000e+02   1.0211625e+01
   2.0400000e+02   1.0211783e+01
   2.0500000e+02   1.0211654e+01
   2.0600000e+02   1.0211977e+01
   2.0700000e+02   1.0211324e+01
   2.0800000e+02   1.0211145e+01
   2.0900000e+02   1.0211386e+01
   2.1000000e+02   1.0211430e+01
   2.1100000e+02   1.0211496e+01
   2.1200000e+02   1.0211469e+01
   2.1300000e+02   1.0211365e+01
   2.1400000e+02   1.0211262e+01
   2.1500000e+02   1.0211223e+01
   2.1600000e+02   1.0211295e+01
   2.1700000e+02   1.0211296e+01
   2.1800000e+02   1.0211373e+01
   2.1900000e+02   1.0211172e+01
   2.2000000e+02   1.0211202e+01
   2.2100000e+02   1.0211246e+01
   2.2200000e+02   1.0211164e+01
   2.2300000e+02   1.0211033e+01
   2.2400000e+02   1.0211219e+01
   2.2500000e+02   1.0211049e+01
   2.2600000e+02   1.0210914e+01
   2.2700000e+02   1.0211001e+01
   2.2800000e+02   1.0210714e+01
   2.2900000e+02   1.0210979e+01
   2.3000000e+02   1.0210994e+01
   2.3100000e+02   1.0210841e+01
   2.3200000e+02   1.0210826e+01
   2.3300000e+02   1.0210643e+01
   2.3400000e+02   1.0210908e+01
   2.3500000e+02   1.0210777e+01
   2.3600000e+02   1.0210564e+01
   2.3700000e+02   1.0210593e+01
   2.3800000e+02   1.0210874e+01
   2.3900000e+02   1.0210424e+01
   2.4000000e+02   1.0210678e+01
   2.4100000e+02   1.0210726e+01
   2.4200000e+02   1.0210500e+01
   2.4300000e+02   1.0210404e+01
   2.4400000e+02   1.0210351e+01
   2.4500000e+02   1.0210386e+01
   2.4600000e+02   1.0210086e+01
   2.4700000e+02   1.0209826e+01
   2.4800000e+02   1.0209381e+01
   2.4900000e+02   1.0209075e+01
   2.5000000e+02   1.0208717e+01
   2.5100000e+02   1.0208399e+01
   2.5200000e+02   1.0208607e+01
   2.5300000e+02   1.0208623e+01
   2.5400000e+02   1.0208969e+01
   2.5500000e+02   1.0208810e+01
   2.5600000e+02   1.0209190e+01
   2.5700000e+02   1.0209122e+01
   2.5800000e+02   1.0209058e+01
   2.5900000e+02   1.0209241e+01
   2.6000000e+02   1.0208660e+01
   2.6100000e+02   1.0208598e+01
   2.6200000e+02   1.0208536e+01
   2.6300000e+02   1.0208462e+01
   2.6400000e+02   1.0208254e+01
   2.6500000e+02   1.0208132e+01
   2.6600000e+02   1.0208021e+01
   2.6700000e+02   1.0207801e+01
   2.6800000e+02   1.0208003e+01
   2.6900000e+02   1.0208550e+01
   2.7000000e+02   1.0208562e+01
   2.7100000e+02   1.0208857e+01
   2.7200000e+02   1.0209076e+01
   2.7300000e+02   1.0209031e+01
   2.7400000e+02   1.0208981e+01
   2.7500000e+02   1.0209070e+01
   2.7600000e+02   1.0208963e+01
   2.7700000e+02   1.0208797e+01
   2.7800000e+02   1.0208886e+01
   2.7900000e+02   1.0209373e+01
   2.8000000e+02   1.0209084e+01
   2.8100000e+02   1.0209392e+01
   2.8200000e+02   1.0209064e+01
   2.8300000e+02   1.0208876e+01
   2.8400000e+02   1.0209047e+01
   2.8500000e+02   1.0208971e+01
   2.8600000e+02   1.0209037e+01
   2.8700000e+02   1.0208965e+01
   2.8800000e+02   1.0208987e+01
   2.8900000e+02   1.0208741e+01
   2.9000000e+02   1.0208819e+01
   2.9100000e+02   1.0208756e+01
   2.9200000e+02   1.0208860e+01
   2.9300000e+02   1.0208854e+01
   2.9400000e+02   1.0208917e+01
   2.9500000e+02   1.0208793e+01
   2.9600000e+02   1.0208678e+01
   2.9700000e+02   1.0208840e+01
   2.9800000e+02   1.0208718e+01
   2.9900000e+02   1.0208596e+01
   3.0000000e+02   1.0208867e+01
   3.0100000e+02   1.0208861e+01
   3.0200000e+02   1.0208443e+01
   3.0300000e+02   1.0208431e+01
   3.0400000e+02   1.0208021e+01
   3.0500000e+02   1.0207716e+01
   3.0600000e+02   1.0206819e+01
   3.0700000e+02   1.0206726e+01
   3.0800000e+02   1.0205899e+01
   3.0900000e+02   1.0204993e+01
   3.1000000e+02   1.0203889e+01
   3.1100000e+02   1.0201979e+01
   3.1200000e+02   1.0200315e+01
   3.1300000e+02   1.0198945e+01
   3.1400000e+02   1.0198140e+01
   3.1500000e+02   1.0197490e+01
   3.1600000e+02   1.0198481e+01
   3.1700000e+02   1.0198743e+01
   3.1800000e+02   1.0198959e+01
   3.1900000e+02   1.0198137e+01
   3.2000000e+02   1.0196148e+01
   3.2100000e+02   1.0193541e+01
   3.2200000e+02   1.0191363e+01
   3.2300000e+02   1.0189001e+01
   3.2400000e+02   1.0188407e+01
   3.2500000e+02   1.0188240e+01
   3.2600000e+02   1.0189082e+01
   3.2700000e+02   1.0190154e+01
   3.2800000e+02   1.0192014e+01
   3.2900000e+02   1.0193698e+01
   3.3000000e+02   1.0196281e+01
   3.3100000e+02   1.0198931e+01
   3.3200000e+02   1.0200775e+01
   3.3300000e+02   1.0202470e+01
   3.3400000e+02   1.0203755e+01
   3.3500000e+02   1.0204683e+01
   3.3600000e+02   1.0204986e+01
   3.3700000e+02   1.0204926e+01
   3.3800000e+02   1.0204240e+01
   3.3900000e+02   1.0203569e+01
   3.4000000e+02   1.0202815e+01
   3.4100000e+02   1.0202220e+01
   3.4200000e+02   1.0201638e+01
   3.4300000e+02   1.0201561e+01
   3.4400000e+02   1.0202591e+01
   3.4500000e+02   1.0203299e+01
   3.4600000e+02   1.0204259e+01
   3.4700000e+02   1.0204849e+01
   3.4800000e+02   1.0205396e+01
   3.4900000e+02   1.0205957e+01
   3.5000000e+02   1.0206347e+01
   3.5100000e+02   1.0206348e+01
   3.5200000e+02   1.0206573e+01
   3.5300000e+02   1.0207099e+01
   3.5400000e+02   1.0206498e+01
   3.5500000e+02   1.0207095e+01
   3.5600000e+02   1.0206939e+01
   3.5700000e+02   1.0206805e+01
   3.5800000e+02   1.0207054e+01
   3.5900000e+02   1.0206966e+01
   3.6000000e+02   1.0206587e+01
   3.6100000e+02   1.0206715e+01
   3.6200000e+02   1.0206389e+01
   3.6300000e+02   1.0206195e+01
   3.6400000e+02   1.0206173e+01
   3.6500000e+02   1.0205932e+01
   3.6600000e+02   1.0205975e+01
   3.6700000e+02   1.0205990e+01
   3.6800000e+02   1.0206084e+01
   3.6900000e+02   1.0206050e+01
   3.7000000e+02   1.0206330e+01
   3.7100000e+02   1.0206243e+01
   3.7200000e+02   1.0206414e+01
   3.7300000e+02   1.0206473e+01
   3.7400000e+02   1.0206417e+01
   3.7500000e+02   1.0206450e+01
   3.7600000e+02   1.0206515e+01
   3.7700000e+02   1.0206596e+01
   3.7800000e+02   1.0206627e+01
   3.7900000e+02   1.0206398e+01
   3.8000000e+02   1.0206407e+01
   3.8100000e+02   1.0206371e+01
   3.8200000e+02   1.0206303e+01
   3.8300000e+02   1.0206621e+01
   3.8400000e+02   1.0206386e+01
   3.8500000e+02   1.0205998e+01
   3.8600000e+02   1.0206354e+01
   3.8700000e+02   1.0206101e+01
   3.8800000e+02   1.0205955e+01
   3.8900000e+02   1.0205875e+01
   3.9000000e+02   1.0205890e+01
   3.9100000e+02   1.0205605e+01
   3.9200000e+02   1.0205385e+01
   3.9300000e+02   1.0205229e+01
   3.9400000e+02   1.0205214e+01
   3.9500000e+02   1.0205276e+01
   3.9600000e+02   1.0205239e+01
   3.9700000e+02   1.0205677e+01
   3.9800000e+02   1.0205501e+01
   3.9900000e+02   1.0205818e+01
   4.0000000e+02   1.0205633e+01
   4.0100000e+02   1.0205764e+01
   4.0200000e+02   1.0205789e+01
   4.0300000e+02   1.0205805e+01
   4.0400000e+02   1.0205912e+01
   4.0500000e+02   1.0206108e+01
   4.0600000e+02   1.0205711e+01
   4.0700000e+02   1.0206058e+01
   4.0800000e+02   1.0205800e+01
   4.0900000e+02   1.0206211e+01
   4.1000000e+02   1.0205903e+01
   4.1100000e+02   1.0205719e+01
   4.1200000e+02   1.0205737e+01
   4.1300000e+02   1.0205896e+01
   4.1400000e+02   1.0205797e+01
   4.1500000e+02   1.0205677e+01
   4.1600000e+02   1.0205857e+01
   4.1700000e+02   1.0206009e+01
   4.1800000e+02   1.0205624e+01
   4.1900000e+02   1.0205663e+01
   4.2000000e+02   1.0205817e+01
   4.2100000e+02   1.0205750e+01
   4.2200000e+02   1.0205711e+01
   4.2300000e+02   1.0205689e+01
   4.2400000e+02   1.0205627e+01
   4.2500000e+02   1.0205603e+01
   4.2600000e+02   1.0205840e+01
   4.2700000e+02   1.0205568e+01
   4.2800000e+02   1.0205751e+01
   4.2900000e+02   1.0205451e+01
   4.3000000e+02   1.0205357e+01
   4.3100000e+02   1.0205434e+01
   4.3200000e+02   1.0205512e+01
   4.3300000e+02   1.0205573e+01
   4.3400000e+02   1.0205547e+01
   4.3500000e+02   1.0205357e+01
   4.3600000e+02   1.0205369e+01
   4.3700000e+02   1.0205458e+01
   4.3800000e+02   1.0205224e+01
   4.3900000e+02   1.0204760e+01
   4.4000000e+02   1.0204845e+01
   4.4100000e+02   1.0204127e+01
   4.4200000e+02   1.0203051e+01
   4.4300000e+02   1.0201528e+01
   4.4400000e+02   1.0199183e+01
   4.4500000e+02   1.0195453e+01
   4.4600000e+02   1.0191047e+01
   4.4700000e+02   1.0185250e+01
   4.4800000e+02   1.0178275e+01
   4.4900000e+02   1.0171242e+01
   4.5000000e+02   1.0164858e+01
   4.5100000e+02   1.0159854e+01
   4.5200000e+02   1.0156884e+01
   4.5300000e+02   1.0156193e+01
   4.5400000e+02   1.0158111e+01
   4.5500000e+02   1.0162016e+01
   4.5600000e+02   1.0167215e+01
   4.5700000e+02   1.0173516e+01
   4.5800000e+02   1.0179017e+01
   4.5900000e+02   1.0184976e+01
   4.6000000e+02   1.0189916e+01
   4.6100000e+02   1.0193519e+01
   4.6200000e+02   1.0196292e+01
   4.6300000e+02   1.0198902e+01
   4.6400000e+02   1.0200130e+01
   4.6500000e+02   1.0201446e+01
   4.6600000e+02   1.0201935e+01
   4.6700000e+02   1.0202526e+01
   4.6800000e+02   1.0202713e+01
   4.6900000e+02   1.0203042e+01
   4.7000000e+02   1.0203275e+01
   4.7100000e+02   1.0203100e+01
   4.7200000e+02   1.0203682e+01
   4.7300000e+02   1.0203491e+01
   4.7400000e+02   1.0203642e+01
   4.7500000e+02   1.0203438e+01
   4.7600000e+02   1.0203470e+01
   4.7700000e+02   1.0203466e+01
   4.7800000e+02   1.0203624e+01
   4.7900000e+02   1.0203849e+01
   4.8000000e+02   1.0203683e+01
   4.8100000e+02   1.0203786e+01
   4.8200000e+02   1.0203682e+01
   4.8300000e+02   1.0203734e+01
   4.8400000e+02   1.0203777e+01
   4.8500000e+02   1.0204305e+01
   4.8600000e+02   1.0203992e+01
   4.8700000e+02   1.0203945e+01
   4.8800000e+02   1.0203882e+01
   4.8900000e+02   1.0203984e+01
   4.9000000e+02   1.0203986e+01
   4.9100000e+02   1.0204246e+01
   4.9200000e+02   1.0203905e+01
   4.9300000e+02   1.0203815e+01
   4.9400000e+02   1.0204053e+01
   4.9500000e+02   1.0204136e+01
   4.9600000e+02   1.0204018e+01
   4.9700000e+02   1.0203849e+01
   4.9800000e+02   1.0203910e+01
   4.9900000e+02   1.0203896e+01
   5.0000000e+02   1.0203927e+01
   5.0100000e+02   1.0203880e+01
   5.0200000e+02   1.0203446e+01
   5.0300000e+02   1.0203388e+01
   5.0400000e+02   1.0203974e+01
   5.0500000e+02   1.0203537e+01
   5.0600000e+02   1.0203680e+01
   5.0700000e+02   1.0203775e+01
   5.0800000e+02   1.0203581e+01
   5.0900000e+02   1.0203785e+01
   5.1000000e+02   1.0203590e+01
   5.1100000e+02   1.0203366e+01
   5.1200000e+02   1.0203721e+01
   5.1300000e+02   1.0203709e+01
   5.1400000e+02   1.0203521e+01
   5.1500000e+02   1.0203478e+01
   5.1600000e+02   1.0203502e+01
   5.1700000e+02   1.0203560e+01
   5.1800000e+02   1.0203321e+01
   5.1900000e+02   1.0203482e+01
   5.2000000e+02   1.0203614e+01
   5.2100000e+02   1.0203452e+01
   5.2200000e+02   1.0203015e+01
   5.2300000e+02   1.0203407e+01
   5.2400000e+02   1.0203214e+01
   5.2500000e+02   1.0203287e+01
   5.2600000e+02   1.0203352e+01
   5.2700000e+02   1.0203089e+01
   5.2800000e+02   1.0203280e+01
   5.2900000e+02   1.0203231e+01
   5.3000000e+02   1.0203241e+01
   5.3100000e+02   1.0203192e+01
   5.3200000e+02   1.0203053e+01
   5.3300000e+02   1.0203199e+01
   5.3400000e+02   1.0203362e+01
   5.3500000e+02   1.0203135e+01
   5.3600000e+02   1.0203118e+01
   5.3700000e+02   1.0202935e+01
   5.3800000e+02   1.0203029e+01
   5.3900000e+02   1.0203281e+01
   5.4000000e+02   1.0202980e+01
   5.4100000e+02   1.0203145e+01
   5.4200000e+02   1.0203059e+01
   5.4300000e+02   1.0202841e+01
   5.4400000e+02   1.0202950e+01
   5.4500000e+02   1.0202906e+01
   5.4600000e+02   1.0202999e+01
   5.4700000e+02   1.0202939e+01
   5.4800000e+02   1.0203040e+01
   5.4900000e+02   1.0202923e+01
   5.5000000e+02   1.0202817e+01
   5.5100000e+02   1.0202992e+01
   5.5200000e+02   1.0202720e+01
   5.5300000e+02   1.0202782e+01
   5.5400000e+02   1.0202698e+01
   5.5500000e+02   1.0202811e+01
   5.5600000e+02   1.0202539e+01
   5.5700000e+02   1.0202592e+01
   5.5800000e+02   1.0202586e+01
   5.5900000e+02   1.0202515e+01
   5.6000000e+02   1.0202621e+01
   5.6100000e+02   1.0202765e+01
   5.6200000e+02   1.0202605e+01
   5.6300000e+02   1.0202839e+01
   5.6400000e+02   1.0202429e+01
   5.6500000e+02   1.0202587e+01
   5.6600000e+02   1.0202821e+01
   5.6700000e+02   1.0202493e+01
   5.6800000e+02   1.0202916e+01
   5.6900000e+02   1.0202545e+01
   5.7000000e+02   1.0202863e+01
   5.7100000e+02   1.0202386e+01
   5.7200000e+02   1.0202450e+01
   5.7300000e+02   1.0202643e+01
   5.7400000e+02   1.0202767e+01
   5.7500000e+02   1.0202407e+01
   5.7600000e+02   1.0202628e+01
   5.7700000e+02   1.0202484e+01
   5.7800000e+02   1.0202403e+01
   5.7900000e+02   1.0202161e+01
   5.8000000e+02   1.0202053e+01
   5.8100000e+02   1.0202034e+01
   5.8200000e+02   1.0202261e+01
   5.8300000e+02   1.0202159e+01
   5.8400000e+02   1.0201917e+01
   5.8500000e+02   1.0202377e+01
   5.8600000e+02   1.0202143e+01
   5.8700000e+02   1.0202140e+01
   5.8800000e+02   1.0202060e+01
   5.8900000e+02   1.0201937e+01
   5.9000000e+02   1.0202325e+01
   5.9100000e+02   1.0201939e+01
   5.9200000e+02   1.0202210e+01
   5.9300000e+02   1.0202181e+01
   5.9400000e+02   1.0201819e+01
   5.9500000e+02   1.0202100e+01
   5.9600000e+02   1.0201974e+01
   5.9700000e+02   1.0201881e+01
   5.9800000e+02   1.0201821e+01
   5.9900000e+02   1.0202020e+01
   6.0000000e+02   1.0202127e+01
   6.0100000e+02   1.0201997e+01
   6.0200000e+02   1.0201898e+01
   6.0300000e+02   1.0202060e+01
   6.0400000e+02   1.0202177e+01
   6.0500000e+02   1.0201868e+01
   6.0600000e+02   1.0201877e+01
   6.0700000e+02   1.0201961e+01
   6.0800000e+02   1.0202079e+01
   6.0900000e+02   1.0201711e+01
   6.1000000e+02   1.0201916e+01
   6.1100000e+02   1.0201788e+01
   6.1200000e+02   1.0201677e+01
   6.1300000e+02   1.0201888e+01
   6.1400000e+02   1.0201782e+01
   6.1500000e+02   1.0201581e+01
   6.1600000e+02   1.0201919e+01
   6.1700000e+02   1.0201416e+01
   6.1800000e+02   1.0201824e+01
   6.1900000e+02   1.0201449e+01
   6.2000000e+02   1.0201358e+01
   6.2100000e+02   1.0201358e+01
   6.2200000e+02   1.0201460e+01
   6.2300000e+02   1.0201410e+01
   6.2400000e+02   1.0201519e+01
   6.2500000e+02   1.0201621e+01
   6.2600000e+02   1.0201360e+01
   6.2700000e+02   1.0201647e+01
   6.2800000e+02   1.0201536e+01
   6.2900000e+02   1.0201244e+01
   6.3000000e+02   1.0201701e+01
   6.3100000e+02   1.0201619e+01
   6.3200000e+02   1.0201451e+01
   6.3300000e+02   1.0201478e+01
   6.3400000e+02   1.0201485e+01
   6.3500000e+02   1.0201555e+01
   6.3600000e+02   1.0201645e+01
   6.3700000e+02   1.0201362e+01
   6.3800000e+02   1.0201411e+01
   6.3900000e+02   1.0201624e+01
   6.4000000e+02   1.0201236e+01
   6.4100000e+02   1.0201282e+01
   6.4200000e+02   1.0201376e+01
   6.4300000e+02   1.0201273e+01
   6.4400000e+02   1.0201273e+01
   6.4500000e+02   1.0201321e+01
   6.4600000e+02   1.0201367e+01
   6.4700000e+02   1.0201144e+01
   6.4800000e+02   1.0201098e+01
   6.4900000e+02   1.0201036e+01
   6.5000000e+02   1.0201036e+01
   6.5100000e+02   1.0201371e+01
   6.5200000e+02   1.0201113e+01
   6.5300000e+02   1.0201248e+01
   6.5400000e+02   1.0200870e+01
   6.5500000e+02   1.0200968e+01
   6.5600000e+02   1.0201062e+01
   6.5700000e+02   1.0201102e+01
   6.5800000e+02   1.0201061e+01
   6.5900000e+02   1.0201134e+01
   6.6000000e+02   1.0201116e+01
   6.6100000e+02   1.0200871e+01
   6.6200000e+02   1.0201077e+01
   6.6300000e+02   1.0200962e+01
   6.6400000e+02   1.0201165e+01
   6.6500000e+02   1.0201133e+01
   6.6600000e+02   1.0200951e+01
   6.6700000e+02   1.0200894e+01
   6.6800000e+02   1.0201068e+01
   6.6900000e+02   1.0201086e+01
   6.7000000e+02   1.0201090e+01
   6.7100000e+02   1.0200816e+01
   6.7200000e+02   1.0200702e+01
   6.7300000e+02   1.0200809e+01
   6.7400000e+02   1.0200737e+01
   6.7500000e+02   1.0200301e+01
   6.7600000e+02   1.0200316e+01
   6.7700000e+02   1.0200565e+01
   6.7800000e+02   1.0200295e+01
   6.7900000e+02   1.0200222e+01
   6.8000000e+02   1.0199830e+01
   6.8100000e+02   1.0199443e+01
   6.8200000e+02   1.0199095e+01
   6.8300000e+02   1.0198696e+01
   6.8400000e+02   1.0198860e+01
   6.8500000e+02   1.0197993e+01
   6.8600000e+02   1.0198045e+01
   6.8700000e+02   1.0197504e+01
   6.8800000e+02   1.0197286e+01
   6.8900000e+02   1.0196748e+01
   6.9000000e+02   1.0196906e+01
   6.9100000e+02   1.0196717e+01
   6.9200000e+02   1.0196622e+01
   6.9300000e+02   1.0196389e+01
   6.9400000e+02   1.0196901e+01
   6.9500000e+02   1.0196859e+01
   6.9600000e+02   1.0197166e+01
   6.9700000e+02   1.0197252e+01
   6.9800000e+02   1.0197644e+01
   6.9900000e+02   1.0197981e+01
   7.0000000e+02   1.0198342e+01
   7.0100000e+02   1.0198549e+01
   7.0200000e+02   1.0199054e+01
   7.0300000e+02   1.0199017e+01
   7.0400000e+02   1.0199210e+01
   7.0500000e+02   1.0199480e+01
   7.0600000e+02   1.0199489e+01
   7.0700000e+02   1.0199644e+01
   7.0800000e+02   1.0199640e+01
   7.0900000e+02   1.0199829e+01
   7.1000000e+02   1.0199965e+01
   7.1100000e+02   1.0199733e+01
   7.1200000e+02   1.0199823e+01
   7.1300000e+02   1.0199742e+01
   7.1400000e+02   1.0199465e+01
   7.1500000e+02   1.0199666e+01
   7.1600000e+02   1.0199965e+01
   7.1700000e+02   1.0200013e+01
   7.1800000e+02   1.0199886e+01
   7.1900000e+02   1.0199988e+01
   7.2000000e+02   1.0200022e+01
   7.2100000e+02   1.0200299e+01
   7.2200000e+02   1.0199885e+01
   7.2300000e+02   1.0199919e+01
   7.2400000e+02   1.0199898e+01
   7.2500000e+02   1.0199852e+01
   7.2600000e+02   1.0199891e+01
   7.2700000e+02   1.0199725e+01
   7.2800000e+02   1.0199710e+01
   7.2900000e+02   1.0199907e+01
   7.3000000e+02   1.0199744e+01
   7.3100000e+02   1.0199884e+01
   7.3200000e+02   1.0199645e+01
   7.3300000e+02   1.0199393e+01
   7.3400000e+02   1.0199835e+01
   7.3500000e+02   1.0199548e+01
   7.3600000e+02   1.0199652e+01
   7.3700000e+02   1.0199546e+01
   7.3800000e+02   1.0199676e+01
   7.3900000e+02   1.0199897e+01
   7.4000000e+02   1.0199778e+01
   7.4100000e+02   1.0199470e+01
   7.4200000e+02   1.0199626e+01
   7.4300000e+02   1.0199749e+01
   7.4400000e+02   1.0199977e+01
   7.4500000e+02   1.0199786e+01
   7.4600000e+02   1.0199788e+01
   7.4700000e+02   1.0200048e+01
   7.4800000e+02   1.0199841e+01
   7.4900000e+02   1.0199773e+01
   7.5000000e+02   1.0199635e+01
   7.5100000e+02   1.0199662e+01
   7.5200000e+02   1.0199803e+01
   7.5300000e+02   1.0199534e+01
   7.5400000e+02   1.0199403e+01
   7.5500000e+02   1.0199210e+01
   7.5600000e+02   1.0199588e+01
   7.5700000e+02   1.0199195e+01
   7.5800000e+02   1.0199559e+01
   7.5900000e+02   1.0199325e+01
   7.6000000e+02   1.0199163e+01
   7.6100000e+02   1.0199202e+01
   7.6200000e+02   1.0199583e+01
   7.6300000e+02   1.0199639e+01
   7.6400000e+02   1.0199371e+01
   7.6500000e+02   1.0199508e+01
   7.6600000e+02   1.0199293e+01
   7.6700000e+02   1.0199172e+01
   7.6800000e+02   1.0199176e+01
   7.6900000e+02   1.0199117e+01
   7.7000000e+02   1.0199093e+01
   7.7100000e+02   1.0199106e+01
   7.7200000e+02   1.0199375e+01
   7.7300000e+02   1.0199398e+01
   7.7400000e+02   1.0199368e+01
   7.7500000e+02   1.0199242e+01
   7.7600000e+02   1.0199412e+01
   7.7700000e+02   1.0199406e+01
   7.7800000e+02   1.0198963e+01
   7.7900000e+02   1.0199208e+01
   7.8000000e+02   1.0199416e+01
