   0.0000000e+00   1.0244959e+01
   1.0000000e+00   1.0239942e+01
   2.0000000e+00   1.0238921e+01
   3.0000000e+00   1.0238242e+01
   4.0000000e+00   1.0237111e+01
   5.0000000e+00   1.0237346e+01
   6.0000000e+00   1.0236578e+01
   7.0000000e+00   1.0236284e+01
   8.0000000e+00   1.0236010e+01
   9.0000000e+00   1.0235814e+01
   1.0000000e+01   1.0235560e+01
   1.1000000e+01   1.0235415e+01
   1.2000000e+01   1.0235137e+01
   1.3000000e+01   1.0235028e+01
   1.4000000e+01   1.0234492e+01
   1.5000000e+01   1.0234399e+01
   1.6000000e+01   1.0234243e+01
   1.7000000e+01   1.0233787e+01
   1.8000000e+01   1.0233880e+01
   1.9000000e+01   1.0233837e+01
   2.0000000e+01   1.0233519e+01
   2.1000000e+01   1.0233294e+01
   2.2000000e+01   1.0233142e+01
   2.3000000e+01   1.0233139e+01
   2.4000000e+01   1.0232895e+01
   2.5000000e+01   1.0232753e+01
   2.6000000e+01   1.0232482e+01
   2.7000000e+01   1.0232690e+01
   2.8000000e+01   1.0232106e+01
   2.9000000e+01   1.0232416e+01
   3.0000000e+01   1.0231841e+01
   3.1000000e+01   1.0231824e+01
   3.2000000e+01   1.0231742e+01
   3.3000000e+01   1.0231329e+01
   3.4000000e+01   1.0231338e+01
   3.5000000e+01   1.0231261e+01
   3.6000000e+01   1.0231488e+01
   3.7000000e+01   1.0231181e+01
   3.8000000e+01   1.0230985e+01
   3.9000000e+01   1.0231113e+01
   4.0000000e+01   1.0230536e+01
   4.1000000e+01   1.0230561e+01
   4.2000000e+01   1.0230807e+01
   4.3000000e+01   1.0230454e+01
   4.4000000e+01   1.0230442e+01
   4.5000000e+01   1.0230324e+01
   4.6000000e+01   1.0230140e+01
   4.7000000e+01   1.0230123e+01
   4.8000000e+01   1.0230128e+01
   4.9000000e+01   1.0230022e+01
   5.0000000e+01   1.0229832e+01
   5.1000000e+01   1.0229713e+01
   5.2000000e+01   1.0229640e+01
   5.3000000e+01   1.0229451e+01
   5.4000000e+01   1.0229557e+01
   5.5000000e+01   1.0229715e+01
   5.6000000e+01   1.0229259e+01
   5.7000000e+01   1.0229072e+01
   5.8000000e+01   1.0229448e+01
   5.9000000e+01   1.0229220e+01
   6.0000000e+01   1.0228839e+01
   6.1000000e+01   1.0229022e+01
   6.2000000e+01   1.0228506e+01
   6.3000000e+01   1.0229052e+01
   6.4000000e+01   1.0228631e+01
   6.5000000e+01   1.0228580e+01
   6.6000000e+01   1.0228792e+01
   6.7000000e+01   1.0228383e+01
   6.8000000e+01   1.0228358e+01
   6.9000000e+01   1.0228605e+01
   7.0000000e+01   1.0228124e+01
   7.1000000e+01   1.0228341e+01
   7.2000000e+01   1.0228280e+01
   7.3000000e+01   1.0227795e+01
   7.4000000e+01   1.0227988e+01
   7.5000000e+01   1.0227784e+01
   7.6000000e+01   1.0227704e+01
   7.7000000e+01   1.0227782e+01
   7.8000000e+01   1.0227596e+01
   7.9000000e+01   1.0227452e+01
   8.0000000e+01   1.0227559e+01
   8.1000000e+01   1.0227383e+01
   8.2000000e+01   1.0227155e+01
   8.3000000e+01   1.0227083e+01
   8.4000000e+01   1.0226952e+01
   8.5000000e+01   1.0227202e+01
   8.6000000e+01   1.0226998e+01
   8.7000000e+01   1.0227148e+01
   8.8000000e+01   1.0227037e+01
   8.9000000e+01   1.0226962e+01
   9.0000000e+01   1.0226935e+01
   9.1000000e+01   1.0226643e+01
   9.2000000e+01   1.0226927e+01
   9.3000000e+01   1.0226740e+01
   9.4000000e+01   1.0226761e+01
   9.5000000e+01   1.0226866e+01
   9.6000000e+01   1.0226604e+01
   9.7000000e+01   1.0226679e+01
   9.8000000e+01   1.0226411e+01
   9.9000000e+01   1.0226444e+01
   1.0000000e+02   1.0226353e+01
   1.0100000e+02   1.0226310e+01
   1.0200000e+02   1.0225797e+01
   1.0300000e+02   1.0225841e+01
   1.0400000e+02   1.0226014e+01
   1.0500000e+02   1.0225819e+01
   1.0600000e+02   1.0225771e+01
   1.0700000e+02   1.0225818e+01
   1.0800000e+02   1.0225888e+01
   1.0900000e+02   1.0225635e+01
   1.1000000e+02   1.0225546e+01
   1.1100000e+02   1.0225497e+01
   1.1200000e+02   1.0225304e+01
   1.1300000e+02   1.0225129e+01
   1.1400000e+02   1.0225428e+01
   1.1500000e+02   1.0225469e+01
   1.1600000e+02   1.0225178e+01
   1.1700000e+02   1.0225109e+01
   1.1800000e+02   1.0225109e+01
   1.1900000e+02   1.0225112e+01
   1.2000000e+02   1.0225059e+01
   1.2100000e+02   1.0224929e+01
   1.2200000e+02   1.0224850e+01
   1.2300000e+02   1.0224615e+01
   1.2400000e+02   1.0224610e+01
   1.2500000e+02   1.0224664e+01
   1.2600000e+02   1.0224638e+01
   1.2700000e+02   1.0224642e+01
   1.2800000e+02   1.0224501e+01
   1.2900000e+02   1.0224463e+01
   1.3000000e+02   1.0224571e+01
   1.3100000e+02   1.0224398e+01
   1.3200000e+02   1.0224302e+01
   1.3300000e+02   1.0224318e+01
   1.3400000e+02   1.0224290e+01
   1.3500000e+02   1.0224340e+01
   1.3600000e+02   1.0224287e+01
   1.3700000e+02   1.0224127e+01
   1.3800000e+02   1.0224032e+01
   1.3900000e+02   1.0223985e+01
   1.4000000e+02   1.0224099e+01
   1.4100000e+02   1.0224095e+01
   1.4200000e+02   1.0223799e+01
   1.4300000e+02   1.0223867e+01
   1.4400000e+02   1.0224022e+01
   1.4500000e+02   1.0224182e+01
   1.4600000e+02   1.0224059e+01
   1.4700000e+02   1.0223965e+01
   1.4800000e+02   1.0223913e+01
   1.4900000e+02   1.0223773e+01
   1.5000000e+02   1.0223577e+01
   1.5100000e+02   1.0223562e+01
   1.5200000e+02   1.0223355e+01
   1.5300000e+02   1.0223693e+01
   1.5400000e+02   1.0223476e+01
   1.5500000e+02   1.0223703e+01
   1.5600000e+02   1.0223478e+01
   1.5700000e+02   1.0223469e+01
   1.5800000e+02   1.0223082e+01
   1.5900000e+02   1.0223153e+01
   1.6000000e+02   1.0223125e+01
   1.6100000e+02   1.0223123e+01
   1.6200000e+02   1.0222923e+01
   1.6300000e+02   1.0222933e+01
   1.6400000e+02   1.0223205e+01
   1.6500000e+02   1.0222913e+01
   1.6600000e+02   1.0222692e+01
   1.6700000e+02   1.0219726e+01
   1.6800000e+02   1.0209800e+01
   1.6900000e+02   1.0204170e+01
   1.7000000e+02   1.0210393e+01
   1.7100000e+02   1.0216988e+01
   1.7200000e+02   1.0220608e+01
   1.7300000e+02   1.0221896e+01
   1.7400000e+02   1.0221925e+01
   1.7500000e+02   1.0222281e+01
   1.7600000e+02   1.0222413e+01
   1.7700000e+02   1.0222304e+01
   1.7800000e+02   1.0222010e+01
   1.7900000e+02   1.0217840e+01
   1.8000000e+02   1.0193201e+01
   1.8100000e+02   1.0182447e+01
   1.8200000e+02   1.0188874e+01
   1.8300000e+02   1.0196816e+01
   1.8400000e+02   1.0200906e+01
   1.8500000e+02   1.0201093e+01
   1.8600000e+02   1.0201219e+01
   1.8700000e+02   1.0203070e+01
   1.8800000e+02   1.0207417e+01
   1.8900000e+02   1.0211756e+01
   1.9000000e+02   1.0215674e+01
   1.9100000e+02   1.0218722e+01
   1.9200000e+02   1.0220250e+01
   1.9300000e+02   1.0220727e+01
   1.9400000e+02   1.0220868e+01
   1.9500000e+02   1.0220749e+01
   1.9600000e+02   1.0220880e+01
   1.9700000e+02   1.0220833e+01
   1.9800000e+02   1.0221074e+01
   1.9900000e+02   1.0220796e+01
   2.0000000e+02   1.0220956e+01
   2.0100000e+02   1.0220837e+01
   2.0200000e+02   1.0221035e+01
   2.0300000e+02   1.0220940e+01
   2.0400000e+02   1.0220826e+01
   2.0500000e+02   1.0221098e+01
   2.0600000e+02   1.0220787e+01
   2.0700000e+02   1.0220741e+01
   2.0800000e+02   1.0220861e+01
   2.0900000e+02   1.0220728e+01
   2.1000000e+02   1.0220812e+01
   2.1100000e+02   1.0220738e+01
   2.1200000e+02   1.0220532e+01
   2.1300000e+02   1.0220632e+01
   2.1400000e+02   1.0220484e+01
   2.1500000e+02   1.0220537e+01
   2.1600000e+02   1.0220566e+01
   2.1700000e+02   1.0220484e+01
   2.1800000e+02   1.0220413e+01
   2.1900000e+02   1.0220598e+01
   2.2000000e+02   1.0220359e+01
   2.2100000e+02   1.0220174e+01
   2.2200000e+02   1.0220210e+01
   2.2300000e+02   1.0219939e+01
   2.2400000e+02   1.0219825e+01
   2.2500000e+02   1.0219711e+01
   2.2600000e+02   1.0219198e+01
   2.2700000e+02   1.0219050e+01
   2.2800000e+02   1.0219075e+01
   2.2900000e+02   1.0219336e+01
   2.3000000e+02   1.0219138e+01
   2.3100000e+02   1.0218888e+01
   2.3200000e+02   1.0219387e+01
   2.3300000e+02   1.0219567e+01
   2.3400000e+02   1.0219559e+01
   2.3500000e+02   1.0219399e+01
   2.3600000e+02   1.0219424e+01
   2.3700000e+02   1.0219352e+01
   2.3800000e+02   1.0219441e+01
   2.3900000e+02   1.0219530e+01
   2.4000000e+02   1.0219272e+01
   2.4100000e+02   1.0219322e+01
   2.4200000e+02   1.0219397e+01
   2.4300000e+02   1.0219386e+01
   2.4400000e+02   1.0218980e+01
   2.4500000e+02   1.0218694e+01
   2.4600000e+02   1.0217602e+01
   2.4700000e+02   1.0216514e+01
   2.4800000e+02   1.0213933e+01
   2.4900000e+02   1.0211558e+01
   2.5000000e+02   1.0209009e+01
   2.5100000e+02   1.0207683e+01
   2.5200000e+02   1.0207629e+01
   2.5300000e+02   1.0209136e+01
   2.5400000e+02   1.0210663e+01
   2.5500000e+02   1.0211905e+01
   2.5600000e+02   1.0212911e+01
   2.5700000e+02   1.0213060e+01
   2.5800000e+02   1.0212831e+01
   2.5900000e+02   1.0211714e+01
   2.6000000e+02   1.0211122e+01
   2.6100000e+02   1.0210007e+01
   2.6200000e+02   1.0209131e+01
   2.6300000e+02   1.0208674e+01
   2.6400000e+02   1.0207977e+01
   2.6500000e+02   1.0207602e+01
   2.6600000e+02   1.0207304e+01
   2.6700000e+02   1.0207576e+01
   2.6800000e+02   1.0208912e+01
   2.6900000e+02   1.0210185e+01
   2.7000000e+02   1.0211727e+01
   2.7100000e+02   1.0213092e+01
   2.7200000e+02   1.0214400e+01
   2.7300000e+02   1.0214514e+01
   2.7400000e+02   1.0214925e+01
   2.7500000e+02   1.0214761e+01
   2.7600000e+02   1.0214487e+01
   2.7700000e+02   1.0214455e+01
   2.7800000e+02   1.0214172e+01
   2.7900000e+02   1.0214777e+01
   2.8000000e+02   1.0214805e+01
   2.8100000e+02   1.0215025e+01
   2.8200000e+02   1.0215589e+01
   2.8300000e+02   1.0215337e+01
   2.8400000e+02   1.0215542e+01
   2.8500000e+02   1.0215378e+01
   2.8600000e+02   1.0215711e+01
   2.8700000e+02   1.0215496e+01
   2.8800000e+02   1.0215968e+01
   2.8900000e+02   1.0215634e+01
   2.9000000e+02   1.0216359e+01
   2.9100000e+02   1.0216104e+01
   2.9200000e+02   1.0216400e+01
   2.9300000e+02   1.0216406e+01
   2.9400000e+02   1.0216276e+01
   2.9500000e+02   1.0216320e+01
   2.9600000e+02   1.0216049e+01
   2.9700000e+02   1.0216504e+01
   2.9800000e+02   1.0216530e+01
   2.9900000e+02   1.0216612e+01
   3.0000000e+02   1.0216444e+01
   3.0100000e+02   1.0216553e+01
   3.0200000e+02   1.0216366e+01
   3.0300000e+02   1.0215896e+01
   3.0400000e+02   1.0215317e+01
   3.0500000e+02   1.0214584e+01
   3.0600000e+02   1.0213523e+01
   3.0700000e+02   1.0212148e+01
   3.0800000e+02   1.0210399e+01
   3.0900000e+02   1.0208076e+01
   3.1000000e+02   1.0205229e+01
   3.1100000e+02   1.0201262e+01
   3.1200000e+02   1.0197348e+01
   3.1300000e+02   1.0193710e+01
   3.1400000e+02   1.0191839e+01
   3.1500000e+02   1.0191053e+01
   3.1600000e+02   1.0192576e+01
   3.1700000e+02   1.0193899e+01
   3.1800000e+02   1.0194277e+01
   3.1900000e+02   1.0192623e+01
   3.2000000e+02   1.0188786e+01
   3.2100000e+02   1.0183678e+01
   3.2200000e+02   1.0178066e+01
   3.2300000e+02   1.0173531e+01
   3.2400000e+02   1.0171343e+01
   3.2500000e+02   1.0171150e+01
   3.2600000e+02   1.0173079e+01
   3.2700000e+02   1.0175759e+01
   3.2800000e+02   1.0179677e+01
   3.2900000e+02   1.0184012e+01
   3.3000000e+02   1.0189299e+01
   3.3100000e+02   1.0194383e+01
   3.3200000e+02   1.0199434e+01
   3.3300000e+02   1.0203455e+01
   3.3400000e+02   1.0206612e+01
   3.3500000e+02   1.0208712e+01
   3.3600000e+02   1.0209393e+01
   3.3700000e+02   1.0209093e+01
   3.3800000e+02   1.0207811e+01
   3.3900000e+02   1.0205904e+01
   3.4000000e+02   1.0204022e+01
   3.4100000e+02   1.0202183e+01
   3.4200000e+02   1.0201604e+01
   3.4300000e+02   1.0201751e+01
   3.4400000e+02   1.0203212e+01
   3.4500000e+02   1.0204594e+01
   3.4600000e+02   1.0206731e+01
   3.4700000e+02   1.0208609e+01
   3.4800000e+02   1.0210498e+01
   3.4900000e+02   1.0211744e+01
   3.5000000e+02   1.0212590e+01
   3.5100000e+02   1.0213148e+01
   3.5200000e+02   1.0213429e+01
   3.5300000e+02   1.0213875e+01
   3.5400000e+02   1.0214069e+01
   3.5500000e+02   1.0214067e+01
   3.5600000e+02   1.0214465e+01
   3.5700000e+02   1.0214403e+01
   3.5800000e+02   1.0214273e+01
   3.5900000e+02   1.0213960e+01
   3.6000000e+02   1.0213556e+01
   3.6100000e+02   1.0213077e+01
   3.6200000e+02   1.0212746e+01
   3.6300000e+02   1.0212096e+01
   3.6400000e+02   1.0211855e+01
   3.6500000e+02   1.0211387e+01
   3.6600000e+02   1.0211389e+01
   3.6700000e+02   1.0211499e+01
   3.6800000e+02   1.0211543e+01
   3.6900000e+02   1.0212366e+01
   3.7000000e+02   1.0212825e+01
   3.7100000e+02   1.0213336e+01
   3.7200000e+02   1.0213410e+01
   3.7300000e+02   1.0213965e+01
   3.7400000e+02   1.0214311e+01
   3.7500000e+02   1.0214099e+01
   3.7600000e+02   1.0214337e+01
   3.7700000e+02   1.0214539e+01
   3.7800000e+02   1.0214473e+01
   3.7900000e+02   1.0214356e+01
   3.8000000e+02   1.0214528e+01
   3.8100000e+02   1.0214369e+01
   3.8200000e+02   1.0214493e+01
   3.8300000e+02   1.0214436e+01
   3.8400000e+02   1.0214213e+01
   3.8500000e+02   1.0214003e+01
   3.8600000e+02   1.0214144e+01
   3.8700000e+02   1.0213875e+01
   3.8800000e+02   1.0213978e+01
   3.8900000e+02   1.0212968e+01
   3.9000000e+02   1.0212783e+01
   3.9100000e+02   1.0212179e+01
   3.9200000e+02   1.0211956e+01
   3.9300000e+02   1.0211382e+01
   3.9400000e+02   1.0211171e+01
   3.9500000e+02   1.0211169e+01
   3.9600000e+02   1.0211170e+01
   3.9700000e+02   1.0211647e+01
   3.9800000e+02   1.0212145e+01
   3.9900000e+02   1.0212474e+01
   4.0000000e+02   1.0212815e+01
   4.0100000e+02   1.0213167e+01
   4.0200000e+02   1.0213414e+01
   4.0300000e+02   1.0213550e+01
   4.0400000e+02   1.0213892e+01
   4.0500000e+02   1.0213700e+01
   4.0600000e+02   1.0213869e+01
   4.0700000e+02   1.0213776e+01
   4.0800000e+02   1.0213937e+01
   4.0900000e+02   1.0213878e+01
   4.1000000e+02   1.0214007e+01
   4.1100000e+02   1.0213910e+01
   4.1200000e+02   1.0213803e+01
   4.1300000e+02   1.0213986e+01
   4.1400000e+02   1.0213818e+01
   4.1500000e+02   1.0213799e+01
   4.1600000e+02   1.0213910e+01
   4.1700000e+02   1.0213813e+01
   4.1800000e+02   1.0213923e+01
   4.1900000e+02   1.0213665e+01
   4.2000000e+02   1.0214125e+01
   4.2100000e+02   1.0213523e+01
   4.2200000e+02   1.0213504e+01
   4.2300000e+02   1.0213656e+01
   4.2400000e+02   1.0213561e+01
   4.2500000e+02   1.0213765e+01
   4.2600000e+02   1.0213515e+01
   4.2700000e+02   1.0213400e+01
   4.2800000e+02   1.0213389e+01
   4.2900000e+02   1.0213359e+01
   4.3000000e+02   1.0213244e+01
   4.3100000e+02   1.0213283e+01
   4.3200000e+02   1.0213444e+01
   4.3300000e+02   1.0213501e+01
   4.3400000e+02   1.0213039e+01
   4.3500000e+02   1.0213231e+01
   4.3600000e+02   1.0213085e+01
   4.3700000e+02   1.0213009e+01
   4.3800000e+02   1.0213208e+01
   4.3900000e+02   1.0212967e+01
   4.4000000e+02   1.0212809e+01
   4.4100000e+02   1.0212155e+01
   4.4200000e+02   1.0211564e+01
   4.4300000e+02   1.0210683e+01
   4.4400000e+02   1.0208910e+01
   4.4500000e+02   1.0206573e+01
   4.4600000e+02   1.0203233e+01
   4.4700000e+02   1.0198927e+01
   4.4800000e+02   1.0193939e+01
   4.4900000e+02   1.0188789e+01
   4.5000000e+02   1.0184062e+01
   4.5100000e+02   1.0180148e+01
   4.5200000e+02   1.0177699e+01
   4.5300000e+02   1.0176792e+01
   4.5400000e+02   1.0178105e+01
   4.5500000e+02   1.0180583e+01
   4.5600000e+02   1.0184188e+01
   4.5700000e+02   1.0188600e+01
   4.5800000e+02   1.0193089e+01
   4.5900000e+02   1.0197490e+01
   4.6000000e+02   1.0200895e+01
   4.6100000e+02   1.0203794e+01
   4.6200000e+02   1.0206147e+01
   4.6300000e+02   1.0207502e+01
   4.6400000e+02   1.0208989e+01
   4.6500000e+02   1.0209916e+01
   4.6600000e+02   1.0210559e+01
   4.6700000e+02   1.0210693e+01
   4.6800000e+02   1.0211163e+01
   4.6900000e+02   1.0211140e+01
   4.7000000e+02   1.0211346e+01
   4.7100000e+02   1.0211621e+01
   4.7200000e+02   1.0211565e+01
   4.7300000e+02   1.0211439e+01
   4.7400000e+02   1.0211582e+01
   4.7500000e+02   1.0211635e+01
   4.7600000e+02   1.0211929e+01
   4.7700000e+02   1.0211712e+01
   4.7800000e+02   1.0211881e+01
   4.7900000e+02   1.0211790e+01
   4.8000000e+02   1.0211655e+01
   4.8100000e+02   1.0211742e+01
   4.8200000e+02   1.0211876e+01
   4.8300000e+02   1.0211545e+01
   4.8400000e+02   1.0211784e+01
   4.8500000e+02   1.0211550e+01
   4.8600000e+02   1.0211888e+01
   4.8700000e+02   1.0211710e+01
   4.8800000e+02   1.0211567e+01
   4.8900000e+02   1.0211700e+01
   4.9000000e+02   1.0211751e+01
   4.9100000e+02   1.0211814e+01
   4.9200000e+02   1.0211702e+01
   4.9300000e+02   1.0211724e+01
   4.9400000e+02   1.0211679e+01
   4.9500000e+02   1.0211744e+01
   4.9600000e+02   1.0212064e+01
   4.9700000e+02   1.0211871e+01
   4.9800000e+02   1.0211636e+01
   4.9900000e+02   1.0211906e+01
   5.0000000e+02   1.0211775e+01
   5.0100000e+02   1.0211811e+01
   5.0200000e+02   1.0211222e+01
   5.0300000e+02   1.0211284e+01
   5.0400000e+02   1.0211439e+01
   5.0500000e+02   1.0211473e+01
   5.0600000e+02   1.0211588e+01
   5.0700000e+02   1.0211590e+01
   5.0800000e+02   1.0211570e+01
   5.0900000e+02   1.0211361e+01
   5.1000000e+02   1.0211380e+01
   5.1100000e+02   1.0211517e+01
   5.1200000e+02   1.0211469e+01
   5.1300000e+02   1.0211562e+01
   5.1400000e+02   1.0211232e+01
   5.1500000e+02   1.0211487e+01
   5.1600000e+02   1.0211285e+01
   5.1700000e+02   1.0211467e+01
   5.1800000e+02   1.0211467e+01
   5.1900000e+02   1.0211381e+01
   5.2000000e+02   1.0211266e+01
   5.2100000e+02   1.0211438e+01
   5.2200000e+02   1.0211333e+01
   5.2300000e+02   1.0211550e+01
   5.2400000e+02   1.0211196e+01
   5.2500000e+02   1.0211384e+01
   5.2600000e+02   1.0211267e+01
   5.2700000e+02   1.0211314e+01
   5.2800000e+02   1.0211101e+01
   5.2900000e+02   1.0211452e+01
   5.3000000e+02   1.0211382e+01
   5.3100000e+02   1.0211197e+01
   5.3200000e+02   1.0211219e+01
   5.3300000e+02   1.0211049e+01
   5.3400000e+02   1.0211241e+01
   5.3500000e+02   1.0211413e+01
   5.3600000e+02   1.0210953e+01
   5.3700000e+02   1.0210715e+01
   5.3800000e+02   1.0211207e+01
   5.3900000e+02   1.0211140e+01
   5.4000000e+02   1.0211235e+01
   5.4100000e+02   1.0210958e+01
   5.4200000e+02   1.0211045e+01
   5.4300000e+02   1.0211146e+01
   5.4400000e+02   1.0210979e+01
   5.4500000e+02   1.0210776e+01
   5.4600000e+02   1.0210743e+01
   5.4700000e+02   1.0210731e+01
   5.4800000e+02   1.0211003e+01
   5.4900000e+02   1.0210651e+01
   5.5000000e+02   1.0210897e+01
   5.5100000e+02   1.0210777e+01
   5.5200000e+02   1.0210785e+01
   5.5300000e+02   1.0210889e+01
   5.5400000e+02   1.0210764e+01
   5.5500000e+02   1.0210642e+01
   5.5600000e+02   1.0210801e+01
   5.5700000e+02   1.0210792e+01
   5.5800000e+02   1.0210656e+01
   5.5900000e+02   1.0211047e+01
   5.6000000e+02   1.0210738e+01
   5.6100000e+02   1.0210621e+01
   5.6200000e+02   1.0210812e+01
   5.6300000e+02   1.0210794e+01
   5.6400000e+02   1.0210688e+01
   5.6500000e+02   1.0210434e+01
   5.6600000e+02   1.0210816e+01
   5.6700000e+02   1.0210696e+01
   5.6800000e+02   1.0210603e+01
   5.6900000e+02   1.0210474e+01
   5.7000000e+02   1.0210363e+01
   5.7100000e+02   1.0210316e+01
   5.7200000e+02   1.0210447e+01
   5.7300000e+02   1.0210288e+01
   5.7400000e+02   1.0210308e+01
   5.7500000e+02   1.0210089e+01
   5.7600000e+02   1.0210292e+01
   5.7700000e+02   1.0210272e+01
   5.7800000e+02   1.0210249e+01
   5.7900000e+02   1.0210262e+01
   5.8000000e+02   1.0210419e+01
   5.8100000e+02   1.0210187e+01
   5.8200000e+02   1.0210214e+01
   5.8300000e+02   1.0210325e+01
   5.8400000e+02   1.0210202e+01
   5.8500000e+02   1.0210283e+01
   5.8600000e+02   1.0210089e+01
   5.8700000e+02   1.0210339e+01
   5.8800000e+02   1.0210114e+01
   5.8900000e+02   1.0210028e+01
   5.9000000e+02   1.0210198e+01
   5.9100000e+02   1.0210058e+01
   5.9200000e+02   1.0210358e+01
   5.9300000e+02   1.0210262e+01
   5.9400000e+02   1.0209814e+01
   5.9500000e+02   1.0209978e+01
   5.9600000e+02   1.0210214e+01
   5.9700000e+02   1.0210173e+01
   5.9800000e+02   1.0209744e+01
   5.9900000e+02   1.0209634e+01
   6.0000000e+02   1.0209851e+01
   6.0100000e+02   1.0210020e+01
   6.0200000e+02   1.0209717e+01
   6.0300000e+02   1.0209744e+01
   6.0400000e+02   1.0209696e+01
   6.0500000e+02   1.0209918e+01
   6.0600000e+02   1.0209911e+01
   6.0700000e+02   1.0209871e+01
   6.0800000e+02   1.0209798e+01
   6.0900000e+02   1.0209775e+01
   6.1000000e+02   1.0210119e+01
   6.1100000e+02   1.0209814e+01
   6.1200000e+02   1.0209576e+01
   6.1300000e+02   1.0209848e+01
   6.1400000e+02   1.0209748e+01
   6.1500000e+02   1.0209551e+01
   6.1600000e+02   1.0209722e+01
   6.1700000e+02   1.0209807e+01
   6.1800000e+02   1.0209531e+01
   6.1900000e+02   1.0209492e+01
   6.2000000e+02   1.0209796e+01
   6.2100000e+02   1.0209418e+01
   6.2200000e+02   1.0209231e+01
   6.2300000e+02   1.0209214e+01
   6.2400000e+02   1.0209435e+01
   6.2500000e+02   1.0209291e+01
   6.2600000e+02   1.0209546e+01
   6.2700000e+02   1.0209473e+01
   6.2800000e+02   1.0209668e+01
   6.2900000e+02   1.0209396e+01
   6.3000000e+02   1.0209170e+01
   6.3100000e+02   1.0209186e+01
   6.3200000e+02   1.0209532e+01
   6.3300000e+02   1.0209472e+01
   6.3400000e+02   1.0209129e+01
   6.3500000e+02   1.0209263e+01
   6.3600000e+02   1.0209467e+01
   6.3700000e+02   1.0209211e+01
   6.3800000e+02   1.0209403e+01
   6.3900000e+02   1.0209267e+01
   6.4000000e+02   1.0209215e+01
   6.4100000e+02   1.0208932e+01
   6.4200000e+02   1.0208970e+01
   6.4300000e+02   1.0209047e+01
   6.4400000e+02   1.0209172e+01
   6.4500000e+02   1.0209119e+01
   6.4600000e+02   1.0208832e+01
   6.4700000e+02   1.0208883e+01
   6.4800000e+02   1.0208634e+01
   6.4900000e+02   1.0208865e+01
   6.5000000e+02   1.0208928e+01
   6.5100000e+02   1.0208910e+01
   6.5200000e+02   1.0208689e+01
   6.5300000e+02   1.0208634e+01
   6.5400000e+02   1.0208869e+01
   6.5500000e+02   1.0208993e+01
   6.5600000e+02   1.0208718e+01
   6.5700000e+02   1.0208939e+01
   6.5800000e+02   1.0208886e+01
   6.5900000e+02   1.0208467e+01
   6.6000000e+02   1.0208650e+01
   6.6100000e+02   1.0208795e+01
   6.6200000e+02   1.0208503e+01
   6.6300000e+02   1.0208703e+01
   6.6400000e+02   1.0208423e+01
   6.6500000e+02   1.0208239e+01
   6.6600000e+02   1.0208801e+01
   6.6700000e+02   1.0208708e+01
   6.6800000e+02   1.0208421e+01
   6.6900000e+02   1.0208336e+01
   6.7000000e+02   1.0208509e+01
   6.7100000e+02   1.0208386e+01
   6.7200000e+02   1.0208449e+01
   6.7300000e+02   1.0208706e+01
   6.7400000e+02   1.0208569e+01
   6.7500000e+02   1.0208735e+01
   6.7600000e+02   1.0208559e+01
   6.7700000e+02   1.0208515e+01
   6.7800000e+02   1.0208672e+01
   6.7900000e+02   1.0208618e+01
   6.8000000e+02   1.0208243e+01
   6.8100000e+02   1.0207871e+01
   6.8200000e+02   1.0208382e+01
   6.8300000e+02   1.0207984e+01
   6.8400000e+02   1.0208120e+01
   6.8500000e+02   1.0208004e+01
   6.8600000e+02   1.0208246e+01
   6.8700000e+02   1.0207486e+01
   6.8800000e+02   1.0207963e+01
   6.8900000e+02   1.0207671e+01
   6.9000000e+02   1.0207704e+01
   6.9100000e+02   1.0207600e+01
   6.9200000e+02   1.0207631e+01
   6.9300000e+02   1.0207733e+01
   6.9400000e+02   1.0207377e+01
   6.9500000e+02   1.0207800e+01
   6.9600000e+02   1.0207929e+01
   6.9700000e+02   1.0207652e+01
   6.9800000e+02   1.0207587e+01
   6.9900000e+02   1.0207803e+01
   7.0000000e+02   1.0207972e+01
   7.0100000e+02   1.0207827e+01
   7.0200000e+02   1.0207577e+01
   7.0300000e+02   1.0207921e+01
   7.0400000e+02   1.0207800e+01
   7.0500000e+02   1.0208186e+01
   7.0600000e+02   1.0207706e+01
   7.0700000e+02   1.0208351e+01
   7.0800000e+02   1.0208000e+01
   7.0900000e+02   1.0208049e+01
   7.1000000e+02   1.0207618e+01
   7.1100000e+02   1.0207695e+01
   7.1200000e+02   1.0208000e+01
   7.1300000e+02   1.0207883e+01
   7.1400000e+02   1.0207641e+01
   7.1500000e+02   1.0207651e+01
   7.1600000e+02   1.0207580e+01
   7.1700000e+02   1.0207612e+01
   7.1800000e+02   1.0207550e+01
   7.1900000e+02   1.0207568e+01
   7.2000000e+02   1.0207752e+01
   7.2100000e+02   1.0207380e+01
   7.2200000e+02   1.0207319e+01
   7.2300000e+02   1.0207547e+01
   7.2400000e+02   1.0207426e+01
   7.2500000e+02   1.0207327e+01
   7.2600000e+02   1.0207572e+01
   7.2700000e+02   1.0207505e+01
   7.2800000e+02   1.0207242e+01
   7.2900000e+02   1.0207435e+01
   7.3000000e+02   1.0207473e+01
   7.3100000e+02   1.0207131e+01
   7.3200000e+02   1.0207401e+01
   7.3300000e+02   1.0207216e+01
   7.3400000e+02   1.0207320e+01
   7.3500000e+02   1.0207570e+01
   7.3600000e+02   1.0207271e+01
   7.3700000e+02   1.0207394e+01
   7.3800000e+02   1.0207109e+01
   7.3900000e+02   1.0207194e+01
   7.4000000e+02   1.0207444e+01
   7.4100000e+02   1.0207308e+01
   7.4200000e+02   1.0207278e+01
   7.4300000e+02   1.0207106e+01
   7.4400000e+02   1.0207211e+01
   7.4500000e+02   1.0207167e+01
   7.4600000e+02   1.0207125e+01
   7.4700000e+02   1.0207343e+01
   7.4800000e+02   1.0207032e+01
   7.4900000e+02   1.0207227e+01
   7.5000000e+02   1.0206889e+01
   7.5100000e+02   1.0207034e+01
   7.5200000e+02   1.0207111e+01
   7.5300000e+02   1.0207056e+01
   7.5400000e+02   1.0206916e+01
   7.5500000e+02   1.0207084e+01
   7.5600000e+02   1.0206940e+01
   7.5700000e+02   1.0206859e+01
   7.5800000e+02   1.0206927e+01
   7.5900000e+02   1.0207025e+01
   7.6000000e+02   1.0207096e+01
   7.6100000e+02   1.0206861e+01
   7.6200000e+02   1.0207091e+01
   7.6300000e+02   1.0207219e+01
   7.6400000e+02   1.0207164e+01
   7.6500000e+02   1.0207153e+01
   7.6600000e+02   1.0207171e+01
   7.6700000e+02   1.0206905e+01
   7.6800000e+02   1.0206953e+01
   7.6900000e+02   1.0206920e+01
   7.7000000e+02   1.0207037e+01
   7.7100000e+02   1.0207096e+01
   7.7200000e+02   1.0206840e+01
   7.7300000e+02   1.0206974e+01
   7.7400000e+02   1.0206954e+01
   7.7500000e+02   1.0206941e+01
   7.7600000e+02   1.0206947e+01
   7.7700000e+02   1.0206766e+01
   7.7800000e+02   1.0206502e+01
   7.7900000e+02   1.0206688e+01
   7.8000000e+02   1.0206667e+01
