   0.0000000e+00   1.0165197e+01
   1.0000000e+00   1.0160101e+01
   2.0000000e+00   1.0158820e+01
   3.0000000e+00   1.0158192e+01
   4.0000000e+00   1.0157634e+01
   5.0000000e+00   1.0156937e+01
   6.0000000e+00   1.0156769e+01
   7.0000000e+00   1.0156401e+01
   8.0000000e+00   1.0155946e+01
   9.0000000e+00   1.0156011e+01
   1.0000000e+01   1.0155881e+01
   1.1000000e+01   1.0155520e+01
   1.2000000e+01   1.0155707e+01
   1.3000000e+01   1.0155310e+01
   1.4000000e+01   1.0155014e+01
   1.5000000e+01   1.0155010e+01
   1.6000000e+01   1.0154911e+01
   1.7000000e+01   1.0154913e+01
   1.8000000e+01   1.0154628e+01
   1.9000000e+01   1.0154658e+01
   2.0000000e+01   1.0154376e+01
   2.1000000e+01   1.0154271e+01
   2.2000000e+01   1.0154274e+01
   2.3000000e+01   1.0154181e+01
   2.4000000e+01   1.0153830e+01
   2.5000000e+01   1.0153737e+01
   2.6000000e+01   1.0153751e+01
   2.7000000e+01   1.0153642e+01
   2.8000000e+01   1.0153305e+01
   2.9000000e+01   1.0153426e+01
   3.0000000e+01   1.0153154e+01
   3.1000000e+01   1.0152837e+01
   3.2000000e+01   1.0152963e+01
   3.3000000e+01   1.0152864e+01
   3.4000000e+01   1.0152767e+01
   3.5000000e+01   1.0152935e+01
   3.6000000e+01   1.0152657e+01
   3.7000000e+01   1.0152737e+01
   3.8000000e+01   1.0152550e+01
   3.9000000e+01   1.0152572e+01
   4.0000000e+01   1.0152516e+01
   4.1000000e+01   1.0152655e+01
   4.2000000e+01   1.0152076e+01
   4.3000000e+01   1.0152498e+01
   4.4000000e+01   1.0152243e+01
   4.5000000e+01   1.0152244e+01
   4.6000000e+01   1.0152455e+01
   4.7000000e+01   1.0152260e+01
   4.8000000e+01   1.0152017e+01
   4.9000000e+01   1.0151909e+01
   5.0000000e+01   1.0151961e+01
   5.1000000e+01   1.0151834e+01
   5.2000000e+01   1.0152013e+01
   5.3000000e+01   1.0151676e+01
   5.4000000e+01   1.0151703e+01
   5.5000000e+01   1.0151659e+01
   5.6000000e+01   1.0151600e+01
   5.7000000e+01   1.0151241e+01
   5.8000000e+01   1.0151544e+01
   5.9000000e+01   1.0151588e+01
   6.0000000e+01   1.0151448e+01
   6.1000000e+01   1.0151328e+01
   6.2000000e+01   1.0150924e+01
   6.3000000e+01   1.0151299e+01
   6.4000000e+01   1.0151090e+01
   6.5000000e+01   1.0151295e+01
   6.6000000e+01   1.0151238e+01
   6.7000000e+01   1.0151025e+01
   6.8000000e+01   1.0150958e+01
   6.9000000e+01   1.0150821e+01
   7.0000000e+01   1.0150703e+01
   7.1000000e+01   1.0150738e+01
   7.2000000e+01   1.0150599e+01
   7.3000000e+01   1.0150535e+01
   7.4000000e+01   1.0150819e+01
   7.5000000e+01   1.0150367e+01
   7.6000000e+01   1.0150791e+01
   7.7000000e+01   1.0150505e+01
   7.8000000e+01   1.0150541e+01
   7.9000000e+01   1.0150346e+01
   8.0000000e+01   1.0150549e+01
   8.1000000e+01   1.0150482e+01
   8.2000000e+01   1.0150447e+01
   8.3000000e+01   1.0150121e+01
   8.4000000e+01   1.0150320e+01
   8.5000000e+01   1.0150319e+01
   8.6000000e+01   1.0150146e+01
   8.7000000e+01   1.0150143e+01
   8.8000000e+01   1.0150451e+01
   8.9000000e+01   1.0150375e+01
   9.0000000e+01   1.0150287e+01
   9.1000000e+01   1.0150082e+01
   9.2000000e+01   1.0150121e+01
   9.3000000e+01   1.0150169e+01
   9.4000000e+01   1.0150406e+01
   9.5000000e+01   1.0150232e+01
   9.6000000e+01   1.0149995e+01
   9.7000000e+01   1.0149699e+01
   9.8000000e+01   1.0150165e+01
   9.9000000e+01   1.0149830e+01
   1.0000000e+02   1.0150109e+01
   1.0100000e+02   1.0149650e+01
   1.0200000e+02   1.0149865e+01
   1.0300000e+02   1.0149692e+01
   1.0400000e+02   1.0149832e+01
   1.0500000e+02   1.0149730e+01
   1.0600000e+02   1.0149603e+01
   1.0700000e+02   1.0149470e+01
   1.0800000e+02   1.0149615e+01
   1.0900000e+02   1.0149563e+01
   1.1000000e+02   1.0149787e+01
   1.1100000e+02   1.0149203e+01
   1.1200000e+02   1.0149502e+01
   1.1300000e+02   1.0149443e+01
   1.1400000e+02   1.0149696e+01
   1.1500000e+02   1.0149282e+01
   1.1600000e+02   1.0149425e+01
   1.1700000e+02   1.0149385e+01
   1.1800000e+02   1.0149134e+01
   1.1900000e+02   1.0149341e+01
   1.2000000e+02   1.0149105e+01
   1.2100000e+02   1.0149226e+01
   1.2200000e+02   1.0149232e+01
   1.2300000e+02   1.0149099e+01
   1.2400000e+02   1.0149273e+01
   1.2500000e+02   1.0148879e+01
   1.2600000e+02   1.0148940e+01
   1.2700000e+02   1.0148998e+01
   1.2800000e+02   1.0149132e+01
   1.2900000e+02   1.0149039e+01
   1.3000000e+02   1.0148948e+01
   1.3100000e+02   1.0149061e+01
   1.3200000e+02   1.0148900e+01
   1.3300000e+02   1.0148944e+01
   1.3400000e+02   1.0148751e+01
   1.3500000e+02   1.0148902e+01
   1.3600000e+02   1.0148905e+01
   1.3700000e+02   1.0148832e+01
   1.3800000e+02   1.0148860e+01
   1.3900000e+02   1.0149099e+01
   1.4000000e+02   1.0148954e+01
   1.4100000e+02   1.0148632e+01
   1.4200000e+02   1.0148862e+01
   1.4300000e+02   1.0148984e+01
   1.4400000e+02   1.0148732e+01
   1.4500000e+02   1.0148635e+01
   1.4600000e+02   1.0148660e+01
   1.4700000e+02   1.0148500e+01
   1.4800000e+02   1.0148490e+01
   1.4900000e+02   1.0148368e+01
   1.5000000e+02   1.0148220e+01
   1.5100000e+02   1.0148614e+01
   1.5200000e+02   1.0148477e+01
   1.5300000e+02   1.0148429e+01
   1.5400000e+02   1.0148265e+01
   1.5500000e+02   1.0148254e+01
   1.5600000e+02   1.0148228e+01
   1.5700000e+02   1.0147927e+01
   1.5800000e+02   1.0148107e+01
   1.5900000e+02   1.0148108e+01
   1.6000000e+02   1.0148010e+01
   1.6100000e+02   1.0147944e+01
   1.6200000e+02   1.0148085e+01
   1.6300000e+02   1.0147811e+01
   1.6400000e+02   1.0147858e+01
   1.6500000e+02   1.0147984e+01
   1.6600000e+02   1.0147988e+01
   1.6700000e+02   1.0145743e+01
   1.6800000e+02   1.0137308e+01
   1.6900000e+02   1.0129989e+01
   1.7000000e+02   1.0134460e+01
   1.7100000e+02   1.0140995e+01
   1.7200000e+02   1.0145109e+01
   1.7300000e+02   1.0146955e+01
   1.7400000e+02   1.0147594e+01
   1.7500000e+02   1.0147592e+01
   1.7600000e+02   1.0147924e+01
   1.7700000e+02   1.0147794e+01
   1.7800000e+02   1.0147823e+01
   1.7900000e+02   1.0145270e+01
   1.8000000e+02   1.0128274e+01
   1.8100000e+02   1.0113285e+01
   1.8200000e+02   1.0114460e+01
   1.8300000e+02   1.0120687e+01
   1.8400000e+02   1.0124515e+01
   1.8500000e+02   1.0125654e+01
   1.8600000e+02   1.0127569e+01
   1.8700000e+02   1.0129861e+01
   1.8800000e+02   1.0132228e+01
   1.8900000e+02   1.0135474e+01
   1.9000000e+02   1.0139323e+01
   1.9100000e+02   1.0143593e+01
   1.9200000e+02   1.0145497e+01
   1.9300000e+02   1.0146329e+01
   1.9400000e+02   1.0146738e+01
   1.9500000e+02   1.0146472e+01
   1.9600000e+02   1.0146770e+01
   1.9700000e+02   1.0146782e+01
   1.9800000e+02   1.0146460e+01
   1.9900000e+02   1.0146756e+01
   2.0000000e+02   1.0146974e+01
   2.0100000e+02   1.0146661e+01
   2.0200000e+02   1.0146833e+01
   2.0300000e+02   1.0146645e+01
   2.0400000e+02   1.0146898e+01
   2.0500000e+02   1.0146799e+01
   2.0600000e+02   1.0146686e+01
   2.0700000e+02   1.0146525e+01
   2.0800000e+02   1.0147141e+01
   2.0900000e+02   1.0147132e+01
   2.1000000e+02   1.0146934e+01
   2.1100000e+02   1.0147009e+01
   2.1200000e+02   1.0147051e+01
   2.1300000e+02   1.0146886e+01
   2.1400000e+02   1.0147123e+01
   2.1500000e+02   1.0146970e+01
   2.1600000e+02   1.0146644e+01
   2.1700000e+02   1.0146747e+01
   2.1800000e+02   1.0146938e+01
   2.1900000e+02   1.0146694e+01
   2.2000000e+02   1.0146835e+01
   2.2100000e+02   1.0146549e+01
   2.2200000e+02   1.0146781e+01
   2.2300000e+02   1.0146910e+01
   2.2400000e+02   1.0146661e+01
   2.2500000e+02   1.0146564e+01
   2.2600000e+02   1.0146567e+01
   2.2700000e+02   1.0146591e+01
   2.2800000e+02   1.0146729e+01
   2.2900000e+02   1.0146354e+01
   2.3000000e+02   1.0146561e+01
   2.3100000e+02   1.0146652e+01
   2.3200000e+02   1.0146507e+01
   2.3300000e+02   1.0146588e+01
   2.3400000e+02   1.0146255e+01
   2.3500000e+02   1.0146452e+01
   2.3600000e+02   1.0146343e+01
   2.3700000e+02   1.0146366e+01
   2.3800000e+02   1.0146319e+01
   2.3900000e+02   1.0146431e+01
   2.4000000e+02   1.0146288e+01
   2.4100000e+02   1.0146727e+01
   2.4200000e+02   1.0146496e+01
   2.4300000e+02   1.0146482e+01
   2.4400000e+02   1.0146444e+01
   2.4500000e+02   1.0146050e+01
   2.4600000e+02   1.0146270e+01
   2.4700000e+02   1.0146035e+01
   2.4800000e+02   1.0145533e+01
   2.4900000e+02   1.0145088e+01
   2.5000000e+02   1.0144229e+01
   2.5100000e+02   1.0144012e+01
   2.5200000e+02   1.0143949e+01
   2.5300000e+02   1.0144148e+01
   2.5400000e+02   1.0144364e+01
   2.5500000e+02   1.0144969e+01
   2.5600000e+02   1.0144941e+01
   2.5700000e+02   1.0145021e+01
   2.5800000e+02   1.0145104e+01
   2.5900000e+02   1.0144796e+01
   2.6000000e+02   1.0144658e+01
   2.6100000e+02   1.0144329e+01
   2.6200000e+02   1.0144556e+01
   2.6300000e+02   1.0144054e+01
   2.6400000e+02   1.0144051e+01
   2.6500000e+02   1.0144118e+01
   2.6600000e+02   1.0143962e+01
   2.6700000e+02   1.0143967e+01
   2.6800000e+02   1.0143903e+01
   2.6900000e+02   1.0144370e+01
   2.7000000e+02   1.0144742e+01
   2.7100000e+02   1.0144906e+01
   2.7200000e+02   1.0144795e+01
   2.7300000e+02   1.0145047e+01
   2.7400000e+02   1.0145128e+01
   2.7500000e+02   1.0145317e+01
   2.7600000e+02   1.0145062e+01
   2.7700000e+02   1.0145205e+01
   2.7800000e+02   1.0145356e+01
   2.7900000e+02   1.0145310e+01
   2.8000000e+02   1.0145470e+01
   2.8100000e+02   1.0145210e+01
   2.8200000e+02   1.0145100e+01
   2.8300000e+02   1.0145242e+01
   2.8400000e+02   1.0145242e+01
   2.8500000e+02   1.0145310e+01
   2.8600000e+02   1.0145463e+01
   2.8700000e+02   1.0145526e+01
   2.8800000e+02   1.0145412e+01
   2.8900000e+02   1.0145423e+01
   2.9000000e+02   1.0145259e+01
   2.9100000e+02   1.0145454e+01
   2.9200000e+02   1.0145307e+01
   2.9300000e+02   1.0145078e+01
   2.9400000e+02   1.0145365e+01
   2.9500000e+02   1.0144970e+01
   2.9600000e+02   1.0145220e+01
   2.9700000e+02   1.0145022e+01
   2.9800000e+02   1.0145307e+01
   2.9900000e+02   1.0145139e+01
   3.0000000e+02   1.0144923e+01
   3.0100000e+02   1.0145392e+01
   3.0200000e+02   1.0145146e+01
   3.0300000e+02   1.0144801e+01
   3.0400000e+02   1.0144578e+01
   3.0500000e+02   1.0144452e+01
   3.0600000e+02   1.0143505e+01
   3.0700000e+02   1.0143097e+01
   3.0800000e+02   1.0142302e+01
   3.0900000e+02   1.0141160e+01
   3.1000000e+02   1.0139373e+01
   3.1100000e+02   1.0137507e+01
   3.1200000e+02   1.0135160e+01
   3.1300000e+02   1.0133030e+01
   3.1400000e+02   1.0132175e+01
   3.1500000e+02   1.0131833e+01
   3.1600000e+02   1.0132312e+01
   3.1700000e+02   1.0133162e+01
   3.1800000e+02   1.0133098e+01
   3.1900000e+02   1.0132561e+01
   3.2000000e+02   1.0130448e+01
   3.2100000e+02   1.0127399e+01
   3.2200000e+02   1.0124221e+01
   3.2300000e+02   1.0121676e+01
   3.2400000e+02   1.0120171e+01
   3.2500000e+02   1.0119734e+01
   3.2600000e+02   1.0120583e+01
   3.2700000e+02   1.0122316e+01
   3.2800000e+02   1.0124250e+01
   3.2900000e+02   1.0126312e+01
   3.3000000e+02   1.0129826e+01
   3.3100000e+02   1.0132137e+01
   3.3200000e+02   1.0135037e+01
   3.3300000e+02   1.0137569e+01
   3.3400000e+02   1.0139452e+01
   3.3500000e+02   1.0140558e+01
   3.3600000e+02   1.0141115e+01
   3.3700000e+02   1.0140857e+01
   3.3800000e+02   1.0140595e+01
   3.3900000e+02   1.0139388e+01
   3.4000000e+02   1.0138634e+01
   3.4100000e+02   1.0137798e+01
   3.4200000e+02   1.0137085e+01
   3.4300000e+02   1.0137493e+01
   3.4400000e+02   1.0137937e+01
   3.4500000e+02   1.0139109e+01
   3.4600000e+02   1.0140102e+01
   3.4700000e+02   1.0141027e+01
   3.4800000e+02   1.0141810e+01
   3.4900000e+02   1.0142463e+01
   3.5000000e+02   1.0142875e+01
   3.5100000e+02   1.0143084e+01
   3.5200000e+02   1.0143354e+01
   3.5300000e+02   1.0143342e+01
   3.5400000e+02   1.0143629e+01
   3.5500000e+02   1.0143438e+01
   3.5600000e+02   1.0143720e+01
   3.5700000e+02   1.0143950e+01
   3.5800000e+02   1.0143878e+01
   3.5900000e+02   1.0143602e+01
   3.6000000e+02   1.0143623e+01
   3.6100000e+02   1.0143614e+01
   3.6200000e+02   1.0143404e+01
   3.6300000e+02   1.0142792e+01
   3.6400000e+02   1.0143065e+01
   3.6500000e+02   1.0142817e+01
   3.6600000e+02   1.0142994e+01
   3.6700000e+02   1.0142964e+01
   3.6800000e+02   1.0143190e+01
   3.6900000e+02   1.0143140e+01
   3.7000000e+02   1.0143469e+01
   3.7100000e+02   1.0143522e+01
   3.7200000e+02   1.0143512e+01
   3.7300000e+02   1.0143516e+01
   3.7400000e+02   1.0143830e+01
   3.7500000e+02   1.0143751e+01
   3.7600000e+02   1.0143780e+01
   3.7700000e+02   1.0144049e+01
   3.7800000e+02   1.0143928e+01
   3.7900000e+02   1.0144074e+01
   3.8000000e+02   1.0143645e+01
   3.8100000e+02   1.0143950e+01
   3.8200000e+02   1.0144178e+01
   3.8300000e+02   1.0144295e+01
   3.8400000e+02   1.0144019e+01
   3.8500000e+02   1.0144104e+01
   3.8600000e+02   1.0144112e+01
   3.8700000e+02   1.0143914e+01
   3.8800000e+02   1.0143580e+01
   3.8900000e+02   1.0143458e+01
   3.9000000e+02   1.0143225e+01
   3.9100000e+02   1.0143055e+01
   3.9200000e+02   1.0143043e+01
   3.9300000e+02   1.0142810e+01
   3.9400000e+02   1.0142388e+01
   3.9500000e+02   1.0142693e+01
   3.9600000e+02   1.0142652e+01
   3.9700000e+02   1.0142855e+01
   3.9800000e+02   1.0143511e+01
   3.9900000e+02   1.0143345e+01
   4.0000000e+02   1.0143115e+01
   4.0100000e+02   1.0143821e+01
   4.0200000e+02   1.0143879e+01
   4.0300000e+02   1.0143546e+01
   4.0400000e+02   1.0143749e+01
   4.0500000e+02   1.0144136e+01
   4.0600000e+02   1.0143562e+01
   4.0700000e+02   1.0143797e+01
   4.0800000e+02   1.0143893e+01
   4.0900000e+02   1.0143637e+01
   4.1000000e+02   1.0143782e+01
   4.1100000e+02   1.0143698e+01
   4.1200000e+02   1.0143966e+01
   4.1300000e+02   1.0143783e+01
   4.1400000e+02   1.0143701e+01
   4.1500000e+02   1.0143452e+01
   4.1600000e+02   1.0143532e+01
   4.1700000e+02   1.0143589e+01
   4.1800000e+02   1.0143839e+01
   4.1900000e+02   1.0143673e+01
   4.2000000e+02   1.0143534e+01
   4.2100000e+02   1.0143618e+01
   4.2200000e+02   1.0143497e+01
   4.2300000e+02   1.0143597e+01
   4.2400000e+02   1.0143458e+01
   4.2500000e+02   1.0143182e+01
   4.2600000e+02   1.0143275e+01
   4.2700000e+02   1.0143362e+01
   4.2800000e+02   1.0143337e+01
   4.2900000e+02   1.0143218e+01
   4.3000000e+02   1.0143235e+01
   4.3100000e+02   1.0143266e+01
   4.3200000e+02   1.0143283e+01
   4.3300000e+02   1.0143148e+01
   4.3400000e+02   1.0143536e+01
   4.3500000e+02   1.0143264e+01
   4.3600000e+02   1.0143027e+01
   4.3700000e+02   1.0143203e+01
   4.3800000e+02   1.0142890e+01
   4.3900000e+02   1.0142342e+01
   4.4000000e+02   1.0142492e+01
   4.4100000e+02   1.0141475e+01
   4.4200000e+02   1.0139987e+01
   4.4300000e+02   1.0137812e+01
   4.4400000e+02   1.0134515e+01
   4.4500000e+02   1.0129879e+01
   4.4600000e+02   1.0123261e+01
   4.4700000e+02   1.0115179e+01
   4.4800000e+02   1.0106134e+01
   4.4900000e+02   1.0096423e+01
   4.5000000e+02   1.0087844e+01
   4.5100000e+02   1.0081035e+01
   4.5200000e+02   1.0077365e+01
   4.5300000e+02   1.0076664e+01
   4.5400000e+02   1.0079560e+01
   4.5500000e+02   1.0085242e+01
   4.5600000e+02   1.0092666e+01
   4.5700000e+02   1.0100850e+01
   4.5800000e+02   1.0109271e+01
   4.5900000e+02   1.0116693e+01
   4.6000000e+02   1.0123296e+01
   4.6100000e+02   1.0128212e+01
   4.6200000e+02   1.0132183e+01
   4.6300000e+02   1.0134853e+01
   4.6400000e+02   1.0137170e+01
   4.6500000e+02   1.0138594e+01
   4.6600000e+02   1.0139351e+01
   4.6700000e+02   1.0140111e+01
   4.6800000e+02   1.0140606e+01
   4.6900000e+02   1.0141025e+01
   4.7000000e+02   1.0141271e+01
   4.7100000e+02   1.0141011e+01
   4.7200000e+02   1.0141344e+01
   4.7300000e+02   1.0141616e+01
   4.7400000e+02   1.0141554e+01
   4.7500000e+02   1.0141729e+01
   4.7600000e+02   1.0141718e+01
   4.7700000e+02   1.0142034e+01
   4.7800000e+02   1.0141814e+01
   4.7900000e+02   1.0141793e+01
   4.8000000e+02   1.0141899e+01
   4.8100000e+02   1.0142152e+01
   4.8200000e+02   1.0142094e+01
   4.8300000e+02   1.0142029e+01
   4.8400000e+02   1.0142229e+01
   4.8500000e+02   1.0142328e+01
   4.8600000e+02   1.0142172e+01
   4.8700000e+02   1.0142331e+01
   4.8800000e+02   1.0142417e+01
   4.8900000e+02   1.0142387e+01
   4.9000000e+02   1.0142562e+01
   4.9100000e+02   1.0142202e+01
   4.9200000e+02   1.0142306e+01
   4.9300000e+02   1.0142500e+01
   4.9400000e+02   1.0142251e+01
   4.9500000e+02   1.0142498e+01
   4.9600000e+02   1.0142472e+01
   4.9700000e+02   1.0142491e+01
   4.9800000e+02   1.0142582e+01
   4.9900000e+02   1.0142531e+01
   5.0000000e+02   1.0142356e+01
   5.0100000e+02   1.0142382e+01
   5.0200000e+02   1.0142605e+01
   5.0300000e+02   1.0142368e+01
   5.0400000e+02   1.0142268e+01
   5.0500000e+02   1.0142558e+01
   5.0600000e+02   1.0142344e+01
   5.0700000e+02   1.0142269e+01
   5.0800000e+02   1.0142330e+01
   5.0900000e+02   1.0142117e+01
   5.1000000e+02   1.0142251e+01
   5.1100000e+02   1.0142217e+01
   5.1200000e+02   1.0142244e+01
   5.1300000e+02   1.0142125e+01
   5.1400000e+02   1.0142275e+01
   5.1500000e+02   1.0142282e+01
   5.1600000e+02   1.0142144e+01
   5.1700000e+02   1.0142196e+01
   5.1800000e+02   1.0142210e+01
   5.1900000e+02   1.0142235e+01
   5.2000000e+02   1.0142250e+01
   5.2100000e+02   1.0142002e+01
   5.2200000e+02   1.0142174e+01
   5.2300000e+02   1.0142072e+01
   5.2400000e+02   1.0141843e+01
   5.2500000e+02   1.0142104e+01
   5.2600000e+02   1.0142125e+01
   5.2700000e+02   1.0141844e+01
   5.2800000e+02   1.0142072e+01
   5.2900000e+02   1.0142241e+01
   5.3000000e+02   1.0142023e+01
   5.3100000e+02   1.0142068e+01
   5.3200000e+02   1.0141904e+01
   5.3300000e+02   1.0141875e+01
   5.3400000e+02   1.0141980e+01
   5.3500000e+02   1.0142015e+01
   5.3600000e+02   1.0141934e+01
   5.3700000e+02   1.0141782e+01
   5.3800000e+02   1.0141964e+01
   5.3900000e+02   1.0142006e+01
   5.4000000e+02   1.0141696e+01
   5.4100000e+02   1.0141911e+01
   5.4200000e+02   1.0142094e+01
   5.4300000e+02   1.0141888e+01
   5.4400000e+02   1.0142200e+01
   5.4500000e+02   1.0141623e+01
   5.4600000e+02   1.0141924e+01
   5.4700000e+02   1.0142006e+01
   5.4800000e+02   1.0141806e+01
   5.4900000e+02   1.0141846e+01
   5.5000000e+02   1.0141661e+01
   5.5100000e+02   1.0141617e+01
   5.5200000e+02   1.0141892e+01
   5.5300000e+02   1.0141774e+01
   5.5400000e+02   1.0141707e+01
   5.5500000e+02   1.0141788e+01
   5.5600000e+02   1.0141696e+01
   5.5700000e+02   1.0141873e+01
   5.5800000e+02   1.0141780e+01
   5.5900000e+02   1.0141689e+01
   5.6000000e+02   1.0141821e+01
   5.6100000e+02   1.0141546e+01
   5.6200000e+02   1.0141672e+01
   5.6300000e+02   1.0141727e+01
   5.6400000e+02   1.0141646e+01
   5.6500000e+02   1.0141665e+01
   5.6600000e+02   1.0141558e+01
   5.6700000e+02   1.0141296e+01
   5.6800000e+02   1.0141620e+01
   5.6900000e+02   1.0141312e+01
   5.7000000e+02   1.0141811e+01
   5.7100000e+02   1.0141545e+01
   5.7200000e+02   1.0141489e+01
   5.7300000e+02   1.0141379e+01
   5.7400000e+02   1.0141722e+01
   5.7500000e+02   1.0141485e+01
   5.7600000e+02   1.0141611e+01
   5.7700000e+02   1.0141752e+01
   5.7800000e+02   1.0141305e+01
   5.7900000e+02   1.0141474e+01
   5.8000000e+02   1.0141603e+01
   5.8100000e+02   1.0141623e+01
   5.8200000e+02   1.0141780e+01
   5.8300000e+02   1.0141516e+01
   5.8400000e+02   1.0141710e+01
   5.8500000e+02   1.0141420e+01
   5.8600000e+02   1.0141161e+01
   5.8700000e+02   1.0141425e+01
   5.8800000e+02   1.0141499e+01
   5.8900000e+02   1.0141580e+01
   5.9000000e+02   1.0141605e+01
   5.9100000e+02   1.0141358e+01
   5.9200000e+02   1.0141389e+01
   5.9300000e+02   1.0141464e+01
   5.9400000e+02   1.0141196e+01
   5.9500000e+02   1.0141428e+01
   5.9600000e+02   1.0141316e+01
   5.9700000e+02   1.0141183e+01
   5.9800000e+02   1.0141426e+01
   5.9900000e+02   1.0141514e+01
   6.0000000e+02   1.0141272e+01
   6.0100000e+02   1.0141446e+01
   6.0200000e+02   1.0141394e+01
   6.0300000e+02   1.0141573e+01
   6.0400000e+02   1.0141594e+01
   6.0500000e+02   1.0141614e+01
   6.0600000e+02   1.0141274e+01
   6.0700000e+02   1.0141506e+01
   6.0800000e+02   1.0141476e+01
   6.0900000e+02   1.0141353e+01
   6.1000000e+02   1.0141391e+01
   6.1100000e+02   1.0140941e+01
   6.1200000e+02   1.0141136e+01
   6.1300000e+02   1.0141317e+01
   6.1400000e+02   1.0141153e+01
   6.1500000e+02   1.0141039e+01
   6.1600000e+02   1.0141188e+01
   6.1700000e+02   1.0140930e+01
   6.1800000e+02   1.0141162e+01
   6.1900000e+02   1.0141027e+01
   6.2000000e+02   1.0140958e+01
   6.2100000e+02   1.0140817e+01
   6.2200000e+02   1.0141006e+01
   6.2300000e+02   1.0140926e+01
   6.2400000e+02   1.0140969e+01
   6.2500000e+02   1.0140985e+01
   6.2600000e+02   1.0141087e+01
   6.2700000e+02   1.0140895e+01
   6.2800000e+02   1.0140986e+01
   6.2900000e+02   1.0141048e+01
   6.3000000e+02   1.0140859e+01
   6.3100000e+02   1.0140802e+01
   6.3200000e+02   1.0141058e+01
   6.3300000e+02   1.0140642e+01
   6.3400000e+02   1.0140880e+01
   6.3500000e+02   1.0141104e+01
   6.3600000e+02   1.0140794e+01
   6.3700000e+02   1.0140979e+01
   6.3800000e+02   1.0140673e+01
   6.3900000e+02   1.0140794e+01
   6.4000000e+02   1.0140840e+01
   6.4100000e+02   1.0140689e+01
   6.4200000e+02   1.0140660e+01
   6.4300000e+02   1.0140835e+01
   6.4400000e+02   1.0140861e+01
   6.4500000e+02   1.0140622e+01
   6.4600000e+02   1.0140794e+01
   6.4700000e+02   1.0140510e+01
   6.4800000e+02   1.0140732e+01
   6.4900000e+02   1.0140812e+01
   6.5000000e+02   1.0140736e+01
   6.5100000e+02   1.0140525e+01
   6.5200000e+02   1.0140423e+01
   6.5300000e+02   1.0140441e+01
   6.5400000e+02   1.0140715e+01
   6.5500000e+02   1.0140781e+01
   6.5600000e+02   1.0140477e+01
   6.5700000e+02   1.0140745e+01
   6.5800000e+02   1.0140681e+01
   6.5900000e+02   1.0140950e+01
   6.6000000e+02   1.0140788e+01
   6.6100000e+02   1.0141043e+01
   6.6200000e+02   1.0140774e+01
   6.6300000e+02   1.0140563e+01
   6.6400000e+02   1.0140607e+01
   6.6500000e+02   1.0140668e+01
   6.6600000e+02   1.0140664e+01
   6.6700000e+02   1.0140785e+01
   6.6800000e+02   1.0140580e+01
   6.6900000e+02   1.0140417e+01
   6.7000000e+02   1.0140296e+01
   6.7100000e+02   1.0140153e+01
   6.7200000e+02   1.0140461e+01
   6.7300000e+02   1.0140311e+01
   6.7400000e+02   1.0140264e+01
   6.7500000e+02   1.0140045e+01
   6.7600000e+02   1.0139940e+01
   6.7700000e+02   1.0139983e+01
   6.7800000e+02   1.0139367e+01
   6.7900000e+02   1.0139224e+01
   6.8000000e+02   1.0139040e+01
   6.8100000e+02   1.0138678e+01
   6.8200000e+02   1.0138073e+01
   6.8300000e+02   1.0137259e+01
   6.8400000e+02   1.0136881e+01
   6.8500000e+02   1.0136449e+01
   6.8600000e+02   1.0136322e+01
   6.8700000e+02   1.0135476e+01
   6.8800000e+02   1.0134898e+01
   6.8900000e+02   1.0134625e+01
   6.9000000e+02   1.0134439e+01
   6.9100000e+02   1.0134249e+01
   6.9200000e+02   1.0134184e+01
   6.9300000e+02   1.0134569e+01
   6.9400000e+02   1.0134978e+01
   6.9500000e+02   1.0135090e+01
   6.9600000e+02   1.0135762e+01
   6.9700000e+02   1.0136280e+01
   6.9800000e+02   1.0136750e+01
   6.9900000e+02   1.0137081e+01
   7.0000000e+02   1.0137508e+01
   7.0100000e+02   1.0138141e+01
   7.0200000e+02   1.0138361e+01
   7.0300000e+02   1.0138643e+01
   7.0400000e+02   1.0138808e+01
   7.0500000e+02   1.0139364e+01
   7.0600000e+02   1.0139197e+01
   7.0700000e+02   1.0139536e+01
   7.0800000e+02   1.0139644e+01
   7.0900000e+02   1.0139681e+01
   7.1000000e+02   1.0139851e+01
   7.1100000e+02   1.0139846e+01
   7.1200000e+02   1.0139894e+01
   7.1300000e+02   1.0140165e+01
   7.1400000e+02   1.0139786e+01
   7.1500000e+02   1.0139934e+01
   7.1600000e+02   1.0139949e+01
   7.1700000e+02   1.0139941e+01
   7.1800000e+02   1.0139856e+01
   7.1900000e+02   1.0140097e+01
   7.2000000e+02   1.0139710e+01
   7.2100000e+02   1.0140012e+01
   7.2200000e+02   1.0139882e+01
   7.2300000e+02   1.0139793e+01
   7.2400000e+02   1.0139958e+01
   7.2500000e+02   1.0139989e+01
   7.2600000e+02   1.0140005e+01
   7.2700000e+02   1.0139849e+01
   7.2800000e+02   1.0139844e+01
   7.2900000e+02   1.0140061e+01
   7.3000000e+02   1.0140075e+01
   7.3100000e+02   1.0139874e+01
   7.3200000e+02   1.0140214e+01
   7.3300000e+02   1.0140290e+01
   7.3400000e+02   1.0139879e+01
   7.3500000e+02   1.0140076e+01
   7.3600000e+02   1.0140033e+01
   7.3700000e+02   1.0140153e+01
   7.3800000e+02   1.0140301e+01
   7.3900000e+02   1.0140027e+01
   7.4000000e+02   1.0140197e+01
   7.4100000e+02   1.0140003e+01
   7.4200000e+02   1.0139890e+01
   7.4300000e+02   1.0139618e+01
   7.4400000e+02   1.0139639e+01
   7.4500000e+02   1.0139657e+01
   7.4600000e+02   1.0139708e+01
   7.4700000e+02   1.0139657e+01
   7.4800000e+02   1.0140083e+01
   7.4900000e+02   1.0139919e+01
   7.5000000e+02   1.0139906e+01
   7.5100000e+02   1.0139837e+01
   7.5200000e+02   1.0139896e+01
   7.5300000e+02   1.0139922e+01
   7.5400000e+02   1.0139750e+01
   7.5500000e+02   1.0139734e+01
   7.5600000e+02   1.0139416e+01
   7.5700000e+02   1.0139662e+01
   7.5800000e+02   1.0139856e+01
   7.5900000e+02   1.0139648e+01
   7.6000000e+02   1.0139722e+01
   7.6100000e+02   1.0139868e+01
   7.6200000e+02   1.0139636e+01
   7.6300000e+02   1.0139729e+01
   7.6400000e+02   1.0140029e+01
   7.6500000e+02   1.0139980e+01
   7.6600000e+02   1.0139778e+01
   7.6700000e+02   1.0139769e+01
   7.6800000e+02   1.0139446e+01
   7.6900000e+02   1.0139646e+01
   7.7000000e+02   1.0139458e+01
   7.7100000e+02   1.0139652e+01
   7.7200000e+02   1.0139639e+01
   7.7300000e+02   1.0139569e+01
   7.7400000e+02   1.0139467e+01
   7.7500000e+02   1.0139654e+01
   7.7600000e+02   1.0139556e+01
   7.7700000e+02   1.0139493e+01
   7.7800000e+02   1.0139455e+01
   7.7900000e+02   1.0139542e+01
   7.8000000e+02   1.0139606e+01
