   0.0000000e+00   1.0179971e+01
   1.0000000e+00   1.0174959e+01
   2.0000000e+00   1.0173600e+01
   3.0000000e+00   1.0173071e+01
   4.0000000e+00   1.0172679e+01
   5.0000000e+00   1.0172141e+01
   6.0000000e+00   1.0171898e+01
   7.0000000e+00   1.0171202e+01
   8.0000000e+00   1.0170679e+01
   9.0000000e+00   1.0170573e+01
   1.0000000e+01   1.0170427e+01
   1.1000000e+01   1.0170267e+01
   1.2000000e+01   1.0170238e+01
   1.3000000e+01   1.0170326e+01
   1.4000000e+01   1.0169852e+01
   1.5000000e+01   1.0169740e+01
   1.6000000e+01   1.0169490e+01
   1.7000000e+01   1.0169761e+01
   1.8000000e+01   1.0169427e+01
   1.9000000e+01   1.0169397e+01
   2.0000000e+01   1.0169128e+01
   2.1000000e+01   1.0169223e+01
   2.2000000e+01   1.0169161e+01
   2.3000000e+01   1.0169038e+01
   2.4000000e+01   1.0169087e+01
   2.5000000e+01   1.0169223e+01
   2.6000000e+01   1.0168820e+01
   2.7000000e+01   1.0168894e+01
   2.8000000e+01   1.0168556e+01
   2.9000000e+01   1.0168707e+01
   3.0000000e+01   1.0168666e+01
   3.1000000e+01   1.0168532e+01
   3.2000000e+01   1.0168422e+01
   3.3000000e+01   1.0168488e+01
   3.4000000e+01   1.0168216e+01
   3.5000000e+01   1.0168263e+01
   3.6000000e+01   1.0168223e+01
   3.7000000e+01   1.0167990e+01
   3.8000000e+01   1.0167717e+01
   3.9000000e+01   1.0167801e+01
   4.0000000e+01   1.0167866e+01
   4.1000000e+01   1.0167831e+01
   4.2000000e+01   1.0167512e+01
   4.3000000e+01   1.0167841e+01
   4.4000000e+01   1.0167475e+01
   4.5000000e+01   1.0167378e+01
   4.6000000e+01   1.0167734e+01
   4.7000000e+01   1.0167451e+01
   4.8000000e+01   1.0167658e+01
   4.9000000e+01   1.0167646e+01
   5.0000000e+01   1.0167473e+01
   5.1000000e+01   1.0167326e+01
   5.2000000e+01   1.0167554e+01
   5.3000000e+01   1.0167350e+01
   5.4000000e+01   1.0167446e+01
   5.5000000e+01   1.0167439e+01
   5.6000000e+01   1.0167452e+01
   5.7000000e+01   1.0167444e+01
   5.8000000e+01   1.0167001e+01
   5.9000000e+01   1.0167257e+01
   6.0000000e+01   1.0167038e+01
   6.1000000e+01   1.0166950e+01
   6.2000000e+01   1.0167344e+01
   6.3000000e+01   1.0166969e+01
   6.4000000e+01   1.0167206e+01
   6.5000000e+01   1.0166892e+01
   6.6000000e+01   1.0167103e+01
   6.7000000e+01   1.0167010e+01
   6.8000000e+01   1.0166829e+01
   6.9000000e+01   1.0166760e+01
   7.0000000e+01   1.0166724e+01
   7.1000000e+01   1.0166859e+01
   7.2000000e+01   1.0166730e+01
   7.3000000e+01   1.0166802e+01
   7.4000000e+01   1.0166801e+01
   7.5000000e+01   1.0166507e+01
   7.6000000e+01   1.0166534e+01
   7.7000000e+01   1.0166756e+01
   7.8000000e+01   1.0166553e+01
   7.9000000e+01   1.0166371e+01
   8.0000000e+01   1.0166365e+01
   8.1000000e+01   1.0166465e+01
   8.2000000e+01   1.0166427e+01
   8.3000000e+01   1.0166303e+01
   8.4000000e+01   1.0166051e+01
   8.5000000e+01   1.0166378e+01
   8.6000000e+01   1.0166488e+01
   8.7000000e+01   1.0166274e+01
   8.8000000e+01   1.0166361e+01
   8.9000000e+01   1.0165971e+01
   9.0000000e+01   1.0166092e+01
   9.1000000e+01   1.0166290e+01
   9.2000000e+01   1.0166280e+01
   9.3000000e+01   1.0166313e+01
   9.4000000e+01   1.0166230e+01
   9.5000000e+01   1.0166313e+01
   9.6000000e+01   1.0166217e+01
   9.7000000e+01   1.0166278e+01
   9.8000000e+01   1.0166343e+01
   9.9000000e+01   1.0166084e+01
   1.0000000e+02   1.0166516e+01
   1.0100000e+02   1.0166238e+01
   1.0200000e+02   1.0166410e+01
   1.0300000e+02   1.0166034e+01
   1.0400000e+02   1.0166114e+01
   1.0500000e+02   1.0166240e+01
   1.0600000e+02   1.0166058e+01
   1.0700000e+02   1.0166200e+01
   1.0800000e+02   1.0166396e+01
   1.0900000e+02   1.0166207e+01
   1.1000000e+02   1.0166051e+01
   1.1100000e+02   1.0166254e+01
   1.1200000e+02   1.0166146e+01
   1.1300000e+02   1.0166149e+01
   1.1400000e+02   1.0165988e+01
   1.1500000e+02   1.0166552e+01
   1.1600000e+02   1.0166358e+01
   1.1700000e+02   1.0165986e+01
   1.1800000e+02   1.0166046e+01
   1.1900000e+02   1.0165840e+01
   1.2000000e+02   1.0165961e+01
   1.2100000e+02   1.0166046e+01
   1.2200000e+02   1.0166080e+01
   1.2300000e+02   1.0166161e+01
   1.2400000e+02   1.0166151e+01
   1.2500000e+02   1.0165839e+01
   1.2600000e+02   1.0165879e+01
   1.2700000e+02   1.0166064e+01
   1.2800000e+02   1.0166002e+01
   1.2900000e+02   1.0165971e+01
   1.3000000e+02   1.0166150e+01
   1.3100000e+02   1.0166310e+01
   1.3200000e+02   1.0166020e+01
   1.3300000e+02   1.0165987e+01
   1.3400000e+02   1.0165912e+01
   1.3500000e+02   1.0165960e+01
   1.3600000e+02   1.0165948e+01
   1.3700000e+02   1.0166121e+01
   1.3800000e+02   1.0165956e+01
   1.3900000e+02   1.0165827e+01
   1.4000000e+02   1.0166069e+01
   1.4100000e+02   1.0165853e+01
   1.4200000e+02   1.0165946e+01
   1.4300000e+02   1.0165796e+01
   1.4400000e+02   1.0165873e+01
   1.4500000e+02   1.0165708e+01
   1.4600000e+02   1.0165529e+01
   1.4700000e+02   1.0165654e+01
   1.4800000e+02   1.0165721e+01
   1.4900000e+02   1.0165531e+01
   1.5000000e+02   1.0165538e+01
   1.5100000e+02   1.0165664e+01
   1.5200000e+02   1.0165709e+01
   1.5300000e+02   1.0165519e+01
   1.5400000e+02   1.0165320e+01
   1.5500000e+02   1.0165356e+01
   1.5600000e+02   1.0165389e+01
   1.5700000e+02   1.0165306e+01
   1.5800000e+02   1.0165335e+01
   1.5900000e+02   1.0165134e+01
   1.6000000e+02   1.0165394e+01
   1.6100000e+02   1.0165261e+01
   1.6200000e+02   1.0165284e+01
   1.6300000e+02   1.0165170e+01
   1.6400000e+02   1.0165363e+01
   1.6500000e+02   1.0165399e+01
   1.6600000e+02   1.0165110e+01
   1.6700000e+02   1.0161942e+01
   1.6800000e+02   1.0152108e+01
   1.6900000e+02   1.0147298e+01
   1.7000000e+02   1.0152924e+01
   1.7100000e+02   1.0159713e+01
   1.7200000e+02   1.0162814e+01
   1.7300000e+02   1.0164137e+01
   1.7400000e+02   1.0164518e+01
   1.7500000e+02   1.0165011e+01
   1.7600000e+02   1.0165064e+01
   1.7700000e+02   1.0165109e+01
   1.7800000e+02   1.0165186e+01
   1.7900000e+02   1.0160653e+01
   1.8000000e+02   1.0139209e+01
   1.8100000e+02   1.0130261e+01
   1.8200000e+02   1.0134171e+01
   1.8300000e+02   1.0140181e+01
   1.8400000e+02   1.0143272e+01
   1.8500000e+02   1.0143920e+01
   1.8600000e+02   1.0144165e+01
   1.8700000e+02   1.0145043e+01
   1.8800000e+02   1.0148862e+01
   1.8900000e+02   1.0153887e+01
   1.9000000e+02   1.0158546e+01
   1.9100000e+02   1.0161708e+01
   1.9200000e+02   1.0163289e+01
   1.9300000e+02   1.0164020e+01
   1.9400000e+02   1.0164325e+01
   1.9500000e+02   1.0164213e+01
   1.9600000e+02   1.0164201e+01
   1.9700000e+02   1.0164246e+01
   1.9800000e+02   1.0164281e+01
   1.9900000e+02   1.0164305e+01
   2.0000000e+02   1.0164575e+01
   2.0100000e+02   1.0164415e+01
   2.0200000e+02   1.0164401e+01
   2.0300000e+02   1.0164484e+01
   2.0400000e+02   1.0164597e+01
   2.0500000e+02   1.0164686e+01
   2.0600000e+02   1.0164704e+01
   2.0700000e+02   1.0164770e+01
   2.0800000e+02   1.0164546e+01
   2.0900000e+02   1.0164665e+01
   2.1000000e+02   1.0164667e+01
   2.1100000e+02   1.0164573e+01
   2.1200000e+02   1.0164493e+01
   2.1300000e+02   1.0164584e+01
   2.1400000e+02   1.0164548e+01
   2.1500000e+02   1.0164650e+01
   2.1600000e+02   1.0164620e+01
   2.1700000e+02   1.0164469e+01
   2.1800000e+02   1.0164638e+01
   2.1900000e+02   1.0164269e+01
   2.2000000e+02   1.0164441e+01
   2.2100000e+02   1.0164411e+01
   2.2200000e+02   1.0164445e+01
   2.2300000e+02   1.0164081e+01
   2.2400000e+02   1.0163898e+01
   2.2500000e+02   1.0163768e+01
   2.2600000e+02   1.0163739e+01
   2.2700000e+02   1.0163554e+01
   2.2800000e+02   1.0163446e+01
   2.2900000e+02   1.0163362e+01
   2.3000000e+02   1.0163685e+01
   2.3100000e+02   1.0163740e+01
   2.3200000e+02   1.0163666e+01
   2.3300000e+02   1.0163719e+01
   2.3400000e+02   1.0164031e+01
   2.3500000e+02   1.0164277e+01
   2.3600000e+02   1.0163995e+01
   2.3700000e+02   1.0164353e+01
   2.3800000e+02   1.0164154e+01
   2.3900000e+02   1.0164037e+01
   2.4000000e+02   1.0164185e+01
   2.4100000e+02   1.0164061e+01
   2.4200000e+02   1.0164037e+01
   2.4300000e+02   1.0163997e+01
   2.4400000e+02   1.0163895e+01
   2.4500000e+02   1.0163495e+01
   2.4600000e+02   1.0162608e+01
   2.4700000e+02   1.0161245e+01
   2.4800000e+02   1.0159117e+01
   2.4900000e+02   1.0156600e+01
   2.5000000e+02   1.0154337e+01
   2.5100000e+02   1.0152999e+01
   2.5200000e+02   1.0153091e+01
   2.5300000e+02   1.0154291e+01
   2.5400000e+02   1.0156110e+01
   2.5500000e+02   1.0157737e+01
   2.5600000e+02   1.0158503e+01
   2.5700000e+02   1.0158540e+01
   2.5800000e+02   1.0158074e+01
   2.5900000e+02   1.0157569e+01
   2.6000000e+02   1.0156440e+01
   2.6100000e+02   1.0155772e+01
   2.6200000e+02   1.0155262e+01
   2.6300000e+02   1.0154696e+01
   2.6400000e+02   1.0154083e+01
   2.6500000e+02   1.0153810e+01
   2.6600000e+02   1.0153575e+01
   2.6700000e+02   1.0154181e+01
   2.6800000e+02   1.0155156e+01
   2.6900000e+02   1.0156476e+01
   2.7000000e+02   1.0158255e+01
   2.7100000e+02   1.0159620e+01
   2.7200000e+02   1.0160290e+01
   2.7300000e+02   1.0161004e+01
   2.7400000e+02   1.0161098e+01
   2.7500000e+02   1.0161142e+01
   2.7600000e+02   1.0160859e+01
   2.7700000e+02   1.0160934e+01
   2.7800000e+02   1.0161063e+01
   2.7900000e+02   1.0161075e+01
   2.8000000e+02   1.0161478e+01
   2.8100000e+02   1.0161217e+01
   2.8200000e+02   1.0161585e+01
   2.8300000e+02   1.0161845e+01
   2.8400000e+02   1.0161685e+01
   2.8500000e+02   1.0161607e+01
   2.8600000e+02   1.0161715e+01
   2.8700000e+02   1.0161851e+01
   2.8800000e+02   1.0161918e+01
   2.8900000e+02   1.0162231e+01
   2.9000000e+02   1.0162505e+01
   2.9100000e+02   1.0162494e+01
   2.9200000e+02   1.0162502e+01
   2.9300000e+02   1.0162527e+01
   2.9400000e+02   1.0162845e+01
   2.9500000e+02   1.0162709e+01
   2.9600000e+02   1.0162889e+01
   2.9700000e+02   1.0162918e+01
   2.9800000e+02   1.0162700e+01
   2.9900000e+02   1.0162973e+01
   3.0000000e+02   1.0163005e+01
   3.0100000e+02   1.0163164e+01
   3.0200000e+02   1.0162772e+01
   3.0300000e+02   1.0162362e+01
   3.0400000e+02   1.0161770e+01
   3.0500000e+02   1.0161220e+01
   3.0600000e+02   1.0160006e+01
   3.0700000e+02   1.0158764e+01
   3.0800000e+02   1.0157181e+01
   3.0900000e+02   1.0155082e+01
   3.1000000e+02   1.0152091e+01
   3.1100000e+02   1.0148687e+01
   3.1200000e+02   1.0144523e+01
   3.1300000e+02   1.0141165e+01
   3.1400000e+02   1.0139581e+01
   3.1500000e+02   1.0139283e+01
   3.1600000e+02   1.0140295e+01
   3.1700000e+02   1.0141658e+01
   3.1800000e+02   1.0142303e+01
   3.1900000e+02   1.0140498e+01
   3.2000000e+02   1.0136543e+01
   3.2100000e+02   1.0131324e+01
   3.2200000e+02   1.0125827e+01
   3.2300000e+02   1.0121651e+01
   3.2400000e+02   1.0119766e+01
   3.2500000e+02   1.0119733e+01
   3.2600000e+02   1.0121500e+01
   3.2700000e+02   1.0124213e+01
   3.2800000e+02   1.0128338e+01
   3.2900000e+02   1.0132798e+01
   3.3000000e+02   1.0137883e+01
   3.3100000e+02   1.0143102e+01
   3.3200000e+02   1.0147452e+01
   3.3300000e+02   1.0151729e+01
   3.3400000e+02   1.0154400e+01
   3.3500000e+02   1.0156135e+01
   3.3600000e+02   1.0157162e+01
   3.3700000e+02   1.0156817e+01
   3.3800000e+02   1.0155262e+01
   3.3900000e+02   1.0153614e+01
   3.4000000e+02   1.0151878e+01
   3.4100000e+02   1.0150412e+01
   3.4200000e+02   1.0149945e+01
   3.4300000e+02   1.0150279e+01
   3.4400000e+02   1.0151323e+01
   3.4500000e+02   1.0153090e+01
   3.4600000e+02   1.0154969e+01
   3.4700000e+02   1.0156858e+01
   3.4800000e+02   1.0158231e+01
   3.4900000e+02   1.0159542e+01
   3.5000000e+02   1.0160291e+01
   3.5100000e+02   1.0160883e+01
   3.5200000e+02   1.0161436e+01
   3.5300000e+02   1.0161736e+01
   3.5400000e+02   1.0161827e+01
   3.5500000e+02   1.0161867e+01
   3.5600000e+02   1.0162045e+01
   3.5700000e+02   1.0162032e+01
   3.5800000e+02   1.0161977e+01
   3.5900000e+02   1.0161677e+01
   3.6000000e+02   1.0161689e+01
   3.6100000e+02   1.0161330e+01
   3.6200000e+02   1.0160967e+01
   3.6300000e+02   1.0160328e+01
   3.6400000e+02   1.0160260e+01
   3.6500000e+02   1.0159715e+01
   3.6600000e+02   1.0159623e+01
   3.6700000e+02   1.0160006e+01
   3.6800000e+02   1.0160269e+01
   3.6900000e+02   1.0160753e+01
   3.7000000e+02   1.0161031e+01
   3.7100000e+02   1.0161425e+01
   3.7200000e+02   1.0161801e+01
   3.7300000e+02   1.0162179e+01
   3.7400000e+02   1.0162163e+01
   3.7500000e+02   1.0162461e+01
   3.7600000e+02   1.0162548e+01
   3.7700000e+02   1.0162281e+01
   3.7800000e+02   1.0162349e+01
   3.7900000e+02   1.0162471e+01
   3.8000000e+02   1.0162760e+01
   3.8100000e+02   1.0162661e+01
   3.8200000e+02   1.0162486e+01
   3.8300000e+02   1.0162828e+01
   3.8400000e+02   1.0162373e+01
   3.8500000e+02   1.0162749e+01
   3.8600000e+02   1.0162309e+01
   3.8700000e+02   1.0162374e+01
   3.8800000e+02   1.0162024e+01
   3.8900000e+02   1.0161359e+01
   3.9000000e+02   1.0161226e+01
   3.9100000e+02   1.0161039e+01
   3.9200000e+02   1.0160447e+01
   3.9300000e+02   1.0160014e+01
   3.9400000e+02   1.0159997e+01
   3.9500000e+02   1.0159858e+01
   3.9600000e+02   1.0160209e+01
   3.9700000e+02   1.0160212e+01
   3.9800000e+02   1.0160771e+01
   3.9900000e+02   1.0161176e+01
   4.0000000e+02   1.0161602e+01
   4.0100000e+02   1.0161987e+01
   4.0200000e+02   1.0162041e+01
   4.0300000e+02   1.0161998e+01
   4.0400000e+02   1.0162237e+01
   4.0500000e+02   1.0162350e+01
   4.0600000e+02   1.0162425e+01
   4.0700000e+02   1.0162345e+01
   4.0800000e+02   1.0162523e+01
   4.0900000e+02   1.0162698e+01
   4.1000000e+02   1.0162443e+01
   4.1100000e+02   1.0162646e+01
   4.1200000e+02   1.0162724e+01
   4.1300000e+02   1.0162248e+01
   4.1400000e+02   1.0162736e+01
   4.1500000e+02   1.0162640e+01
   4.1600000e+02   1.0162498e+01
   4.1700000e+02   1.0162477e+01
   4.1800000e+02   1.0162354e+01
   4.1900000e+02   1.0162302e+01
   4.2000000e+02   1.0162285e+01
   4.2100000e+02   1.0162582e+01
   4.2200000e+02   1.0162361e+01
   4.2300000e+02   1.0162421e+01
   4.2400000e+02   1.0162534e+01
   4.2500000e+02   1.0162443e+01
   4.2600000e+02   1.0162205e+01
   4.2700000e+02   1.0162422e+01
   4.2800000e+02   1.0162427e+01
   4.2900000e+02   1.0162384e+01
   4.3000000e+02   1.0162491e+01
   4.3100000e+02   1.0162114e+01
   4.3200000e+02   1.0162735e+01
   4.3300000e+02   1.0162342e+01
   4.3400000e+02   1.0162483e+01
   4.3500000e+02   1.0162303e+01
   4.3600000e+02   1.0162318e+01
   4.3700000e+02   1.0162418e+01
   4.3800000e+02   1.0162391e+01
   4.3900000e+02   1.0162120e+01
   4.4000000e+02   1.0161859e+01
   4.4100000e+02   1.0161173e+01
   4.4200000e+02   1.0160812e+01
   4.4300000e+02   1.0159898e+01
   4.4400000e+02   1.0157984e+01
   4.4500000e+02   1.0155412e+01
   4.4600000e+02   1.0152368e+01
   4.4700000e+02   1.0148404e+01
   4.4800000e+02   1.0143852e+01
   4.4900000e+02   1.0138768e+01
   4.5000000e+02   1.0134474e+01
   4.5100000e+02   1.0131084e+01
   4.5200000e+02   1.0128831e+01
   4.5300000e+02   1.0128514e+01
   4.5400000e+02   1.0130131e+01
   4.5500000e+02   1.0132668e+01
   4.5600000e+02   1.0136159e+01
   4.5700000e+02   1.0140489e+01
   4.5800000e+02   1.0144462e+01
   4.5900000e+02   1.0148150e+01
   4.6000000e+02   1.0151840e+01
   4.6100000e+02   1.0154284e+01
   4.6200000e+02   1.0156710e+01
   4.6300000e+02   1.0158045e+01
   4.6400000e+02   1.0159046e+01
   4.6500000e+02   1.0159940e+01
   4.6600000e+02   1.0160246e+01
   4.6700000e+02   1.0160542e+01
   4.6800000e+02   1.0161074e+01
   4.6900000e+02   1.0161201e+01
   4.7000000e+02   1.0161345e+01
   4.7100000e+02   1.0161288e+01
   4.7200000e+02   1.0161360e+01
   4.7300000e+02   1.0161368e+01
   4.7400000e+02   1.0161731e+01
   4.7500000e+02   1.0161439e+01
   4.7600000e+02   1.0161497e+01
   4.7700000e+02   1.0161497e+01
   4.7800000e+02   1.0161337e+01
   4.7900000e+02   1.0161532e+01
   4.8000000e+02   1.0161606e+01
   4.8100000e+02   1.0161713e+01
   4.8200000e+02   1.0161922e+01
   4.8300000e+02   1.0161820e+01
   4.8400000e+02   1.0161858e+01
   4.8500000e+02   1.0161820e+01
   4.8600000e+02   1.0161942e+01
   4.8700000e+02   1.0161693e+01
   4.8800000e+02   1.0161954e+01
   4.8900000e+02   1.0161887e+01
   4.9000000e+02   1.0161894e+01
   4.9100000e+02   1.0161717e+01
   4.9200000e+02   1.0161856e+01
   4.9300000e+02   1.0161740e+01
   4.9400000e+02   1.0161885e+01
   4.9500000e+02   1.0161664e+01
   4.9600000e+02   1.0161662e+01
   4.9700000e+02   1.0161958e+01
   4.9800000e+02   1.0161885e+01
   4.9900000e+02   1.0161906e+01
   5.0000000e+02   1.0161702e+01
   5.0100000e+02   1.0161871e+01
   5.0200000e+02   1.0162016e+01
   5.0300000e+02   1.0161517e+01
   5.0400000e+02   1.0161917e+01
   5.0500000e+02   1.0161832e+01
   5.0600000e+02   1.0161778e+01
   5.0700000e+02   1.0161740e+01
   5.0800000e+02   1.0161998e+01
   5.0900000e+02   1.0161927e+01
   5.1000000e+02   1.0162135e+01
   5.1100000e+02   1.0162201e+01
   5.1200000e+02   1.0161736e+01
   5.1300000e+02   1.0161714e+01
   5.1400000e+02   1.0162043e+01
   5.1500000e+02   1.0161885e+01
   5.1600000e+02   1.0161991e+01
   5.1700000e+02   1.0161653e+01
   5.1800000e+02   1.0162028e+01
   5.1900000e+02   1.0162021e+01
   5.2000000e+02   1.0161972e+01
   5.2100000e+02   1.0161581e+01
   5.2200000e+02   1.0161816e+01
   5.2300000e+02   1.0161642e+01
   5.2400000e+02   1.0161657e+01
   5.2500000e+02   1.0161727e+01
   5.2600000e+02   1.0161789e+01
   5.2700000e+02   1.0161534e+01
   5.2800000e+02   1.0161747e+01
   5.2900000e+02   1.0161421e+01
   5.3000000e+02   1.0161682e+01
   5.3100000e+02   1.0161772e+01
   5.3200000e+02   1.0161725e+01
   5.3300000e+02   1.0161912e+01
   5.3400000e+02   1.0162020e+01
   5.3500000e+02   1.0161646e+01
   5.3600000e+02   1.0161857e+01
   5.3700000e+02   1.0161597e+01
   5.3800000e+02   1.0161751e+01
   5.3900000e+02   1.0161741e+01
   5.4000000e+02   1.0161804e+01
   5.4100000e+02   1.0161482e+01
   5.4200000e+02   1.0161342e+01
   5.4300000e+02   1.0161482e+01
   5.4400000e+02   1.0161360e+01
   5.4500000e+02   1.0161465e+01
   5.4600000e+02   1.0161656e+01
   5.4700000e+02   1.0161416e+01
   5.4800000e+02   1.0161589e+01
   5.4900000e+02   1.0161569e+01
   5.5000000e+02   1.0161456e+01
   5.5100000e+02   1.0161551e+01
   5.5200000e+02   1.0161503e+01
   5.5300000e+02   1.0161632e+01
   5.5400000e+02   1.0161366e+01
   5.5500000e+02   1.0161272e+01
   5.5600000e+02   1.0161416e+01
   5.5700000e+02   1.0161286e+01
   5.5800000e+02   1.0161186e+01
   5.5900000e+02   1.0161676e+01
   5.6000000e+02   1.0161400e+01
   5.6100000e+02   1.0161464e+01
   5.6200000e+02   1.0161293e+01
   5.6300000e+02   1.0161495e+01
   5.6400000e+02   1.0161692e+01
   5.6500000e+02   1.0161529e+01
   5.6600000e+02   1.0161455e+01
   5.6700000e+02   1.0161435e+01
   5.6800000e+02   1.0161328e+01
   5.6900000e+02   1.0161639e+01
   5.7000000e+02   1.0161802e+01
   5.7100000e+02   1.0161406e+01
   5.7200000e+02   1.0161720e+01
   5.7300000e+02   1.0161675e+01
   5.7400000e+02   1.0161496e+01
   5.7500000e+02   1.0161673e+01
   5.7600000e+02   1.0161483e+01
   5.7700000e+02   1.0161366e+01
   5.7800000e+02   1.0161490e+01
   5.7900000e+02   1.0161023e+01
   5.8000000e+02   1.0161076e+01
   5.8100000e+02   1.0161080e+01
   5.8200000e+02   1.0161389e+01
   5.8300000e+02   1.0161351e+01
   5.8400000e+02   1.0161201e+01
   5.8500000e+02   1.0161287e+01
   5.8600000e+02   1.0161139e+01
   5.8700000e+02   1.0161445e+01
   5.8800000e+02   1.0161267e+01
   5.8900000e+02   1.0161347e+01
   5.9000000e+02   1.0161223e+01
   5.9100000e+02   1.0161269e+01
   5.9200000e+02   1.0161354e+01
   5.9300000e+02   1.0161128e+01
   5.9400000e+02   1.0161155e+01
   5.9500000e+02   1.0161345e+01
   5.9600000e+02   1.0161028e+01
   5.9700000e+02   1.0160903e+01
   5.9800000e+02   1.0161278e+01
   5.9900000e+02   1.0161219e+01
   6.0000000e+02   1.0160854e+01
   6.0100000e+02   1.0161078e+01
   6.0200000e+02   1.0161024e+01
   6.0300000e+02   1.0161159e+01
   6.0400000e+02   1.0161044e+01
   6.0500000e+02   1.0161033e+01
   6.0600000e+02   1.0161178e+01
   6.0700000e+02   1.0161102e+01
   6.0800000e+02   1.0161207e+01
   6.0900000e+02   1.0161087e+01
   6.1000000e+02   1.0161181e+01
   6.1100000e+02   1.0160899e+01
   6.1200000e+02   1.0161139e+01
   6.1300000e+02   1.0160996e+01
   6.1400000e+02   1.0161312e+01
   6.1500000e+02   1.0161102e+01
   6.1600000e+02   1.0160923e+01
   6.1700000e+02   1.0161062e+01
   6.1800000e+02   1.0160911e+01
   6.1900000e+02   1.0161187e+01
   6.2000000e+02   1.0161032e+01
   6.2100000e+02   1.0161119e+01
   6.2200000e+02   1.0161274e+01
   6.2300000e+02   1.0161086e+01
   6.2400000e+02   1.0160981e+01
   6.2500000e+02   1.0161069e+01
   6.2600000e+02   1.0161185e+01
   6.2700000e+02   1.0161095e+01
   6.2800000e+02   1.0161369e+01
   6.2900000e+02   1.0160740e+01
   6.3000000e+02   1.0161336e+01
   6.3100000e+02   1.0161346e+01
   6.3200000e+02   1.0161237e+01
   6.3300000e+02   1.0161205e+01
   6.3400000e+02   1.0160928e+01
   6.3500000e+02   1.0161237e+01
   6.3600000e+02   1.0160941e+01
   6.3700000e+02   1.0161044e+01
   6.3800000e+02   1.0160827e+01
   6.3900000e+02   1.0161303e+01
   6.4000000e+02   1.0161321e+01
   6.4100000e+02   1.0161190e+01
   6.4200000e+02   1.0161027e+01
   6.4300000e+02   1.0161049e+01
   6.4400000e+02   1.0160925e+01
   6.4500000e+02   1.0160981e+01
   6.4600000e+02   1.0161049e+01
   6.4700000e+02   1.0161193e+01
   6.4800000e+02   1.0160916e+01
   6.4900000e+02   1.0160964e+01
   6.5000000e+02   1.0160837e+01
   6.5100000e+02   1.0161024e+01
   6.5200000e+02   1.0161125e+01
   6.5300000e+02   1.0161136e+01
   6.5400000e+02   1.0160840e+01
   6.5500000e+02   1.0160927e+01
   6.5600000e+02   1.0160969e+01
   6.5700000e+02   1.0160975e+01
   6.5800000e+02   1.0160757e+01
   6.5900000e+02   1.0161168e+01
   6.6000000e+02   1.0160941e+01
   6.6100000e+02   1.0160847e+01
   6.6200000e+02   1.0161007e+01
   6.6300000e+02   1.0160870e+01
   6.6400000e+02   1.0160962e+01
   6.6500000e+02   1.0160904e+01
   6.6600000e+02   1.0161003e+01
   6.6700000e+02   1.0160895e+01
   6.6800000e+02   1.0160867e+01
   6.6900000e+02   1.0160956e+01
   6.7000000e+02   1.0161103e+01
   6.7100000e+02   1.0160633e+01
   6.7200000e+02   1.0160911e+01
   6.7300000e+02   1.0160722e+01
   6.7400000e+02   1.0160688e+01
   6.7500000e+02   1.0160700e+01
   6.7600000e+02   1.0160591e+01
   6.7700000e+02   1.0160592e+01
   6.7800000e+02   1.0160558e+01
   6.7900000e+02   1.0160708e+01
   6.8000000e+02   1.0160598e+01
   6.8100000e+02   1.0160848e+01
   6.8200000e+02   1.0160585e+01
   6.8300000e+02   1.0160539e+01
   6.8400000e+02   1.0160199e+01
   6.8500000e+02   1.0160433e+01
   6.8600000e+02   1.0160452e+01
   6.8700000e+02   1.0160546e+01
   6.8800000e+02   1.0160256e+01
   6.8900000e+02   1.0160511e+01
   6.9000000e+02   1.0160373e+01
   6.9100000e+02   1.0160256e+01
   6.9200000e+02   1.0160316e+01
   6.9300000e+02   1.0160239e+01
   6.9400000e+02   1.0160154e+01
   6.9500000e+02   1.0160137e+01
   6.9600000e+02   1.0160186e+01
   6.9700000e+02   1.0160121e+01
   6.9800000e+02   1.0160259e+01
   6.9900000e+02   1.0159997e+01
   7.0000000e+02   1.0160126e+01
   7.0100000e+02   1.0160230e+01
   7.0200000e+02   1.0160610e+01
   7.0300000e+02   1.0160413e+01
   7.0400000e+02   1.0160194e+01
   7.0500000e+02   1.0160594e+01
   7.0600000e+02   1.0160618e+01
   7.0700000e+02   1.0160411e+01
   7.0800000e+02   1.0160188e+01
   7.0900000e+02   1.0160518e+01
   7.1000000e+02   1.0160440e+01
   7.1100000e+02   1.0160700e+01
   7.1200000e+02   1.0160475e+01
   7.1300000e+02   1.0160305e+01
   7.1400000e+02   1.0160526e+01
   7.1500000e+02   1.0160557e+01
   7.1600000e+02   1.0160564e+01
   7.1700000e+02   1.0160653e+01
   7.1800000e+02   1.0160542e+01
   7.1900000e+02   1.0160658e+01
   7.2000000e+02   1.0160447e+01
   7.2100000e+02   1.0160722e+01
   7.2200000e+02   1.0160799e+01
   7.2300000e+02   1.0160781e+01
   7.2400000e+02   1.0160574e+01
   7.2500000e+02   1.0160544e+01
   7.2600000e+02   1.0160593e+01
   7.2700000e+02   1.0160593e+01
   7.2800000e+02   1.0160608e+01
   7.2900000e+02   1.0160621e+01
   7.3000000e+02   1.0160620e+01
   7.3100000e+02   1.0160866e+01
   7.3200000e+02   1.0160551e+01
   7.3300000e+02   1.0160481e+01
   7.3400000e+02   1.0160690e+01
   7.3500000e+02   1.0160299e+01
   7.3600000e+02   1.0160590e+01
   7.3700000e+02   1.0160434e+01
   7.3800000e+02   1.0160380e+01
   7.3900000e+02   1.0160514e+01
   7.4000000e+02   1.0160529e+01
   7.4100000e+02   1.0160680e+01
   7.4200000e+02   1.0160426e+01
   7.4300000e+02   1.0160407e+01
   7.4400000e+02   1.0160577e+01
   7.4500000e+02   1.0160188e+01
   7.4600000e+02   1.0160268e+01
   7.4700000e+02   1.0160318e+01
   7.4800000e+02   1.0160434e+01
   7.4900000e+02   1.0160311e+01
   7.5000000e+02   1.0160208e+01
   7.5100000e+02   1.0160456e+01
   7.5200000e+02   1.0160267e+01
   7.5300000e+02   1.0160491e+01
   7.5400000e+02   1.0160478e+01
   7.5500000e+02   1.0160446e+01
   7.5600000e+02   1.0160448e+01
   7.5700000e+02   1.0160275e+01
   7.5800000e+02   1.0160202e+01
   7.5900000e+02   1.0160443e+01
   7.6000000e+02   1.0160235e+01
   7.6100000e+02   1.0160484e+01
   7.6200000e+02   1.0160189e+01
   7.6300000e+02   1.0160209e+01
   7.6400000e+02   1.0160305e+01
   7.6500000e+02   1.0160183e+01
   7.6600000e+02   1.0160498e+01
   7.6700000e+02   1.0160394e+01
   7.6800000e+02   1.0160502e+01
   7.6900000e+02   1.0160247e+01
   7.7000000e+02   1.0160237e+01
   7.7100000e+02   1.0160089e+01
   7.7200000e+02   1.0160429e+01
   7.7300000e+02   1.0160397e+01
   7.7400000e+02   1.0160224e+01
   7.7500000e+02   1.0160364e+01
   7.7600000e+02   1.0160264e+01
   7.7700000e+02   1.0160080e+01
   7.7800000e+02   1.0160143e+01
   7.7900000e+02   1.0160355e+01
   7.8000000e+02   1.0159984e+01
