   0.0000000e+00   1.0220514e+01
   1.0000000e+00   1.0215514e+01
   2.0000000e+00   1.0213904e+01
   3.0000000e+00   1.0213248e+01
   4.0000000e+00   1.0212978e+01
   5.0000000e+00   1.0212301e+01
   6.0000000e+00   1.0212047e+01
   7.0000000e+00   1.0211275e+01
   8.0000000e+00   1.0211190e+01
   9.0000000e+00   1.0211101e+01
   1.0000000e+01   1.0210739e+01
   1.1000000e+01   1.0210445e+01
   1.2000000e+01   1.0210375e+01
   1.3000000e+01   1.0210165e+01
   1.4000000e+01   1.0210098e+01
   1.5000000e+01   1.0209846e+01
   1.6000000e+01   1.0209665e+01
   1.7000000e+01   1.0209342e+01
   1.8000000e+01   1.0209522e+01
   1.9000000e+01   1.0209026e+01
   2.0000000e+01   1.0208960e+01
   2.1000000e+01   1.0209185e+01
   2.2000000e+01   1.0208533e+01
   2.3000000e+01   1.0208509e+01
   2.4000000e+01   1.0208410e+01
   2.5000000e+01   1.0208207e+01
   2.6000000e+01   1.0208207e+01
   2.7000000e+01   1.0208022e+01
   2.8000000e+01   1.0208343e+01
   2.9000000e+01   1.0207887e+01
   3.0000000e+01   1.0207670e+01
   3.1000000e+01   1.0207825e+01
   3.2000000e+01   1.0207640e+01
   3.3000000e+01   1.0207391e+01
   3.4000000e+01   1.0207420e+01
   3.5000000e+01   1.0207345e+01
   3.6000000e+01   1.0207136e+01
   3.7000000e+01   1.0207174e+01
   3.8000000e+01   1.0206922e+01
   3.9000000e+01   1.0207222e+01
   4.0000000e+01   1.0206986e+01
   4.1000000e+01   1.0207079e+01
   4.2000000e+01   1.0206794e+01
   4.3000000e+01   1.0206719e+01
   4.4000000e+01   1.0206895e+01
   4.5000000e+01   1.0206914e+01
   4.6000000e+01   1.0206705e+01
   4.7000000e+01   1.0206694e+01
   4.8000000e+01   1.0206502e+01
   4.9000000e+01   1.0206538e+01
   5.0000000e+01   1.0206255e+01
   5.1000000e+01   1.0206304e+01
   5.2000000e+01   1.0206130e+01
   5.3000000e+01   1.0206324e+01
   5.4000000e+01   1.0206008e+01
   5.5000000e+01   1.0206116e+01
   5.6000000e+01   1.0206172e+01
   5.7000000e+01   1.0205620e+01
   5.8000000e+01   1.0205723e+01
   5.9000000e+01   1.0205743e+01
   6.0000000e+01   1.0205833e+01
   6.1000000e+01   1.0205819e+01
   6.2000000e+01   1.0205585e+01
   6.3000000e+01   1.0205688e+01
   6.4000000e+01   1.0205791e+01
   6.5000000e+01   1.0205376e+01
   6.6000000e+01   1.0205459e+01
   6.7000000e+01   1.0205346e+01
   6.8000000e+01   1.0205247e+01
   6.9000000e+01   1.0205056e+01
   7.0000000e+01   1.0205153e+01
   7.1000000e+01   1.0205121e+01
   7.2000000e+01   1.0205041e+01
   7.3000000e+01   1.0204931e+01
   7.4000000e+01   1.0204946e+01
   7.5000000e+01   1.0204715e+01
   7.6000000e+01   1.0204833e+01
   7.7000000e+01   1.0204537e+01
   7.8000000e+01   1.0204808e+01
   7.9000000e+01   1.0204697e+01
   8.0000000e+01   1.0204594e+01
   8.1000000e+01   1.0204489e+01
   8.2000000e+01   1.0204565e+01
   8.3000000e+01   1.0204624e+01
   8.4000000e+01   1.0204269e+01
   8.5000000e+01   1.0204141e+01
   8.6000000e+01   1.0204323e+01
   8.7000000e+01   1.0204541e+01
   8.8000000e+01   1.0204314e+01
   8.9000000e+01   1.0204283e+01
   9.0000000e+01   1.0204312e+01
   9.1000000e+01   1.0204010e+01
   9.2000000e+01   1.0204341e+01
   9.3000000e+01   1.0204171e+01
   9.4000000e+01   1.0204164e+01
   9.5000000e+01   1.0203874e+01
   9.6000000e+01   1.0204070e+01
   9.7000000e+01   1.0204010e+01
   9.8000000e+01   1.0204041e+01
   9.9000000e+01   1.0203850e+01
   1.0000000e+02   1.0203815e+01
   1.0100000e+02   1.0203713e+01
   1.0200000e+02   1.0203805e+01
   1.0300000e+02   1.0203840e+01
   1.0400000e+02   1.0203611e+01
   1.0500000e+02   1.0203469e+01
   1.0600000e+02   1.0203476e+01
   1.0700000e+02   1.0203290e+01
   1.0800000e+02   1.0203196e+01
   1.0900000e+02   1.0203268e+01
   1.1000000e+02   1.0203543e+01
   1.1100000e+02   1.0203174e+01
   1.1200000e+02   1.0203380e+01
   1.1300000e+02   1.0203103e+01
   1.1400000e+02   1.0203323e+01
   1.1500000e+02   1.0203129e+01
   1.1600000e+02   1.0202994e+01
   1.1700000e+02   1.0203097e+01
   1.1800000e+02   1.0203037e+01
   1.1900000e+02   1.0202848e+01
   1.2000000e+02   1.0202853e+01
   1.2100000e+02   1.0202744e+01
   1.2200000e+02   1.0202777e+01
   1.2300000e+02   1.0202978e+01
   1.2400000e+02   1.0202804e+01
   1.2500000e+02   1.0203141e+01
   1.2600000e+02   1.0202870e+01
   1.2700000e+02   1.0202685e+01
   1.2800000e+02   1.0203010e+01
   1.2900000e+02   1.0202882e+01
   1.3000000e+02   1.0202723e+01
   1.3100000e+02   1.0202773e+01
   1.3200000e+02   1.0202587e+01
   1.3300000e+02   1.0202619e+01
   1.3400000e+02   1.0202511e+01
   1.3500000e+02   1.0202793e+01
   1.3600000e+02   1.0202472e+01
   1.3700000e+02   1.0202181e+01
   1.3800000e+02   1.0202440e+01
   1.3900000e+02   1.0202433e+01
   1.4000000e+02   1.0202234e+01
   1.4100000e+02   1.0202128e+01
   1.4200000e+02   1.0202375e+01
   1.4300000e+02   1.0202427e+01
   1.4400000e+02   1.0202246e+01
   1.4500000e+02   1.0202123e+01
   1.4600000e+02   1.0202063e+01
   1.4700000e+02   1.0202138e+01
   1.4800000e+02   1.0201775e+01
   1.4900000e+02   1.0202227e+01
   1.5000000e+02   1.0201966e+01
   1.5100000e+02   1.0202005e+01
   1.5200000e+02   1.0201784e+01
   1.5300000e+02   1.0201981e+01
   1.5400000e+02   1.0201817e+01
   1.5500000e+02   1.0201629e+01
   1.5600000e+02   1.0201570e+01
   1.5700000e+02   1.0201767e+01
   1.5800000e+02   1.0201450e+01
   1.5900000e+02   1.0201598e+01
   1.6000000e+02   1.0201600e+01
   1.6100000e+02   1.0201601e+01
   1.6200000e+02   1.0201568e+01
   1.6300000e+02   1.0201200e+01
   1.6400000e+02   1.0201629e+01
   1.6500000e+02   1.0201503e+01
   1.6600000e+02   1.0201333e+01
   1.6700000e+02   1.0197846e+01
   1.6800000e+02   1.0187899e+01
   1.6900000e+02   1.0182923e+01
   1.7000000e+02   1.0189572e+01
   1.7100000e+02   1.0195722e+01
   1.7200000e+02   1.0198979e+01
   1.7300000e+02   1.0200496e+01
   1.7400000e+02   1.0201087e+01
   1.7500000e+02   1.0200835e+01
   1.7600000e+02   1.0201036e+01
   1.7700000e+02   1.0200904e+01
   1.7800000e+02   1.0200992e+01
   1.7900000e+02   1.0195822e+01
   1.8000000e+02   1.0170571e+01
   1.8100000e+02   1.0161363e+01
   1.8200000e+02   1.0168324e+01
   1.8300000e+02   1.0176678e+01
   1.8400000e+02   1.0179850e+01
   1.8500000e+02   1.0180145e+01
   1.8600000e+02   1.0179919e+01
   1.8700000e+02   1.0181427e+01
   1.8800000e+02   1.0186201e+01
   1.8900000e+02   1.0191092e+01
   1.9000000e+02   1.0195465e+01
   1.9100000e+02   1.0198319e+01
   1.9200000e+02   1.0199538e+01
   1.9300000e+02   1.0199551e+01
   1.9400000e+02   1.0199876e+01
   1.9500000e+02   1.0199851e+01
   1.9600000e+02   1.0199874e+01
   1.9700000e+02   1.0200051e+01
   1.9800000e+02   1.0199822e+01
   1.9900000e+02   1.0200157e+01
   2.0000000e+02   1.0200336e+01
   2.0100000e+02   1.0200079e+01
   2.0200000e+02   1.0200148e+01
   2.0300000e+02   1.0200228e+01
   2.0400000e+02   1.0200358e+01
   2.0500000e+02   1.0199880e+01
   2.0600000e+02   1.0200128e+01
   2.0700000e+02   1.0200398e+01
   2.0800000e+02   1.0200083e+01
   2.0900000e+02   1.0200228e+01
   2.1000000e+02   1.0200324e+01
   2.1100000e+02   1.0200100e+01
   2.1200000e+02   1.0200290e+01
   2.1300000e+02   1.0200238e+01
   2.1400000e+02   1.0200215e+01
   2.1500000e+02   1.0200147e+01
   2.1600000e+02   1.0200397e+01
   2.1700000e+02   1.0200469e+01
   2.1800000e+02   1.0200278e+01
   2.1900000e+02   1.0200096e+01
   2.2000000e+02   1.0200190e+01
   2.2100000e+02   1.0200259e+01
   2.2200000e+02   1.0200042e+01
   2.2300000e+02   1.0200266e+01
   2.2400000e+02   1.0200258e+01
   2.2500000e+02   1.0200065e+01
   2.2600000e+02   1.0199870e+01
   2.2700000e+02   1.0199801e+01
   2.2800000e+02   1.0199955e+01
   2.2900000e+02   1.0199587e+01
   2.3000000e+02   1.0199764e+01
   2.3100000e+02   1.0199848e+01
   2.3200000e+02   1.0200278e+01
   2.3300000e+02   1.0199985e+01
   2.3400000e+02   1.0199985e+01
   2.3500000e+02   1.0199967e+01
   2.3600000e+02   1.0199959e+01
   2.3700000e+02   1.0199823e+01
   2.3800000e+02   1.0199905e+01
   2.3900000e+02   1.0199808e+01
   2.4000000e+02   1.0199630e+01
   2.4100000e+02   1.0199863e+01
   2.4200000e+02   1.0199612e+01
   2.4300000e+02   1.0199558e+01
   2.4400000e+02   1.0199871e+01
   2.4500000e+02   1.0199458e+01
   2.4600000e+02   1.0198954e+01
   2.4700000e+02   1.0198058e+01
   2.4800000e+02   1.0197053e+01
   2.4900000e+02   1.0195567e+01
   2.5000000e+02   1.0194241e+01
   2.5100000e+02   1.0193808e+01
   2.5200000e+02   1.0193641e+01
   2.5300000e+02   1.0194279e+01
   2.5400000e+02   1.0195271e+01
   2.5500000e+02   1.0195840e+01
   2.5600000e+02   1.0196302e+01
   2.5700000e+02   1.0196600e+01
   2.5800000e+02   1.0196268e+01
   2.5900000e+02   1.0196166e+01
   2.6000000e+02   1.0195994e+01
   2.6100000e+02   1.0195311e+01
   2.6200000e+02   1.0194764e+01
   2.6300000e+02   1.0194534e+01
   2.6400000e+02   1.0194168e+01
   2.6500000e+02   1.0193905e+01
   2.6600000e+02   1.0193945e+01
   2.6700000e+02   1.0194201e+01
   2.6800000e+02   1.0194667e+01
   2.6900000e+02   1.0195306e+01
   2.7000000e+02   1.0196048e+01
   2.7100000e+02   1.0196771e+01
   2.7200000e+02   1.0197227e+01
   2.7300000e+02   1.0197295e+01
   2.7400000e+02   1.0197565e+01
   2.7500000e+02   1.0197684e+01
   2.7600000e+02   1.0197553e+01
   2.7700000e+02   1.0197446e+01
   2.7800000e+02   1.0197459e+01
   2.7900000e+02   1.0197515e+01
   2.8000000e+02   1.0197805e+01
   2.8100000e+02   1.0197841e+01
   2.8200000e+02   1.0198101e+01
   2.8300000e+02   1.0197807e+01
   2.8400000e+02   1.0197979e+01
   2.8500000e+02   1.0197926e+01
   2.8600000e+02   1.0197762e+01
   2.8700000e+02   1.0198317e+01
   2.8800000e+02   1.0198072e+01
   2.8900000e+02   1.0198272e+01
   2.9000000e+02   1.0198284e+01
   2.9100000e+02   1.0198240e+01
   2.9200000e+02   1.0198273e+01
   2.9300000e+02   1.0198055e+01
   2.9400000e+02   1.0198072e+01
   2.9500000e+02   1.0197959e+01
   2.9600000e+02   1.0198045e+01
   2.9700000e+02   1.0197979e+01
   2.9800000e+02   1.0197863e+01
   2.9900000e+02   1.0198060e+01
   3.0000000e+02   1.0197803e+01
   3.0100000e+02   1.0197859e+01
   3.0200000e+02   1.0197894e+01
   3.0300000e+02   1.0197828e+01
   3.0400000e+02   1.0197294e+01
   3.0500000e+02   1.0196884e+01
   3.0600000e+02   1.0195661e+01
   3.0700000e+02   1.0194909e+01
   3.0800000e+02   1.0193437e+01
   3.0900000e+02   1.0191634e+01
   3.1000000e+02   1.0189325e+01
   3.1100000e+02   1.0186197e+01
   3.1200000e+02   1.0183162e+01
   3.1300000e+02   1.0180370e+01
   3.1400000e+02   1.0178971e+01
   3.1500000e+02   1.0178758e+01
   3.1600000e+02   1.0179462e+01
   3.1700000e+02   1.0180627e+01
   3.1800000e+02   1.0180600e+01
   3.1900000e+02   1.0179356e+01
   3.2000000e+02   1.0175844e+01
   3.2100000e+02   1.0171153e+01
   3.2200000e+02   1.0166621e+01
   3.2300000e+02   1.0163022e+01
   3.2400000e+02   1.0161463e+01
   3.2500000e+02   1.0161447e+01
   3.2600000e+02   1.0162867e+01
   3.2700000e+02   1.0165342e+01
   3.2800000e+02   1.0168719e+01
   3.2900000e+02   1.0172260e+01
   3.3000000e+02   1.0176603e+01
   3.3100000e+02   1.0180701e+01
   3.3200000e+02   1.0184812e+01
   3.3300000e+02   1.0187635e+01
   3.3400000e+02   1.0190288e+01
   3.3500000e+02   1.0191935e+01
   3.3600000e+02   1.0192475e+01
   3.3700000e+02   1.0192136e+01
   3.3800000e+02   1.0191244e+01
   3.3900000e+02   1.0189858e+01
   3.4000000e+02   1.0188722e+01
   3.4100000e+02   1.0187245e+01
   3.4200000e+02   1.0186742e+01
   3.4300000e+02   1.0187308e+01
   3.4400000e+02   1.0187742e+01
   3.4500000e+02   1.0189433e+01
   3.4600000e+02   1.0191074e+01
   3.4700000e+02   1.0192379e+01
   3.4800000e+02   1.0194028e+01
   3.4900000e+02   1.0194487e+01
   3.5000000e+02   1.0195312e+01
   3.5100000e+02   1.0195677e+01
   3.5200000e+02   1.0196142e+01
   3.5300000e+02   1.0196161e+01
   3.5400000e+02   1.0196509e+01
   3.5500000e+02   1.0196667e+01
   3.5600000e+02   1.0196588e+01
   3.5700000e+02   1.0196567e+01
   3.5800000e+02   1.0196464e+01
   3.5900000e+02   1.0196420e+01
   3.6000000e+02   1.0196102e+01
   3.6100000e+02   1.0195950e+01
   3.6200000e+02   1.0195674e+01
   3.6300000e+02   1.0195101e+01
   3.6400000e+02   1.0194921e+01
   3.6500000e+02   1.0194714e+01
   3.6600000e+02   1.0194714e+01
   3.6700000e+02   1.0195036e+01
   3.6800000e+02   1.0195102e+01
   3.6900000e+02   1.0195380e+01
   3.7000000e+02   1.0196065e+01
   3.7100000e+02   1.0195997e+01
   3.7200000e+02   1.0196170e+01
   3.7300000e+02   1.0196515e+01
   3.7400000e+02   1.0196736e+01
   3.7500000e+02   1.0196855e+01
   3.7600000e+02   1.0196865e+01
   3.7700000e+02   1.0196985e+01
   3.7800000e+02   1.0197072e+01
   3.7900000e+02   1.0196930e+01
   3.8000000e+02   1.0196941e+01
   3.8100000e+02   1.0196750e+01
   3.8200000e+02   1.0196682e+01
   3.8300000e+02   1.0196770e+01
   3.8400000e+02   1.0196732e+01
   3.8500000e+02   1.0196493e+01
   3.8600000e+02   1.0196688e+01
   3.8700000e+02   1.0196542e+01
   3.8800000e+02   1.0196351e+01
   3.8900000e+02   1.0196079e+01
   3.9000000e+02   1.0195715e+01
   3.9100000e+02   1.0195375e+01
   3.9200000e+02   1.0195048e+01
   3.9300000e+02   1.0194997e+01
   3.9400000e+02   1.0194763e+01
   3.9500000e+02   1.0194630e+01
   3.9600000e+02   1.0194625e+01
   3.9700000e+02   1.0194953e+01
   3.9800000e+02   1.0195375e+01
   3.9900000e+02   1.0195597e+01
   4.0000000e+02   1.0195712e+01
   4.0100000e+02   1.0195830e+01
   4.0200000e+02   1.0196110e+01
   4.0300000e+02   1.0196364e+01
   4.0400000e+02   1.0195958e+01
   4.0500000e+02   1.0196500e+01
   4.0600000e+02   1.0196284e+01
   4.0700000e+02   1.0196243e+01
   4.0800000e+02   1.0196442e+01
   4.0900000e+02   1.0196735e+01
   4.1000000e+02   1.0196512e+01
   4.1100000e+02   1.0196666e+01
   4.1200000e+02   1.0196381e+01
   4.1300000e+02   1.0196393e+01
   4.1400000e+02   1.0196312e+01
   4.1500000e+02   1.0196166e+01
   4.1600000e+02   1.0196410e+01
   4.1700000e+02   1.0196049e+01
   4.1800000e+02   1.0196322e+01
   4.1900000e+02   1.0196247e+01
   4.2000000e+02   1.0196334e+01
   4.2100000e+02   1.0196131e+01
   4.2200000e+02   1.0196187e+01
   4.2300000e+02   1.0196281e+01
   4.2400000e+02   1.0196302e+01
   4.2500000e+02   1.0196286e+01
   4.2600000e+02   1.0196253e+01
   4.2700000e+02   1.0196125e+01
   4.2800000e+02   1.0196078e+01
   4.2900000e+02   1.0196155e+01
   4.3000000e+02   1.0196295e+01
   4.3100000e+02   1.0196257e+01
   4.3200000e+02   1.0195699e+01
   4.3300000e+02   1.0196017e+01
   4.3400000e+02   1.0196061e+01
   4.3500000e+02   1.0196075e+01
   4.3600000e+02   1.0195898e+01
   4.3700000e+02   1.0196003e+01
   4.3800000e+02   1.0196084e+01
   4.3900000e+02   1.0195797e+01
   4.4000000e+02   1.0195709e+01
   4.4100000e+02   1.0194900e+01
   4.4200000e+02   1.0194167e+01
   4.4300000e+02   1.0192961e+01
   4.4400000e+02   1.0191109e+01
   4.4500000e+02   1.0187907e+01
   4.4600000e+02   1.0183907e+01
   4.4700000e+02   1.0179086e+01
   4.4800000e+02   1.0173221e+01
   4.4900000e+02   1.0167506e+01
   4.5000000e+02   1.0161912e+01
   4.5100000e+02   1.0157389e+01
   4.5200000e+02   1.0154585e+01
   4.5300000e+02   1.0153952e+01
   4.5400000e+02   1.0155459e+01
   4.5500000e+02   1.0158884e+01
   4.5600000e+02   1.0162847e+01
   4.5700000e+02   1.0168330e+01
   4.5800000e+02   1.0173640e+01
   4.5900000e+02   1.0178267e+01
   4.6000000e+02   1.0182661e+01
   4.6100000e+02   1.0185851e+01
   4.6200000e+02   1.0188791e+01
   4.6300000e+02   1.0190415e+01
   4.6400000e+02   1.0191763e+01
   4.6500000e+02   1.0192403e+01
   4.6600000e+02   1.0193136e+01
   4.6700000e+02   1.0193836e+01
   4.6800000e+02   1.0194062e+01
   4.6900000e+02   1.0194232e+01
   4.7000000e+02   1.0194279e+01
   4.7100000e+02   1.0194491e+01
   4.7200000e+02   1.0194776e+01
   4.7300000e+02   1.0194477e+01
   4.7400000e+02   1.0194676e+01
   4.7500000e+02   1.0194668e+01
   4.7600000e+02   1.0194513e+01
   4.7700000e+02   1.0194556e+01
   4.7800000e+02   1.0194720e+01
   4.7900000e+02   1.0194943e+01
   4.8000000e+02   1.0195081e+01
   4.8100000e+02   1.0194573e+01
   4.8200000e+02   1.0194718e+01
   4.8300000e+02   1.0194876e+01
   4.8400000e+02   1.0195153e+01
   4.8500000e+02   1.0194736e+01
   4.8600000e+02   1.0195078e+01
   4.8700000e+02   1.0194835e+01
   4.8800000e+02   1.0194950e+01
   4.8900000e+02   1.0194678e+01
   4.9000000e+02   1.0194850e+01
   4.9100000e+02   1.0195264e+01
   4.9200000e+02   1.0194983e+01
   4.9300000e+02   1.0194996e+01
   4.9400000e+02   1.0195123e+01
   4.9500000e+02   1.0194925e+01
   4.9600000e+02   1.0195056e+01
   4.9700000e+02   1.0195115e+01
   4.9800000e+02   1.0194948e+01
   4.9900000e+02   1.0194862e+01
   5.0000000e+02   1.0195133e+01
   5.0100000e+02   1.0195113e+01
   5.0200000e+02   1.0194875e+01
   5.0300000e+02   1.0194845e+01
   5.0400000e+02   1.0195396e+01
   5.0500000e+02   1.0195029e+01
   5.0600000e+02   1.0194845e+01
   5.0700000e+02   1.0195028e+01
   5.0800000e+02   1.0195188e+01
   5.0900000e+02   1.0194962e+01
   5.1000000e+02   1.0194900e+01
   5.1100000e+02   1.0194890e+01
   5.1200000e+02   1.0194836e+01
   5.1300000e+02   1.0194906e+01
   5.1400000e+02   1.0194892e+01
   5.1500000e+02   1.0194780e+01
   5.1600000e+02   1.0194818e+01
   5.1700000e+02   1.0194755e+01
   5.1800000e+02   1.0194664e+01
   5.1900000e+02   1.0194942e+01
   5.2000000e+02   1.0194829e+01
   5.2100000e+02   1.0194857e+01
   5.2200000e+02   1.0194663e+01
   5.2300000e+02   1.0194779e+01
   5.2400000e+02   1.0194854e+01
   5.2500000e+02   1.0194953e+01
   5.2600000e+02   1.0194610e+01
   5.2700000e+02   1.0194917e+01
   5.2800000e+02   1.0194559e+01
   5.2900000e+02   1.0194748e+01
   5.3000000e+02   1.0194509e+01
   5.3100000e+02   1.0194810e+01
   5.3200000e+02   1.0194747e+01
   5.3300000e+02   1.0194672e+01
   5.3400000e+02   1.0194798e+01
   5.3500000e+02   1.0194773e+01
   5.3600000e+02   1.0194461e+01
   5.3700000e+02   1.0194542e+01
   5.3800000e+02   1.0194745e+01
   5.3900000e+02   1.0194908e+01
   5.4000000e+02   1.0194570e+01
   5.4100000e+02   1.0194522e+01
   5.4200000e+02   1.0194658e+01
   5.4300000e+02   1.0194799e+01
   5.4400000e+02   1.0194389e+01
   5.4500000e+02   1.0194343e+01
   5.4600000e+02   1.0194421e+01
   5.4700000e+02   1.0194629e+01
   5.4800000e+02   1.0194571e+01
   5.4900000e+02   1.0194429e+01
   5.5000000e+02   1.0194279e+01
   5.5100000e+02   1.0194505e+01
   5.5200000e+02   1.0194370e+01
   5.5300000e+02   1.0194323e+01
   5.5400000e+02   1.0194459e+01
   5.5500000e+02   1.0194279e+01
   5.5600000e+02   1.0194490e+01
   5.5700000e+02   1.0194336e+01
   5.5800000e+02   1.0194129e+01
   5.5900000e+02   1.0194193e+01
   5.6000000e+02   1.0194555e+01
   5.6100000e+02   1.0194264e+01
   5.6200000e+02   1.0194354e+01
   5.6300000e+02   1.0194050e+01
   5.6400000e+02   1.0194358e+01
   5.6500000e+02   1.0194286e+01
   5.6600000e+02   1.0194238e+01
   5.6700000e+02   1.0194254e+01
   5.6800000e+02   1.0194154e+01
   5.6900000e+02   1.0194518e+01
   5.7000000e+02   1.0194402e+01
   5.7100000e+02   1.0194363e+01
   5.7200000e+02   1.0194236e+01
   5.7300000e+02   1.0194133e+01
   5.7400000e+02   1.0193940e+01
   5.7500000e+02   1.0193945e+01
   5.7600000e+02   1.0194132e+01
   5.7700000e+02   1.0194285e+01
   5.7800000e+02   1.0194209e+01
   5.7900000e+02   1.0194093e+01
   5.8000000e+02   1.0194231e+01
   5.8100000e+02   1.0193867e+01
   5.8200000e+02   1.0193795e+01
   5.8300000e+02   1.0193776e+01
   5.8400000e+02   1.0193966e+01
   5.8500000e+02   1.0194006e+01
   5.8600000e+02   1.0193918e+01
   5.8700000e+02   1.0194099e+01
   5.8800000e+02   1.0194092e+01
   5.8900000e+02   1.0193812e+01
   5.9000000e+02   1.0193981e+01
   5.9100000e+02   1.0194185e+01
   5.9200000e+02   1.0194140e+01
   5.9300000e+02   1.0193956e+01
   5.9400000e+02   1.0193765e+01
   5.9500000e+02   1.0193760e+01
   5.9600000e+02   1.0193796e+01
   5.9700000e+02   1.0193930e+01
   5.9800000e+02   1.0194026e+01
   5.9900000e+02   1.0193866e+01
   6.0000000e+02   1.0193732e+01
   6.0100000e+02   1.0193814e+01
   6.0200000e+02   1.0193772e+01
   6.0300000e+02   1.0193940e+01
   6.0400000e+02   1.0193818e+01
   6.0500000e+02   1.0193941e+01
   6.0600000e+02   1.0193904e+01
   6.0700000e+02   1.0193977e+01
   6.0800000e+02   1.0193893e+01
   6.0900000e+02   1.0193666e+01
   6.1000000e+02   1.0193697e+01
   6.1100000e+02   1.0193959e+01
   6.1200000e+02   1.0193757e+01
   6.1300000e+02   1.0193664e+01
   6.1400000e+02   1.0193640e+01
   6.1500000e+02   1.0193784e+01
   6.1600000e+02   1.0193861e+01
   6.1700000e+02   1.0193818e+01
   6.1800000e+02   1.0193501e+01
   6.1900000e+02   1.0193895e+01
   6.2000000e+02   1.0193650e+01
   6.2100000e+02   1.0193509e+01
   6.2200000e+02   1.0193564e+01
   6.2300000e+02   1.0193752e+01
   6.2400000e+02   1.0193571e+01
   6.2500000e+02   1.0193563e+01
   6.2600000e+02   1.0193819e+01
   6.2700000e+02   1.0193782e+01
   6.2800000e+02   1.0193441e+01
   6.2900000e+02   1.0193764e+01
   6.3000000e+02   1.0193481e+01
   6.3100000e+02   1.0193300e+01
   6.3200000e+02   1.0193539e+01
   6.3300000e+02   1.0193650e+01
   6.3400000e+02   1.0193542e+01
   6.3500000e+02   1.0193442e+01
   6.3600000e+02   1.0193577e+01
   6.3700000e+02   1.0193420e+01
   6.3800000e+02   1.0193471e+01
   6.3900000e+02   1.0193207e+01
   6.4000000e+02   1.0192976e+01
   6.4100000e+02   1.0193222e+01
   6.4200000e+02   1.0193242e+01
   6.4300000e+02   1.0193340e+01
   6.4400000e+02   1.0193284e+01
   6.4500000e+02   1.0193692e+01
   6.4600000e+02   1.0193508e+01
   6.4700000e+02   1.0193352e+01
   6.4800000e+02   1.0193310e+01
   6.4900000e+02   1.0193070e+01
   6.5000000e+02   1.0193613e+01
   6.5100000e+02   1.0193145e+01
   6.5200000e+02   1.0193179e+01
   6.5300000e+02   1.0193163e+01
   6.5400000e+02   1.0193425e+01
   6.5500000e+02   1.0193288e+01
   6.5600000e+02   1.0193383e+01
   6.5700000e+02   1.0193184e+01
   6.5800000e+02   1.0193382e+01
   6.5900000e+02   1.0193437e+01
   6.6000000e+02   1.0193310e+01
   6.6100000e+02   1.0193156e+01
   6.6200000e+02   1.0193251e+01
   6.6300000e+02   1.0193090e+01
   6.6400000e+02   1.0193086e+01
   6.6500000e+02   1.0193036e+01
   6.6600000e+02   1.0193143e+01
   6.6700000e+02   1.0193304e+01
   6.6800000e+02   1.0192996e+01
   6.6900000e+02   1.0193255e+01
   6.7000000e+02   1.0193115e+01
   6.7100000e+02   1.0193058e+01
   6.7200000e+02   1.0193251e+01
   6.7300000e+02   1.0192997e+01
   6.7400000e+02   1.0193323e+01
   6.7500000e+02   1.0192955e+01
   6.7600000e+02   1.0192965e+01
   6.7700000e+02   1.0193541e+01
   6.7800000e+02   1.0192803e+01
   6.7900000e+02   1.0192933e+01
   6.8000000e+02   1.0193122e+01
   6.8100000e+02   1.0192458e+01
   6.8200000e+02   1.0192680e+01
   6.8300000e+02   1.0192469e+01
   6.8400000e+02   1.0192524e+01
   6.8500000e+02   1.0192516e+01
   6.8600000e+02   1.0192168e+01
   6.8700000e+02   1.0192046e+01
   6.8800000e+02   1.0192253e+01
   6.8900000e+02   1.0191948e+01
   6.9000000e+02   1.0191613e+01
   6.9100000e+02   1.0192000e+01
   6.9200000e+02   1.0192225e+01
   6.9300000e+02   1.0191784e+01
   6.9400000e+02   1.0192079e+01
   6.9500000e+02   1.0191929e+01
   6.9600000e+02   1.0191954e+01
   6.9700000e+02   1.0192392e+01
   6.9800000e+02   1.0192327e+01
   6.9900000e+02   1.0192292e+01
   7.0000000e+02   1.0192327e+01
   7.0100000e+02   1.0192531e+01
   7.0200000e+02   1.0192641e+01
   7.0300000e+02   1.0192577e+01
   7.0400000e+02   1.0192404e+01
   7.0500000e+02   1.0192695e+01
   7.0600000e+02   1.0192672e+01
   7.0700000e+02   1.0192481e+01
   7.0800000e+02   1.0192667e+01
   7.0900000e+02   1.0192556e+01
   7.1000000e+02   1.0192276e+01
   7.1100000e+02   1.0192516e+01
   7.1200000e+02   1.0192653e+01
   7.1300000e+02   1.0192436e+01
   7.1400000e+02   1.0192720e+01
   7.1500000e+02   1.0192637e+01
   7.1600000e+02   1.0192414e+01
   7.1700000e+02   1.0192451e+01
   7.1800000e+02   1.0192535e+01
   7.1900000e+02   1.0192323e+01
   7.2000000e+02   1.0192497e+01
   7.2100000e+02   1.0192201e+01
   7.2200000e+02   1.0192504e+01
   7.2300000e+02   1.0192295e+01
   7.2400000e+02   1.0192170e+01
   7.2500000e+02   1.0192310e+01
   7.2600000e+02   1.0192291e+01
   7.2700000e+02   1.0192868e+01
   7.2800000e+02   1.0192468e+01
   7.2900000e+02   1.0192320e+01
   7.3000000e+02   1.0192289e+01
   7.3100000e+02   1.0192565e+01
   7.3200000e+02   1.0192394e+01
   7.3300000e+02   1.0192287e+01
   7.3400000e+02   1.0192484e+01
   7.3500000e+02   1.0192807e+01
   7.3600000e+02   1.0192528e+01
   7.3700000e+02   1.0192430e+01
   7.3800000e+02   1.0192415e+01
   7.3900000e+02   1.0192343e+01
   7.4000000e+02   1.0191934e+01
   7.4100000e+02   1.0192240e+01
   7.4200000e+02   1.0192105e+01
   7.4300000e+02   1.0192153e+01
   7.4400000e+02   1.0192258e+01
   7.4500000e+02   1.0192341e+01
   7.4600000e+02   1.0192011e+01
   7.4700000e+02   1.0192172e+01
   7.4800000e+02   1.0192145e+01
   7.4900000e+02   1.0192254e+01
   7.5000000e+02   1.0192562e+01
   7.5100000e+02   1.0192453e+01
   7.5200000e+02   1.0192507e+01
   7.5300000e+02   1.0192373e+01
   7.5400000e+02   1.0192542e+01
   7.5500000e+02   1.0192565e+01
   7.5600000e+02   1.0192288e+01
   7.5700000e+02   1.0192435e+01
   7.5800000e+02   1.0192195e+01
   7.5900000e+02   1.0192457e+01
   7.6000000e+02   1.0192302e+01
   7.6100000e+02   1.0192220e+01
   7.6200000e+02   1.0191809e+01
   7.6300000e+02   1.0192146e+01
   7.6400000e+02   1.0192507e+01
   7.6500000e+02   1.0192522e+01
   7.6600000e+02   1.0192581e+01
   7.6700000e+02   1.0192375e+01
   7.6800000e+02   1.0192297e+01
   7.6900000e+02   1.0191959e+01
   7.7000000e+02   1.0192090e+01
   7.7100000e+02   1.0191817e+01
   7.7200000e+02   1.0192057e+01
   7.7300000e+02   1.0191992e+01
   7.7400000e+02   1.0192042e+01
   7.7500000e+02   1.0192071e+01
   7.7600000e+02   1.0192176e+01
   7.7700000e+02   1.0192157e+01
   7.7800000e+02   1.0192026e+01
   7.7900000e+02   1.0192084e+01
   7.8000000e+02   1.0191935e+01
