   0.0000000e+00   1.0224120e+01
   1.0000000e+00   1.0219102e+01
   2.0000000e+00   1.0217836e+01
   3.0000000e+00   1.0217137e+01
   4.0000000e+00   1.0216433e+01
   5.0000000e+00   1.0216084e+01
   6.0000000e+00   1.0215645e+01
   7.0000000e+00   1.0215177e+01
   8.0000000e+00   1.0214693e+01
   9.0000000e+00   1.0214519e+01
   1.0000000e+01   1.0214101e+01
   1.1000000e+01   1.0213769e+01
   1.2000000e+01   1.0213592e+01
   1.3000000e+01   1.0213631e+01
   1.4000000e+01   1.0213506e+01
   1.5000000e+01   1.0213160e+01
   1.6000000e+01   1.0213277e+01
   1.7000000e+01   1.0212712e+01
   1.8000000e+01   1.0212660e+01
   1.9000000e+01   1.0212472e+01
   2.0000000e+01   1.0212573e+01
   2.1000000e+01   1.0212517e+01
   2.2000000e+01   1.0212388e+01
   2.3000000e+01   1.0212048e+01
   2.4000000e+01   1.0212134e+01
   2.5000000e+01   1.0211890e+01
   2.6000000e+01   1.0212055e+01
   2.7000000e+01   1.0211603e+01
   2.8000000e+01   1.0211663e+01
   2.9000000e+01   1.0211644e+01
   3.0000000e+01   1.0211532e+01
   3.1000000e+01   1.0211643e+01
   3.2000000e+01   1.0211254e+01
   3.3000000e+01   1.0211332e+01
   3.4000000e+01   1.0211429e+01
   3.5000000e+01   1.0210933e+01
   3.6000000e+01   1.0211138e+01
   3.7000000e+01   1.0211236e+01
   3.8000000e+01   1.0211066e+01
   3.9000000e+01   1.0210781e+01
   4.0000000e+01   1.0210708e+01
   4.1000000e+01   1.0210617e+01
   4.2000000e+01   1.0210595e+01
   4.3000000e+01   1.0210348e+01
   4.4000000e+01   1.0210218e+01
   4.5000000e+01   1.0210222e+01
   4.6000000e+01   1.0210308e+01
   4.7000000e+01   1.0210365e+01
   4.8000000e+01   1.0210163e+01
   4.9000000e+01   1.0209902e+01
   5.0000000e+01   1.0210218e+01
   5.1000000e+01   1.0209900e+01
   5.2000000e+01   1.0210173e+01
   5.3000000e+01   1.0209997e+01
   5.4000000e+01   1.0209810e+01
   5.5000000e+01   1.0209773e+01
   5.6000000e+01   1.0209822e+01
   5.7000000e+01   1.0209751e+01
   5.8000000e+01   1.0209854e+01
   5.9000000e+01   1.0209724e+01
   6.0000000e+01   1.0209754e+01
   6.1000000e+01   1.0209576e+01
   6.2000000e+01   1.0209672e+01
   6.3000000e+01   1.0209487e+01
   6.4000000e+01   1.0209538e+01
   6.5000000e+01   1.0209024e+01
   6.6000000e+01   1.0209319e+01
   6.7000000e+01   1.0209128e+01
   6.8000000e+01   1.0209262e+01
   6.9000000e+01   1.0209170e+01
   7.0000000e+01   1.0209259e+01
   7.1000000e+01   1.0208747e+01
   7.2000000e+01   1.0209209e+01
   7.3000000e+01   1.0208836e+01
   7.4000000e+01   1.0208943e+01
   7.5000000e+01   1.0209055e+01
   7.6000000e+01   1.0209114e+01
   7.7000000e+01   1.0208828e+01
   7.8000000e+01   1.0208754e+01
   7.9000000e+01   1.0208877e+01
   8.0000000e+01   1.0208616e+01
   8.1000000e+01   1.0208954e+01
   8.2000000e+01   1.0208770e+01
   8.3000000e+01   1.0208223e+01
   8.4000000e+01   1.0208576e+01
   8.5000000e+01   1.0208480e+01
   8.6000000e+01   1.0208374e+01
   8.7000000e+01   1.0208413e+01
   8.8000000e+01   1.0208431e+01
   8.9000000e+01   1.0208166e+01
   9.0000000e+01   1.0208574e+01
   9.1000000e+01   1.0208413e+01
   9.2000000e+01   1.0208146e+01
   9.3000000e+01   1.0208353e+01
   9.4000000e+01   1.0207960e+01
   9.5000000e+01   1.0208140e+01
   9.6000000e+01   1.0208136e+01
   9.7000000e+01   1.0208071e+01
   9.8000000e+01   1.0208061e+01
   9.9000000e+01   1.0207809e+01
   1.0000000e+02   1.0207919e+01
   1.0100000e+02   1.0207819e+01
   1.0200000e+02   1.0207996e+01
   1.0300000e+02   1.0207823e+01
   1.0400000e+02   1.0208050e+01
   1.0500000e+02   1.0207789e+01
   1.0600000e+02   1.0208101e+01
   1.0700000e+02   1.0207596e+01
   1.0800000e+02   1.0207672e+01
   1.0900000e+02   1.0207746e+01
   1.1000000e+02   1.0207540e+01
   1.1100000e+02   1.0207532e+01
   1.1200000e+02   1.0207806e+01
   1.1300000e+02   1.0207923e+01
   1.1400000e+02   1.0207695e+01
   1.1500000e+02   1.0207716e+01
   1.1600000e+02   1.0207877e+01
   1.1700000e+02   1.0207429e+01
   1.1800000e+02   1.0207579e+01
   1.1900000e+02   1.0207398e+01
   1.2000000e+02   1.0207559e+01
   1.2100000e+02   1.0207317e+01
   1.2200000e+02   1.0207750e+01
   1.2300000e+02   1.0207304e+01
   1.2400000e+02   1.0207491e+01
   1.2500000e+02   1.0207241e+01
   1.2600000e+02   1.0207303e+01
   1.2700000e+02   1.0207276e+01
   1.2800000e+02   1.0207195e+01
   1.2900000e+02   1.0207090e+01
   1.3000000e+02   1.0207133e+01
   1.3100000e+02   1.0206850e+01
   1.3200000e+02   1.0207010e+01
   1.3300000e+02   1.0206889e+01
   1.3400000e+02   1.0206736e+01
   1.3500000e+02   1.0206802e+01
   1.3600000e+02   1.0206888e+01
   1.3700000e+02   1.0206953e+01
   1.3800000e+02   1.0206943e+01
   1.3900000e+02   1.0206792e+01
   1.4000000e+02   1.0206768e+01
   1.4100000e+02   1.0206647e+01
   1.4200000e+02   1.0206876e+01
   1.4300000e+02   1.0206793e+01
   1.4400000e+02   1.0206665e+01
   1.4500000e+02   1.0206560e+01
   1.4600000e+02   1.0206603e+01
   1.4700000e+02   1.0206729e+01
   1.4800000e+02   1.0206783e+01
   1.4900000e+02   1.0206805e+01
   1.5000000e+02   1.0206573e+01
   1.5100000e+02   1.0206511e+01
   1.5200000e+02   1.0206510e+01
   1.5300000e+02   1.0206453e+01
   1.5400000e+02   1.0206583e+01
   1.5500000e+02   1.0206538e+01
   1.5600000e+02   1.0206651e+01
   1.5700000e+02   1.0206623e+01
   1.5800000e+02   1.0206352e+01
   1.5900000e+02   1.0206194e+01
   1.6000000e+02   1.0206373e+01
   1.6100000e+02   1.0206500e+01
   1.6200000e+02   1.0206300e+01
   1.6300000e+02   1.0206412e+01
   1.6400000e+02   1.0206523e+01
   1.6500000e+02   1.0206162e+01
   1.6600000e+02   1.0206119e+01
   1.6700000e+02   1.0203843e+01
   1.6800000e+02   1.0194066e+01
   1.6900000e+02   1.0187197e+01
   1.7000000e+02   1.0193138e+01
   1.7100000e+02   1.0200153e+01
   1.7200000e+02   1.0203625e+01
   1.7300000e+02   1.0205302e+01
   1.7400000e+02   1.0205567e+01
   1.7500000e+02   1.0206269e+01
   1.7600000e+02   1.0205922e+01
   1.7700000e+02   1.0206045e+01
   1.7800000e+02   1.0205880e+01
   1.7900000e+02   1.0202449e+01
   1.8000000e+02   1.0176690e+01
   1.8100000e+02   1.0162263e+01
   1.8200000e+02   1.0170637e+01
   1.8300000e+02   1.0180895e+01
   1.8400000e+02   1.0184680e+01
   1.8500000e+02   1.0185052e+01
   1.8600000e+02   1.0185461e+01
   1.8700000e+02   1.0187216e+01
   1.8800000e+02   1.0190882e+01
   1.8900000e+02   1.0196103e+01
   1.9000000e+02   1.0200580e+01
   1.9100000e+02   1.0203269e+01
   1.9200000e+02   1.0204460e+01
   1.9300000e+02   1.0204679e+01
   1.9400000e+02   1.0204947e+01
   1.9500000e+02   1.0204875e+01
   1.9600000e+02   1.0205017e+01
   1.9700000e+02   1.0204976e+01
   1.9800000e+02   1.0205143e+01
   1.9900000e+02   1.0205320e+01
   2.0000000e+02   1.0205115e+01
   2.0100000e+02   1.0205038e+01
   2.0200000e+02   1.0205114e+01
   2.0300000e+02   1.0205278e+01
   2.0400000e+02   1.0205243e+01
   2.0500000e+02   1.0205108e+01
   2.0600000e+02   1.0205000e+01
   2.0700000e+02   1.0205079e+01
   2.0800000e+02   1.0205077e+01
   2.0900000e+02   1.0205212e+01
   2.1000000e+02   1.0205134e+01
   2.1100000e+02   1.0204871e+01
   2.1200000e+02   1.0204905e+01
   2.1300000e+02   1.0205193e+01
   2.1400000e+02   1.0205056e+01
   2.1500000e+02   1.0205090e+01
   2.1600000e+02   1.0205123e+01
   2.1700000e+02   1.0204941e+01
   2.1800000e+02   1.0205009e+01
   2.1900000e+02   1.0204877e+01
   2.2000000e+02   1.0205253e+01
   2.2100000e+02   1.0204934e+01
   2.2200000e+02   1.0204855e+01
   2.2300000e+02   1.0205049e+01
   2.2400000e+02   1.0205182e+01
   2.2500000e+02   1.0204927e+01
   2.2600000e+02   1.0204859e+01
   2.2700000e+02   1.0205004e+01
   2.2800000e+02   1.0205088e+01
   2.2900000e+02   1.0205193e+01
   2.3000000e+02   1.0204993e+01
   2.3100000e+02   1.0204940e+01
   2.3200000e+02   1.0205077e+01
   2.3300000e+02   1.0205184e+01
   2.3400000e+02   1.0204943e+01
   2.3500000e+02   1.0205171e+01
   2.3600000e+02   1.0205080e+01
   2.3700000e+02   1.0205141e+01
   2.3800000e+02   1.0205113e+01
   2.3900000e+02   1.0205003e+01
   2.4000000e+02   1.0204890e+01
   2.4100000e+02   1.0205015e+01
   2.4200000e+02   1.0205153e+01
   2.4300000e+02   1.0205206e+01
   2.4400000e+02   1.0204976e+01
   2.4500000e+02   1.0205036e+01
   2.4600000e+02   1.0204828e+01
   2.4700000e+02   1.0204672e+01
   2.4800000e+02   1.0204467e+01
   2.4900000e+02   1.0204430e+01
   2.5000000e+02   1.0204027e+01
   2.5100000e+02   1.0204085e+01
   2.5200000e+02   1.0203951e+01
   2.5300000e+02   1.0204031e+01
   2.5400000e+02   1.0204081e+01
   2.5500000e+02   1.0204065e+01
   2.5600000e+02   1.0204255e+01
   2.5700000e+02   1.0204153e+01
   2.5800000e+02   1.0204501e+01
   2.5900000e+02   1.0204272e+01
   2.6000000e+02   1.0204027e+01
   2.6100000e+02   1.0204064e+01
   2.6200000e+02   1.0204175e+01
   2.6300000e+02   1.0203791e+01
   2.6400000e+02   1.0203941e+01
   2.6500000e+02   1.0203829e+01
   2.6600000e+02   1.0203820e+01
   2.6700000e+02   1.0203851e+01
   2.6800000e+02   1.0203911e+01
   2.6900000e+02   1.0204120e+01
   2.7000000e+02   1.0204416e+01
   2.7100000e+02   1.0204251e+01
   2.7200000e+02   1.0204291e+01
   2.7300000e+02   1.0204353e+01
   2.7400000e+02   1.0204561e+01
   2.7500000e+02   1.0204396e+01
   2.7600000e+02   1.0204229e+01
   2.7700000e+02   1.0204360e+01
   2.7800000e+02   1.0204295e+01
   2.7900000e+02   1.0204126e+01
   2.8000000e+02   1.0204306e+01
   2.8100000e+02   1.0204279e+01
   2.8200000e+02   1.0204116e+01
   2.8300000e+02   1.0204193e+01
   2.8400000e+02   1.0204087e+01
   2.8500000e+02   1.0204187e+01
   2.8600000e+02   1.0204227e+01
   2.8700000e+02   1.0204242e+01
   2.8800000e+02   1.0204246e+01
   2.8900000e+02   1.0203886e+01
   2.9000000e+02   1.0203922e+01
   2.9100000e+02   1.0203776e+01
   2.9200000e+02   1.0203988e+01
   2.9300000e+02   1.0203945e+01
   2.9400000e+02   1.0204002e+01
   2.9500000e+02   1.0203994e+01
   2.9600000e+02   1.0203969e+01
   2.9700000e+02   1.0203940e+01
   2.9800000e+02   1.0203974e+01
   2.9900000e+02   1.0204245e+01
   3.0000000e+02   1.0203991e+01
   3.0100000e+02   1.0204067e+01
   3.0200000e+02   1.0203649e+01
   3.0300000e+02   1.0203708e+01
   3.0400000e+02   1.0203523e+01
   3.0500000e+02   1.0203109e+01
   3.0600000e+02   1.0202686e+01
   3.0700000e+02   1.0202222e+01
   3.0800000e+02   1.0201517e+01
   3.0900000e+02   1.0200732e+01
   3.1000000e+02   1.0199618e+01
   3.1100000e+02   1.0198304e+01
   3.1200000e+02   1.0196446e+01
   3.1300000e+02   1.0195091e+01
   3.1400000e+02   1.0194394e+01
   3.1500000e+02   1.0194053e+01
   3.1600000e+02   1.0194396e+01
   3.1700000e+02   1.0195054e+01
   3.1800000e+02   1.0195272e+01
   3.1900000e+02   1.0194583e+01
   3.2000000e+02   1.0192725e+01
   3.2100000e+02   1.0190526e+01
   3.2200000e+02   1.0188141e+01
   3.2300000e+02   1.0186106e+01
   3.2400000e+02   1.0185375e+01
   3.2500000e+02   1.0184790e+01
   3.2600000e+02   1.0185761e+01
   3.2700000e+02   1.0186807e+01
   3.2800000e+02   1.0188561e+01
   3.2900000e+02   1.0190416e+01
   3.3000000e+02   1.0192482e+01
   3.3100000e+02   1.0194927e+01
   3.3200000e+02   1.0196524e+01
   3.3300000e+02   1.0198179e+01
   3.3400000e+02   1.0199747e+01
   3.3500000e+02   1.0200668e+01
   3.3600000e+02   1.0200789e+01
   3.3700000e+02   1.0200460e+01
   3.3800000e+02   1.0200474e+01
   3.3900000e+02   1.0199420e+01
   3.4000000e+02   1.0198629e+01
   3.4100000e+02   1.0198057e+01
   3.4200000e+02   1.0197892e+01
   3.4300000e+02   1.0197902e+01
   3.4400000e+02   1.0198527e+01
   3.4500000e+02   1.0198970e+01
   3.4600000e+02   1.0199903e+01
   3.4700000e+02   1.0200554e+01
   3.4800000e+02   1.0201316e+01
   3.4900000e+02   1.0201962e+01
   3.5000000e+02   1.0201979e+01
   3.5100000e+02   1.0202241e+01
   3.5200000e+02   1.0202424e+01
   3.5300000e+02   1.0202293e+01
   3.5400000e+02   1.0202594e+01
   3.5500000e+02   1.0202742e+01
   3.5600000e+02   1.0202465e+01
   3.5700000e+02   1.0202698e+01
   3.5800000e+02   1.0202793e+01
   3.5900000e+02   1.0202366e+01
   3.6000000e+02   1.0202392e+01
   3.6100000e+02   1.0202261e+01
   3.6200000e+02   1.0202266e+01
   3.6300000e+02   1.0202082e+01
   3.6400000e+02   1.0201823e+01
   3.6500000e+02   1.0201850e+01
   3.6600000e+02   1.0201987e+01
   3.6700000e+02   1.0201695e+01
   3.6800000e+02   1.0201910e+01
   3.6900000e+02   1.0201990e+01
   3.7000000e+02   1.0202061e+01
   3.7100000e+02   1.0202441e+01
   3.7200000e+02   1.0202563e+01
   3.7300000e+02   1.0202898e+01
   3.7400000e+02   1.0202814e+01
   3.7500000e+02   1.0202699e+01
   3.7600000e+02   1.0202747e+01
   3.7700000e+02   1.0202830e+01
   3.7800000e+02   1.0202692e+01
   3.7900000e+02   1.0202749e+01
   3.8000000e+02   1.0202913e+01
   3.8100000e+02   1.0202532e+01
   3.8200000e+02   1.0202950e+01
   3.8300000e+02   1.0202907e+01
   3.8400000e+02   1.0203045e+01
   3.8500000e+02   1.0202750e+01
   3.8600000e+02   1.0202762e+01
   3.8700000e+02   1.0202884e+01
   3.8800000e+02   1.0202887e+01
   3.8900000e+02   1.0202743e+01
   3.9000000e+02   1.0202326e+01
   3.9100000e+02   1.0202051e+01
   3.9200000e+02   1.0201964e+01
   3.9300000e+02   1.0201719e+01
   3.9400000e+02   1.0201740e+01
   3.9500000e+02   1.0201841e+01
   3.9600000e+02   1.0201799e+01
   3.9700000e+02   1.0201747e+01
   3.9800000e+02   1.0201876e+01
   3.9900000e+02   1.0201865e+01
   4.0000000e+02   1.0202300e+01
   4.0100000e+02   1.0202491e+01
   4.0200000e+02   1.0202375e+01
   4.0300000e+02   1.0202537e+01
   4.0400000e+02   1.0202477e+01
   4.0500000e+02   1.0202573e+01
   4.0600000e+02   1.0202496e+01
   4.0700000e+02   1.0202546e+01
   4.0800000e+02   1.0202605e+01
   4.0900000e+02   1.0202725e+01
   4.1000000e+02   1.0202716e+01
   4.1100000e+02   1.0202805e+01
   4.1200000e+02   1.0202625e+01
   4.1300000e+02   1.0202700e+01
   4.1400000e+02   1.0202664e+01
   4.1500000e+02   1.0202552e+01
   4.1600000e+02   1.0202598e+01
   4.1700000e+02   1.0202644e+01
   4.1800000e+02   1.0202130e+01
   4.1900000e+02   1.0202404e+01
   4.2000000e+02   1.0202346e+01
   4.2100000e+02   1.0202490e+01
   4.2200000e+02   1.0202463e+01
   4.2300000e+02   1.0202074e+01
   4.2400000e+02   1.0202186e+01
   4.2500000e+02   1.0201992e+01
   4.2600000e+02   1.0202443e+01
   4.2700000e+02   1.0202328e+01
   4.2800000e+02   1.0202133e+01
   4.2900000e+02   1.0202198e+01
   4.3000000e+02   1.0202150e+01
   4.3100000e+02   1.0202578e+01
   4.3200000e+02   1.0202050e+01
   4.3300000e+02   1.0202268e+01
   4.3400000e+02   1.0202123e+01
   4.3500000e+02   1.0202167e+01
   4.3600000e+02   1.0202210e+01
   4.3700000e+02   1.0202016e+01
   4.3800000e+02   1.0201759e+01
   4.3900000e+02   1.0201345e+01
   4.4000000e+02   1.0201014e+01
   4.4100000e+02   1.0199894e+01
   4.4200000e+02   1.0198080e+01
   4.4300000e+02   1.0195027e+01
   4.4400000e+02   1.0190604e+01
   4.4500000e+02   1.0184497e+01
   4.4600000e+02   1.0176189e+01
   4.4700000e+02   1.0165943e+01
   4.4800000e+02   1.0154735e+01
   4.4900000e+02   1.0143179e+01
   4.5000000e+02   1.0133565e+01
   4.5100000e+02   1.0126546e+01
   4.5200000e+02   1.0122796e+01
   4.5300000e+02   1.0123184e+01
   4.5400000e+02   1.0127817e+01
   4.5500000e+02   1.0135150e+01
   4.5600000e+02   1.0144115e+01
   4.5700000e+02   1.0154441e+01
   4.5800000e+02   1.0164098e+01
   4.5900000e+02   1.0172488e+01
   4.6000000e+02   1.0179683e+01
   4.6100000e+02   1.0185428e+01
   4.6200000e+02   1.0190009e+01
   4.6300000e+02   1.0193183e+01
   4.6400000e+02   1.0195196e+01
   4.6500000e+02   1.0196900e+01
   4.6600000e+02   1.0197985e+01
   4.6700000e+02   1.0198854e+01
   4.6800000e+02   1.0199246e+01
   4.6900000e+02   1.0199532e+01
   4.7000000e+02   1.0199758e+01
   4.7100000e+02   1.0200119e+01
   4.7200000e+02   1.0200146e+01
   4.7300000e+02   1.0200312e+01
   4.7400000e+02   1.0200388e+01
   4.7500000e+02   1.0200036e+01
   4.7600000e+02   1.0200439e+01
   4.7700000e+02   1.0200471e+01
   4.7800000e+02   1.0200560e+01
   4.7900000e+02   1.0200634e+01
   4.8000000e+02   1.0200617e+01
   4.8100000e+02   1.0200995e+01
   4.8200000e+02   1.0201008e+01
   4.8300000e+02   1.0200892e+01
   4.8400000e+02   1.0201155e+01
   4.8500000e+02   1.0200768e+01
   4.8600000e+02   1.0201159e+01
   4.8700000e+02   1.0201135e+01
   4.8800000e+02   1.0201178e+01
   4.8900000e+02   1.0201169e+01
   4.9000000e+02   1.0201457e+01
   4.9100000e+02   1.0201446e+01
   4.9200000e+02   1.0201407e+01
   4.9300000e+02   1.0201335e+01
   4.9400000e+02   1.0201326e+01
   4.9500000e+02   1.0201416e+01
   4.9600000e+02   1.0201141e+01
   4.9700000e+02   1.0201567e+01
   4.9800000e+02   1.0201315e+01
   4.9900000e+02   1.0201504e+01
   5.0000000e+02   1.0201382e+01
   5.0100000e+02   1.0201425e+01
   5.0200000e+02   1.0201428e+01
   5.0300000e+02   1.0201499e+01
   5.0400000e+02   1.0201456e+01
   5.0500000e+02   1.0201387e+01
   5.0600000e+02   1.0201365e+01
   5.0700000e+02   1.0201298e+01
   5.0800000e+02   1.0201277e+01
   5.0900000e+02   1.0201386e+01
   5.1000000e+02   1.0201456e+01
   5.1100000e+02   1.0201237e+01
   5.1200000e+02   1.0201375e+01
   5.1300000e+02   1.0201546e+01
   5.1400000e+02   1.0201391e+01
   5.1500000e+02   1.0201283e+01
   5.1600000e+02   1.0201310e+01
   5.1700000e+02   1.0201471e+01
   5.1800000e+02   1.0201463e+01
   5.1900000e+02   1.0201496e+01
   5.2000000e+02   1.0201452e+01
   5.2100000e+02   1.0201505e+01
   5.2200000e+02   1.0201309e+01
   5.2300000e+02   1.0201198e+01
   5.2400000e+02   1.0201278e+01
   5.2500000e+02   1.0201461e+01
   5.2600000e+02   1.0201142e+01
   5.2700000e+02   1.0201156e+01
   5.2800000e+02   1.0201360e+01
   5.2900000e+02   1.0201202e+01
   5.3000000e+02   1.0201654e+01
   5.3100000e+02   1.0201268e+01
   5.3200000e+02   1.0201344e+01
   5.3300000e+02   1.0201244e+01
   5.3400000e+02   1.0201085e+01
   5.3500000e+02   1.0201358e+01
   5.3600000e+02   1.0201158e+01
   5.3700000e+02   1.0201333e+01
   5.3800000e+02   1.0201276e+01
   5.3900000e+02   1.0201327e+01
   5.4000000e+02   1.0201132e+01
   5.4100000e+02   1.0201076e+01
   5.4200000e+02   1.0200975e+01
   5.4300000e+02   1.0201186e+01
   5.4400000e+02   1.0201007e+01
   5.4500000e+02   1.0201223e+01
   5.4600000e+02   1.0201008e+01
   5.4700000e+02   1.0201034e+01
   5.4800000e+02   1.0200999e+01
   5.4900000e+02   1.0200832e+01
   5.5000000e+02   1.0200736e+01
   5.5100000e+02   1.0200713e+01
   5.5200000e+02   1.0201019e+01
   5.5300000e+02   1.0200872e+01
   5.5400000e+02   1.0200884e+01
   5.5500000e+02   1.0200922e+01
   5.5600000e+02   1.0200883e+01
   5.5700000e+02   1.0200931e+01
   5.5800000e+02   1.0201017e+01
   5.5900000e+02   1.0200862e+01
   5.6000000e+02   1.0201047e+01
   5.6100000e+02   1.0200832e+01
   5.6200000e+02   1.0200722e+01
   5.6300000e+02   1.0200685e+01
   5.6400000e+02   1.0201042e+01
   5.6500000e+02   1.0200682e+01
   5.6600000e+02   1.0200884e+01
   5.6700000e+02   1.0200840e+01
   5.6800000e+02   1.0200941e+01
   5.6900000e+02   1.0201047e+01
   5.7000000e+02   1.0201052e+01
   5.7100000e+02   1.0200891e+01
   5.7200000e+02   1.0201029e+01
   5.7300000e+02   1.0200890e+01
   5.7400000e+02   1.0200684e+01
   5.7500000e+02   1.0200718e+01
   5.7600000e+02   1.0200650e+01
   5.7700000e+02   1.0200719e+01
   5.7800000e+02   1.0200895e+01
   5.7900000e+02   1.0200711e+01
   5.8000000e+02   1.0200886e+01
   5.8100000e+02   1.0200782e+01
   5.8200000e+02   1.0201084e+01
   5.8300000e+02   1.0200861e+01
   5.8400000e+02   1.0200746e+01
   5.8500000e+02   1.0200748e+01
   5.8600000e+02   1.0200737e+01
   5.8700000e+02   1.0200680e+01
   5.8800000e+02   1.0200617e+01
   5.8900000e+02   1.0200669e+01
   5.9000000e+02   1.0200461e+01
   5.9100000e+02   1.0200665e+01
   5.9200000e+02   1.0200454e+01
   5.9300000e+02   1.0200452e+01
   5.9400000e+02   1.0200699e+01
   5.9500000e+02   1.0200660e+01
   5.9600000e+02   1.0200486e+01
   5.9700000e+02   1.0200424e+01
   5.9800000e+02   1.0200726e+01
   5.9900000e+02   1.0200469e+01
   6.0000000e+02   1.0200325e+01
   6.0100000e+02   1.0200703e+01
   6.0200000e+02   1.0200436e+01
   6.0300000e+02   1.0200621e+01
   6.0400000e+02   1.0200428e+01
   6.0500000e+02   1.0200603e+01
   6.0600000e+02   1.0200402e+01
   6.0700000e+02   1.0200771e+01
   6.0800000e+02   1.0200805e+01
   6.0900000e+02   1.0200520e+01
   6.1000000e+02   1.0200805e+01
   6.1100000e+02   1.0200322e+01
   6.1200000e+02   1.0200843e+01
   6.1300000e+02   1.0200481e+01
   6.1400000e+02   1.0200633e+01
   6.1500000e+02   1.0200588e+01
   6.1600000e+02   1.0200406e+01
   6.1700000e+02   1.0200775e+01
   6.1800000e+02   1.0200848e+01
   6.1900000e+02   1.0200813e+01
   6.2000000e+02   1.0200482e+01
   6.2100000e+02   1.0200305e+01
   6.2200000e+02   1.0200608e+01
   6.2300000e+02   1.0200376e+01
   6.2400000e+02   1.0200225e+01
   6.2500000e+02   1.0200533e+01
   6.2600000e+02   1.0200340e+01
   6.2700000e+02   1.0200447e+01
   6.2800000e+02   1.0200445e+01
   6.2900000e+02   1.0200271e+01
   6.3000000e+02   1.0200050e+01
   6.3100000e+02   1.0200296e+01
   6.3200000e+02   1.0200031e+01
   6.3300000e+02   1.0200164e+01
   6.3400000e+02   1.0200162e+01
   6.3500000e+02   1.0199992e+01
   6.3600000e+02   1.0200336e+01
   6.3700000e+02   1.0200142e+01
   6.3800000e+02   1.0200040e+01
   6.3900000e+02   1.0200345e+01
   6.4000000e+02   1.0200142e+01
   6.4100000e+02   1.0199975e+01
   6.4200000e+02   1.0200175e+01
   6.4300000e+02   1.0199999e+01
   6.4400000e+02   1.0200291e+01
   6.4500000e+02   1.0200289e+01
   6.4600000e+02   1.0200218e+01
   6.4700000e+02   1.0200190e+01
   6.4800000e+02   1.0200214e+01
   6.4900000e+02   1.0200132e+01
   6.5000000e+02   1.0199936e+01
   6.5100000e+02   1.0200051e+01
   6.5200000e+02   1.0200336e+01
   6.5300000e+02   1.0200110e+01
   6.5400000e+02   1.0200333e+01
   6.5500000e+02   1.0200017e+01
   6.5600000e+02   1.0200277e+01
   6.5700000e+02   1.0200214e+01
   6.5800000e+02   1.0200286e+01
   6.5900000e+02   1.0200023e+01
   6.6000000e+02   1.0200211e+01
   6.6100000e+02   1.0200228e+01
   6.6200000e+02   1.0199932e+01
   6.6300000e+02   1.0200131e+01
   6.6400000e+02   1.0200223e+01
   6.6500000e+02   1.0200109e+01
   6.6600000e+02   1.0199902e+01
   6.6700000e+02   1.0200154e+01
   6.6800000e+02   1.0199995e+01
   6.6900000e+02   1.0199990e+01
   6.7000000e+02   1.0199882e+01
   6.7100000e+02   1.0200154e+01
   6.7200000e+02   1.0199933e+01
   6.7300000e+02   1.0199765e+01
   6.7400000e+02   1.0199605e+01
   6.7500000e+02   1.0199316e+01
   6.7600000e+02   1.0198930e+01
   6.7700000e+02   1.0198438e+01
   6.7800000e+02   1.0198039e+01
   6.7900000e+02   1.0197363e+01
   6.8000000e+02   1.0196633e+01
   6.8100000e+02   1.0195728e+01
   6.8200000e+02   1.0194537e+01
   6.8300000e+02   1.0193315e+01
   6.8400000e+02   1.0192091e+01
   6.8500000e+02   1.0190634e+01
   6.8600000e+02   1.0189503e+01
   6.8700000e+02   1.0188941e+01
   6.8800000e+02   1.0188007e+01
   6.8900000e+02   1.0187266e+01
   6.9000000e+02   1.0187158e+01
   6.9100000e+02   1.0187054e+01
   6.9200000e+02   1.0187369e+01
   6.9300000e+02   1.0188024e+01
   6.9400000e+02   1.0188727e+01
   6.9500000e+02   1.0189425e+01
   6.9600000e+02   1.0190646e+01
   6.9700000e+02   1.0191644e+01
   6.9800000e+02   1.0193070e+01
   6.9900000e+02   1.0193925e+01
   7.0000000e+02   1.0194914e+01
   7.0100000e+02   1.0195813e+01
   7.0200000e+02   1.0196335e+01
   7.0300000e+02   1.0196865e+01
   7.0400000e+02   1.0197317e+01
   7.0500000e+02   1.0197931e+01
   7.0600000e+02   1.0198154e+01
   7.0700000e+02   1.0198287e+01
   7.0800000e+02   1.0198718e+01
   7.0900000e+02   1.0199162e+01
   7.1000000e+02   1.0199206e+01
   7.1100000e+02   1.0199086e+01
   7.1200000e+02   1.0198814e+01
   7.1300000e+02   1.0199282e+01
   7.1400000e+02   1.0199149e+01
   7.1500000e+02   1.0199277e+01
   7.1600000e+02   1.0199267e+01
   7.1700000e+02   1.0199030e+01
   7.1800000e+02   1.0199282e+01
   7.1900000e+02   1.0199295e+01
   7.2000000e+02   1.0199407e+01
   7.2100000e+02   1.0199171e+01
   7.2200000e+02   1.0199467e+01
   7.2300000e+02   1.0199474e+01
   7.2400000e+02   1.0199488e+01
   7.2500000e+02   1.0199499e+01
   7.2600000e+02   1.0199452e+01
   7.2700000e+02   1.0199681e+01
   7.2800000e+02   1.0199361e+01
   7.2900000e+02   1.0199190e+01
   7.3000000e+02   1.0199329e+01
   7.3100000e+02   1.0199222e+01
   7.3200000e+02   1.0199621e+01
   7.3300000e+02   1.0199360e+01
   7.3400000e+02   1.0199446e+01
   7.3500000e+02   1.0199467e+01
   7.3600000e+02   1.0199289e+01
   7.3700000e+02   1.0199483e+01
   7.3800000e+02   1.0199587e+01
   7.3900000e+02   1.0199348e+01
   7.4000000e+02   1.0199406e+01
   7.4100000e+02   1.0199151e+01
   7.4200000e+02   1.0199380e+01
   7.4300000e+02   1.0199192e+01
   7.4400000e+02   1.0199457e+01
   7.4500000e+02   1.0199411e+01
   7.4600000e+02   1.0199223e+01
   7.4700000e+02   1.0199657e+01
   7.4800000e+02   1.0199582e+01
   7.4900000e+02   1.0199685e+01
   7.5000000e+02   1.0199404e+01
   7.5100000e+02   1.0199255e+01
   7.5200000e+02   1.0199574e+01
   7.5300000e+02   1.0199577e+01
   7.5400000e+02   1.0199467e+01
   7.5500000e+02   1.0199558e+01
   7.5600000e+02   1.0199341e+01
   7.5700000e+02   1.0199500e+01
   7.5800000e+02   1.0199356e+01
   7.5900000e+02   1.0199551e+01
   7.6000000e+02   1.0199628e+01
   7.6100000e+02   1.0199349e+01
   7.6200000e+02   1.0199468e+01
   7.6300000e+02   1.0199390e+01
   7.6400000e+02   1.0199336e+01
   7.6500000e+02   1.0199441e+01
   7.6600000e+02   1.0199310e+01
   7.6700000e+02   1.0199273e+01
   7.6800000e+02   1.0199179e+01
   7.6900000e+02   1.0199403e+01
   7.7000000e+02   1.0199266e+01
   7.7100000e+02   1.0199420e+01
   7.7200000e+02   1.0199227e+01
   7.7300000e+02   1.0199279e+01
   7.7400000e+02   1.0199527e+01
   7.7500000e+02   1.0199437e+01
   7.7600000e+02   1.0199493e+01
   7.7700000e+02   1.0199561e+01
   7.7800000e+02   1.0199288e+01
   7.7900000e+02   1.0199022e+01
   7.8000000e+02   1.0199116e+01
