   0.0000000e+00   1.0179734e+01
   1.0000000e+00   1.0174399e+01
   2.0000000e+00   1.0173090e+01
   3.0000000e+00   1.0172588e+01
   4.0000000e+00   1.0171876e+01
   5.0000000e+00   1.0171508e+01
   6.0000000e+00   1.0171158e+01
   7.0000000e+00   1.0170650e+01
   8.0000000e+00   1.0170570e+01
   9.0000000e+00   1.0170218e+01
   1.0000000e+01   1.0169863e+01
   1.1000000e+01   1.0169686e+01
   1.2000000e+01   1.0169542e+01
   1.3000000e+01   1.0169253e+01
   1.4000000e+01   1.0169000e+01
   1.5000000e+01   1.0169392e+01
   1.6000000e+01   1.0168870e+01
   1.7000000e+01   1.0168588e+01
   1.8000000e+01   1.0168629e+01
   1.9000000e+01   1.0168302e+01
   2.0000000e+01   1.0168360e+01
   2.1000000e+01   1.0168166e+01
   2.2000000e+01   1.0167843e+01
   2.3000000e+01   1.0167931e+01
   2.4000000e+01   1.0167967e+01
   2.5000000e+01   1.0167752e+01
   2.6000000e+01   1.0167350e+01
   2.7000000e+01   1.0167327e+01
   2.8000000e+01   1.0167586e+01
   2.9000000e+01   1.0167252e+01
   3.0000000e+01   1.0167030e+01
   3.1000000e+01   1.0167061e+01
   3.2000000e+01   1.0166822e+01
   3.3000000e+01   1.0166930e+01
   3.4000000e+01   1.0167093e+01
   3.5000000e+01   1.0166855e+01
   3.6000000e+01   1.0166561e+01
   3.7000000e+01   1.0166578e+01
   3.8000000e+01   1.0166565e+01
   3.9000000e+01   1.0166304e+01
   4.0000000e+01   1.0166405e+01
   4.1000000e+01   1.0166347e+01
   4.2000000e+01   1.0166066e+01
   4.3000000e+01   1.0166268e+01
   4.4000000e+01   1.0166337e+01
   4.5000000e+01   1.0166009e+01
   4.6000000e+01   1.0166090e+01
   4.7000000e+01   1.0166040e+01
   4.8000000e+01   1.0165920e+01
   4.9000000e+01   1.0165996e+01
   5.0000000e+01   1.0165955e+01
   5.1000000e+01   1.0165794e+01
   5.2000000e+01   1.0165668e+01
   5.3000000e+01   1.0165523e+01
   5.4000000e+01   1.0165673e+01
   5.5000000e+01   1.0165698e+01
   5.6000000e+01   1.0165498e+01
   5.7000000e+01   1.0165287e+01
   5.8000000e+01   1.0165772e+01
   5.9000000e+01   1.0165395e+01
   6.0000000e+01   1.0165376e+01
   6.1000000e+01   1.0165200e+01
   6.2000000e+01   1.0165416e+01
   6.3000000e+01   1.0165326e+01
   6.4000000e+01   1.0165127e+01
   6.5000000e+01   1.0165133e+01
   6.6000000e+01   1.0165073e+01
   6.7000000e+01   1.0165243e+01
   6.8000000e+01   1.0165038e+01
   6.9000000e+01   1.0164773e+01
   7.0000000e+01   1.0164934e+01
   7.1000000e+01   1.0165046e+01
   7.2000000e+01   1.0164588e+01
   7.3000000e+01   1.0164728e+01
   7.4000000e+01   1.0164537e+01
   7.5000000e+01   1.0164913e+01
   7.6000000e+01   1.0164852e+01
   7.7000000e+01   1.0164796e+01
   7.8000000e+01   1.0164667e+01
   7.9000000e+01   1.0164685e+01
   8.0000000e+01   1.0164414e+01
   8.1000000e+01   1.0164640e+01
   8.2000000e+01   1.0164558e+01
   8.3000000e+01   1.0164736e+01
   8.4000000e+01   1.0164435e+01
   8.5000000e+01   1.0164469e+01
   8.6000000e+01   1.0164445e+01
   8.7000000e+01   1.0164636e+01
   8.8000000e+01   1.0164022e+01
   8.9000000e+01   1.0164333e+01
   9.0000000e+01   1.0164237e+01
   9.1000000e+01   1.0164111e+01
   9.2000000e+01   1.0164323e+01
   9.3000000e+01   1.0164228e+01
   9.4000000e+01   1.0163977e+01
   9.5000000e+01   1.0164045e+01
   9.6000000e+01   1.0164174e+01
   9.7000000e+01   1.0163868e+01
   9.8000000e+01   1.0164139e+01
   9.9000000e+01   1.0164193e+01
   1.0000000e+02   1.0164088e+01
   1.0100000e+02   1.0164080e+01
   1.0200000e+02   1.0164009e+01
   1.0300000e+02   1.0163912e+01
   1.0400000e+02   1.0163704e+01
   1.0500000e+02   1.0163643e+01
   1.0600000e+02   1.0163741e+01
   1.0700000e+02   1.0163749e+01
   1.0800000e+02   1.0163306e+01
   1.0900000e+02   1.0163749e+01
   1.1000000e+02   1.0163818e+01
   1.1100000e+02   1.0163769e+01
   1.1200000e+02   1.0163817e+01
   1.1300000e+02   1.0163735e+01
   1.1400000e+02   1.0163518e+01
   1.1500000e+02   1.0163510e+01
   1.1600000e+02   1.0163745e+01
   1.1700000e+02   1.0163833e+01
   1.1800000e+02   1.0163728e+01
   1.1900000e+02   1.0163573e+01
   1.2000000e+02   1.0163762e+01
   1.2100000e+02   1.0163651e+01
   1.2200000e+02   1.0163666e+01
   1.2300000e+02   1.0163414e+01
   1.2400000e+02   1.0163653e+01
   1.2500000e+02   1.0163854e+01
   1.2600000e+02   1.0163550e+01
   1.2700000e+02   1.0163456e+01
   1.2800000e+02   1.0163404e+01
   1.2900000e+02   1.0163639e+01
   1.3000000e+02   1.0163602e+01
   1.3100000e+02   1.0163697e+01
   1.3200000e+02   1.0163514e+01
   1.3300000e+02   1.0163124e+01
   1.3400000e+02   1.0163388e+01
   1.3500000e+02   1.0163724e+01
   1.3600000e+02   1.0163339e+01
   1.3700000e+02   1.0163363e+01
   1.3800000e+02   1.0163424e+01
   1.3900000e+02   1.0163325e+01
   1.4000000e+02   1.0163230e+01
   1.4100000e+02   1.0163242e+01
   1.4200000e+02   1.0163176e+01
   1.4300000e+02   1.0163189e+01
   1.4400000e+02   1.0163274e+01
   1.4500000e+02   1.0163249e+01
   1.4600000e+02   1.0163252e+01
   1.4700000e+02   1.0163136e+01
   1.4800000e+02   1.0162988e+01
   1.4900000e+02   1.0162987e+01
   1.5000000e+02   1.0163162e+01
   1.5100000e+02   1.0162938e+01
   1.5200000e+02   1.0163083e+01
   1.5300000e+02   1.0162917e+01
   1.5400000e+02   1.0163093e+01
   1.5500000e+02   1.0162696e+01
   1.5600000e+02   1.0162967e+01
   1.5700000e+02   1.0163068e+01
   1.5800000e+02   1.0162937e+01
   1.5900000e+02   1.0162940e+01
   1.6000000e+02   1.0162631e+01
   1.6100000e+02   1.0162861e+01
   1.6200000e+02   1.0162901e+01
   1.6300000e+02   1.0162596e+01
   1.6400000e+02   1.0162639e+01
   1.6500000e+02   1.0162594e+01
   1.6600000e+02   1.0162538e+01
   1.6700000e+02   1.0159284e+01
   1.6800000e+02   1.0149578e+01
   1.6900000e+02   1.0144568e+01
   1.7000000e+02   1.0150469e+01
   1.7100000e+02   1.0156801e+01
   1.7200000e+02   1.0160154e+01
   1.7300000e+02   1.0161476e+01
   1.7400000e+02   1.0162240e+01
   1.7500000e+02   1.0162158e+01
   1.7600000e+02   1.0162535e+01
   1.7700000e+02   1.0162377e+01
   1.7800000e+02   1.0162620e+01
   1.7900000e+02   1.0158198e+01
   1.8000000e+02   1.0137509e+01
   1.8100000e+02   1.0128135e+01
   1.8200000e+02   1.0130990e+01
   1.8300000e+02   1.0136995e+01
   1.8400000e+02   1.0140356e+01
   1.8500000e+02   1.0141238e+01
   1.8600000e+02   1.0141269e+01
   1.8700000e+02   1.0142997e+01
   1.8800000e+02   1.0147275e+01
   1.8900000e+02   1.0151456e+01
   1.9000000e+02   1.0155381e+01
   1.9100000e+02   1.0159069e+01
   1.9200000e+02   1.0160577e+01
   1.9300000e+02   1.0160882e+01
   1.9400000e+02   1.0161141e+01
   1.9500000e+02   1.0161013e+01
   1.9600000e+02   1.0161340e+01
   1.9700000e+02   1.0161337e+01
   1.9800000e+02   1.0161636e+01
   1.9900000e+02   1.0161604e+01
   2.0000000e+02   1.0161555e+01
   2.0100000e+02   1.0161563e+01
   2.0200000e+02   1.0161595e+01
   2.0300000e+02   1.0161573e+01
   2.0400000e+02   1.0161407e+01
   2.0500000e+02   1.0161595e+01
   2.0600000e+02   1.0161603e+01
   2.0700000e+02   1.0161631e+01
   2.0800000e+02   1.0161649e+01
   2.0900000e+02   1.0161675e+01
   2.1000000e+02   1.0161733e+01
   2.1100000e+02   1.0161679e+01
   2.1200000e+02   1.0161628e+01
   2.1300000e+02   1.0161652e+01
   2.1400000e+02   1.0161418e+01
   2.1500000e+02   1.0161637e+01
   2.1600000e+02   1.0161607e+01
   2.1700000e+02   1.0161430e+01
   2.1800000e+02   1.0161500e+01
   2.1900000e+02   1.0161518e+01
   2.2000000e+02   1.0161361e+01
   2.2100000e+02   1.0161248e+01
   2.2200000e+02   1.0161093e+01
   2.2300000e+02   1.0161106e+01
   2.2400000e+02   1.0160701e+01
   2.2500000e+02   1.0160091e+01
   2.2600000e+02   1.0159691e+01
   2.2700000e+02   1.0159145e+01
   2.2800000e+02   1.0159122e+01
   2.2900000e+02   1.0159275e+01
   2.3000000e+02   1.0159396e+01
   2.3100000e+02   1.0159652e+01
   2.3200000e+02   1.0160095e+01
   2.3300000e+02   1.0160590e+01
   2.3400000e+02   1.0160521e+01
   2.3500000e+02   1.0160719e+01
   2.3600000e+02   1.0160870e+01
   2.3700000e+02   1.0160868e+01
   2.3800000e+02   1.0160871e+01
   2.3900000e+02   1.0160845e+01
   2.4000000e+02   1.0160896e+01
   2.4100000e+02   1.0160566e+01
   2.4200000e+02   1.0160715e+01
   2.4300000e+02   1.0160602e+01
   2.4400000e+02   1.0160472e+01
   2.4500000e+02   1.0159582e+01
   2.4600000e+02   1.0158425e+01
   2.4700000e+02   1.0156507e+01
   2.4800000e+02   1.0153059e+01
   2.4900000e+02   1.0149027e+01
   2.5000000e+02   1.0145484e+01
   2.5100000e+02   1.0143174e+01
   2.5200000e+02   1.0143334e+01
   2.5300000e+02   1.0145088e+01
   2.5400000e+02   1.0148118e+01
   2.5500000e+02   1.0150508e+01
   2.5600000e+02   1.0151960e+01
   2.5700000e+02   1.0152532e+01
   2.5800000e+02   1.0151561e+01
   2.5900000e+02   1.0150446e+01
   2.6000000e+02   1.0149152e+01
   2.6100000e+02   1.0148010e+01
   2.6200000e+02   1.0147342e+01
   2.6300000e+02   1.0146259e+01
   2.6400000e+02   1.0145547e+01
   2.6500000e+02   1.0144993e+01
   2.6600000e+02   1.0144859e+01
   2.6700000e+02   1.0145838e+01
   2.6800000e+02   1.0147552e+01
   2.6900000e+02   1.0149975e+01
   2.7000000e+02   1.0152114e+01
   2.7100000e+02   1.0154362e+01
   2.7200000e+02   1.0155906e+01
   2.7300000e+02   1.0156877e+01
   2.7400000e+02   1.0157125e+01
   2.7500000e+02   1.0157038e+01
   2.7600000e+02   1.0156643e+01
   2.7700000e+02   1.0156522e+01
   2.7800000e+02   1.0156625e+01
   2.7900000e+02   1.0157003e+01
   2.8000000e+02   1.0156932e+01
   2.8100000e+02   1.0157608e+01
   2.8200000e+02   1.0157707e+01
   2.8300000e+02   1.0158103e+01
   2.8400000e+02   1.0158110e+01
   2.8500000e+02   1.0158003e+01
   2.8600000e+02   1.0158034e+01
   2.8700000e+02   1.0158356e+01
   2.8800000e+02   1.0158871e+01
   2.8900000e+02   1.0158773e+01
   2.9000000e+02   1.0158856e+01
   2.9100000e+02   1.0159352e+01
   2.9200000e+02   1.0159551e+01
   2.9300000e+02   1.0159621e+01
   2.9400000e+02   1.0159471e+01
   2.9500000e+02   1.0159892e+01
   2.9600000e+02   1.0159641e+01
   2.9700000e+02   1.0159939e+01
   2.9800000e+02   1.0159893e+01
   2.9900000e+02   1.0159890e+01
   3.0000000e+02   1.0159940e+01
   3.0100000e+02   1.0159972e+01
   3.0200000e+02   1.0159955e+01
   3.0300000e+02   1.0159691e+01
   3.0400000e+02   1.0159089e+01
   3.0500000e+02   1.0158817e+01
   3.0600000e+02   1.0158091e+01
   3.0700000e+02   1.0157297e+01
   3.0800000e+02   1.0155949e+01
   3.0900000e+02   1.0154463e+01
   3.1000000e+02   1.0152270e+01
   3.1100000e+02   1.0150078e+01
   3.1200000e+02   1.0147345e+01
   3.1300000e+02   1.0145198e+01
   3.1400000e+02   1.0143741e+01
   3.1500000e+02   1.0143564e+01
   3.1600000e+02   1.0144356e+01
   3.1700000e+02   1.0145460e+01
   3.1800000e+02   1.0145510e+01
   3.1900000e+02   1.0144443e+01
   3.2000000e+02   1.0141637e+01
   3.2100000e+02   1.0138332e+01
   3.2200000e+02   1.0134373e+01
   3.2300000e+02   1.0131743e+01
   3.2400000e+02   1.0130278e+01
   3.2500000e+02   1.0130527e+01
   3.2600000e+02   1.0132026e+01
   3.2700000e+02   1.0133925e+01
   3.2800000e+02   1.0136882e+01
   3.2900000e+02   1.0139902e+01
   3.3000000e+02   1.0143593e+01
   3.3100000e+02   1.0146745e+01
   3.3200000e+02   1.0149701e+01
   3.3300000e+02   1.0152705e+01
   3.3400000e+02   1.0154205e+01
   3.3500000e+02   1.0155514e+01
   3.3600000e+02   1.0156114e+01
   3.3700000e+02   1.0155842e+01
   3.3800000e+02   1.0155231e+01
   3.3900000e+02   1.0153951e+01
   3.4000000e+02   1.0152620e+01
   3.4100000e+02   1.0152034e+01
   3.4200000e+02   1.0151249e+01
   3.4300000e+02   1.0151670e+01
   3.4400000e+02   1.0152404e+01
   3.4500000e+02   1.0153116e+01
   3.4600000e+02   1.0154349e+01
   3.4700000e+02   1.0155776e+01
   3.4800000e+02   1.0156743e+01
   3.4900000e+02   1.0157539e+01
   3.5000000e+02   1.0157773e+01
   3.5100000e+02   1.0158456e+01
   3.5200000e+02   1.0158724e+01
   3.5300000e+02   1.0158772e+01
   3.5400000e+02   1.0159186e+01
   3.5500000e+02   1.0159197e+01
   3.5600000e+02   1.0159220e+01
   3.5700000e+02   1.0159095e+01
   3.5800000e+02   1.0158621e+01
   3.5900000e+02   1.0158922e+01
   3.6000000e+02   1.0158810e+01
   3.6100000e+02   1.0158839e+01
   3.6200000e+02   1.0158133e+01
   3.6300000e+02   1.0158260e+01
   3.6400000e+02   1.0157895e+01
   3.6500000e+02   1.0158018e+01
   3.6600000e+02   1.0158156e+01
   3.6700000e+02   1.0157842e+01
   3.6800000e+02   1.0158359e+01
   3.6900000e+02   1.0158212e+01
   3.7000000e+02   1.0158970e+01
   3.7100000e+02   1.0158971e+01
   3.7200000e+02   1.0159124e+01
   3.7300000e+02   1.0159164e+01
   3.7400000e+02   1.0159604e+01
   3.7500000e+02   1.0159657e+01
   3.7600000e+02   1.0159559e+01
   3.7700000e+02   1.0159647e+01
   3.7800000e+02   1.0159487e+01
   3.7900000e+02   1.0159604e+01
   3.8000000e+02   1.0159248e+01
   3.8100000e+02   1.0159288e+01
   3.8200000e+02   1.0159434e+01
   3.8300000e+02   1.0159395e+01
   3.8400000e+02   1.0159268e+01
   3.8500000e+02   1.0159412e+01
   3.8600000e+02   1.0159066e+01
   3.8700000e+02   1.0159053e+01
   3.8800000e+02   1.0158782e+01
   3.8900000e+02   1.0158647e+01
   3.9000000e+02   1.0158430e+01
   3.9100000e+02   1.0158094e+01
   3.9200000e+02   1.0157863e+01
   3.9300000e+02   1.0157877e+01
   3.9400000e+02   1.0157778e+01
   3.9500000e+02   1.0157638e+01
   3.9600000e+02   1.0157975e+01
   3.9700000e+02   1.0157778e+01
   3.9800000e+02   1.0158092e+01
   3.9900000e+02   1.0158481e+01
   4.0000000e+02   1.0158482e+01
   4.0100000e+02   1.0158860e+01
   4.0200000e+02   1.0159011e+01
   4.0300000e+02   1.0159177e+01
   4.0400000e+02   1.0159179e+01
   4.0500000e+02   1.0158867e+01
   4.0600000e+02   1.0159182e+01
   4.0700000e+02   1.0159310e+01
   4.0800000e+02   1.0159331e+01
   4.0900000e+02   1.0159555e+01
   4.1000000e+02   1.0159426e+01
   4.1100000e+02   1.0159349e+01
   4.1200000e+02   1.0159741e+01
   4.1300000e+02   1.0159324e+01
   4.1400000e+02   1.0159537e+01
   4.1500000e+02   1.0159243e+01
   4.1600000e+02   1.0159295e+01
   4.1700000e+02   1.0159370e+01
   4.1800000e+02   1.0159333e+01
   4.1900000e+02   1.0159302e+01
   4.2000000e+02   1.0159544e+01
   4.2100000e+02   1.0159284e+01
   4.2200000e+02   1.0159475e+01
   4.2300000e+02   1.0159382e+01
   4.2400000e+02   1.0159328e+01
   4.2500000e+02   1.0159059e+01
   4.2600000e+02   1.0159162e+01
   4.2700000e+02   1.0159303e+01
   4.2800000e+02   1.0159538e+01
   4.2900000e+02   1.0159226e+01
   4.3000000e+02   1.0159465e+01
   4.3100000e+02   1.0159318e+01
   4.3200000e+02   1.0159103e+01
   4.3300000e+02   1.0159129e+01
   4.3400000e+02   1.0158963e+01
   4.3500000e+02   1.0158798e+01
   4.3600000e+02   1.0159108e+01
   4.3700000e+02   1.0159286e+01
   4.3800000e+02   1.0159137e+01
   4.3900000e+02   1.0159023e+01
   4.4000000e+02   1.0158949e+01
   4.4100000e+02   1.0159073e+01
   4.4200000e+02   1.0158748e+01
   4.4300000e+02   1.0158423e+01
   4.4400000e+02   1.0158194e+01
   4.4500000e+02   1.0157523e+01
   4.4600000e+02   1.0157229e+01
   4.4700000e+02   1.0156913e+01
   4.4800000e+02   1.0155819e+01
   4.4900000e+02   1.0155138e+01
   4.5000000e+02   1.0153963e+01
   4.5100000e+02   1.0153627e+01
   4.5200000e+02   1.0153455e+01
   4.5300000e+02   1.0153265e+01
   4.5400000e+02   1.0153488e+01
   4.5500000e+02   1.0153842e+01
   4.5600000e+02   1.0154620e+01
   4.5700000e+02   1.0154934e+01
   4.5800000e+02   1.0155706e+01
   4.5900000e+02   1.0156256e+01
   4.6000000e+02   1.0157017e+01
   4.6100000e+02   1.0157715e+01
   4.6200000e+02   1.0157766e+01
   4.6300000e+02   1.0158197e+01
   4.6400000e+02   1.0158255e+01
   4.6500000e+02   1.0158681e+01
   4.6600000e+02   1.0158514e+01
   4.6700000e+02   1.0158502e+01
   4.6800000e+02   1.0158619e+01
   4.6900000e+02   1.0158601e+01
   4.7000000e+02   1.0158699e+01
   4.7100000e+02   1.0158629e+01
   4.7200000e+02   1.0158730e+01
   4.7300000e+02   1.0158490e+01
   4.7400000e+02   1.0158754e+01
   4.7500000e+02   1.0158690e+01
   4.7600000e+02   1.0158733e+01
   4.7700000e+02   1.0158770e+01
   4.7800000e+02   1.0159035e+01
   4.7900000e+02   1.0158602e+01
   4.8000000e+02   1.0158924e+01
   4.8100000e+02   1.0158987e+01
   4.8200000e+02   1.0158985e+01
   4.8300000e+02   1.0158735e+01
   4.8400000e+02   1.0158605e+01
   4.8500000e+02   1.0158958e+01
   4.8600000e+02   1.0158606e+01
   4.8700000e+02   1.0158401e+01
   4.8800000e+02   1.0158705e+01
   4.8900000e+02   1.0158936e+01
   4.9000000e+02   1.0158996e+01
   4.9100000e+02   1.0158905e+01
   4.9200000e+02   1.0158907e+01
   4.9300000e+02   1.0158819e+01
   4.9400000e+02   1.0158684e+01
   4.9500000e+02   1.0158433e+01
   4.9600000e+02   1.0158217e+01
   4.9700000e+02   1.0158551e+01
   4.9800000e+02   1.0158724e+01
   4.9900000e+02   1.0158366e+01
   5.0000000e+02   1.0158690e+01
   5.0100000e+02   1.0158251e+01
   5.0200000e+02   1.0158804e+01
   5.0300000e+02   1.0158121e+01
   5.0400000e+02   1.0158012e+01
   5.0500000e+02   1.0158379e+01
   5.0600000e+02   1.0158534e+01
   5.0700000e+02   1.0158426e+01
   5.0800000e+02   1.0158527e+01
   5.0900000e+02   1.0158565e+01
   5.1000000e+02   1.0158626e+01
   5.1100000e+02   1.0158910e+01
   5.1200000e+02   1.0158716e+01
   5.1300000e+02   1.0158753e+01
   5.1400000e+02   1.0158503e+01
   5.1500000e+02   1.0158368e+01
   5.1600000e+02   1.0158279e+01
   5.1700000e+02   1.0158415e+01
   5.1800000e+02   1.0158719e+01
   5.1900000e+02   1.0158510e+01
   5.2000000e+02   1.0158340e+01
   5.2100000e+02   1.0158327e+01
   5.2200000e+02   1.0158628e+01
   5.2300000e+02   1.0158473e+01
   5.2400000e+02   1.0158502e+01
   5.2500000e+02   1.0158356e+01
   5.2600000e+02   1.0158300e+01
   5.2700000e+02   1.0158221e+01
   5.2800000e+02   1.0158732e+01
   5.2900000e+02   1.0158480e+01
   5.3000000e+02   1.0158627e+01
   5.3100000e+02   1.0158491e+01
   5.3200000e+02   1.0158373e+01
   5.3300000e+02   1.0158545e+01
   5.3400000e+02   1.0158559e+01
   5.3500000e+02   1.0158277e+01
   5.3600000e+02   1.0158491e+01
   5.3700000e+02   1.0158407e+01
   5.3800000e+02   1.0158350e+01
   5.3900000e+02   1.0158503e+01
   5.4000000e+02   1.0158190e+01
   5.4100000e+02   1.0158131e+01
   5.4200000e+02   1.0158071e+01
   5.4300000e+02   1.0158141e+01
   5.4400000e+02   1.0158265e+01
   5.4500000e+02   1.0158237e+01
   5.4600000e+02   1.0158073e+01
   5.4700000e+02   1.0158207e+01
   5.4800000e+02   1.0158126e+01
   5.4900000e+02   1.0157729e+01
   5.5000000e+02   1.0158226e+01
   5.5100000e+02   1.0157902e+01
   5.5200000e+02   1.0158232e+01
   5.5300000e+02   1.0158393e+01
   5.5400000e+02   1.0158209e+01
   5.5500000e+02   1.0158260e+01
   5.5600000e+02   1.0158153e+01
   5.5700000e+02   1.0158350e+01
   5.5800000e+02   1.0158331e+01
   5.5900000e+02   1.0158388e+01
   5.6000000e+02   1.0158337e+01
   5.6100000e+02   1.0158365e+01
   5.6200000e+02   1.0158140e+01
   5.6300000e+02   1.0158285e+01
   5.6400000e+02   1.0158209e+01
   5.6500000e+02   1.0158406e+01
   5.6600000e+02   1.0158259e+01
   5.6700000e+02   1.0158204e+01
   5.6800000e+02   1.0158207e+01
   5.6900000e+02   1.0158422e+01
   5.7000000e+02   1.0158496e+01
   5.7100000e+02   1.0158426e+01
   5.7200000e+02   1.0158203e+01
   5.7300000e+02   1.0158006e+01
   5.7400000e+02   1.0158543e+01
   5.7500000e+02   1.0158588e+01
   5.7600000e+02   1.0158508e+01
   5.7700000e+02   1.0158466e+01
   5.7800000e+02   1.0157959e+01
   5.7900000e+02   1.0158093e+01
   5.8000000e+02   1.0158220e+01
   5.8100000e+02   1.0158196e+01
   5.8200000e+02   1.0158128e+01
   5.8300000e+02   1.0158242e+01
   5.8400000e+02   1.0158251e+01
   5.8500000e+02   1.0158181e+01
   5.8600000e+02   1.0158088e+01
   5.8700000e+02   1.0158029e+01
   5.8800000e+02   1.0158046e+01
   5.8900000e+02   1.0157997e+01
   5.9000000e+02   1.0158101e+01
   5.9100000e+02   1.0158093e+01
   5.9200000e+02   1.0157952e+01
   5.9300000e+02   1.0157958e+01
   5.9400000e+02   1.0158292e+01
   5.9500000e+02   1.0158298e+01
   5.9600000e+02   1.0157883e+01
   5.9700000e+02   1.0157701e+01
   5.9800000e+02   1.0157878e+01
   5.9900000e+02   1.0157986e+01
   6.0000000e+02   1.0157620e+01
   6.0100000e+02   1.0157966e+01
   6.0200000e+02   1.0157998e+01
   6.0300000e+02   1.0158245e+01
   6.0400000e+02   1.0157939e+01
   6.0500000e+02   1.0157655e+01
   6.0600000e+02   1.0157914e+01
   6.0700000e+02   1.0157806e+01
   6.0800000e+02   1.0158068e+01
   6.0900000e+02   1.0158031e+01
   6.1000000e+02   1.0157975e+01
   6.1100000e+02   1.0157841e+01
   6.1200000e+02   1.0157778e+01
   6.1300000e+02   1.0157964e+01
   6.1400000e+02   1.0157624e+01
   6.1500000e+02   1.0157978e+01
   6.1600000e+02   1.0157746e+01
   6.1700000e+02   1.0157738e+01
   6.1800000e+02   1.0157817e+01
   6.1900000e+02   1.0157781e+01
   6.2000000e+02   1.0157897e+01
   6.2100000e+02   1.0157851e+01
   6.2200000e+02   1.0157667e+01
   6.2300000e+02   1.0157818e+01
   6.2400000e+02   1.0157904e+01
   6.2500000e+02   1.0157792e+01
   6.2600000e+02   1.0157811e+01
   6.2700000e+02   1.0157830e+01
   6.2800000e+02   1.0157851e+01
   6.2900000e+02   1.0157976e+01
   6.3000000e+02   1.0157675e+01
   6.3100000e+02   1.0157885e+01
   6.3200000e+02   1.0157802e+01
   6.3300000e+02   1.0157528e+01
   6.3400000e+02   1.0157875e+01
   6.3500000e+02   1.0157546e+01
   6.3600000e+02   1.0157769e+01
   6.3700000e+02   1.0157562e+01
   6.3800000e+02   1.0157760e+01
   6.3900000e+02   1.0157661e+01
   6.4000000e+02   1.0157650e+01
   6.4100000e+02   1.0157378e+01
   6.4200000e+02   1.0157504e+01
   6.4300000e+02   1.0157616e+01
   6.4400000e+02   1.0157555e+01
   6.4500000e+02   1.0157286e+01
   6.4600000e+02   1.0157526e+01
   6.4700000e+02   1.0157638e+01
   6.4800000e+02   1.0157323e+01
   6.4900000e+02   1.0157502e+01
   6.5000000e+02   1.0157494e+01
   6.5100000e+02   1.0157477e+01
   6.5200000e+02   1.0157755e+01
   6.5300000e+02   1.0157372e+01
   6.5400000e+02   1.0157285e+01
   6.5500000e+02   1.0157323e+01
   6.5600000e+02   1.0157603e+01
   6.5700000e+02   1.0157452e+01
   6.5800000e+02   1.0157400e+01
   6.5900000e+02   1.0157652e+01
   6.6000000e+02   1.0157232e+01
   6.6100000e+02   1.0157620e+01
   6.6200000e+02   1.0157805e+01
   6.6300000e+02   1.0157458e+01
   6.6400000e+02   1.0157422e+01
   6.6500000e+02   1.0157430e+01
   6.6600000e+02   1.0157600e+01
   6.6700000e+02   1.0157526e+01
   6.6800000e+02   1.0157504e+01
   6.6900000e+02   1.0157513e+01
   6.7000000e+02   1.0157532e+01
   6.7100000e+02   1.0157498e+01
   6.7200000e+02   1.0157452e+01
   6.7300000e+02   1.0157270e+01
   6.7400000e+02   1.0157688e+01
   6.7500000e+02   1.0157674e+01
   6.7600000e+02   1.0157642e+01
   6.7700000e+02   1.0157510e+01
   6.7800000e+02   1.0157591e+01
   6.7900000e+02   1.0157556e+01
   6.8000000e+02   1.0157748e+01
   6.8100000e+02   1.0157211e+01
   6.8200000e+02   1.0157528e+01
   6.8300000e+02   1.0157771e+01
   6.8400000e+02   1.0157744e+01
   6.8500000e+02   1.0157219e+01
   6.8600000e+02   1.0157594e+01
   6.8700000e+02   1.0157497e+01
   6.8800000e+02   1.0157420e+01
   6.8900000e+02   1.0157422e+01
   6.9000000e+02   1.0157338e+01
   6.9100000e+02   1.0157697e+01
   6.9200000e+02   1.0157440e+01
   6.9300000e+02   1.0157553e+01
   6.9400000e+02   1.0157387e+01
   6.9500000e+02   1.0157769e+01
   6.9600000e+02   1.0157255e+01
   6.9700000e+02   1.0157139e+01
   6.9800000e+02   1.0157195e+01
   6.9900000e+02   1.0157183e+01
   7.0000000e+02   1.0157581e+01
   7.0100000e+02   1.0157640e+01
   7.0200000e+02   1.0157175e+01
   7.0300000e+02   1.0157332e+01
   7.0400000e+02   1.0157164e+01
   7.0500000e+02   1.0157418e+01
   7.0600000e+02   1.0157638e+01
   7.0700000e+02   1.0157439e+01
   7.0800000e+02   1.0157161e+01
   7.0900000e+02   1.0157371e+01
   7.1000000e+02   1.0157171e+01
   7.1100000e+02   1.0157485e+01
   7.1200000e+02   1.0157433e+01
   7.1300000e+02   1.0157385e+01
   7.1400000e+02   1.0157470e+01
   7.1500000e+02   1.0157425e+01
   7.1600000e+02   1.0157373e+01
   7.1700000e+02   1.0157079e+01
   7.1800000e+02   1.0157349e+01
   7.1900000e+02   1.0157248e+01
   7.2000000e+02   1.0157245e+01
   7.2100000e+02   1.0157146e+01
   7.2200000e+02   1.0157420e+01
   7.2300000e+02   1.0157284e+01
   7.2400000e+02   1.0157351e+01
   7.2500000e+02   1.0157300e+01
   7.2600000e+02   1.0157445e+01
   7.2700000e+02   1.0157404e+01
   7.2800000e+02   1.0157316e+01
   7.2900000e+02   1.0157322e+01
   7.3000000e+02   1.0157369e+01
   7.3100000e+02   1.0156977e+01
   7.3200000e+02   1.0157077e+01
   7.3300000e+02   1.0156726e+01
   7.3400000e+02   1.0157139e+01
   7.3500000e+02   1.0157264e+01
   7.3600000e+02   1.0157022e+01
   7.3700000e+02   1.0157047e+01
   7.3800000e+02   1.0157171e+01
   7.3900000e+02   1.0157240e+01
   7.4000000e+02   1.0157326e+01
   7.4100000e+02   1.0156815e+01
   7.4200000e+02   1.0157131e+01
   7.4300000e+02   1.0156892e+01
   7.4400000e+02   1.0157108e+01
   7.4500000e+02   1.0157160e+01
   7.4600000e+02   1.0157029e+01
   7.4700000e+02   1.0157226e+01
   7.4800000e+02   1.0157345e+01
   7.4900000e+02   1.0157209e+01
   7.5000000e+02   1.0157252e+01
   7.5100000e+02   1.0157489e+01
   7.5200000e+02   1.0157496e+01
   7.5300000e+02   1.0156841e+01
   7.5400000e+02   1.0157089e+01
   7.5500000e+02   1.0157114e+01
   7.5600000e+02   1.0157091e+01
   7.5700000e+02   1.0156918e+01
   7.5800000e+02   1.0156956e+01
   7.5900000e+02   1.0156753e+01
   7.6000000e+02   1.0157048e+01
   7.6100000e+02   1.0156893e+01
   7.6200000e+02   1.0156872e+01
   7.6300000e+02   1.0157068e+01
   7.6400000e+02   1.0156893e+01
   7.6500000e+02   1.0156781e+01
   7.6600000e+02   1.0156826e+01
   7.6700000e+02   1.0156866e+01
   7.6800000e+02   1.0156721e+01
   7.6900000e+02   1.0156817e+01
   7.7000000e+02   1.0156643e+01
   7.7100000e+02   1.0157084e+01
   7.7200000e+02   1.0156754e+01
   7.7300000e+02   1.0156717e+01
   7.7400000e+02   1.0156837e+01
   7.7500000e+02   1.0156892e+01
   7.7600000e+02   1.0156885e+01
   7.7700000e+02   1.0157036e+01
   7.7800000e+02   1.0156839e+01
   7.7900000e+02   1.0156773e+01
   7.8000000e+02   1.0156612e+01
