   0.0000000e+00   1.0220605e+01
   1.0000000e+00   1.0215774e+01
   2.0000000e+00   1.0214378e+01
   3.0000000e+00   1.0213653e+01
   4.0000000e+00   1.0212831e+01
   5.0000000e+00   1.0212534e+01
   6.0000000e+00   1.0212322e+01
   7.0000000e+00   1.0212403e+01
   8.0000000e+00   1.0211990e+01
   9.0000000e+00   1.0211982e+01
   1.0000000e+01   1.0211651e+01
   1.1000000e+01   1.0211336e+01
   1.2000000e+01   1.0211191e+01
   1.3000000e+01   1.0210916e+01
   1.4000000e+01   1.0210877e+01
   1.5000000e+01   1.0210639e+01
   1.6000000e+01   1.0210697e+01
   1.7000000e+01   1.0210348e+01
   1.8000000e+01   1.0210282e+01
   1.9000000e+01   1.0210312e+01
   2.0000000e+01   1.0210291e+01
   2.1000000e+01   1.0210260e+01
   2.2000000e+01   1.0210088e+01
   2.3000000e+01   1.0210109e+01
   2.4000000e+01   1.0209801e+01
   2.5000000e+01   1.0209890e+01
   2.6000000e+01   1.0209719e+01
   2.7000000e+01   1.0209690e+01
   2.8000000e+01   1.0209821e+01
   2.9000000e+01   1.0209631e+01
   3.0000000e+01   1.0209361e+01
   3.1000000e+01   1.0209483e+01
   3.2000000e+01   1.0209556e+01
   3.3000000e+01   1.0209278e+01
   3.4000000e+01   1.0209384e+01
   3.5000000e+01   1.0209129e+01
   3.6000000e+01   1.0209152e+01
   3.7000000e+01   1.0209261e+01
   3.8000000e+01   1.0209121e+01
   3.9000000e+01   1.0208884e+01
   4.0000000e+01   1.0208693e+01
   4.1000000e+01   1.0208708e+01
   4.2000000e+01   1.0208837e+01
   4.3000000e+01   1.0208799e+01
   4.4000000e+01   1.0208870e+01
   4.5000000e+01   1.0208647e+01
   4.6000000e+01   1.0208706e+01
   4.7000000e+01   1.0208505e+01
   4.8000000e+01   1.0208371e+01
   4.9000000e+01   1.0208605e+01
   5.0000000e+01   1.0208505e+01
   5.1000000e+01   1.0208023e+01
   5.2000000e+01   1.0208286e+01
   5.3000000e+01   1.0208195e+01
   5.4000000e+01   1.0208132e+01
   5.5000000e+01   1.0208269e+01
   5.6000000e+01   1.0207969e+01
   5.7000000e+01   1.0208063e+01
   5.8000000e+01   1.0207955e+01
   5.9000000e+01   1.0208118e+01
   6.0000000e+01   1.0207997e+01
   6.1000000e+01   1.0207999e+01
   6.2000000e+01   1.0207976e+01
   6.3000000e+01   1.0207904e+01
   6.4000000e+01   1.0207927e+01
   6.5000000e+01   1.0207598e+01
   6.6000000e+01   1.0207780e+01
   6.7000000e+01   1.0207787e+01
   6.8000000e+01   1.0207659e+01
   6.9000000e+01   1.0207522e+01
   7.0000000e+01   1.0207869e+01
   7.1000000e+01   1.0207640e+01
   7.2000000e+01   1.0207744e+01
   7.3000000e+01   1.0207447e+01
   7.4000000e+01   1.0207569e+01
   7.5000000e+01   1.0207391e+01
   7.6000000e+01   1.0207103e+01
   7.7000000e+01   1.0207477e+01
   7.8000000e+01   1.0207194e+01
   7.9000000e+01   1.0207144e+01
   8.0000000e+01   1.0207348e+01
   8.1000000e+01   1.0207346e+01
   8.2000000e+01   1.0207257e+01
   8.3000000e+01   1.0207045e+01
   8.4000000e+01   1.0207135e+01
   8.5000000e+01   1.0207176e+01
   8.6000000e+01   1.0207175e+01
   8.7000000e+01   1.0206914e+01
   8.8000000e+01   1.0207102e+01
   8.9000000e+01   1.0206837e+01
   9.0000000e+01   1.0207091e+01
   9.1000000e+01   1.0206605e+01
   9.2000000e+01   1.0207009e+01
   9.3000000e+01   1.0206704e+01
   9.4000000e+01   1.0206911e+01
   9.5000000e+01   1.0206745e+01
   9.6000000e+01   1.0206938e+01
   9.7000000e+01   1.0206874e+01
   9.8000000e+01   1.0206646e+01
   9.9000000e+01   1.0206747e+01
   1.0000000e+02   1.0206564e+01
   1.0100000e+02   1.0206805e+01
   1.0200000e+02   1.0206676e+01
   1.0300000e+02   1.0206809e+01
   1.0400000e+02   1.0206811e+01
   1.0500000e+02   1.0206504e+01
   1.0600000e+02   1.0206494e+01
   1.0700000e+02   1.0206402e+01
   1.0800000e+02   1.0206259e+01
   1.0900000e+02   1.0206332e+01
   1.1000000e+02   1.0206330e+01
   1.1100000e+02   1.0206468e+01
   1.1200000e+02   1.0206291e+01
   1.1300000e+02   1.0206217e+01
   1.1400000e+02   1.0206402e+01
   1.1500000e+02   1.0206505e+01
   1.1600000e+02   1.0206300e+01
   1.1700000e+02   1.0206468e+01
   1.1800000e+02   1.0206319e+01
   1.1900000e+02   1.0206096e+01
   1.2000000e+02   1.0206159e+01
   1.2100000e+02   1.0206127e+01
   1.2200000e+02   1.0206223e+01
   1.2300000e+02   1.0205793e+01
   1.2400000e+02   1.0206107e+01
   1.2500000e+02   1.0206073e+01
   1.2600000e+02   1.0205839e+01
   1.2700000e+02   1.0205965e+01
   1.2800000e+02   1.0205873e+01
   1.2900000e+02   1.0205836e+01
   1.3000000e+02   1.0206072e+01
   1.3100000e+02   1.0206204e+01
   1.3200000e+02   1.0205869e+01
   1.3300000e+02   1.0205905e+01
   1.3400000e+02   1.0205819e+01
   1.3500000e+02   1.0205661e+01
   1.3600000e+02   1.0205818e+01
   1.3700000e+02   1.0205841e+01
   1.3800000e+02   1.0205992e+01
   1.3900000e+02   1.0205967e+01
   1.4000000e+02   1.0205921e+01
   1.4100000e+02   1.0205983e+01
   1.4200000e+02   1.0205999e+01
   1.4300000e+02   1.0205660e+01
   1.4400000e+02   1.0206011e+01
   1.4500000e+02   1.0205901e+01
   1.4600000e+02   1.0205858e+01
   1.4700000e+02   1.0205735e+01
   1.4800000e+02   1.0205895e+01
   1.4900000e+02   1.0205631e+01
   1.5000000e+02   1.0205700e+01
   1.5100000e+02   1.0205582e+01
   1.5200000e+02   1.0205660e+01
   1.5300000e+02   1.0205410e+01
   1.5400000e+02   1.0205581e+01
   1.5500000e+02   1.0205235e+01
   1.5600000e+02   1.0205415e+01
   1.5700000e+02   1.0205419e+01
   1.5800000e+02   1.0205263e+01
   1.5900000e+02   1.0205185e+01
   1.6000000e+02   1.0205432e+01
   1.6100000e+02   1.0205183e+01
   1.6200000e+02   1.0205234e+01
   1.6300000e+02   1.0205399e+01
   1.6400000e+02   1.0205170e+01
   1.6500000e+02   1.0205152e+01
   1.6600000e+02   1.0204855e+01
   1.6700000e+02   1.0202482e+01
   1.6800000e+02   1.0193081e+01
   1.6900000e+02   1.0186452e+01
   1.7000000e+02   1.0192204e+01
   1.7100000e+02   1.0198973e+01
   1.7200000e+02   1.0202500e+01
   1.7300000e+02   1.0204089e+01
   1.7400000e+02   1.0204683e+01
   1.7500000e+02   1.0205004e+01
   1.7600000e+02   1.0204735e+01
   1.7700000e+02   1.0204831e+01
   1.7800000e+02   1.0204593e+01
   1.7900000e+02   1.0201531e+01
   1.8000000e+02   1.0179201e+01
   1.8100000e+02   1.0165615e+01
   1.8200000e+02   1.0170196e+01
   1.8300000e+02   1.0178765e+01
   1.8400000e+02   1.0183159e+01
   1.8500000e+02   1.0184008e+01
   1.8600000e+02   1.0184499e+01
   1.8700000e+02   1.0186133e+01
   1.8800000e+02   1.0190353e+01
   1.8900000e+02   1.0194260e+01
   1.9000000e+02   1.0198024e+01
   1.9100000e+02   1.0201535e+01
   1.9200000e+02   1.0202984e+01
   1.9300000e+02   1.0203519e+01
   1.9400000e+02   1.0203805e+01
   1.9500000e+02   1.0204068e+01
   1.9600000e+02   1.0203777e+01
   1.9700000e+02   1.0203994e+01
   1.9800000e+02   1.0203981e+01
   1.9900000e+02   1.0203966e+01
   2.0000000e+02   1.0203992e+01
   2.0100000e+02   1.0204238e+01
   2.0200000e+02   1.0204225e+01
   2.0300000e+02   1.0204301e+01
   2.0400000e+02   1.0204193e+01
   2.0500000e+02   1.0204297e+01
   2.0600000e+02   1.0204172e+01
   2.0700000e+02   1.0204027e+01
   2.0800000e+02   1.0204077e+01
   2.0900000e+02   1.0204032e+01
   2.1000000e+02   1.0204214e+01
   2.1100000e+02   1.0204056e+01
   2.1200000e+02   1.0204072e+01
   2.1300000e+02   1.0204283e+01
   2.1400000e+02   1.0204095e+01
   2.1500000e+02   1.0203966e+01
   2.1600000e+02   1.0204122e+01
   2.1700000e+02   1.0204175e+01
   2.1800000e+02   1.0203996e+01
   2.1900000e+02   1.0204141e+01
   2.2000000e+02   1.0204152e+01
   2.2100000e+02   1.0204086e+01
   2.2200000e+02   1.0203945e+01
   2.2300000e+02   1.0203678e+01
   2.2400000e+02   1.0203863e+01
   2.2500000e+02   1.0203776e+01
   2.2600000e+02   1.0203633e+01
   2.2700000e+02   1.0203272e+01
   2.2800000e+02   1.0203249e+01
   2.2900000e+02   1.0203189e+01
   2.3000000e+02   1.0203430e+01
   2.3100000e+02   1.0203293e+01
   2.3200000e+02   1.0203283e+01
   2.3300000e+02   1.0203394e+01
   2.3400000e+02   1.0203742e+01
   2.3500000e+02   1.0203653e+01
   2.3600000e+02   1.0203840e+01
   2.3700000e+02   1.0203480e+01
   2.3800000e+02   1.0203602e+01
   2.3900000e+02   1.0203578e+01
   2.4000000e+02   1.0203477e+01
   2.4100000e+02   1.0203374e+01
   2.4200000e+02   1.0203171e+01
   2.4300000e+02   1.0203434e+01
   2.4400000e+02   1.0203171e+01
   2.4500000e+02   1.0203052e+01
   2.4600000e+02   1.0202125e+01
   2.4700000e+02   1.0201219e+01
   2.4800000e+02   1.0199399e+01
   2.4900000e+02   1.0196660e+01
   2.5000000e+02   1.0194251e+01
   2.5100000e+02   1.0192930e+01
   2.5200000e+02   1.0192558e+01
   2.5300000e+02   1.0193913e+01
   2.5400000e+02   1.0195447e+01
   2.5500000e+02   1.0196843e+01
   2.5600000e+02   1.0197706e+01
   2.5700000e+02   1.0198111e+01
   2.5800000e+02   1.0197899e+01
   2.5900000e+02   1.0196848e+01
   2.6000000e+02   1.0196138e+01
   2.6100000e+02   1.0195328e+01
   2.6200000e+02   1.0194676e+01
   2.6300000e+02   1.0194060e+01
   2.6400000e+02   1.0193817e+01
   2.6500000e+02   1.0193387e+01
   2.6600000e+02   1.0192891e+01
   2.6700000e+02   1.0193184e+01
   2.6800000e+02   1.0194301e+01
   2.6900000e+02   1.0195607e+01
   2.7000000e+02   1.0196834e+01
   2.7100000e+02   1.0198432e+01
   2.7200000e+02   1.0199665e+01
   2.7300000e+02   1.0200247e+01
   2.7400000e+02   1.0200130e+01
   2.7500000e+02   1.0200301e+01
   2.7600000e+02   1.0200237e+01
   2.7700000e+02   1.0200037e+01
   2.7800000e+02   1.0200110e+01
   2.7900000e+02   1.0200064e+01
   2.8000000e+02   1.0200196e+01
   2.8100000e+02   1.0200337e+01
   2.8200000e+02   1.0201032e+01
   2.8300000e+02   1.0201003e+01
   2.8400000e+02   1.0200860e+01
   2.8500000e+02   1.0201103e+01
   2.8600000e+02   1.0201118e+01
   2.8700000e+02   1.0200910e+01
   2.8800000e+02   1.0201242e+01
   2.8900000e+02   1.0201308e+01
   2.9000000e+02   1.0202012e+01
   2.9100000e+02   1.0201701e+01
   2.9200000e+02   1.0201683e+01
   2.9300000e+02   1.0201794e+01
   2.9400000e+02   1.0201695e+01
   2.9500000e+02   1.0201668e+01
   2.9600000e+02   1.0201602e+01
   2.9700000e+02   1.0201925e+01
   2.9800000e+02   1.0201995e+01
   2.9900000e+02   1.0201821e+01
   3.0000000e+02   1.0201698e+01
   3.0100000e+02   1.0201958e+01
   3.0200000e+02   1.0202029e+01
   3.0300000e+02   1.0201546e+01
   3.0400000e+02   1.0201173e+01
   3.0500000e+02   1.0200246e+01
   3.0600000e+02   1.0199393e+01
   3.0700000e+02   1.0197983e+01
   3.0800000e+02   1.0196357e+01
   3.0900000e+02   1.0194582e+01
   3.1000000e+02   1.0191654e+01
   3.1100000e+02   1.0188090e+01
   3.1200000e+02   1.0184428e+01
   3.1300000e+02   1.0180784e+01
   3.1400000e+02   1.0178096e+01
   3.1500000e+02   1.0177758e+01
   3.1600000e+02   1.0178687e+01
   3.1700000e+02   1.0180170e+01
   3.1800000e+02   1.0180667e+01
   3.1900000e+02   1.0179614e+01
   3.2000000e+02   1.0176188e+01
   3.2100000e+02   1.0171350e+01
   3.2200000e+02   1.0165509e+01
   3.2300000e+02   1.0161056e+01
   3.2400000e+02   1.0158592e+01
   3.2500000e+02   1.0157733e+01
   3.2600000e+02   1.0159054e+01
   3.2700000e+02   1.0162018e+01
   3.2800000e+02   1.0165656e+01
   3.2900000e+02   1.0170154e+01
   3.3000000e+02   1.0174892e+01
   3.3100000e+02   1.0179924e+01
   3.3200000e+02   1.0184828e+01
   3.3300000e+02   1.0189294e+01
   3.3400000e+02   1.0192147e+01
   3.3500000e+02   1.0194492e+01
   3.3600000e+02   1.0195669e+01
   3.3700000e+02   1.0195802e+01
   3.3800000e+02   1.0194311e+01
   3.3900000e+02   1.0192882e+01
   3.4000000e+02   1.0190979e+01
   3.4100000e+02   1.0189353e+01
   3.4200000e+02   1.0188302e+01
   3.4300000e+02   1.0188646e+01
   3.4400000e+02   1.0189268e+01
   3.4500000e+02   1.0191260e+01
   3.4600000e+02   1.0192711e+01
   3.4700000e+02   1.0194898e+01
   3.4800000e+02   1.0196361e+01
   3.4900000e+02   1.0198140e+01
   3.5000000e+02   1.0199160e+01
   3.5100000e+02   1.0199739e+01
   3.5200000e+02   1.0200117e+01
   3.5300000e+02   1.0200166e+01
   3.5400000e+02   1.0200699e+01
   3.5500000e+02   1.0200675e+01
   3.5600000e+02   1.0200702e+01
   3.5700000e+02   1.0200700e+01
   3.5800000e+02   1.0200781e+01
   3.5900000e+02   1.0200843e+01
   3.6000000e+02   1.0200634e+01
   3.6100000e+02   1.0200126e+01
   3.6200000e+02   1.0199673e+01
   3.6300000e+02   1.0199087e+01
   3.6400000e+02   1.0198817e+01
   3.6500000e+02   1.0198349e+01
   3.6600000e+02   1.0198008e+01
   3.6700000e+02   1.0198279e+01
   3.6800000e+02   1.0198680e+01
   3.6900000e+02   1.0199306e+01
   3.7000000e+02   1.0199767e+01
   3.7100000e+02   1.0200130e+01
   3.7200000e+02   1.0200415e+01
   3.7300000e+02   1.0200809e+01
   3.7400000e+02   1.0200910e+01
   3.7500000e+02   1.0201282e+01
   3.7600000e+02   1.0201431e+01
   3.7700000e+02   1.0201416e+01
   3.7800000e+02   1.0201383e+01
   3.7900000e+02   1.0201558e+01
   3.8000000e+02   1.0201578e+01
   3.8100000e+02   1.0201421e+01
   3.8200000e+02   1.0201494e+01
   3.8300000e+02   1.0201268e+01
   3.8400000e+02   1.0201580e+01
   3.8500000e+02   1.0201193e+01
   3.8600000e+02   1.0201101e+01
   3.8700000e+02   1.0201070e+01
   3.8800000e+02   1.0200854e+01
   3.8900000e+02   1.0200627e+01
   3.9000000e+02   1.0199959e+01
   3.9100000e+02   1.0199352e+01
   3.9200000e+02   1.0199094e+01
   3.9300000e+02   1.0198933e+01
   3.9400000e+02   1.0198409e+01
   3.9500000e+02   1.0198439e+01
   3.9600000e+02   1.0198538e+01
   3.9700000e+02   1.0198842e+01
   3.9800000e+02   1.0198993e+01
   3.9900000e+02   1.0199410e+01
   4.0000000e+02   1.0199793e+01
   4.0100000e+02   1.0200427e+01
   4.0200000e+02   1.0200124e+01
   4.0300000e+02   1.0200521e+01
   4.0400000e+02   1.0200661e+01
   4.0500000e+02   1.0201013e+01
   4.0600000e+02   1.0200907e+01
   4.0700000e+02   1.0201001e+01
   4.0800000e+02   1.0200940e+01
   4.0900000e+02   1.0201049e+01
   4.1000000e+02   1.0201129e+01
   4.1100000e+02   1.0200989e+01
   4.1200000e+02   1.0201156e+01
   4.1300000e+02   1.0200890e+01
   4.1400000e+02   1.0201229e+01
   4.1500000e+02   1.0201071e+01
   4.1600000e+02   1.0200897e+01
   4.1700000e+02   1.0201156e+01
   4.1800000e+02   1.0200938e+01
   4.1900000e+02   1.0201119e+01
   4.2000000e+02   1.0201269e+01
   4.2100000e+02   1.0200853e+01
   4.2200000e+02   1.0201095e+01
   4.2300000e+02   1.0200932e+01
   4.2400000e+02   1.0200972e+01
   4.2500000e+02   1.0201096e+01
   4.2600000e+02   1.0200999e+01
   4.2700000e+02   1.0201120e+01
   4.2800000e+02   1.0201059e+01
   4.2900000e+02   1.0201106e+01
   4.3000000e+02   1.0200943e+01
   4.3100000e+02   1.0200816e+01
   4.3200000e+02   1.0201112e+01
   4.3300000e+02   1.0201272e+01
   4.3400000e+02   1.0200898e+01
   4.3500000e+02   1.0200894e+01
   4.3600000e+02   1.0201062e+01
   4.3700000e+02   1.0200836e+01
   4.3800000e+02   1.0200843e+01
   4.3900000e+02   1.0200678e+01
   4.4000000e+02   1.0200652e+01
   4.4100000e+02   1.0200454e+01
   4.4200000e+02   1.0199549e+01
   4.4300000e+02   1.0198682e+01
   4.4400000e+02   1.0197122e+01
   4.4500000e+02   1.0194827e+01
   4.4600000e+02   1.0191422e+01
   4.4700000e+02   1.0187592e+01
   4.4800000e+02   1.0182716e+01
   4.4900000e+02   1.0177830e+01
   4.5000000e+02   1.0172680e+01
   4.5100000e+02   1.0168534e+01
   4.5200000e+02   1.0165710e+01
   4.5300000e+02   1.0164573e+01
   4.5400000e+02   1.0165324e+01
   4.5500000e+02   1.0167941e+01
   4.5600000e+02   1.0171378e+01
   4.5700000e+02   1.0175679e+01
   4.5800000e+02   1.0180379e+01
   4.5900000e+02   1.0184577e+01
   4.6000000e+02   1.0188212e+01
   4.6100000e+02   1.0191331e+01
   4.6200000e+02   1.0193824e+01
   4.6300000e+02   1.0195776e+01
   4.6400000e+02   1.0196985e+01
   4.6500000e+02   1.0197700e+01
   4.6600000e+02   1.0198257e+01
   4.6700000e+02   1.0199046e+01
   4.6800000e+02   1.0199203e+01
   4.6900000e+02   1.0199414e+01
   4.7000000e+02   1.0199401e+01
   4.7100000e+02   1.0199511e+01
   4.7200000e+02   1.0199591e+01
   4.7300000e+02   1.0199456e+01
   4.7400000e+02   1.0199713e+01
   4.7500000e+02   1.0199491e+01
   4.7600000e+02   1.0199869e+01
   4.7700000e+02   1.0199744e+01
   4.7800000e+02   1.0199867e+01
   4.7900000e+02   1.0200106e+01
   4.8000000e+02   1.0199929e+01
   4.8100000e+02   1.0199950e+01
   4.8200000e+02   1.0200106e+01
   4.8300000e+02   1.0199897e+01
   4.8400000e+02   1.0200311e+01
   4.8500000e+02   1.0200002e+01
   4.8600000e+02   1.0200065e+01
   4.8700000e+02   1.0199985e+01
   4.8800000e+02   1.0200089e+01
   4.8900000e+02   1.0200068e+01
   4.9000000e+02   1.0200392e+01
   4.9100000e+02   1.0200168e+01
   4.9200000e+02   1.0200217e+01
   4.9300000e+02   1.0200022e+01
   4.9400000e+02   1.0199807e+01
   4.9500000e+02   1.0200257e+01
   4.9600000e+02   1.0200103e+01
   4.9700000e+02   1.0199798e+01
   4.9800000e+02   1.0200007e+01
   4.9900000e+02   1.0200053e+01
   5.0000000e+02   1.0199760e+01
   5.0100000e+02   1.0199912e+01
   5.0200000e+02   1.0200099e+01
   5.0300000e+02   1.0199880e+01
   5.0400000e+02   1.0199800e+01
   5.0500000e+02   1.0199828e+01
   5.0600000e+02   1.0200165e+01
   5.0700000e+02   1.0199694e+01
   5.0800000e+02   1.0199839e+01
   5.0900000e+02   1.0199693e+01
   5.1000000e+02   1.0200038e+01
   5.1100000e+02   1.0199868e+01
   5.1200000e+02   1.0199924e+01
   5.1300000e+02   1.0199753e+01
   5.1400000e+02   1.0200044e+01
   5.1500000e+02   1.0200211e+01
   5.1600000e+02   1.0199803e+01
   5.1700000e+02   1.0199634e+01
   5.1800000e+02   1.0199968e+01
   5.1900000e+02   1.0200003e+01
   5.2000000e+02   1.0199769e+01
   5.2100000e+02   1.0199820e+01
   5.2200000e+02   1.0199989e+01
   5.2300000e+02   1.0199815e+01
   5.2400000e+02   1.0199842e+01
   5.2500000e+02   1.0199895e+01
   5.2600000e+02   1.0199845e+01
   5.2700000e+02   1.0199788e+01
   5.2800000e+02   1.0199836e+01
   5.2900000e+02   1.0199755e+01
   5.3000000e+02   1.0199749e+01
   5.3100000e+02   1.0199862e+01
   5.3200000e+02   1.0199414e+01
   5.3300000e+02   1.0199629e+01
   5.3400000e+02   1.0199910e+01
   5.3500000e+02   1.0199659e+01
   5.3600000e+02   1.0199600e+01
   5.3700000e+02   1.0199551e+01
   5.3800000e+02   1.0199644e+01
   5.3900000e+02   1.0199530e+01
   5.4000000e+02   1.0199708e+01
   5.4100000e+02   1.0199591e+01
   5.4200000e+02   1.0199779e+01
   5.4300000e+02   1.0199612e+01
   5.4400000e+02   1.0199599e+01
   5.4500000e+02   1.0199561e+01
   5.4600000e+02   1.0199744e+01
   5.4700000e+02   1.0199425e+01
   5.4800000e+02   1.0199534e+01
   5.4900000e+02   1.0199546e+01
   5.5000000e+02   1.0199506e+01
   5.5100000e+02   1.0199397e+01
   5.5200000e+02   1.0199500e+01
   5.5300000e+02   1.0199667e+01
   5.5400000e+02   1.0199630e+01
   5.5500000e+02   1.0199378e+01
   5.5600000e+02   1.0199574e+01
   5.5700000e+02   1.0199570e+01
   5.5800000e+02   1.0199441e+01
   5.5900000e+02   1.0199655e+01
   5.6000000e+02   1.0199577e+01
   5.6100000e+02   1.0199561e+01
   5.6200000e+02   1.0199482e+01
   5.6300000e+02   1.0199557e+01
   5.6400000e+02   1.0199358e+01
   5.6500000e+02   1.0199590e+01
   5.6600000e+02   1.0199377e+01
   5.6700000e+02   1.0199242e+01
   5.6800000e+02   1.0199324e+01
   5.6900000e+02   1.0199192e+01
   5.7000000e+02   1.0199234e+01
   5.7100000e+02   1.0199748e+01
   5.7200000e+02   1.0199506e+01
   5.7300000e+02   1.0199585e+01
   5.7400000e+02   1.0199094e+01
   5.7500000e+02   1.0199350e+01
   5.7600000e+02   1.0199273e+01
   5.7700000e+02   1.0199474e+01
   5.7800000e+02   1.0199365e+01
   5.7900000e+02   1.0199586e+01
   5.8000000e+02   1.0199612e+01
   5.8100000e+02   1.0199335e+01
   5.8200000e+02   1.0199361e+01
   5.8300000e+02   1.0199456e+01
   5.8400000e+02   1.0199365e+01
   5.8500000e+02   1.0199332e+01
   5.8600000e+02   1.0199247e+01
   5.8700000e+02   1.0199261e+01
   5.8800000e+02   1.0199143e+01
   5.8900000e+02   1.0199372e+01
   5.9000000e+02   1.0199481e+01
   5.9100000e+02   1.0199033e+01
   5.9200000e+02   1.0199123e+01
   5.9300000e+02   1.0199234e+01
   5.9400000e+02   1.0199286e+01
   5.9500000e+02   1.0199219e+01
   5.9600000e+02   1.0199357e+01
   5.9700000e+02   1.0199090e+01
   5.9800000e+02   1.0198971e+01
   5.9900000e+02   1.0199046e+01
   6.0000000e+02   1.0199233e+01
   6.0100000e+02   1.0199282e+01
   6.0200000e+02   1.0198985e+01
   6.0300000e+02   1.0199059e+01
   6.0400000e+02   1.0199008e+01
   6.0500000e+02   1.0199044e+01
   6.0600000e+02   1.0199299e+01
   6.0700000e+02   1.0198876e+01
   6.0800000e+02   1.0199055e+01
   6.0900000e+02   1.0199053e+01
   6.1000000e+02   1.0199280e+01
   6.1100000e+02   1.0198859e+01
   6.1200000e+02   1.0199054e+01
   6.1300000e+02   1.0199052e+01
   6.1400000e+02   1.0199318e+01
   6.1500000e+02   1.0199023e+01
   6.1600000e+02   1.0199251e+01
   6.1700000e+02   1.0199362e+01
   6.1800000e+02   1.0199111e+01
   6.1900000e+02   1.0199207e+01
   6.2000000e+02   1.0198880e+01
   6.2100000e+02   1.0199086e+01
   6.2200000e+02   1.0198925e+01
   6.2300000e+02   1.0199025e+01
   6.2400000e+02   1.0198953e+01
   6.2500000e+02   1.0198722e+01
   6.2600000e+02   1.0198828e+01
   6.2700000e+02   1.0198881e+01
   6.2800000e+02   1.0198884e+01
   6.2900000e+02   1.0198741e+01
   6.3000000e+02   1.0198764e+01
   6.3100000e+02   1.0198764e+01
   6.3200000e+02   1.0198708e+01
   6.3300000e+02   1.0199016e+01
   6.3400000e+02   1.0198861e+01
   6.3500000e+02   1.0198794e+01
   6.3600000e+02   1.0198691e+01
   6.3700000e+02   1.0198734e+01
   6.3800000e+02   1.0198656e+01
   6.3900000e+02   1.0198820e+01
   6.4000000e+02   1.0198707e+01
   6.4100000e+02   1.0198758e+01
   6.4200000e+02   1.0198573e+01
   6.4300000e+02   1.0198671e+01
   6.4400000e+02   1.0198735e+01
   6.4500000e+02   1.0198843e+01
   6.4600000e+02   1.0198532e+01
   6.4700000e+02   1.0198649e+01
   6.4800000e+02   1.0198656e+01
   6.4900000e+02   1.0198718e+01
   6.5000000e+02   1.0198694e+01
   6.5100000e+02   1.0198770e+01
   6.5200000e+02   1.0198485e+01
   6.5300000e+02   1.0198859e+01
   6.5400000e+02   1.0198863e+01
   6.5500000e+02   1.0198572e+01
   6.5600000e+02   1.0198585e+01
   6.5700000e+02   1.0198532e+01
   6.5800000e+02   1.0198654e+01
   6.5900000e+02   1.0198726e+01
   6.6000000e+02   1.0198494e+01
   6.6100000e+02   1.0198464e+01
   6.6200000e+02   1.0198683e+01
   6.6300000e+02   1.0198620e+01
   6.6400000e+02   1.0198611e+01
   6.6500000e+02   1.0198630e+01
   6.6600000e+02   1.0198782e+01
   6.6700000e+02   1.0198543e+01
   6.6800000e+02   1.0198380e+01
   6.6900000e+02   1.0198560e+01
   6.7000000e+02   1.0198574e+01
   6.7100000e+02   1.0198551e+01
   6.7200000e+02   1.0198622e+01
   6.7300000e+02   1.0198685e+01
   6.7400000e+02   1.0198666e+01
   6.7500000e+02   1.0198450e+01
   6.7600000e+02   1.0198492e+01
   6.7700000e+02   1.0198782e+01
   6.7800000e+02   1.0198384e+01
   6.7900000e+02   1.0198676e+01
   6.8000000e+02   1.0198702e+01
   6.8100000e+02   1.0198268e+01
   6.8200000e+02   1.0198439e+01
   6.8300000e+02   1.0198507e+01
   6.8400000e+02   1.0197874e+01
   6.8500000e+02   1.0198251e+01
   6.8600000e+02   1.0198124e+01
   6.8700000e+02   1.0197959e+01
   6.8800000e+02   1.0198022e+01
   6.8900000e+02   1.0197909e+01
   6.9000000e+02   1.0197789e+01
   6.9100000e+02   1.0197860e+01
   6.9200000e+02   1.0197661e+01
   6.9300000e+02   1.0197673e+01
   6.9400000e+02   1.0197951e+01
   6.9500000e+02   1.0197578e+01
   6.9600000e+02   1.0197515e+01
   6.9700000e+02   1.0197695e+01
   6.9800000e+02   1.0197986e+01
   6.9900000e+02   1.0197960e+01
   7.0000000e+02   1.0197979e+01
   7.0100000e+02   1.0197962e+01
   7.0200000e+02   1.0198127e+01
   7.0300000e+02   1.0198022e+01
   7.0400000e+02   1.0198175e+01
   7.0500000e+02   1.0198163e+01
   7.0600000e+02   1.0198166e+01
   7.0700000e+02   1.0198329e+01
   7.0800000e+02   1.0198161e+01
   7.0900000e+02   1.0198160e+01
   7.1000000e+02   1.0198325e+01
   7.1100000e+02   1.0198376e+01
   7.1200000e+02   1.0198649e+01
   7.1300000e+02   1.0198444e+01
   7.1400000e+02   1.0198255e+01
   7.1500000e+02   1.0198343e+01
   7.1600000e+02   1.0198376e+01
   7.1700000e+02   1.0198241e+01
   7.1800000e+02   1.0198127e+01
   7.1900000e+02   1.0198162e+01
   7.2000000e+02   1.0198166e+01
   7.2100000e+02   1.0198168e+01
   7.2200000e+02   1.0198090e+01
   7.2300000e+02   1.0198492e+01
   7.2400000e+02   1.0198079e+01
   7.2500000e+02   1.0198283e+01
   7.2600000e+02   1.0197941e+01
   7.2700000e+02   1.0198127e+01
   7.2800000e+02   1.0198394e+01
   7.2900000e+02   1.0197978e+01
   7.3000000e+02   1.0198148e+01
   7.3100000e+02   1.0198016e+01
   7.3200000e+02   1.0197975e+01
   7.3300000e+02   1.0198102e+01
   7.3400000e+02   1.0197942e+01
   7.3500000e+02   1.0197990e+01
   7.3600000e+02   1.0197859e+01
   7.3700000e+02   1.0198000e+01
   7.3800000e+02   1.0198119e+01
   7.3900000e+02   1.0197948e+01
   7.4000000e+02   1.0197933e+01
   7.4100000e+02   1.0198051e+01
   7.4200000e+02   1.0197808e+01
   7.4300000e+02   1.0198019e+01
   7.4400000e+02   1.0197890e+01
   7.4500000e+02   1.0198172e+01
   7.4600000e+02   1.0197905e+01
   7.4700000e+02   1.0198005e+01
   7.4800000e+02   1.0198098e+01
   7.4900000e+02   1.0198065e+01
   7.5000000e+02   1.0197879e+01
   7.5100000e+02   1.0197623e+01
   7.5200000e+02   1.0197735e+01
   7.5300000e+02   1.0197893e+01
   7.5400000e+02   1.0197726e+01
   7.5500000e+02   1.0197866e+01
   7.5600000e+02   1.0197596e+01
   7.5700000e+02   1.0197781e+01
   7.5800000e+02   1.0197974e+01
   7.5900000e+02   1.0197921e+01
   7.6000000e+02   1.0197790e+01
   7.6100000e+02   1.0198103e+01
   7.6200000e+02   1.0197789e+01
   7.6300000e+02   1.0197736e+01
   7.6400000e+02   1.0197938e+01
   7.6500000e+02   1.0197600e+01
   7.6600000e+02   1.0197998e+01
   7.6700000e+02   1.0197927e+01
   7.6800000e+02   1.0197772e+01
   7.6900000e+02   1.0197916e+01
   7.7000000e+02   1.0197716e+01
   7.7100000e+02   1.0197873e+01
   7.7200000e+02   1.0197785e+01
   7.7300000e+02   1.0197721e+01
   7.7400000e+02   1.0197765e+01
   7.7500000e+02   1.0197497e+01
   7.7600000e+02   1.0197646e+01
   7.7700000e+02   1.0197775e+01
   7.7800000e+02   1.0197632e+01
   7.7900000e+02   1.0197516e+01
   7.8000000e+02   1.0197455e+01
