   0.0000000e+00   1.0220566e+01
   1.0000000e+00   1.0215816e+01
   2.0000000e+00   1.0214285e+01
   3.0000000e+00   1.0213610e+01
   4.0000000e+00   1.0213301e+01
   5.0000000e+00   1.0212870e+01
   6.0000000e+00   1.0212472e+01
   7.0000000e+00   1.0212353e+01
   8.0000000e+00   1.0211893e+01
   9.0000000e+00   1.0211457e+01
   1.0000000e+01   1.0211229e+01
   1.1000000e+01   1.0211255e+01
   1.2000000e+01   1.0211080e+01
   1.3000000e+01   1.0211013e+01
   1.4000000e+01   1.0210998e+01
   1.5000000e+01   1.0210918e+01
   1.6000000e+01   1.0210628e+01
   1.7000000e+01   1.0210491e+01
   1.8000000e+01   1.0210414e+01
   1.9000000e+01   1.0210507e+01
   2.0000000e+01   1.0210137e+01
   2.1000000e+01   1.0210154e+01
   2.2000000e+01   1.0210086e+01
   2.3000000e+01   1.0210055e+01
   2.4000000e+01   1.0209897e+01
   2.5000000e+01   1.0209831e+01
   2.6000000e+01   1.0209624e+01
   2.7000000e+01   1.0209603e+01
   2.8000000e+01   1.0209626e+01
   2.9000000e+01   1.0209319e+01
   3.0000000e+01   1.0209347e+01
   3.1000000e+01   1.0209281e+01
   3.2000000e+01   1.0209362e+01
   3.3000000e+01   1.0209477e+01
   3.4000000e+01   1.0209484e+01
   3.5000000e+01   1.0209146e+01
   3.6000000e+01   1.0209081e+01
   3.7000000e+01   1.0209098e+01
   3.8000000e+01   1.0208926e+01
   3.9000000e+01   1.0208887e+01
   4.0000000e+01   1.0208616e+01
   4.1000000e+01   1.0208659e+01
   4.2000000e+01   1.0208561e+01
   4.3000000e+01   1.0208397e+01
   4.4000000e+01   1.0208455e+01
   4.5000000e+01   1.0208374e+01
   4.6000000e+01   1.0208529e+01
   4.7000000e+01   1.0208150e+01
   4.8000000e+01   1.0208574e+01
   4.9000000e+01   1.0208343e+01
   5.0000000e+01   1.0208260e+01
   5.1000000e+01   1.0208316e+01
   5.2000000e+01   1.0208114e+01
   5.3000000e+01   1.0208022e+01
   5.4000000e+01   1.0208182e+01
   5.5000000e+01   1.0208131e+01
   5.6000000e+01   1.0208258e+01
   5.7000000e+01   1.0207943e+01
   5.8000000e+01   1.0208089e+01
   5.9000000e+01   1.0207688e+01
   6.0000000e+01   1.0207717e+01
   6.1000000e+01   1.0207912e+01
   6.2000000e+01   1.0207598e+01
   6.3000000e+01   1.0207821e+01
   6.4000000e+01   1.0208094e+01
   6.5000000e+01   1.0207802e+01
   6.6000000e+01   1.0207675e+01
   6.7000000e+01   1.0207624e+01
   6.8000000e+01   1.0207463e+01
   6.9000000e+01   1.0207411e+01
   7.0000000e+01   1.0207650e+01
   7.1000000e+01   1.0207561e+01
   7.2000000e+01   1.0207223e+01
   7.3000000e+01   1.0207525e+01
   7.4000000e+01   1.0207528e+01
   7.5000000e+01   1.0207259e+01
   7.6000000e+01   1.0207368e+01
   7.7000000e+01   1.0207447e+01
   7.8000000e+01   1.0207389e+01
   7.9000000e+01   1.0207260e+01
   8.0000000e+01   1.0207048e+01
   8.1000000e+01   1.0207376e+01
   8.2000000e+01   1.0207271e+01
   8.3000000e+01   1.0206922e+01
   8.4000000e+01   1.0207285e+01
   8.5000000e+01   1.0207114e+01
   8.6000000e+01   1.0207013e+01
   8.7000000e+01   1.0206851e+01
   8.8000000e+01   1.0206719e+01
   8.9000000e+01   1.0207003e+01
   9.0000000e+01   1.0206909e+01
   9.1000000e+01   1.0207080e+01
   9.2000000e+01   1.0206930e+01
   9.3000000e+01   1.0206597e+01
   9.4000000e+01   1.0206507e+01
   9.5000000e+01   1.0206708e+01
   9.6000000e+01   1.0206701e+01
   9.7000000e+01   1.0206482e+01
   9.8000000e+01   1.0206630e+01
   9.9000000e+01   1.0206782e+01
   1.0000000e+02   1.0206582e+01
   1.0100000e+02   1.0206500e+01
   1.0200000e+02   1.0206293e+01
   1.0300000e+02   1.0206473e+01
   1.0400000e+02   1.0206185e+01
   1.0500000e+02   1.0206452e+01
   1.0600000e+02   1.0206568e+01
   1.0700000e+02   1.0206297e+01
   1.0800000e+02   1.0206433e+01
   1.0900000e+02   1.0206201e+01
   1.1000000e+02   1.0206382e+01
   1.1100000e+02   1.0206337e+01
   1.1200000e+02   1.0206430e+01
   1.1300000e+02   1.0206439e+01
   1.1400000e+02   1.0205973e+01
   1.1500000e+02   1.0206527e+01
   1.1600000e+02   1.0206200e+01
   1.1700000e+02   1.0206046e+01
   1.1800000e+02   1.0206471e+01
   1.1900000e+02   1.0206126e+01
   1.2000000e+02   1.0205824e+01
   1.2100000e+02   1.0206365e+01
   1.2200000e+02   1.0206270e+01
   1.2300000e+02   1.0206211e+01
   1.2400000e+02   1.0205988e+01
   1.2500000e+02   1.0206157e+01
   1.2600000e+02   1.0206018e+01
   1.2700000e+02   1.0206092e+01
   1.2800000e+02   1.0205980e+01
   1.2900000e+02   1.0206237e+01
   1.3000000e+02   1.0206148e+01
   1.3100000e+02   1.0205817e+01
   1.3200000e+02   1.0205959e+01
   1.3300000e+02   1.0205761e+01
   1.3400000e+02   1.0206200e+01
   1.3500000e+02   1.0205940e+01
   1.3600000e+02   1.0205785e+01
   1.3700000e+02   1.0206079e+01
   1.3800000e+02   1.0205897e+01
   1.3900000e+02   1.0205803e+01
   1.4000000e+02   1.0205760e+01
   1.4100000e+02   1.0205752e+01
   1.4200000e+02   1.0205553e+01
   1.4300000e+02   1.0205450e+01
   1.4400000e+02   1.0205623e+01
   1.4500000e+02   1.0205519e+01
   1.4600000e+02   1.0205279e+01
   1.4700000e+02   1.0205706e+01
   1.4800000e+02   1.0205650e+01
   1.4900000e+02   1.0205521e+01
   1.5000000e+02   1.0205803e+01
   1.5100000e+02   1.0205752e+01
   1.5200000e+02   1.0205647e+01
   1.5300000e+02   1.0205481e+01
   1.5400000e+02   1.0205547e+01
   1.5500000e+02   1.0205472e+01
   1.5600000e+02   1.0205524e+01
   1.5700000e+02   1.0205194e+01
   1.5800000e+02   1.0205379e+01
   1.5900000e+02   1.0205565e+01
   1.6000000e+02   1.0205292e+01
   1.6100000e+02   1.0205307e+01
   1.6200000e+02   1.0205390e+01
   1.6300000e+02   1.0205472e+01
   1.6400000e+02   1.0205637e+01
   1.6500000e+02   1.0205377e+01
   1.6600000e+02   1.0205313e+01
   1.6700000e+02   1.0203306e+01
   1.6800000e+02   1.0194740e+01
   1.6900000e+02   1.0187003e+01
   1.7000000e+02   1.0191491e+01
   1.7100000e+02   1.0198095e+01
   1.7200000e+02   1.0202313e+01
   1.7300000e+02   1.0203879e+01
   1.7400000e+02   1.0204241e+01
   1.7500000e+02   1.0204665e+01
   1.7600000e+02   1.0204787e+01
   1.7700000e+02   1.0204930e+01
   1.7800000e+02   1.0204954e+01
   1.7900000e+02   1.0202597e+01
   1.8000000e+02   1.0185293e+01
   1.8100000e+02   1.0170507e+01
   1.8200000e+02   1.0172435e+01
   1.8300000e+02   1.0178025e+01
   1.8400000e+02   1.0182182e+01
   1.8500000e+02   1.0183788e+01
   1.8600000e+02   1.0184572e+01
   1.8700000e+02   1.0185916e+01
   1.8800000e+02   1.0189733e+01
   1.8900000e+02   1.0193350e+01
   1.9000000e+02   1.0196409e+01
   1.9100000e+02   1.0200081e+01
   1.9200000e+02   1.0202606e+01
   1.9300000e+02   1.0203504e+01
   1.9400000e+02   1.0203784e+01
   1.9500000e+02   1.0204053e+01
   1.9600000e+02   1.0204016e+01
   1.9700000e+02   1.0203969e+01
   1.9800000e+02   1.0204060e+01
   1.9900000e+02   1.0204128e+01
   2.0000000e+02   1.0204000e+01
   2.0100000e+02   1.0203890e+01
   2.0200000e+02   1.0204110e+01
   2.0300000e+02   1.0204250e+01
   2.0400000e+02   1.0204212e+01
   2.0500000e+02   1.0204361e+01
   2.0600000e+02   1.0204151e+01
   2.0700000e+02   1.0204457e+01
   2.0800000e+02   1.0204456e+01
   2.0900000e+02   1.0204152e+01
   2.1000000e+02   1.0204124e+01
   2.1100000e+02   1.0203941e+01
   2.1200000e+02   1.0204158e+01
   2.1300000e+02   1.0203932e+01
   2.1400000e+02   1.0204037e+01
   2.1500000e+02   1.0204406e+01
   2.1600000e+02   1.0204369e+01
   2.1700000e+02   1.0204123e+01
   2.1800000e+02   1.0204217e+01
   2.1900000e+02   1.0204150e+01
   2.2000000e+02   1.0203945e+01
   2.2100000e+02   1.0204241e+01
   2.2200000e+02   1.0204082e+01
   2.2300000e+02   1.0204007e+01
   2.2400000e+02   1.0203848e+01
   2.2500000e+02   1.0203713e+01
   2.2600000e+02   1.0203511e+01
   2.2700000e+02   1.0203219e+01
   2.2800000e+02   1.0203180e+01
   2.2900000e+02   1.0202952e+01
   2.3000000e+02   1.0203275e+01
   2.3100000e+02   1.0203133e+01
   2.3200000e+02   1.0203471e+01
   2.3300000e+02   1.0202991e+01
   2.3400000e+02   1.0203522e+01
   2.3500000e+02   1.0203460e+01
   2.3600000e+02   1.0203680e+01
   2.3700000e+02   1.0203816e+01
   2.3800000e+02   1.0203715e+01
   2.3900000e+02   1.0203641e+01
   2.4000000e+02   1.0203489e+01
   2.4100000e+02   1.0203392e+01
   2.4200000e+02   1.0203222e+01
   2.4300000e+02   1.0203062e+01
   2.4400000e+02   1.0203472e+01
   2.4500000e+02   1.0203279e+01
   2.4600000e+02   1.0202290e+01
   2.4700000e+02   1.0201011e+01
   2.4800000e+02   1.0198893e+01
   2.4900000e+02   1.0196431e+01
   2.5000000e+02   1.0193414e+01
   2.5100000e+02   1.0191934e+01
   2.5200000e+02   1.0191277e+01
   2.5300000e+02   1.0192051e+01
   2.5400000e+02   1.0193707e+01
   2.5500000e+02   1.0195831e+01
   2.5600000e+02   1.0197112e+01
   2.5700000e+02   1.0197432e+01
   2.5800000e+02   1.0197161e+01
   2.5900000e+02   1.0196218e+01
   2.6000000e+02   1.0195454e+01
   2.6100000e+02   1.0194460e+01
   2.6200000e+02   1.0193650e+01
   2.6300000e+02   1.0193620e+01
   2.6400000e+02   1.0192512e+01
   2.6500000e+02   1.0192026e+01
   2.6600000e+02   1.0191784e+01
   2.6700000e+02   1.0192144e+01
   2.6800000e+02   1.0193127e+01
   2.6900000e+02   1.0194513e+01
   2.7000000e+02   1.0196034e+01
   2.7100000e+02   1.0197369e+01
   2.7200000e+02   1.0198767e+01
   2.7300000e+02   1.0199500e+01
   2.7400000e+02   1.0199921e+01
   2.7500000e+02   1.0200127e+01
   2.7600000e+02   1.0199885e+01
   2.7700000e+02   1.0199728e+01
   2.7800000e+02   1.0199627e+01
   2.7900000e+02   1.0199900e+01
   2.8000000e+02   1.0200064e+01
   2.8100000e+02   1.0200485e+01
   2.8200000e+02   1.0200601e+01
   2.8300000e+02   1.0200705e+01
   2.8400000e+02   1.0200885e+01
   2.8500000e+02   1.0200712e+01
   2.8600000e+02   1.0201078e+01
   2.8700000e+02   1.0201120e+01
   2.8800000e+02   1.0201386e+01
   2.8900000e+02   1.0201643e+01
   2.9000000e+02   1.0201616e+01
   2.9100000e+02   1.0201877e+01
   2.9200000e+02   1.0201818e+01
   2.9300000e+02   1.0201860e+01
   2.9400000e+02   1.0202012e+01
   2.9500000e+02   1.0202058e+01
   2.9600000e+02   1.0202119e+01
   2.9700000e+02   1.0202163e+01
   2.9800000e+02   1.0202197e+01
   2.9900000e+02   1.0202399e+01
   3.0000000e+02   1.0202506e+01
   3.0100000e+02   1.0202266e+01
   3.0200000e+02   1.0202263e+01
   3.0300000e+02   1.0202237e+01
   3.0400000e+02   1.0201408e+01
   3.0500000e+02   1.0200824e+01
   3.0600000e+02   1.0199642e+01
   3.0700000e+02   1.0198783e+01
   3.0800000e+02   1.0197150e+01
   3.0900000e+02   1.0195544e+01
   3.1000000e+02   1.0192954e+01
   3.1100000e+02   1.0189531e+01
   3.1200000e+02   1.0185986e+01
   3.1300000e+02   1.0182074e+01
   3.1400000e+02   1.0179150e+01
   3.1500000e+02   1.0178333e+01
   3.1600000e+02   1.0179064e+01
   3.1700000e+02   1.0180020e+01
   3.1800000e+02   1.0181571e+01
   3.1900000e+02   1.0180720e+01
   3.2000000e+02   1.0177683e+01
   3.2100000e+02   1.0173052e+01
   3.2200000e+02   1.0167467e+01
   3.2300000e+02   1.0162609e+01
   3.2400000e+02   1.0159287e+01
   3.2500000e+02   1.0157854e+01
   3.2600000e+02   1.0158694e+01
   3.2700000e+02   1.0161320e+01
   3.2800000e+02   1.0164952e+01
   3.2900000e+02   1.0169085e+01
   3.3000000e+02   1.0173722e+01
   3.3100000e+02   1.0179561e+01
   3.3200000e+02   1.0184401e+01
   3.3300000e+02   1.0188853e+01
   3.3400000e+02   1.0192131e+01
   3.3500000e+02   1.0194536e+01
   3.3600000e+02   1.0195737e+01
   3.3700000e+02   1.0196037e+01
   3.3800000e+02   1.0195450e+01
   3.3900000e+02   1.0193744e+01
   3.4000000e+02   1.0192086e+01
   3.4100000e+02   1.0190155e+01
   3.4200000e+02   1.0188957e+01
   3.4300000e+02   1.0188706e+01
   3.4400000e+02   1.0189374e+01
   3.4500000e+02   1.0191142e+01
   3.4600000e+02   1.0192794e+01
   3.4700000e+02   1.0194256e+01
   3.4800000e+02   1.0196541e+01
   3.4900000e+02   1.0197604e+01
   3.5000000e+02   1.0198521e+01
   3.5100000e+02   1.0199737e+01
   3.5200000e+02   1.0200193e+01
   3.5300000e+02   1.0200404e+01
   3.5400000e+02   1.0200705e+01
   3.5500000e+02   1.0200817e+01
   3.5600000e+02   1.0200772e+01
   3.5700000e+02   1.0200670e+01
   3.5800000e+02   1.0200784e+01
   3.5900000e+02   1.0200998e+01
   3.6000000e+02   1.0200749e+01
   3.6100000e+02   1.0200387e+01
   3.6200000e+02   1.0199858e+01
   3.6300000e+02   1.0199389e+01
   3.6400000e+02   1.0198967e+01
   3.6500000e+02   1.0198660e+01
   3.6600000e+02   1.0198558e+01
   3.6700000e+02   1.0198629e+01
   3.6800000e+02   1.0199118e+01
   3.6900000e+02   1.0199442e+01
   3.7000000e+02   1.0199659e+01
   3.7100000e+02   1.0200035e+01
   3.7200000e+02   1.0200504e+01
   3.7300000e+02   1.0200922e+01
   3.7400000e+02   1.0201037e+01
   3.7500000e+02   1.0201065e+01
   3.7600000e+02   1.0201217e+01
   3.7700000e+02   1.0201533e+01
   3.7800000e+02   1.0201591e+01
   3.7900000e+02   1.0201706e+01
   3.8000000e+02   1.0201344e+01
   3.8100000e+02   1.0201362e+01
   3.8200000e+02   1.0201558e+01
   3.8300000e+02   1.0201496e+01
   3.8400000e+02   1.0201425e+01
   3.8500000e+02   1.0201602e+01
   3.8600000e+02   1.0201247e+01
   3.8700000e+02   1.0201267e+01
   3.8800000e+02   1.0201081e+01
   3.8900000e+02   1.0200903e+01
   3.9000000e+02   1.0200355e+01
   3.9100000e+02   1.0200156e+01
   3.9200000e+02   1.0199460e+01
   3.9300000e+02   1.0199399e+01
   3.9400000e+02   1.0198836e+01
   3.9500000e+02   1.0199213e+01
   3.9600000e+02   1.0198967e+01
   3.9700000e+02   1.0199074e+01
   3.9800000e+02   1.0199442e+01
   3.9900000e+02   1.0199723e+01
   4.0000000e+02   1.0200012e+01
   4.0100000e+02   1.0200415e+01
   4.0200000e+02   1.0200592e+01
   4.0300000e+02   1.0200786e+01
   4.0400000e+02   1.0200982e+01
   4.0500000e+02   1.0200948e+01
   4.0600000e+02   1.0201246e+01
   4.0700000e+02   1.0201227e+01
   4.0800000e+02   1.0201148e+01
   4.0900000e+02   1.0201146e+01
   4.1000000e+02   1.0201277e+01
   4.1100000e+02   1.0200942e+01
   4.1200000e+02   1.0201241e+01
   4.1300000e+02   1.0201325e+01
   4.1400000e+02   1.0201077e+01
   4.1500000e+02   1.0201093e+01
   4.1600000e+02   1.0201140e+01
   4.1700000e+02   1.0201061e+01
   4.1800000e+02   1.0200744e+01
   4.1900000e+02   1.0201004e+01
   4.2000000e+02   1.0200970e+01
   4.2100000e+02   1.0201005e+01
   4.2200000e+02   1.0201158e+01
   4.2300000e+02   1.0200886e+01
   4.2400000e+02   1.0200724e+01
   4.2500000e+02   1.0201120e+01
   4.2600000e+02   1.0201068e+01
   4.2700000e+02   1.0200901e+01
   4.2800000e+02   1.0201084e+01
   4.2900000e+02   1.0200942e+01
   4.3000000e+02   1.0201042e+01
   4.3100000e+02   1.0200857e+01
   4.3200000e+02   1.0201208e+01
   4.3300000e+02   1.0200971e+01
   4.3400000e+02   1.0200692e+01
   4.3500000e+02   1.0201020e+01
   4.3600000e+02   1.0200764e+01
   4.3700000e+02   1.0201061e+01
   4.3800000e+02   1.0200726e+01
   4.3900000e+02   1.0200965e+01
   4.4000000e+02   1.0200868e+01
   4.4100000e+02   1.0200633e+01
   4.4200000e+02   1.0200072e+01
   4.4300000e+02   1.0199366e+01
   4.4400000e+02   1.0198522e+01
   4.4500000e+02   1.0196804e+01
   4.4600000e+02   1.0194670e+01
   4.4700000e+02   1.0191843e+01
   4.4800000e+02   1.0188140e+01
   4.4900000e+02   1.0183943e+01
   4.5000000e+02   1.0179623e+01
   4.5100000e+02   1.0175997e+01
   4.5200000e+02   1.0173126e+01
   4.5300000e+02   1.0171538e+01
   4.5400000e+02   1.0171404e+01
   4.5500000e+02   1.0172421e+01
   4.5600000e+02   1.0175047e+01
   4.5700000e+02   1.0178325e+01
   4.5800000e+02   1.0182227e+01
   4.5900000e+02   1.0185755e+01
   4.6000000e+02   1.0188956e+01
   4.6100000e+02   1.0191861e+01
   4.6200000e+02   1.0194066e+01
   4.6300000e+02   1.0195766e+01
   4.6400000e+02   1.0197237e+01
   4.6500000e+02   1.0197800e+01
   4.6600000e+02   1.0198541e+01
   4.6700000e+02   1.0198914e+01
   4.6800000e+02   1.0199193e+01
   4.6900000e+02   1.0199726e+01
   4.7000000e+02   1.0199545e+01
   4.7100000e+02   1.0199957e+01
   4.7200000e+02   1.0199993e+01
   4.7300000e+02   1.0200026e+01
   4.7400000e+02   1.0199943e+01
   4.7500000e+02   1.0200141e+01
   4.7600000e+02   1.0199859e+01
   4.7700000e+02   1.0200232e+01
   4.7800000e+02   1.0199764e+01
   4.7900000e+02   1.0199890e+01
   4.8000000e+02   1.0200167e+01
   4.8100000e+02   1.0199990e+01
   4.8200000e+02   1.0199776e+01
   4.8300000e+02   1.0200051e+01
   4.8400000e+02   1.0200062e+01
   4.8500000e+02   1.0200137e+01
   4.8600000e+02   1.0200224e+01
   4.8700000e+02   1.0200335e+01
   4.8800000e+02   1.0200161e+01
   4.8900000e+02   1.0200233e+01
   4.9000000e+02   1.0200161e+01
   4.9100000e+02   1.0200070e+01
   4.9200000e+02   1.0200229e+01
   4.9300000e+02   1.0200202e+01
   4.9400000e+02   1.0200391e+01
   4.9500000e+02   1.0200343e+01
   4.9600000e+02   1.0200251e+01
   4.9700000e+02   1.0200324e+01
   4.9800000e+02   1.0200197e+01
   4.9900000e+02   1.0200241e+01
   5.0000000e+02   1.0199982e+01
   5.0100000e+02   1.0199959e+01
   5.0200000e+02   1.0199980e+01
   5.0300000e+02   1.0199994e+01
   5.0400000e+02   1.0199978e+01
   5.0500000e+02   1.0199928e+01
   5.0600000e+02   1.0200028e+01
   5.0700000e+02   1.0200100e+01
   5.0800000e+02   1.0200092e+01
   5.0900000e+02   1.0200063e+01
   5.1000000e+02   1.0200199e+01
   5.1100000e+02   1.0200152e+01
   5.1200000e+02   1.0200016e+01
   5.1300000e+02   1.0200077e+01
   5.1400000e+02   1.0199988e+01
   5.1500000e+02   1.0199896e+01
   5.1600000e+02   1.0199846e+01
   5.1700000e+02   1.0200026e+01
   5.1800000e+02   1.0199700e+01
   5.1900000e+02   1.0200003e+01
   5.2000000e+02   1.0200297e+01
   5.2100000e+02   1.0200055e+01
   5.2200000e+02   1.0200038e+01
   5.2300000e+02   1.0199914e+01
   5.2400000e+02   1.0199907e+01
   5.2500000e+02   1.0199974e+01
   5.2600000e+02   1.0199926e+01
   5.2700000e+02   1.0200114e+01
   5.2800000e+02   1.0200011e+01
   5.2900000e+02   1.0199833e+01
   5.3000000e+02   1.0199967e+01
   5.3100000e+02   1.0199807e+01
   5.3200000e+02   1.0199960e+01
   5.3300000e+02   1.0200004e+01
   5.3400000e+02   1.0200032e+01
   5.3500000e+02   1.0199765e+01
   5.3600000e+02   1.0199905e+01
   5.3700000e+02   1.0199785e+01
   5.3800000e+02   1.0199777e+01
   5.3900000e+02   1.0200034e+01
   5.4000000e+02   1.0199901e+01
   5.4100000e+02   1.0199994e+01
   5.4200000e+02   1.0199936e+01
   5.4300000e+02   1.0199976e+01
   5.4400000e+02   1.0199558e+01
   5.4500000e+02   1.0199848e+01
   5.4600000e+02   1.0200008e+01
   5.4700000e+02   1.0199883e+01
   5.4800000e+02   1.0199780e+01
   5.4900000e+02   1.0199785e+01
   5.5000000e+02   1.0199802e+01
   5.5100000e+02   1.0199590e+01
   5.5200000e+02   1.0199522e+01
   5.5300000e+02   1.0199577e+01
   5.5400000e+02   1.0199675e+01
   5.5500000e+02   1.0199721e+01
   5.5600000e+02   1.0199697e+01
   5.5700000e+02   1.0199427e+01
   5.5800000e+02   1.0199840e+01
   5.5900000e+02   1.0199667e+01
   5.6000000e+02   1.0199795e+01
   5.6100000e+02   1.0199391e+01
   5.6200000e+02   1.0199745e+01
   5.6300000e+02   1.0199586e+01
   5.6400000e+02   1.0199557e+01
   5.6500000e+02   1.0199476e+01
   5.6600000e+02   1.0199528e+01
   5.6700000e+02   1.0199581e+01
   5.6800000e+02   1.0199497e+01
   5.6900000e+02   1.0199616e+01
   5.7000000e+02   1.0199611e+01
   5.7100000e+02   1.0199206e+01
   5.7200000e+02   1.0199478e+01
   5.7300000e+02   1.0199637e+01
   5.7400000e+02   1.0199594e+01
   5.7500000e+02   1.0199500e+01
   5.7600000e+02   1.0199332e+01
   5.7700000e+02   1.0199675e+01
   5.7800000e+02   1.0199257e+01
   5.7900000e+02   1.0199570e+01
   5.8000000e+02   1.0199589e+01
   5.8100000e+02   1.0199309e+01
   5.8200000e+02   1.0199576e+01
   5.8300000e+02   1.0199372e+01
   5.8400000e+02   1.0199143e+01
   5.8500000e+02   1.0199405e+01
   5.8600000e+02   1.0199533e+01
   5.8700000e+02   1.0199343e+01
   5.8800000e+02   1.0199348e+01
   5.8900000e+02   1.0199643e+01
   5.9000000e+02   1.0199421e+01
   5.9100000e+02   1.0199053e+01
   5.9200000e+02   1.0199387e+01
   5.9300000e+02   1.0199410e+01
   5.9400000e+02   1.0199297e+01
   5.9500000e+02   1.0199490e+01
   5.9600000e+02   1.0199330e+01
   5.9700000e+02   1.0199555e+01
   5.9800000e+02   1.0199352e+01
   5.9900000e+02   1.0199524e+01
   6.0000000e+02   1.0199144e+01
   6.0100000e+02   1.0199391e+01
   6.0200000e+02   1.0199540e+01
   6.0300000e+02   1.0199488e+01
   6.0400000e+02   1.0199362e+01
   6.0500000e+02   1.0199332e+01
   6.0600000e+02   1.0199289e+01
   6.0700000e+02   1.0199361e+01
   6.0800000e+02   1.0199091e+01
   6.0900000e+02   1.0199542e+01
   6.1000000e+02   1.0199288e+01
   6.1100000e+02   1.0199082e+01
   6.1200000e+02   1.0199347e+01
   6.1300000e+02   1.0199185e+01
   6.1400000e+02   1.0199096e+01
   6.1500000e+02   1.0198905e+01
   6.1600000e+02   1.0199169e+01
   6.1700000e+02   1.0198969e+01
   6.1800000e+02   1.0199204e+01
   6.1900000e+02   1.0198963e+01
   6.2000000e+02   1.0199247e+01
   6.2100000e+02   1.0199262e+01
   6.2200000e+02   1.0199125e+01
   6.2300000e+02   1.0199356e+01
   6.2400000e+02   1.0199059e+01
   6.2500000e+02   1.0199126e+01
   6.2600000e+02   1.0198825e+01
   6.2700000e+02   1.0199125e+01
   6.2800000e+02   1.0198944e+01
   6.2900000e+02   1.0199164e+01
   6.3000000e+02   1.0199266e+01
   6.3100000e+02   1.0199204e+01
   6.3200000e+02   1.0199338e+01
   6.3300000e+02   1.0199121e+01
   6.3400000e+02   1.0198926e+01
   6.3500000e+02   1.0199168e+01
   6.3600000e+02   1.0199182e+01
   6.3700000e+02   1.0198939e+01
   6.3800000e+02   1.0198833e+01
   6.3900000e+02   1.0199189e+01
   6.4000000e+02   1.0199016e+01
   6.4100000e+02   1.0199017e+01
   6.4200000e+02   1.0198787e+01
   6.4300000e+02   1.0198964e+01
   6.4400000e+02   1.0199122e+01
   6.4500000e+02   1.0199045e+01
   6.4600000e+02   1.0199203e+01
   6.4700000e+02   1.0198969e+01
   6.4800000e+02   1.0198969e+01
   6.4900000e+02   1.0199116e+01
   6.5000000e+02   1.0198877e+01
   6.5100000e+02   1.0198901e+01
   6.5200000e+02   1.0198973e+01
   6.5300000e+02   1.0198984e+01
   6.5400000e+02   1.0199177e+01
   6.5500000e+02   1.0199036e+01
   6.5600000e+02   1.0198925e+01
   6.5700000e+02   1.0199032e+01
   6.5800000e+02   1.0198896e+01
   6.5900000e+02   1.0198725e+01
   6.6000000e+02   1.0199060e+01
   6.6100000e+02   1.0198908e+01
   6.6200000e+02   1.0198778e+01
   6.6300000e+02   1.0198721e+01
   6.6400000e+02   1.0198688e+01
   6.6500000e+02   1.0198681e+01
   6.6600000e+02   1.0198896e+01
   6.6700000e+02   1.0198833e+01
   6.6800000e+02   1.0198758e+01
   6.6900000e+02   1.0198729e+01
   6.7000000e+02   1.0198454e+01
   6.7100000e+02   1.0198521e+01
   6.7200000e+02   1.0198853e+01
   6.7300000e+02   1.0198697e+01
   6.7400000e+02   1.0198968e+01
   6.7500000e+02   1.0198208e+01
   6.7600000e+02   1.0198621e+01
   6.7700000e+02   1.0198601e+01
   6.7800000e+02   1.0198441e+01
   6.7900000e+02   1.0198533e+01
   6.8000000e+02   1.0198420e+01
   6.8100000e+02   1.0198357e+01
   6.8200000e+02   1.0198474e+01
   6.8300000e+02   1.0198535e+01
   6.8400000e+02   1.0198530e+01
   6.8500000e+02   1.0198199e+01
   6.8600000e+02   1.0198291e+01
   6.8700000e+02   1.0198391e+01
   6.8800000e+02   1.0198293e+01
   6.8900000e+02   1.0198277e+01
   6.9000000e+02   1.0198162e+01
   6.9100000e+02   1.0198174e+01
   6.9200000e+02   1.0198147e+01
   6.9300000e+02   1.0198085e+01
   6.9400000e+02   1.0198086e+01
   6.9500000e+02   1.0198225e+01
   6.9600000e+02   1.0198142e+01
   6.9700000e+02   1.0198089e+01
   6.9800000e+02   1.0198126e+01
   6.9900000e+02   1.0198483e+01
   7.0000000e+02   1.0198143e+01
   7.0100000e+02   1.0198145e+01
   7.0200000e+02   1.0198178e+01
   7.0300000e+02   1.0198630e+01
   7.0400000e+02   1.0198392e+01
   7.0500000e+02   1.0198371e+01
   7.0600000e+02   1.0198260e+01
   7.0700000e+02   1.0198570e+01
   7.0800000e+02   1.0198380e+01
   7.0900000e+02   1.0198393e+01
   7.1000000e+02   1.0198523e+01
   7.1100000e+02   1.0198516e+01
   7.1200000e+02   1.0198598e+01
   7.1300000e+02   1.0198419e+01
   7.1400000e+02   1.0198450e+01
   7.1500000e+02   1.0198480e+01
   7.1600000e+02   1.0198367e+01
   7.1700000e+02   1.0198383e+01
   7.1800000e+02   1.0198100e+01
   7.1900000e+02   1.0198414e+01
   7.2000000e+02   1.0198061e+01
   7.2100000e+02   1.0198255e+01
   7.2200000e+02   1.0198414e+01
   7.2300000e+02   1.0198377e+01
   7.2400000e+02   1.0198106e+01
   7.2500000e+02   1.0198518e+01
   7.2600000e+02   1.0198093e+01
   7.2700000e+02   1.0198118e+01
   7.2800000e+02   1.0198130e+01
   7.2900000e+02   1.0198161e+01
   7.3000000e+02   1.0198207e+01
   7.3100000e+02   1.0198399e+01
   7.3200000e+02   1.0198345e+01
   7.3300000e+02   1.0198487e+01
   7.3400000e+02   1.0198182e+01
   7.3500000e+02   1.0198185e+01
   7.3600000e+02   1.0198172e+01
   7.3700000e+02   1.0198555e+01
   7.3800000e+02   1.0198136e+01
   7.3900000e+02   1.0198194e+01
   7.4000000e+02   1.0198381e+01
   7.4100000e+02   1.0198088e+01
   7.4200000e+02   1.0198049e+01
   7.4300000e+02   1.0198176e+01
   7.4400000e+02   1.0198057e+01
   7.4500000e+02   1.0198111e+01
   7.4600000e+02   1.0198031e+01
   7.4700000e+02   1.0198184e+01
   7.4800000e+02   1.0197914e+01
   7.4900000e+02   1.0198045e+01
   7.5000000e+02   1.0197849e+01
   7.5100000e+02   1.0197936e+01
   7.5200000e+02   1.0198268e+01
   7.5300000e+02   1.0197878e+01
   7.5400000e+02   1.0198272e+01
   7.5500000e+02   1.0198049e+01
   7.5600000e+02   1.0198267e+01
   7.5700000e+02   1.0197908e+01
   7.5800000e+02   1.0198052e+01
   7.5900000e+02   1.0197827e+01
   7.6000000e+02   1.0198082e+01
   7.6100000e+02   1.0197963e+01
   7.6200000e+02   1.0198089e+01
   7.6300000e+02   1.0198041e+01
   7.6400000e+02   1.0197874e+01
   7.6500000e+02   1.0197772e+01
   7.6600000e+02   1.0197809e+01
   7.6700000e+02   1.0197594e+01
   7.6800000e+02   1.0198082e+01
   7.6900000e+02   1.0197620e+01
   7.7000000e+02   1.0197757e+01
   7.7100000e+02   1.0197965e+01
   7.7200000e+02   1.0197785e+01
   7.7300000e+02   1.0197980e+01
   7.7400000e+02   1.0197943e+01
   7.7500000e+02   1.0197652e+01
   7.7600000e+02   1.0198061e+01
   7.7700000e+02   1.0197842e+01
   7.7800000e+02   1.0197738e+01
   7.7900000e+02   1.0197773e+01
   7.8000000e+02   1.0197970e+01
