   0.0000000e+00   1.0205623e+01
   1.0000000e+00   1.0200568e+01
   2.0000000e+00   1.0199074e+01
   3.0000000e+00   1.0198541e+01
   4.0000000e+00   1.0197870e+01
   5.0000000e+00   1.0197319e+01
   6.0000000e+00   1.0197083e+01
   7.0000000e+00   1.0196817e+01
   8.0000000e+00   1.0196240e+01
   9.0000000e+00   1.0196271e+01
   1.0000000e+01   1.0196158e+01
   1.1000000e+01   1.0195408e+01
   1.2000000e+01   1.0195443e+01
   1.3000000e+01   1.0195057e+01
   1.4000000e+01   1.0195033e+01
   1.5000000e+01   1.0194874e+01
   1.6000000e+01   1.0194808e+01
   1.7000000e+01   1.0194289e+01
   1.8000000e+01   1.0194333e+01
   1.9000000e+01   1.0194069e+01
   2.0000000e+01   1.0194006e+01
   2.1000000e+01   1.0194064e+01
   2.2000000e+01   1.0193676e+01
   2.3000000e+01   1.0193736e+01
   2.4000000e+01   1.0193450e+01
   2.5000000e+01   1.0193244e+01
   2.6000000e+01   1.0193184e+01
   2.7000000e+01   1.0192949e+01
   2.8000000e+01   1.0192951e+01
   2.9000000e+01   1.0192831e+01
   3.0000000e+01   1.0192490e+01
   3.1000000e+01   1.0192773e+01
   3.2000000e+01   1.0192582e+01
   3.3000000e+01   1.0192162e+01
   3.4000000e+01   1.0192448e+01
   3.5000000e+01   1.0191864e+01
   3.6000000e+01   1.0192063e+01
   3.7000000e+01   1.0192045e+01
   3.8000000e+01   1.0192036e+01
   3.9000000e+01   1.0191829e+01
   4.0000000e+01   1.0191609e+01
   4.1000000e+01   1.0191889e+01
   4.2000000e+01   1.0191742e+01
   4.3000000e+01   1.0191530e+01
   4.4000000e+01   1.0191499e+01
   4.5000000e+01   1.0191266e+01
   4.6000000e+01   1.0191225e+01
   4.7000000e+01   1.0191117e+01
   4.8000000e+01   1.0191212e+01
   4.9000000e+01   1.0191318e+01
   5.0000000e+01   1.0191126e+01
   5.1000000e+01   1.0190963e+01
   5.2000000e+01   1.0191007e+01
   5.3000000e+01   1.0190726e+01
   5.4000000e+01   1.0190627e+01
   5.5000000e+01   1.0190701e+01
   5.6000000e+01   1.0190667e+01
   5.7000000e+01   1.0190304e+01
   5.8000000e+01   1.0190151e+01
   5.9000000e+01   1.0190306e+01
   6.0000000e+01   1.0190155e+01
   6.1000000e+01   1.0190289e+01
   6.2000000e+01   1.0189966e+01
   6.3000000e+01   1.0190391e+01
   6.4000000e+01   1.0189814e+01
   6.5000000e+01   1.0189881e+01
   6.6000000e+01   1.0189626e+01
   6.7000000e+01   1.0189616e+01
   6.8000000e+01   1.0189553e+01
   6.9000000e+01   1.0189623e+01
   7.0000000e+01   1.0189533e+01
   7.1000000e+01   1.0189688e+01
   7.2000000e+01   1.0189284e+01
   7.3000000e+01   1.0189311e+01
   7.4000000e+01   1.0189398e+01
   7.5000000e+01   1.0189322e+01
   7.6000000e+01   1.0189258e+01
   7.7000000e+01   1.0189274e+01
   7.8000000e+01   1.0189148e+01
   7.9000000e+01   1.0189137e+01
   8.0000000e+01   1.0189176e+01
   8.1000000e+01   1.0189016e+01
   8.2000000e+01   1.0188968e+01
   8.3000000e+01   1.0188555e+01
   8.4000000e+01   1.0188982e+01
   8.5000000e+01   1.0188688e+01
   8.6000000e+01   1.0188634e+01
   8.7000000e+01   1.0188468e+01
   8.8000000e+01   1.0188352e+01
   8.9000000e+01   1.0188271e+01
   9.0000000e+01   1.0188257e+01
   9.1000000e+01   1.0188237e+01
   9.2000000e+01   1.0188142e+01
   9.3000000e+01   1.0188067e+01
   9.4000000e+01   1.0188106e+01
   9.5000000e+01   1.0188200e+01
   9.6000000e+01   1.0187961e+01
   9.7000000e+01   1.0188141e+01
   9.8000000e+01   1.0187918e+01
   9.9000000e+01   1.0187623e+01
   1.0000000e+02   1.0187865e+01
   1.0100000e+02   1.0187260e+01
   1.0200000e+02   1.0187810e+01
   1.0300000e+02   1.0187542e+01
   1.0400000e+02   1.0187564e+01
   1.0500000e+02   1.0187643e+01
   1.0600000e+02   1.0187128e+01
   1.0700000e+02   1.0187425e+01
   1.0800000e+02   1.0187244e+01
   1.0900000e+02   1.0187178e+01
   1.1000000e+02   1.0187319e+01
   1.1100000e+02   1.0187514e+01
   1.1200000e+02   1.0187375e+01
   1.1300000e+02   1.0187268e+01
   1.1400000e+02   1.0187305e+01
   1.1500000e+02   1.0187236e+01
   1.1600000e+02   1.0186924e+01
   1.1700000e+02   1.0187088e+01
   1.1800000e+02   1.0187063e+01
   1.1900000e+02   1.0186672e+01
   1.2000000e+02   1.0186755e+01
   1.2100000e+02   1.0187132e+01
   1.2200000e+02   1.0186654e+01
   1.2300000e+02   1.0186852e+01
   1.2400000e+02   1.0186754e+01
   1.2500000e+02   1.0186610e+01
   1.2600000e+02   1.0186579e+01
   1.2700000e+02   1.0186368e+01
   1.2800000e+02   1.0186521e+01
   1.2900000e+02   1.0186494e+01
   1.3000000e+02   1.0186194e+01
   1.3100000e+02   1.0186423e+01
   1.3200000e+02   1.0186379e+01
   1.3300000e+02   1.0186155e+01
   1.3400000e+02   1.0186204e+01
   1.3500000e+02   1.0186551e+01
   1.3600000e+02   1.0186264e+01
   1.3700000e+02   1.0186528e+01
   1.3800000e+02   1.0186129e+01
   1.3900000e+02   1.0185946e+01
   1.4000000e+02   1.0186115e+01
   1.4100000e+02   1.0185728e+01
   1.4200000e+02   1.0185890e+01
   1.4300000e+02   1.0185739e+01
   1.4400000e+02   1.0185773e+01
   1.4500000e+02   1.0185975e+01
   1.4600000e+02   1.0185541e+01
   1.4700000e+02   1.0185710e+01
   1.4800000e+02   1.0185674e+01
   1.4900000e+02   1.0185402e+01
   1.5000000e+02   1.0185553e+01
   1.5100000e+02   1.0185598e+01
   1.5200000e+02   1.0185659e+01
   1.5300000e+02   1.0185479e+01
   1.5400000e+02   1.0185395e+01
   1.5500000e+02   1.0185562e+01
   1.5600000e+02   1.0185292e+01
   1.5700000e+02   1.0185275e+01
   1.5800000e+02   1.0185411e+01
   1.5900000e+02   1.0185140e+01
   1.6000000e+02   1.0185273e+01
   1.6100000e+02   1.0185148e+01
   1.6200000e+02   1.0185098e+01
   1.6300000e+02   1.0185140e+01
   1.6400000e+02   1.0185157e+01
   1.6500000e+02   1.0185006e+01
   1.6600000e+02   1.0184934e+01
   1.6700000e+02   1.0182910e+01
   1.6800000e+02   1.0174777e+01
   1.6900000e+02   1.0166831e+01
   1.7000000e+02   1.0171082e+01
   1.7100000e+02   1.0177795e+01
   1.7200000e+02   1.0181959e+01
   1.7300000e+02   1.0183408e+01
   1.7400000e+02   1.0183996e+01
   1.7500000e+02   1.0184111e+01
   1.7600000e+02   1.0184225e+01
   1.7700000e+02   1.0184347e+01
   1.7800000e+02   1.0184196e+01
   1.7900000e+02   1.0182339e+01
   1.8000000e+02   1.0165157e+01
   1.8100000e+02   1.0150907e+01
   1.8200000e+02   1.0152096e+01
   1.8300000e+02   1.0157620e+01
   1.8400000e+02   1.0161908e+01
   1.8500000e+02   1.0163593e+01
   1.8600000e+02   1.0164083e+01
   1.8700000e+02   1.0165191e+01
   1.8800000e+02   1.0168039e+01
   1.8900000e+02   1.0172326e+01
   1.9000000e+02   1.0176058e+01
   1.9100000e+02   1.0180233e+01
   1.9200000e+02   1.0182093e+01
   1.9300000e+02   1.0182803e+01
   1.9400000e+02   1.0182843e+01
   1.9500000e+02   1.0183136e+01
   1.9600000e+02   1.0183224e+01
   1.9700000e+02   1.0183628e+01
   1.9800000e+02   1.0183242e+01
   1.9900000e+02   1.0183341e+01
   2.0000000e+02   1.0183210e+01
   2.0100000e+02   1.0183161e+01
   2.0200000e+02   1.0183075e+01
   2.0300000e+02   1.0183388e+01
   2.0400000e+02   1.0183136e+01
   2.0500000e+02   1.0183199e+01
   2.0600000e+02   1.0183429e+01
   2.0700000e+02   1.0183221e+01
   2.0800000e+02   1.0183142e+01
   2.0900000e+02   1.0183468e+01
   2.1000000e+02   1.0183045e+01
   2.1100000e+02   1.0183027e+01
   2.1200000e+02   1.0183136e+01
   2.1300000e+02   1.0183138e+01
   2.1400000e+02   1.0183176e+01
   2.1500000e+02   1.0182927e+01
   2.1600000e+02   1.0182925e+01
   2.1700000e+02   1.0182955e+01
   2.1800000e+02   1.0182715e+01
   2.1900000e+02   1.0182891e+01
   2.2000000e+02   1.0182639e+01
   2.2100000e+02   1.0182571e+01
   2.2200000e+02   1.0182762e+01
   2.2300000e+02   1.0182145e+01
   2.2400000e+02   1.0181757e+01
   2.2500000e+02   1.0181157e+01
   2.2600000e+02   1.0180455e+01
   2.2700000e+02   1.0180064e+01
   2.2800000e+02   1.0179541e+01
   2.2900000e+02   1.0179618e+01
   2.3000000e+02   1.0179560e+01
   2.3100000e+02   1.0179873e+01
   2.3200000e+02   1.0180417e+01
   2.3300000e+02   1.0180741e+01
   2.3400000e+02   1.0181190e+01
   2.3500000e+02   1.0181469e+01
   2.3600000e+02   1.0181368e+01
   2.3700000e+02   1.0181575e+01
   2.3800000e+02   1.0181695e+01
   2.3900000e+02   1.0181408e+01
   2.4000000e+02   1.0181202e+01
   2.4100000e+02   1.0181212e+01
   2.4200000e+02   1.0181406e+01
   2.4300000e+02   1.0181176e+01
   2.4400000e+02   1.0180860e+01
   2.4500000e+02   1.0180169e+01
   2.4600000e+02   1.0179248e+01
   2.4700000e+02   1.0177148e+01
   2.4800000e+02   1.0173539e+01
   2.4900000e+02   1.0168346e+01
   2.5000000e+02   1.0163967e+01
   2.5100000e+02   1.0161187e+01
   2.5200000e+02   1.0159964e+01
   2.5300000e+02   1.0161866e+01
   2.5400000e+02   1.0165056e+01
   2.5500000e+02   1.0167888e+01
   2.5600000e+02   1.0170545e+01
   2.5700000e+02   1.0171149e+01
   2.5800000e+02   1.0170814e+01
   2.5900000e+02   1.0169300e+01
   2.6000000e+02   1.0167910e+01
   2.6100000e+02   1.0166563e+01
   2.6200000e+02   1.0165334e+01
   2.6300000e+02   1.0164234e+01
   2.6400000e+02   1.0163338e+01
   2.6500000e+02   1.0162175e+01
   2.6600000e+02   1.0161970e+01
   2.6700000e+02   1.0162512e+01
   2.6800000e+02   1.0164214e+01
   2.6900000e+02   1.0166772e+01
   2.7000000e+02   1.0169839e+01
   2.7100000e+02   1.0172358e+01
   2.7200000e+02   1.0174241e+01
   2.7300000e+02   1.0175566e+01
   2.7400000e+02   1.0176132e+01
   2.7500000e+02   1.0175952e+01
   2.7600000e+02   1.0175700e+01
   2.7700000e+02   1.0175446e+01
   2.7800000e+02   1.0175292e+01
   2.7900000e+02   1.0175611e+01
   2.8000000e+02   1.0175869e+01
   2.8100000e+02   1.0176477e+01
   2.8200000e+02   1.0176833e+01
   2.8300000e+02   1.0176957e+01
   2.8400000e+02   1.0177243e+01
   2.8500000e+02   1.0177002e+01
   2.8600000e+02   1.0177190e+01
   2.8700000e+02   1.0177573e+01
   2.8800000e+02   1.0177472e+01
   2.8900000e+02   1.0177955e+01
   2.9000000e+02   1.0178513e+01
   2.9100000e+02   1.0178617e+01
   2.9200000e+02   1.0178661e+01
   2.9300000e+02   1.0178935e+01
   2.9400000e+02   1.0179292e+01
   2.9500000e+02   1.0179133e+01
   2.9600000e+02   1.0179566e+01
   2.9700000e+02   1.0179359e+01
   2.9800000e+02   1.0179450e+01
   2.9900000e+02   1.0179828e+01
   3.0000000e+02   1.0179636e+01
   3.0100000e+02   1.0179767e+01
   3.0200000e+02   1.0179488e+01
   3.0300000e+02   1.0179213e+01
   3.0400000e+02   1.0178578e+01
   3.0500000e+02   1.0178180e+01
   3.0600000e+02   1.0177206e+01
   3.0700000e+02   1.0176124e+01
   3.0800000e+02   1.0175081e+01
   3.0900000e+02   1.0173343e+01
   3.1000000e+02   1.0171164e+01
   3.1100000e+02   1.0168686e+01
   3.1200000e+02   1.0165183e+01
   3.1300000e+02   1.0162225e+01
   3.1400000e+02   1.0160457e+01
   3.1500000e+02   1.0159424e+01
   3.1600000e+02   1.0160232e+01
   3.1700000e+02   1.0161493e+01
   3.1800000e+02   1.0162531e+01
   3.1900000e+02   1.0161505e+01
   3.2000000e+02   1.0159368e+01
   3.2100000e+02   1.0155400e+01
   3.2200000e+02   1.0150993e+01
   3.2300000e+02   1.0147105e+01
   3.2400000e+02   1.0145009e+01
   3.2500000e+02   1.0144692e+01
   3.2600000e+02   1.0145493e+01
   3.2700000e+02   1.0147839e+01
   3.2800000e+02   1.0150516e+01
   3.2900000e+02   1.0154101e+01
   3.3000000e+02   1.0158214e+01
   3.3100000e+02   1.0162317e+01
   3.3200000e+02   1.0166058e+01
   3.3300000e+02   1.0169529e+01
   3.3400000e+02   1.0171836e+01
   3.3500000e+02   1.0173506e+01
   3.3600000e+02   1.0174503e+01
   3.3700000e+02   1.0174279e+01
   3.3800000e+02   1.0173835e+01
   3.3900000e+02   1.0172789e+01
   3.4000000e+02   1.0170988e+01
   3.4100000e+02   1.0169805e+01
   3.4200000e+02   1.0169308e+01
   3.4300000e+02   1.0168709e+01
   3.4400000e+02   1.0169817e+01
   3.4500000e+02   1.0170869e+01
   3.4600000e+02   1.0172097e+01
   3.4700000e+02   1.0173771e+01
   3.4800000e+02   1.0174797e+01
   3.4900000e+02   1.0175986e+01
   3.5000000e+02   1.0176691e+01
   3.5100000e+02   1.0177440e+01
   3.5200000e+02   1.0177562e+01
   3.5300000e+02   1.0177804e+01
   3.5400000e+02   1.0178046e+01
   3.5500000e+02   1.0177983e+01
   3.5600000e+02   1.0177834e+01
   3.5700000e+02   1.0177996e+01
   3.5800000e+02   1.0178310e+01
   3.5900000e+02   1.0177818e+01
   3.6000000e+02   1.0177398e+01
   3.6100000e+02   1.0177424e+01
   3.6200000e+02   1.0177093e+01
   3.6300000e+02   1.0176861e+01
   3.6400000e+02   1.0176605e+01
   3.6500000e+02   1.0176326e+01
   3.6600000e+02   1.0176090e+01
   3.6700000e+02   1.0176077e+01
   3.6800000e+02   1.0176220e+01
   3.6900000e+02   1.0176718e+01
   3.7000000e+02   1.0177098e+01
   3.7100000e+02   1.0177125e+01
   3.7200000e+02   1.0177532e+01
   3.7300000e+02   1.0178017e+01
   3.7400000e+02   1.0178323e+01
   3.7500000e+02   1.0178248e+01
   3.7600000e+02   1.0178201e+01
   3.7700000e+02   1.0178287e+01
   3.7800000e+02   1.0178154e+01
   3.7900000e+02   1.0178260e+01
   3.8000000e+02   1.0178261e+01
   3.8100000e+02   1.0178223e+01
   3.8200000e+02   1.0178234e+01
   3.8300000e+02   1.0178193e+01
   3.8400000e+02   1.0178070e+01
   3.8500000e+02   1.0177779e+01
   3.8600000e+02   1.0177647e+01
   3.8700000e+02   1.0177755e+01
   3.8800000e+02   1.0177545e+01
   3.8900000e+02   1.0177448e+01
   3.9000000e+02   1.0177072e+01
   3.9100000e+02   1.0176896e+01
   3.9200000e+02   1.0176833e+01
   3.9300000e+02   1.0176156e+01
   3.9400000e+02   1.0176078e+01
   3.9500000e+02   1.0176001e+01
   3.9600000e+02   1.0176368e+01
   3.9700000e+02   1.0176294e+01
   3.9800000e+02   1.0176743e+01
   3.9900000e+02   1.0176793e+01
   4.0000000e+02   1.0176992e+01
   4.0100000e+02   1.0177296e+01
   4.0200000e+02   1.0177637e+01
   4.0300000e+02   1.0177368e+01
   4.0400000e+02   1.0177607e+01
   4.0500000e+02   1.0177604e+01
   4.0600000e+02   1.0177593e+01
   4.0700000e+02   1.0177904e+01
   4.0800000e+02   1.0177512e+01
   4.0900000e+02   1.0177517e+01
   4.1000000e+02   1.0177566e+01
   4.1100000e+02   1.0177673e+01
   4.1200000e+02   1.0177582e+01
   4.1300000e+02   1.0177497e+01
   4.1400000e+02   1.0177706e+01
   4.1500000e+02   1.0177535e+01
   4.1600000e+02   1.0177248e+01
   4.1700000e+02   1.0177602e+01
   4.1800000e+02   1.0177738e+01
   4.1900000e+02   1.0177529e+01
   4.2000000e+02   1.0177769e+01
   4.2100000e+02   1.0177648e+01
   4.2200000e+02   1.0177796e+01
   4.2300000e+02   1.0177275e+01
   4.2400000e+02   1.0177694e+01
   4.2500000e+02   1.0177960e+01
   4.2600000e+02   1.0177476e+01
   4.2700000e+02   1.0177748e+01
   4.2800000e+02   1.0177460e+01
   4.2900000e+02   1.0177479e+01
   4.3000000e+02   1.0177579e+01
   4.3100000e+02   1.0177451e+01
   4.3200000e+02   1.0177376e+01
   4.3300000e+02   1.0177410e+01
   4.3400000e+02   1.0177464e+01
   4.3500000e+02   1.0177370e+01
   4.3600000e+02   1.0177338e+01
   4.3700000e+02   1.0177436e+01
   4.3800000e+02   1.0177387e+01
   4.3900000e+02   1.0177166e+01
   4.4000000e+02   1.0177161e+01
   4.4100000e+02   1.0177207e+01
   4.4200000e+02   1.0177246e+01
   4.4300000e+02   1.0177102e+01
   4.4400000e+02   1.0176630e+01
   4.4500000e+02   1.0176078e+01
   4.4600000e+02   1.0175154e+01
   4.4700000e+02   1.0174467e+01
   4.4800000e+02   1.0173430e+01
   4.4900000e+02   1.0172359e+01
   4.5000000e+02   1.0171371e+01
   4.5100000e+02   1.0169981e+01
   4.5200000e+02   1.0169352e+01
   4.5300000e+02   1.0169158e+01
   4.5400000e+02   1.0168990e+01
   4.5500000e+02   1.0169307e+01
   4.5600000e+02   1.0170400e+01
   4.5700000e+02   1.0170965e+01
   4.5800000e+02   1.0172489e+01
   4.5900000e+02   1.0173291e+01
   4.6000000e+02   1.0174374e+01
   4.6100000e+02   1.0174763e+01
   4.6200000e+02   1.0175309e+01
   4.6300000e+02   1.0175475e+01
   4.6400000e+02   1.0175909e+01
   4.6500000e+02   1.0176128e+01
   4.6600000e+02   1.0176140e+01
   4.6700000e+02   1.0176295e+01
   4.6800000e+02   1.0176389e+01
   4.6900000e+02   1.0176339e+01
   4.7000000e+02   1.0176505e+01
   4.7100000e+02   1.0176693e+01
   4.7200000e+02   1.0176658e+01
   4.7300000e+02   1.0176355e+01
   4.7400000e+02   1.0176319e+01
   4.7500000e+02   1.0176524e+01
   4.7600000e+02   1.0176576e+01
   4.7700000e+02   1.0176353e+01
   4.7800000e+02   1.0176406e+01
   4.7900000e+02   1.0176149e+01
   4.8000000e+02   1.0176335e+01
   4.8100000e+02   1.0176412e+01
   4.8200000e+02   1.0176380e+01
   4.8300000e+02   1.0176274e+01
   4.8400000e+02   1.0176228e+01
   4.8500000e+02   1.0176086e+01
   4.8600000e+02   1.0176250e+01
   4.8700000e+02   1.0176265e+01
   4.8800000e+02   1.0176173e+01
   4.8900000e+02   1.0176247e+01
   4.9000000e+02   1.0176143e+01
   4.9100000e+02   1.0175811e+01
   4.9200000e+02   1.0176011e+01
   4.9300000e+02   1.0176233e+01
   4.9400000e+02   1.0176163e+01
   4.9500000e+02   1.0175717e+01
   4.9600000e+02   1.0176077e+01
   4.9700000e+02   1.0176358e+01
   4.9800000e+02   1.0176237e+01
   4.9900000e+02   1.0175983e+01
   5.0000000e+02   1.0176389e+01
   5.0100000e+02   1.0176242e+01
   5.0200000e+02   1.0176358e+01
   5.0300000e+02   1.0176251e+01
   5.0400000e+02   1.0176294e+01
   5.0500000e+02   1.0176044e+01
   5.0600000e+02   1.0175851e+01
   5.0700000e+02   1.0175990e+01
   5.0800000e+02   1.0175871e+01
   5.0900000e+02   1.0175488e+01
   5.1000000e+02   1.0175944e+01
   5.1100000e+02   1.0175909e+01
   5.1200000e+02   1.0175691e+01
   5.1300000e+02   1.0175679e+01
   5.1400000e+02   1.0175458e+01
   5.1500000e+02   1.0175843e+01
   5.1600000e+02   1.0175528e+01
   5.1700000e+02   1.0175735e+01
   5.1800000e+02   1.0175715e+01
   5.1900000e+02   1.0175721e+01
   5.2000000e+02   1.0175814e+01
   5.2100000e+02   1.0175838e+01
   5.2200000e+02   1.0175744e+01
   5.2300000e+02   1.0175832e+01
   5.2400000e+02   1.0175463e+01
   5.2500000e+02   1.0175435e+01
   5.2600000e+02   1.0175681e+01
   5.2700000e+02   1.0175654e+01
   5.2800000e+02   1.0175871e+01
   5.2900000e+02   1.0175727e+01
   5.3000000e+02   1.0175406e+01
   5.3100000e+02   1.0175722e+01
   5.3200000e+02   1.0175780e+01
   5.3300000e+02   1.0175751e+01
   5.3400000e+02   1.0175637e+01
   5.3500000e+02   1.0175313e+01
   5.3600000e+02   1.0175504e+01
   5.3700000e+02   1.0175446e+01
   5.3800000e+02   1.0175535e+01
   5.3900000e+02   1.0175317e+01
   5.4000000e+02   1.0175320e+01
   5.4100000e+02   1.0175109e+01
   5.4200000e+02   1.0175214e+01
   5.4300000e+02   1.0175264e+01
   5.4400000e+02   1.0175057e+01
   5.4500000e+02   1.0175467e+01
   5.4600000e+02   1.0175366e+01
   5.4700000e+02   1.0175394e+01
   5.4800000e+02   1.0175176e+01
   5.4900000e+02   1.0175085e+01
   5.5000000e+02   1.0175106e+01
   5.5100000e+02   1.0174972e+01
   5.5200000e+02   1.0175389e+01
   5.5300000e+02   1.0175132e+01
   5.5400000e+02   1.0175216e+01
   5.5500000e+02   1.0175262e+01
   5.5600000e+02   1.0175327e+01
   5.5700000e+02   1.0174820e+01
   5.5800000e+02   1.0175343e+01
   5.5900000e+02   1.0175137e+01
   5.6000000e+02   1.0175302e+01
   5.6100000e+02   1.0174962e+01
   5.6200000e+02   1.0175145e+01
   5.6300000e+02   1.0174993e+01
   5.6400000e+02   1.0175120e+01
   5.6500000e+02   1.0175013e+01
   5.6600000e+02   1.0175076e+01
   5.6700000e+02   1.0175071e+01
   5.6800000e+02   1.0174963e+01
   5.6900000e+02   1.0174662e+01
   5.7000000e+02   1.0174797e+01
   5.7100000e+02   1.0174910e+01
   5.7200000e+02   1.0175017e+01
   5.7300000e+02   1.0174582e+01
   5.7400000e+02   1.0174636e+01
   5.7500000e+02   1.0174689e+01
   5.7600000e+02   1.0174825e+01
   5.7700000e+02   1.0175108e+01
   5.7800000e+02   1.0174815e+01
   5.7900000e+02   1.0174836e+01
   5.8000000e+02   1.0174818e+01
   5.8100000e+02   1.0174696e+01
   5.8200000e+02   1.0174668e+01
   5.8300000e+02   1.0174728e+01
   5.8400000e+02   1.0174554e+01
   5.8500000e+02   1.0174584e+01
   5.8600000e+02   1.0174604e+01
   5.8700000e+02   1.0174829e+01
   5.8800000e+02   1.0174416e+01
   5.8900000e+02   1.0174422e+01
   5.9000000e+02   1.0174601e+01
   5.9100000e+02   1.0174638e+01
   5.9200000e+02   1.0174517e+01
   5.9300000e+02   1.0174401e+01
   5.9400000e+02   1.0174612e+01
   5.9500000e+02   1.0174537e+01
   5.9600000e+02   1.0174815e+01
   5.9700000e+02   1.0174526e+01
   5.9800000e+02   1.0174415e+01
   5.9900000e+02   1.0174431e+01
   6.0000000e+02   1.0174663e+01
   6.0100000e+02   1.0174604e+01
   6.0200000e+02   1.0174494e+01
   6.0300000e+02   1.0174405e+01
   6.0400000e+02   1.0174268e+01
   6.0500000e+02   1.0174513e+01
   6.0600000e+02   1.0174578e+01
   6.0700000e+02   1.0174352e+01
   6.0800000e+02   1.0174470e+01
   6.0900000e+02   1.0174412e+01
   6.1000000e+02   1.0174512e+01
   6.1100000e+02   1.0174383e+01
   6.1200000e+02   1.0174391e+01
   6.1300000e+02   1.0174478e+01
   6.1400000e+02   1.0174621e+01
   6.1500000e+02   1.0174372e+01
   6.1600000e+02   1.0174375e+01
   6.1700000e+02   1.0174431e+01
   6.1800000e+02   1.0174126e+01
   6.1900000e+02   1.0174739e+01
   6.2000000e+02   1.0174431e+01
   6.2100000e+02   1.0174395e+01
   6.2200000e+02   1.0174459e+01
   6.2300000e+02   1.0174446e+01
   6.2400000e+02   1.0174433e+01
   6.2500000e+02   1.0174271e+01
   6.2600000e+02   1.0174355e+01
   6.2700000e+02   1.0174391e+01
   6.2800000e+02   1.0174028e+01
   6.2900000e+02   1.0174165e+01
   6.3000000e+02   1.0174427e+01
   6.3100000e+02   1.0174179e+01
   6.3200000e+02   1.0174130e+01
   6.3300000e+02   1.0174111e+01
   6.3400000e+02   1.0174155e+01
   6.3500000e+02   1.0174118e+01
   6.3600000e+02   1.0173813e+01
   6.3700000e+02   1.0174103e+01
   6.3800000e+02   1.0173711e+01
   6.3900000e+02   1.0173799e+01
   6.4000000e+02   1.0173999e+01
   6.4100000e+02   1.0173941e+01
   6.4200000e+02   1.0173892e+01
   6.4300000e+02   1.0174123e+01
   6.4400000e+02   1.0173944e+01
   6.4500000e+02   1.0173991e+01
   6.4600000e+02   1.0173978e+01
   6.4700000e+02   1.0173861e+01
   6.4800000e+02   1.0173777e+01
   6.4900000e+02   1.0173661e+01
   6.5000000e+02   1.0173685e+01
   6.5100000e+02   1.0173868e+01
   6.5200000e+02   1.0173503e+01
   6.5300000e+02   1.0173804e+01
   6.5400000e+02   1.0173553e+01
   6.5500000e+02   1.0173645e+01
   6.5600000e+02   1.0173676e+01
   6.5700000e+02   1.0173647e+01
   6.5800000e+02   1.0173819e+01
   6.5900000e+02   1.0173623e+01
   6.6000000e+02   1.0173756e+01
   6.6100000e+02   1.0173872e+01
   6.6200000e+02   1.0173814e+01
   6.6300000e+02   1.0173523e+01
   6.6400000e+02   1.0173628e+01
   6.6500000e+02   1.0173697e+01
   6.6600000e+02   1.0173667e+01
   6.6700000e+02   1.0173633e+01
   6.6800000e+02   1.0173494e+01
   6.6900000e+02   1.0173739e+01
   6.7000000e+02   1.0173306e+01
   6.7100000e+02   1.0173539e+01
   6.7200000e+02   1.0173608e+01
   6.7300000e+02   1.0173499e+01
   6.7400000e+02   1.0173551e+01
   6.7500000e+02   1.0173665e+01
   6.7600000e+02   1.0173605e+01
   6.7700000e+02   1.0173430e+01
   6.7800000e+02   1.0173520e+01
   6.7900000e+02   1.0173464e+01
   6.8000000e+02   1.0173283e+01
   6.8100000e+02   1.0173419e+01
   6.8200000e+02   1.0173518e+01
   6.8300000e+02   1.0173312e+01
   6.8400000e+02   1.0173272e+01
   6.8500000e+02   1.0173344e+01
   6.8600000e+02   1.0173197e+01
   6.8700000e+02   1.0173397e+01
   6.8800000e+02   1.0172994e+01
   6.8900000e+02   1.0173220e+01
   6.9000000e+02   1.0173323e+01
   6.9100000e+02   1.0173380e+01
   6.9200000e+02   1.0172992e+01
   6.9300000e+02   1.0173052e+01
   6.9400000e+02   1.0173296e+01
   6.9500000e+02   1.0173176e+01
   6.9600000e+02   1.0173095e+01
   6.9700000e+02   1.0173053e+01
   6.9800000e+02   1.0172879e+01
   6.9900000e+02   1.0172987e+01
   7.0000000e+02   1.0172999e+01
   7.0100000e+02   1.0172790e+01
   7.0200000e+02   1.0173242e+01
   7.0300000e+02   1.0172841e+01
   7.0400000e+02   1.0172884e+01
   7.0500000e+02   1.0172958e+01
   7.0600000e+02   1.0173017e+01
   7.0700000e+02   1.0173269e+01
   7.0800000e+02   1.0173100e+01
   7.0900000e+02   1.0173051e+01
   7.1000000e+02   1.0172731e+01
   7.1100000e+02   1.0173079e+01
   7.1200000e+02   1.0173123e+01
   7.1300000e+02   1.0173118e+01
   7.1400000e+02   1.0172938e+01
   7.1500000e+02   1.0173011e+01
   7.1600000e+02   1.0172887e+01
   7.1700000e+02   1.0172846e+01
   7.1800000e+02   1.0173307e+01
   7.1900000e+02   1.0172976e+01
   7.2000000e+02   1.0172735e+01
   7.2100000e+02   1.0173208e+01
   7.2200000e+02   1.0173115e+01
   7.2300000e+02   1.0172882e+01
   7.2400000e+02   1.0172838e+01
   7.2500000e+02   1.0172880e+01
   7.2600000e+02   1.0172775e+01
   7.2700000e+02   1.0172479e+01
   7.2800000e+02   1.0172495e+01
   7.2900000e+02   1.0172702e+01
   7.3000000e+02   1.0172603e+01
   7.3100000e+02   1.0172643e+01
   7.3200000e+02   1.0172792e+01
   7.3300000e+02   1.0172842e+01
   7.3400000e+02   1.0172551e+01
   7.3500000e+02   1.0172734e+01
   7.3600000e+02   1.0172695e+01
   7.3700000e+02   1.0172363e+01
   7.3800000e+02   1.0172730e+01
   7.3900000e+02   1.0172574e+01
   7.4000000e+02   1.0172650e+01
   7.4100000e+02   1.0172751e+01
   7.4200000e+02   1.0172362e+01
   7.4300000e+02   1.0172694e+01
   7.4400000e+02   1.0172664e+01
   7.4500000e+02   1.0172337e+01
   7.4600000e+02   1.0172709e+01
   7.4700000e+02   1.0172362e+01
   7.4800000e+02   1.0172710e+01
   7.4900000e+02   1.0172541e+01
   7.5000000e+02   1.0172640e+01
   7.5100000e+02   1.0172451e+01
   7.5200000e+02   1.0172641e+01
   7.5300000e+02   1.0172787e+01
   7.5400000e+02   1.0172390e+01
   7.5500000e+02   1.0172483e+01
   7.5600000e+02   1.0172028e+01
   7.5700000e+02   1.0172450e+01
   7.5800000e+02   1.0172312e+01
   7.5900000e+02   1.0172440e+01
   7.6000000e+02   1.0172236e+01
   7.6100000e+02   1.0172381e+01
   7.6200000e+02   1.0172332e+01
   7.6300000e+02   1.0172020e+01
   7.6400000e+02   1.0172424e+01
   7.6500000e+02   1.0172366e+01
   7.6600000e+02   1.0172450e+01
   7.6700000e+02   1.0172613e+01
   7.6800000e+02   1.0172157e+01
   7.6900000e+02   1.0172187e+01
   7.7000000e+02   1.0171962e+01
   7.7100000e+02   1.0172087e+01
   7.7200000e+02   1.0171982e+01
   7.7300000e+02   1.0171901e+01
   7.7400000e+02   1.0172188e+01
   7.7500000e+02   1.0172139e+01
   7.7600000e+02   1.0172108e+01
   7.7700000e+02   1.0171993e+01
   7.7800000e+02   1.0171967e+01
   7.7900000e+02   1.0171918e+01
   7.8000000e+02   1.0171834e+01
