   0.0000000e+00   1.0160695e+01
   1.0000000e+00   1.0155617e+01
   2.0000000e+00   1.0154553e+01
   3.0000000e+00   1.0153630e+01
   4.0000000e+00   1.0153137e+01
   5.0000000e+00   1.0152788e+01
   6.0000000e+00   1.0152188e+01
   7.0000000e+00   1.0151664e+01
   8.0000000e+00   1.0151201e+01
   9.0000000e+00   1.0151153e+01
   1.0000000e+01   1.0150857e+01
   1.1000000e+01   1.0150550e+01
   1.2000000e+01   1.0150143e+01
   1.3000000e+01   1.0150024e+01
   1.4000000e+01   1.0149756e+01
   1.5000000e+01   1.0149691e+01
   1.6000000e+01   1.0149415e+01
   1.7000000e+01   1.0149444e+01
   1.8000000e+01   1.0149030e+01
   1.9000000e+01   1.0148895e+01
   2.0000000e+01   1.0148735e+01
   2.1000000e+01   1.0148354e+01
   2.2000000e+01   1.0148529e+01
   2.3000000e+01   1.0148281e+01
   2.4000000e+01   1.0148043e+01
   2.5000000e+01   1.0147895e+01
   2.6000000e+01   1.0147897e+01
   2.7000000e+01   1.0147701e+01
   2.8000000e+01   1.0147696e+01
   2.9000000e+01   1.0147387e+01
   3.0000000e+01   1.0147279e+01
   3.1000000e+01   1.0147220e+01
   3.2000000e+01   1.0146934e+01
   3.3000000e+01   1.0146802e+01
   3.4000000e+01   1.0146764e+01
   3.5000000e+01   1.0146574e+01
   3.6000000e+01   1.0146540e+01
   3.7000000e+01   1.0146056e+01
   3.8000000e+01   1.0146180e+01
   3.9000000e+01   1.0145992e+01
   4.0000000e+01   1.0145990e+01
   4.1000000e+01   1.0145852e+01
   4.2000000e+01   1.0146004e+01
   4.3000000e+01   1.0145719e+01
   4.4000000e+01   1.0145778e+01
   4.5000000e+01   1.0145570e+01
   4.6000000e+01   1.0145378e+01
   4.7000000e+01   1.0145352e+01
   4.8000000e+01   1.0145282e+01
   4.9000000e+01   1.0145385e+01
   5.0000000e+01   1.0145002e+01
   5.1000000e+01   1.0144943e+01
   5.2000000e+01   1.0144966e+01
   5.3000000e+01   1.0144500e+01
   5.4000000e+01   1.0144578e+01
   5.5000000e+01   1.0144428e+01
   5.6000000e+01   1.0144343e+01
   5.7000000e+01   1.0144097e+01
   5.8000000e+01   1.0144165e+01
   5.9000000e+01   1.0144170e+01
   6.0000000e+01   1.0143941e+01
   6.1000000e+01   1.0144161e+01
   6.2000000e+01   1.0144314e+01
   6.3000000e+01   1.0143779e+01
   6.4000000e+01   1.0143660e+01
   6.5000000e+01   1.0143606e+01
   6.6000000e+01   1.0143640e+01
   6.7000000e+01   1.0143596e+01
   6.8000000e+01   1.0143257e+01
   6.9000000e+01   1.0143236e+01
   7.0000000e+01   1.0143093e+01
   7.1000000e+01   1.0143337e+01
   7.2000000e+01   1.0143189e+01
   7.3000000e+01   1.0143416e+01
   7.4000000e+01   1.0143286e+01
   7.5000000e+01   1.0143091e+01
   7.6000000e+01   1.0142925e+01
   7.7000000e+01   1.0143013e+01
   7.8000000e+01   1.0143103e+01
   7.9000000e+01   1.0142794e+01
   8.0000000e+01   1.0142843e+01
   8.1000000e+01   1.0142651e+01
   8.2000000e+01   1.0142334e+01
   8.3000000e+01   1.0142244e+01
   8.4000000e+01   1.0142180e+01
   8.5000000e+01   1.0142142e+01
   8.6000000e+01   1.0142006e+01
   8.7000000e+01   1.0141950e+01
   8.8000000e+01   1.0141867e+01
   8.9000000e+01   1.0141668e+01
   9.0000000e+01   1.0141954e+01
   9.1000000e+01   1.0141572e+01
   9.2000000e+01   1.0141711e+01
   9.3000000e+01   1.0141339e+01
   9.4000000e+01   1.0141533e+01
   9.5000000e+01   1.0141470e+01
   9.6000000e+01   1.0141582e+01
   9.7000000e+01   1.0141384e+01
   9.8000000e+01   1.0141300e+01
   9.9000000e+01   1.0141429e+01
   1.0000000e+02   1.0141164e+01
   1.0100000e+02   1.0141108e+01
   1.0200000e+02   1.0141088e+01
   1.0300000e+02   1.0141147e+01
   1.0400000e+02   1.0141175e+01
   1.0500000e+02   1.0140772e+01
   1.0600000e+02   1.0140914e+01
   1.0700000e+02   1.0141256e+01
   1.0800000e+02   1.0140654e+01
   1.0900000e+02   1.0140820e+01
   1.1000000e+02   1.0140847e+01
   1.1100000e+02   1.0140555e+01
   1.1200000e+02   1.0140422e+01
   1.1300000e+02   1.0140204e+01
   1.1400000e+02   1.0140522e+01
   1.1500000e+02   1.0140449e+01
   1.1600000e+02   1.0140153e+01
   1.1700000e+02   1.0140398e+01
   1.1800000e+02   1.0140384e+01
   1.1900000e+02   1.0139978e+01
   1.2000000e+02   1.0139847e+01
   1.2100000e+02   1.0139789e+01
   1.2200000e+02   1.0140171e+01
   1.2300000e+02   1.0139773e+01
   1.2400000e+02   1.0139754e+01
   1.2500000e+02   1.0139683e+01
   1.2600000e+02   1.0139806e+01
   1.2700000e+02   1.0139718e+01
   1.2800000e+02   1.0139354e+01
   1.2900000e+02   1.0139398e+01
   1.3000000e+02   1.0139398e+01
   1.3100000e+02   1.0139374e+01
   1.3200000e+02   1.0139281e+01
   1.3300000e+02   1.0139435e+01
   1.3400000e+02   1.0139042e+01
   1.3500000e+02   1.0139096e+01
   1.3600000e+02   1.0139106e+01
   1.3700000e+02   1.0138933e+01
   1.3800000e+02   1.0138932e+01
   1.3900000e+02   1.0139159e+01
   1.4000000e+02   1.0138787e+01
   1.4100000e+02   1.0138702e+01
   1.4200000e+02   1.0138578e+01
   1.4300000e+02   1.0138877e+01
   1.4400000e+02   1.0138944e+01
   1.4500000e+02   1.0138883e+01
   1.4600000e+02   1.0138627e+01
   1.4700000e+02   1.0138575e+01
   1.4800000e+02   1.0138544e+01
   1.4900000e+02   1.0138937e+01
   1.5000000e+02   1.0138656e+01
   1.5100000e+02   1.0138301e+01
   1.5200000e+02   1.0138334e+01
   1.5300000e+02   1.0138429e+01
   1.5400000e+02   1.0138389e+01
   1.5500000e+02   1.0138342e+01
   1.5600000e+02   1.0138300e+01
   1.5700000e+02   1.0138247e+01
   1.5800000e+02   1.0138171e+01
   1.5900000e+02   1.0138155e+01
   1.6000000e+02   1.0138213e+01
   1.6100000e+02   1.0137933e+01
   1.6200000e+02   1.0137729e+01
   1.6300000e+02   1.0137610e+01
   1.6400000e+02   1.0137769e+01
   1.6500000e+02   1.0137435e+01
   1.6600000e+02   1.0137552e+01
   1.6700000e+02   1.0135179e+01
   1.6800000e+02   1.0126057e+01
   1.6900000e+02   1.0119160e+01
   1.7000000e+02   1.0124590e+01
   1.7100000e+02   1.0131192e+01
   1.7200000e+02   1.0134732e+01
   1.7300000e+02   1.0136281e+01
   1.7400000e+02   1.0136751e+01
   1.7500000e+02   1.0136937e+01
   1.7600000e+02   1.0137136e+01
   1.7700000e+02   1.0137201e+01
   1.7800000e+02   1.0137096e+01
   1.7900000e+02   1.0133608e+01
   1.8000000e+02   1.0112868e+01
   1.8100000e+02   1.0100509e+01
   1.8200000e+02   1.0103669e+01
   1.8300000e+02   1.0111723e+01
   1.8400000e+02   1.0115485e+01
   1.8500000e+02   1.0116473e+01
   1.8600000e+02   1.0116684e+01
   1.8700000e+02   1.0117984e+01
   1.8800000e+02   1.0120766e+01
   1.8900000e+02   1.0124653e+01
   1.9000000e+02   1.0129496e+01
   1.9100000e+02   1.0133271e+01
   1.9200000e+02   1.0134395e+01
   1.9300000e+02   1.0135112e+01
   1.9400000e+02   1.0135246e+01
   1.9500000e+02   1.0135497e+01
   1.9600000e+02   1.0135290e+01
   1.9700000e+02   1.0135515e+01
   1.9800000e+02   1.0135498e+01
   1.9900000e+02   1.0135593e+01
   2.0000000e+02   1.0135537e+01
   2.0100000e+02   1.0135366e+01
   2.0200000e+02   1.0135491e+01
   2.0300000e+02   1.0135624e+01
   2.0400000e+02   1.0135847e+01
   2.0500000e+02   1.0135383e+01
   2.0600000e+02   1.0135645e+01
   2.0700000e+02   1.0135360e+01
   2.0800000e+02   1.0135352e+01
   2.0900000e+02   1.0135730e+01
   2.1000000e+02   1.0135231e+01
   2.1100000e+02   1.0135508e+01
   2.1200000e+02   1.0135523e+01
   2.1300000e+02   1.0135320e+01
   2.1400000e+02   1.0135396e+01
   2.1500000e+02   1.0135402e+01
   2.1600000e+02   1.0135327e+01
   2.1700000e+02   1.0135305e+01
   2.1800000e+02   1.0135245e+01
   2.1900000e+02   1.0135182e+01
   2.2000000e+02   1.0134723e+01
   2.2100000e+02   1.0135140e+01
   2.2200000e+02   1.0135023e+01
   2.2300000e+02   1.0135034e+01
   2.2400000e+02   1.0134864e+01
   2.2500000e+02   1.0134870e+01
   2.2600000e+02   1.0134572e+01
   2.2700000e+02   1.0134601e+01
   2.2800000e+02   1.0134799e+01
   2.2900000e+02   1.0134559e+01
   2.3000000e+02   1.0134347e+01
   2.3100000e+02   1.0134418e+01
   2.3200000e+02   1.0134653e+01
   2.3300000e+02   1.0134349e+01
   2.3400000e+02   1.0134285e+01
   2.3500000e+02   1.0134668e+01
   2.3600000e+02   1.0134721e+01
   2.3700000e+02   1.0134603e+01
   2.3800000e+02   1.0134664e+01
   2.3900000e+02   1.0134289e+01
   2.4000000e+02   1.0134560e+01
   2.4100000e+02   1.0134496e+01
   2.4200000e+02   1.0134594e+01
   2.4300000e+02   1.0134482e+01
   2.4400000e+02   1.0134144e+01
   2.4500000e+02   1.0134017e+01
   2.4600000e+02   1.0133510e+01
   2.4700000e+02   1.0132524e+01
   2.4800000e+02   1.0131274e+01
   2.4900000e+02   1.0129248e+01
   2.5000000e+02   1.0127703e+01
   2.5100000e+02   1.0126830e+01
   2.5200000e+02   1.0126658e+01
   2.5300000e+02   1.0127362e+01
   2.5400000e+02   1.0128376e+01
   2.5500000e+02   1.0129646e+01
   2.5600000e+02   1.0130156e+01
   2.5700000e+02   1.0130243e+01
   2.5800000e+02   1.0129957e+01
   2.5900000e+02   1.0129313e+01
   2.6000000e+02   1.0128928e+01
   2.6100000e+02   1.0128107e+01
   2.6200000e+02   1.0127695e+01
   2.6300000e+02   1.0127478e+01
   2.6400000e+02   1.0127149e+01
   2.6500000e+02   1.0126618e+01
   2.6600000e+02   1.0126622e+01
   2.6700000e+02   1.0126773e+01
   2.6800000e+02   1.0127581e+01
   2.6900000e+02   1.0128245e+01
   2.7000000e+02   1.0129442e+01
   2.7100000e+02   1.0130382e+01
   2.7200000e+02   1.0130873e+01
   2.7300000e+02   1.0131343e+01
   2.7400000e+02   1.0131209e+01
   2.7500000e+02   1.0131251e+01
   2.7600000e+02   1.0131127e+01
   2.7700000e+02   1.0131036e+01
   2.7800000e+02   1.0131170e+01
   2.7900000e+02   1.0131240e+01
   2.8000000e+02   1.0131616e+01
   2.8100000e+02   1.0131491e+01
   2.8200000e+02   1.0131960e+01
   2.8300000e+02   1.0131875e+01
   2.8400000e+02   1.0131769e+01
   2.8500000e+02   1.0131687e+01
   2.8600000e+02   1.0131579e+01
   2.8700000e+02   1.0131811e+01
   2.8800000e+02   1.0131801e+01
   2.8900000e+02   1.0131939e+01
   2.9000000e+02   1.0131730e+01
   2.9100000e+02   1.0131816e+01
   2.9200000e+02   1.0132086e+01
   2.9300000e+02   1.0131990e+01
   2.9400000e+02   1.0131971e+01
   2.9500000e+02   1.0132092e+01
   2.9600000e+02   1.0131891e+01
   2.9700000e+02   1.0132009e+01
   2.9800000e+02   1.0131760e+01
   2.9900000e+02   1.0132319e+01
   3.0000000e+02   1.0131987e+01
   3.0100000e+02   1.0132129e+01
   3.0200000e+02   1.0131901e+01
   3.0300000e+02   1.0131615e+01
   3.0400000e+02   1.0130843e+01
   3.0500000e+02   1.0130274e+01
   3.0600000e+02   1.0129294e+01
   3.0700000e+02   1.0127901e+01
   3.0800000e+02   1.0126426e+01
   3.0900000e+02   1.0123931e+01
   3.1000000e+02   1.0120985e+01
   3.1100000e+02   1.0117387e+01
   3.1200000e+02   1.0113942e+01
   3.1300000e+02   1.0110573e+01
   3.1400000e+02   1.0108950e+01
   3.1500000e+02   1.0108606e+01
   3.1600000e+02   1.0109803e+01
   3.1700000e+02   1.0110993e+01
   3.1800000e+02   1.0111631e+01
   3.1900000e+02   1.0109696e+01
   3.2000000e+02   1.0105717e+01
   3.2100000e+02   1.0100333e+01
   3.2200000e+02   1.0095469e+01
   3.2300000e+02   1.0091147e+01
   3.2400000e+02   1.0089394e+01
   3.2500000e+02   1.0089408e+01
   3.2600000e+02   1.0091015e+01
   3.2700000e+02   1.0093883e+01
   3.2800000e+02   1.0097815e+01
   3.2900000e+02   1.0102025e+01
   3.3000000e+02   1.0107142e+01
   3.3100000e+02   1.0111859e+01
   3.3200000e+02   1.0116246e+01
   3.3300000e+02   1.0120257e+01
   3.3400000e+02   1.0123007e+01
   3.3500000e+02   1.0124587e+01
   3.3600000e+02   1.0125111e+01
   3.3700000e+02   1.0124776e+01
   3.3800000e+02   1.0123383e+01
   3.3900000e+02   1.0121650e+01
   3.4000000e+02   1.0119883e+01
   3.4100000e+02   1.0118651e+01
   3.4200000e+02   1.0118175e+01
   3.4300000e+02   1.0118431e+01
   3.4400000e+02   1.0119799e+01
   3.4500000e+02   1.0121543e+01
   3.4600000e+02   1.0123344e+01
   3.4700000e+02   1.0125057e+01
   3.4800000e+02   1.0125946e+01
   3.4900000e+02   1.0127319e+01
   3.5000000e+02   1.0128196e+01
   3.5100000e+02   1.0128946e+01
   3.5200000e+02   1.0129061e+01
   3.5300000e+02   1.0129332e+01
   3.5400000e+02   1.0129210e+01
   3.5500000e+02   1.0129537e+01
   3.5600000e+02   1.0129582e+01
   3.5700000e+02   1.0129350e+01
   3.5800000e+02   1.0129131e+01
   3.5900000e+02   1.0129064e+01
   3.6000000e+02   1.0128883e+01
   3.6100000e+02   1.0128445e+01
   3.6200000e+02   1.0127879e+01
   3.6300000e+02   1.0127759e+01
   3.6400000e+02   1.0127560e+01
   3.6500000e+02   1.0127197e+01
   3.6600000e+02   1.0127222e+01
   3.6700000e+02   1.0127613e+01
   3.6800000e+02   1.0127820e+01
   3.6900000e+02   1.0128344e+01
   3.7000000e+02   1.0128683e+01
   3.7100000e+02   1.0129014e+01
   3.7200000e+02   1.0129365e+01
   3.7300000e+02   1.0129478e+01
   3.7400000e+02   1.0129676e+01
   3.7500000e+02   1.0129696e+01
   3.7600000e+02   1.0129905e+01
   3.7700000e+02   1.0129723e+01
   3.7800000e+02   1.0129720e+01
   3.7900000e+02   1.0129755e+01
   3.8000000e+02   1.0129868e+01
   3.8100000e+02   1.0129912e+01
   3.8200000e+02   1.0129943e+01
   3.8300000e+02   1.0129591e+01
   3.8400000e+02   1.0129598e+01
   3.8500000e+02   1.0129607e+01
   3.8600000e+02   1.0129333e+01
   3.8700000e+02   1.0129194e+01
   3.8800000e+02   1.0128600e+01
   3.8900000e+02   1.0128251e+01
   3.9000000e+02   1.0127533e+01
   3.9100000e+02   1.0127215e+01
   3.9200000e+02   1.0127094e+01
   3.9300000e+02   1.0126808e+01
   3.9400000e+02   1.0126711e+01
   3.9500000e+02   1.0126922e+01
   3.9600000e+02   1.0126912e+01
   3.9700000e+02   1.0127385e+01
   3.9800000e+02   1.0127838e+01
   3.9900000e+02   1.0127831e+01
   4.0000000e+02   1.0128346e+01
   4.0100000e+02   1.0128655e+01
   4.0200000e+02   1.0128853e+01
   4.0300000e+02   1.0128936e+01
   4.0400000e+02   1.0128996e+01
   4.0500000e+02   1.0129147e+01
   4.0600000e+02   1.0128963e+01
   4.0700000e+02   1.0129035e+01
   4.0800000e+02   1.0128835e+01
   4.0900000e+02   1.0129184e+01
   4.1000000e+02   1.0129160e+01
   4.1100000e+02   1.0128903e+01
   4.1200000e+02   1.0128981e+01
   4.1300000e+02   1.0129041e+01
   4.1400000e+02   1.0128933e+01
   4.1500000e+02   1.0129105e+01
   4.1600000e+02   1.0129090e+01
   4.1700000e+02   1.0128762e+01
   4.1800000e+02   1.0128964e+01
   4.1900000e+02   1.0129016e+01
   4.2000000e+02   1.0128597e+01
   4.2100000e+02   1.0128863e+01
   4.2200000e+02   1.0128925e+01
   4.2300000e+02   1.0128793e+01
   4.2400000e+02   1.0128781e+01
   4.2500000e+02   1.0128831e+01
   4.2600000e+02   1.0128920e+01
   4.2700000e+02   1.0128729e+01
   4.2800000e+02   1.0128681e+01
   4.2900000e+02   1.0128758e+01
   4.3000000e+02   1.0128703e+01
   4.3100000e+02   1.0128789e+01
   4.3200000e+02   1.0128696e+01
   4.3300000e+02   1.0128678e+01
   4.3400000e+02   1.0128763e+01
   4.3500000e+02   1.0128814e+01
   4.3600000e+02   1.0128445e+01
   4.3700000e+02   1.0128477e+01
   4.3800000e+02   1.0128405e+01
   4.3900000e+02   1.0128078e+01
   4.4000000e+02   1.0127531e+01
   4.4100000e+02   1.0126805e+01
   4.4200000e+02   1.0125701e+01
   4.4300000e+02   1.0123854e+01
   4.4400000e+02   1.0121226e+01
   4.4500000e+02   1.0117240e+01
   4.4600000e+02   1.0111743e+01
   4.4700000e+02   1.0105614e+01
   4.4800000e+02   1.0098588e+01
   4.4900000e+02   1.0091287e+01
   4.5000000e+02   1.0085450e+01
   4.5100000e+02   1.0081394e+01
   4.5200000e+02   1.0079331e+01
   4.5300000e+02   1.0079565e+01
   4.5400000e+02   1.0082645e+01
   4.5500000e+02   1.0087225e+01
   4.5600000e+02   1.0092896e+01
   4.5700000e+02   1.0099284e+01
   4.5800000e+02   1.0105197e+01
   4.5900000e+02   1.0110086e+01
   4.6000000e+02   1.0114416e+01
   4.6100000e+02   1.0118375e+01
   4.6200000e+02   1.0120707e+01
   4.6300000e+02   1.0122377e+01
   4.6400000e+02   1.0123915e+01
   4.6500000e+02   1.0124670e+01
   4.6600000e+02   1.0125464e+01
   4.6700000e+02   1.0125945e+01
   4.6800000e+02   1.0126022e+01
   4.6900000e+02   1.0126117e+01
   4.7000000e+02   1.0126300e+01
   4.7100000e+02   1.0126575e+01
   4.7200000e+02   1.0126447e+01
   4.7300000e+02   1.0126500e+01
   4.7400000e+02   1.0126798e+01
   4.7500000e+02   1.0126517e+01
   4.7600000e+02   1.0126403e+01
   4.7700000e+02   1.0126437e+01
   4.7800000e+02   1.0126433e+01
   4.7900000e+02   1.0126382e+01
   4.8000000e+02   1.0126516e+01
   4.8100000e+02   1.0126546e+01
   4.8200000e+02   1.0126749e+01
   4.8300000e+02   1.0126713e+01
   4.8400000e+02   1.0126725e+01
   4.8500000e+02   1.0126681e+01
   4.8600000e+02   1.0126956e+01
   4.8700000e+02   1.0126720e+01
   4.8800000e+02   1.0126823e+01
   4.8900000e+02   1.0126656e+01
   4.9000000e+02   1.0126932e+01
   4.9100000e+02   1.0126761e+01
   4.9200000e+02   1.0126799e+01
   4.9300000e+02   1.0126885e+01
   4.9400000e+02   1.0127086e+01
   4.9500000e+02   1.0126825e+01
   4.9600000e+02   1.0126905e+01
   4.9700000e+02   1.0126564e+01
   4.9800000e+02   1.0126827e+01
   4.9900000e+02   1.0126593e+01
   5.0000000e+02   1.0126701e+01
   5.0100000e+02   1.0126772e+01
   5.0200000e+02   1.0126790e+01
   5.0300000e+02   1.0126642e+01
   5.0400000e+02   1.0126409e+01
   5.0500000e+02   1.0126629e+01
   5.0600000e+02   1.0126933e+01
   5.0700000e+02   1.0126538e+01
   5.0800000e+02   1.0126470e+01
   5.0900000e+02   1.0126788e+01
   5.1000000e+02   1.0126605e+01
   5.1100000e+02   1.0126652e+01
   5.1200000e+02   1.0126526e+01
   5.1300000e+02   1.0126756e+01
   5.1400000e+02   1.0126615e+01
   5.1500000e+02   1.0126619e+01
   5.1600000e+02   1.0126498e+01
   5.1700000e+02   1.0126504e+01
   5.1800000e+02   1.0126449e+01
   5.1900000e+02   1.0126569e+01
   5.2000000e+02   1.0126579e+01
   5.2100000e+02   1.0126474e+01
   5.2200000e+02   1.0126403e+01
   5.2300000e+02   1.0126536e+01
   5.2400000e+02   1.0126545e+01
   5.2500000e+02   1.0126373e+01
   5.2600000e+02   1.0126288e+01
   5.2700000e+02   1.0126244e+01
   5.2800000e+02   1.0126188e+01
   5.2900000e+02   1.0126160e+01
   5.3000000e+02   1.0126043e+01
   5.3100000e+02   1.0126064e+01
   5.3200000e+02   1.0126201e+01
   5.3300000e+02   1.0126165e+01
   5.3400000e+02   1.0125967e+01
   5.3500000e+02   1.0126060e+01
   5.3600000e+02   1.0125996e+01
   5.3700000e+02   1.0126078e+01
   5.3800000e+02   1.0125870e+01
   5.3900000e+02   1.0126069e+01
   5.4000000e+02   1.0125960e+01
   5.4100000e+02   1.0125932e+01
   5.4200000e+02   1.0125854e+01
   5.4300000e+02   1.0126217e+01
   5.4400000e+02   1.0125704e+01
   5.4500000e+02   1.0125887e+01
   5.4600000e+02   1.0125830e+01
   5.4700000e+02   1.0125688e+01
   5.4800000e+02   1.0125876e+01
   5.4900000e+02   1.0125689e+01
   5.5000000e+02   1.0126017e+01
   5.5100000e+02   1.0125908e+01
   5.5200000e+02   1.0125763e+01
   5.5300000e+02   1.0125458e+01
   5.5400000e+02   1.0125527e+01
   5.5500000e+02   1.0125724e+01
   5.5600000e+02   1.0125828e+01
   5.5700000e+02   1.0125204e+01
   5.5800000e+02   1.0125398e+01
   5.5900000e+02   1.0125562e+01
   5.6000000e+02   1.0125536e+01
   5.6100000e+02   1.0125431e+01
   5.6200000e+02   1.0125587e+01
   5.6300000e+02   1.0125283e+01
   5.6400000e+02   1.0125380e+01
   5.6500000e+02   1.0125541e+01
   5.6600000e+02   1.0125626e+01
   5.6700000e+02   1.0125501e+01
   5.6800000e+02   1.0125425e+01
   5.6900000e+02   1.0125368e+01
   5.7000000e+02   1.0125310e+01
   5.7100000e+02   1.0125324e+01
   5.7200000e+02   1.0125440e+01
   5.7300000e+02   1.0125507e+01
   5.7400000e+02   1.0124950e+01
   5.7500000e+02   1.0125078e+01
   5.7600000e+02   1.0124739e+01
   5.7700000e+02   1.0125110e+01
   5.7800000e+02   1.0125081e+01
   5.7900000e+02   1.0124833e+01
   5.8000000e+02   1.0124906e+01
   5.8100000e+02   1.0124948e+01
   5.8200000e+02   1.0125005e+01
   5.8300000e+02   1.0124774e+01
   5.8400000e+02   1.0124831e+01
   5.8500000e+02   1.0124710e+01
   5.8600000e+02   1.0124817e+01
   5.8700000e+02   1.0124929e+01
   5.8800000e+02   1.0124718e+01
   5.8900000e+02   1.0124752e+01
   5.9000000e+02   1.0124774e+01
   5.9100000e+02   1.0125077e+01
   5.9200000e+02   1.0124501e+01
   5.9300000e+02   1.0124577e+01
   5.9400000e+02   1.0124816e+01
   5.9500000e+02   1.0124668e+01
   5.9600000e+02   1.0124757e+01
   5.9700000e+02   1.0124754e+01
   5.9800000e+02   1.0124688e+01
   5.9900000e+02   1.0124620e+01
   6.0000000e+02   1.0124514e+01
   6.0100000e+02   1.0124837e+01
   6.0200000e+02   1.0124759e+01
   6.0300000e+02   1.0124679e+01
   6.0400000e+02   1.0124438e+01
   6.0500000e+02   1.0124532e+01
   6.0600000e+02   1.0124539e+01
   6.0700000e+02   1.0124510e+01
   6.0800000e+02   1.0124332e+01
   6.0900000e+02   1.0124419e+01
   6.1000000e+02   1.0124515e+01
   6.1100000e+02   1.0124536e+01
   6.1200000e+02   1.0124833e+01
   6.1300000e+02   1.0124505e+01
   6.1400000e+02   1.0124520e+01
   6.1500000e+02   1.0124798e+01
   6.1600000e+02   1.0124842e+01
   6.1700000e+02   1.0124452e+01
   6.1800000e+02   1.0124469e+01
   6.1900000e+02   1.0124430e+01
   6.2000000e+02   1.0124458e+01
   6.2100000e+02   1.0124196e+01
   6.2200000e+02   1.0124471e+01
   6.2300000e+02   1.0124369e+01
   6.2400000e+02   1.0124406e+01
   6.2500000e+02   1.0124344e+01
   6.2600000e+02   1.0124107e+01
   6.2700000e+02   1.0124108e+01
   6.2800000e+02   1.0124189e+01
   6.2900000e+02   1.0124089e+01
   6.3000000e+02   1.0124069e+01
   6.3100000e+02   1.0123960e+01
   6.3200000e+02   1.0124065e+01
   6.3300000e+02   1.0124279e+01
   6.3400000e+02   1.0123986e+01
   6.3500000e+02   1.0124159e+01
   6.3600000e+02   1.0124354e+01
   6.3700000e+02   1.0124143e+01
   6.3800000e+02   1.0124226e+01
   6.3900000e+02   1.0123884e+01
   6.4000000e+02   1.0124011e+01
   6.4100000e+02   1.0123817e+01
   6.4200000e+02   1.0124055e+01
   6.4300000e+02   1.0123671e+01
   6.4400000e+02   1.0123735e+01
   6.4500000e+02   1.0123651e+01
   6.4600000e+02   1.0123698e+01
   6.4700000e+02   1.0123749e+01
   6.4800000e+02   1.0123880e+01
   6.4900000e+02   1.0123786e+01
   6.5000000e+02   1.0123922e+01
   6.5100000e+02   1.0123735e+01
   6.5200000e+02   1.0123667e+01
   6.5300000e+02   1.0123643e+01
   6.5400000e+02   1.0123501e+01
   6.5500000e+02   1.0123700e+01
   6.5600000e+02   1.0123413e+01
   6.5700000e+02   1.0123482e+01
   6.5800000e+02   1.0123569e+01
   6.5900000e+02   1.0123488e+01
   6.6000000e+02   1.0123504e+01
   6.6100000e+02   1.0123371e+01
   6.6200000e+02   1.0123527e+01
   6.6300000e+02   1.0123396e+01
   6.6400000e+02   1.0123560e+01
   6.6500000e+02   1.0123560e+01
   6.6600000e+02   1.0123602e+01
   6.6700000e+02   1.0123317e+01
   6.6800000e+02   1.0123504e+01
   6.6900000e+02   1.0123304e+01
   6.7000000e+02   1.0123228e+01
   6.7100000e+02   1.0123428e+01
   6.7200000e+02   1.0123401e+01
   6.7300000e+02   1.0123375e+01
   6.7400000e+02   1.0123114e+01
   6.7500000e+02   1.0122986e+01
   6.7600000e+02   1.0122893e+01
   6.7700000e+02   1.0123060e+01
   6.7800000e+02   1.0122909e+01
   6.7900000e+02   1.0122691e+01
   6.8000000e+02   1.0122763e+01
   6.8100000e+02   1.0122598e+01
   6.8200000e+02   1.0122288e+01
   6.8300000e+02   1.0122112e+01
   6.8400000e+02   1.0122092e+01
   6.8500000e+02   1.0121978e+01
   6.8600000e+02   1.0122016e+01
   6.8700000e+02   1.0121924e+01
   6.8800000e+02   1.0121769e+01
   6.8900000e+02   1.0121633e+01
   6.9000000e+02   1.0121710e+01
   6.9100000e+02   1.0121852e+01
   6.9200000e+02   1.0121396e+01
   6.9300000e+02   1.0121724e+01
   6.9400000e+02   1.0121707e+01
   6.9500000e+02   1.0121808e+01
   6.9600000e+02   1.0121847e+01
   6.9700000e+02   1.0122205e+01
   6.9800000e+02   1.0121886e+01
   6.9900000e+02   1.0122258e+01
   7.0000000e+02   1.0122421e+01
   7.0100000e+02   1.0122240e+01
   7.0200000e+02   1.0122506e+01
   7.0300000e+02   1.0122337e+01
   7.0400000e+02   1.0122305e+01
   7.0500000e+02   1.0122411e+01
   7.0600000e+02   1.0122164e+01
   7.0700000e+02   1.0122625e+01
   7.0800000e+02   1.0122372e+01
   7.0900000e+02   1.0122311e+01
   7.1000000e+02   1.0122388e+01
   7.1100000e+02   1.0122500e+01
   7.1200000e+02   1.0122408e+01
   7.1300000e+02   1.0122336e+01
   7.1400000e+02   1.0122508e+01
   7.1500000e+02   1.0122586e+01
   7.1600000e+02   1.0122453e+01
   7.1700000e+02   1.0122414e+01
   7.1800000e+02   1.0122597e+01
   7.1900000e+02   1.0122462e+01
   7.2000000e+02   1.0122723e+01
   7.2100000e+02   1.0122484e+01
   7.2200000e+02   1.0122493e+01
   7.2300000e+02   1.0122484e+01
   7.2400000e+02   1.0122420e+01
   7.2500000e+02   1.0122559e+01
   7.2600000e+02   1.0122475e+01
   7.2700000e+02   1.0122130e+01
   7.2800000e+02   1.0122403e+01
   7.2900000e+02   1.0122299e+01
   7.3000000e+02   1.0122352e+01
   7.3100000e+02   1.0122331e+01
   7.3200000e+02   1.0122178e+01
   7.3300000e+02   1.0122349e+01
   7.3400000e+02   1.0122140e+01
   7.3500000e+02   1.0122100e+01
   7.3600000e+02   1.0121998e+01
   7.3700000e+02   1.0122259e+01
   7.3800000e+02   1.0122278e+01
   7.3900000e+02   1.0122062e+01
   7.4000000e+02   1.0122225e+01
   7.4100000e+02   1.0122186e+01
   7.4200000e+02   1.0122272e+01
   7.4300000e+02   1.0122082e+01
   7.4400000e+02   1.0122177e+01
   7.4500000e+02   1.0122315e+01
   7.4600000e+02   1.0121924e+01
   7.4700000e+02   1.0122302e+01
   7.4800000e+02   1.0122179e+01
   7.4900000e+02   1.0122210e+01
   7.5000000e+02   1.0121906e+01
   7.5100000e+02   1.0122115e+01
   7.5200000e+02   1.0122144e+01
   7.5300000e+02   1.0121995e+01
   7.5400000e+02   1.0122171e+01
   7.5500000e+02   1.0121788e+01
   7.5600000e+02   1.0121744e+01
   7.5700000e+02   1.0121818e+01
   7.5800000e+02   1.0121736e+01
   7.5900000e+02   1.0121731e+01
   7.6000000e+02   1.0121843e+01
   7.6100000e+02   1.0121574e+01
   7.6200000e+02   1.0121375e+01
   7.6300000e+02   1.0121771e+01
   7.6400000e+02   1.0121526e+01
   7.6500000e+02   1.0121405e+01
   7.6600000e+02   1.0121697e+01
   7.6700000e+02   1.0121761e+01
   7.6800000e+02   1.0121240e+01
   7.6900000e+02   1.0121649e+01
   7.7000000e+02   1.0121491e+01
   7.7100000e+02   1.0121686e+01
   7.7200000e+02   1.0121591e+01
   7.7300000e+02   1.0121817e+01
   7.7400000e+02   1.0121591e+01
   7.7500000e+02   1.0121263e+01
   7.7600000e+02   1.0121357e+01
   7.7700000e+02   1.0121647e+01
   7.7800000e+02   1.0121363e+01
   7.7900000e+02   1.0121329e+01
   7.8000000e+02   1.0121257e+01
