   0.0000000e+00   1.0218468e+01
   1.0000000e+00   1.0213334e+01
   2.0000000e+00   1.0211895e+01
   3.0000000e+00   1.0211111e+01
   4.0000000e+00   1.0210695e+01
   5.0000000e+00   1.0209826e+01
   6.0000000e+00   1.0209477e+01
   7.0000000e+00   1.0209716e+01
   8.0000000e+00   1.0208905e+01
   9.0000000e+00   1.0208963e+01
   1.0000000e+01   1.0208714e+01
   1.1000000e+01   1.0208289e+01
   1.2000000e+01   1.0208019e+01
   1.3000000e+01   1.0207793e+01
   1.4000000e+01   1.0207593e+01
   1.5000000e+01   1.0207194e+01
   1.6000000e+01   1.0207125e+01
   1.7000000e+01   1.0206762e+01
   1.8000000e+01   1.0206655e+01
   1.9000000e+01   1.0206629e+01
   2.0000000e+01   1.0206323e+01
   2.1000000e+01   1.0206334e+01
   2.2000000e+01   1.0206094e+01
   2.3000000e+01   1.0205858e+01
   2.4000000e+01   1.0205852e+01
   2.5000000e+01   1.0205628e+01
   2.6000000e+01   1.0205561e+01
   2.7000000e+01   1.0205433e+01
   2.8000000e+01   1.0205138e+01
   2.9000000e+01   1.0205322e+01
   3.0000000e+01   1.0204885e+01
   3.1000000e+01   1.0205083e+01
   3.2000000e+01   1.0204696e+01
   3.3000000e+01   1.0204602e+01
   3.4000000e+01   1.0204421e+01
   3.5000000e+01   1.0204454e+01
   3.6000000e+01   1.0204343e+01
   3.7000000e+01   1.0204256e+01
   3.8000000e+01   1.0203912e+01
   3.9000000e+01   1.0203891e+01
   4.0000000e+01   1.0203766e+01
   4.1000000e+01   1.0203721e+01
   4.2000000e+01   1.0203576e+01
   4.3000000e+01   1.0203586e+01
   4.4000000e+01   1.0203492e+01
   4.5000000e+01   1.0203222e+01
   4.6000000e+01   1.0203097e+01
   4.7000000e+01   1.0203225e+01
   4.8000000e+01   1.0202911e+01
   4.9000000e+01   1.0202878e+01
   5.0000000e+01   1.0202587e+01
   5.1000000e+01   1.0202616e+01
   5.2000000e+01   1.0202439e+01
   5.3000000e+01   1.0202338e+01
   5.4000000e+01   1.0202168e+01
   5.5000000e+01   1.0202237e+01
   5.6000000e+01   1.0202245e+01
   5.7000000e+01   1.0202172e+01
   5.8000000e+01   1.0202102e+01
   5.9000000e+01   1.0201945e+01
   6.0000000e+01   1.0201783e+01
   6.1000000e+01   1.0201756e+01
   6.2000000e+01   1.0201600e+01
   6.3000000e+01   1.0201898e+01
   6.4000000e+01   1.0201378e+01
   6.5000000e+01   1.0201386e+01
   6.6000000e+01   1.0201236e+01
   6.7000000e+01   1.0201097e+01
   6.8000000e+01   1.0201109e+01
   6.9000000e+01   1.0201235e+01
   7.0000000e+01   1.0201089e+01
   7.1000000e+01   1.0201082e+01
   7.2000000e+01   1.0200429e+01
   7.3000000e+01   1.0200684e+01
   7.4000000e+01   1.0200564e+01
   7.5000000e+01   1.0200419e+01
   7.6000000e+01   1.0200669e+01
   7.7000000e+01   1.0200449e+01
   7.8000000e+01   1.0200275e+01
   7.9000000e+01   1.0200169e+01
   8.0000000e+01   1.0200274e+01
   8.1000000e+01   1.0200093e+01
   8.2000000e+01   1.0199961e+01
   8.3000000e+01   1.0199823e+01
   8.4000000e+01   1.0199965e+01
   8.5000000e+01   1.0199839e+01
   8.6000000e+01   1.0199615e+01
   8.7000000e+01   1.0199529e+01
   8.8000000e+01   1.0199631e+01
   8.9000000e+01   1.0199382e+01
   9.0000000e+01   1.0199450e+01
   9.1000000e+01   1.0199555e+01
   9.2000000e+01   1.0199354e+01
   9.3000000e+01   1.0199192e+01
   9.4000000e+01   1.0199123e+01
   9.5000000e+01   1.0199178e+01
   9.6000000e+01   1.0198912e+01
   9.7000000e+01   1.0199079e+01
   9.8000000e+01   1.0199027e+01
   9.9000000e+01   1.0198804e+01
   1.0000000e+02   1.0198619e+01
   1.0100000e+02   1.0198755e+01
   1.0200000e+02   1.0198573e+01
   1.0300000e+02   1.0198582e+01
   1.0400000e+02   1.0198593e+01
   1.0500000e+02   1.0198469e+01
   1.0600000e+02   1.0198451e+01
   1.0700000e+02   1.0198483e+01
   1.0800000e+02   1.0198385e+01
   1.0900000e+02   1.0198381e+01
   1.1000000e+02   1.0198242e+01
   1.1100000e+02   1.0198066e+01
   1.1200000e+02   1.0198108e+01
   1.1300000e+02   1.0197871e+01
   1.1400000e+02   1.0198170e+01
   1.1500000e+02   1.0198012e+01
   1.1600000e+02   1.0197764e+01
   1.1700000e+02   1.0197814e+01
   1.1800000e+02   1.0197880e+01
   1.1900000e+02   1.0197779e+01
   1.2000000e+02   1.0198084e+01
   1.2100000e+02   1.0197835e+01
   1.2200000e+02   1.0197534e+01
   1.2300000e+02   1.0197717e+01
   1.2400000e+02   1.0197722e+01
   1.2500000e+02   1.0197574e+01
   1.2600000e+02   1.0197513e+01
   1.2700000e+02   1.0197709e+01
   1.2800000e+02   1.0197842e+01
   1.2900000e+02   1.0197556e+01
   1.3000000e+02   1.0197443e+01
   1.3100000e+02   1.0197359e+01
   1.3200000e+02   1.0197205e+01
   1.3300000e+02   1.0197331e+01
   1.3400000e+02   1.0197006e+01
   1.3500000e+02   1.0197175e+01
   1.3600000e+02   1.0197003e+01
   1.3700000e+02   1.0196983e+01
   1.3800000e+02   1.0196743e+01
   1.3900000e+02   1.0196639e+01
   1.4000000e+02   1.0196985e+01
   1.4100000e+02   1.0196812e+01
   1.4200000e+02   1.0196696e+01
   1.4300000e+02   1.0196508e+01
   1.4400000e+02   1.0196235e+01
   1.4500000e+02   1.0196633e+01
   1.4600000e+02   1.0196774e+01
   1.4700000e+02   1.0196431e+01
   1.4800000e+02   1.0196510e+01
   1.4900000e+02   1.0196542e+01
   1.5000000e+02   1.0196207e+01
   1.5100000e+02   1.0196115e+01
   1.5200000e+02   1.0196222e+01
   1.5300000e+02   1.0196394e+01
   1.5400000e+02   1.0195929e+01
   1.5500000e+02   1.0196086e+01
   1.5600000e+02   1.0196169e+01
   1.5700000e+02   1.0195988e+01
   1.5800000e+02   1.0196229e+01
   1.5900000e+02   1.0195663e+01
   1.6000000e+02   1.0196096e+01
   1.6100000e+02   1.0195699e+01
   1.6200000e+02   1.0195868e+01
   1.6300000e+02   1.0195636e+01
   1.6400000e+02   1.0195789e+01
   1.6500000e+02   1.0195615e+01
   1.6600000e+02   1.0195408e+01
   1.6700000e+02   1.0192740e+01
   1.6800000e+02   1.0183122e+01
   1.6900000e+02   1.0177005e+01
   1.7000000e+02   1.0182626e+01
   1.7100000e+02   1.0189278e+01
   1.7200000e+02   1.0192567e+01
   1.7300000e+02   1.0194022e+01
   1.7400000e+02   1.0194569e+01
   1.7500000e+02   1.0194748e+01
   1.7600000e+02   1.0194910e+01
   1.7700000e+02   1.0194666e+01
   1.7800000e+02   1.0194687e+01
   1.7900000e+02   1.0190895e+01
   1.8000000e+02   1.0169457e+01
   1.8100000e+02   1.0158764e+01
   1.8200000e+02   1.0163444e+01
   1.8300000e+02   1.0170137e+01
   1.8400000e+02   1.0173052e+01
   1.8500000e+02   1.0173668e+01
   1.8600000e+02   1.0173260e+01
   1.8700000e+02   1.0173740e+01
   1.8800000e+02   1.0178203e+01
   1.8900000e+02   1.0183063e+01
   1.9000000e+02   1.0187277e+01
   1.9100000e+02   1.0191199e+01
   1.9200000e+02   1.0192351e+01
   1.9300000e+02   1.0193200e+01
   1.9400000e+02   1.0193265e+01
   1.9500000e+02   1.0193392e+01
   1.9600000e+02   1.0193494e+01
   1.9700000e+02   1.0193505e+01
   1.9800000e+02   1.0193544e+01
   1.9900000e+02   1.0193674e+01
   2.0000000e+02   1.0193681e+01
   2.0100000e+02   1.0193445e+01
   2.0200000e+02   1.0193593e+01
   2.0300000e+02   1.0193160e+01
   2.0400000e+02   1.0193597e+01
   2.0500000e+02   1.0193648e+01
   2.0600000e+02   1.0193429e+01
   2.0700000e+02   1.0193376e+01
   2.0800000e+02   1.0193378e+01
   2.0900000e+02   1.0193246e+01
   2.1000000e+02   1.0193504e+01
   2.1100000e+02   1.0192959e+01
   2.1200000e+02   1.0193192e+01
   2.1300000e+02   1.0192894e+01
   2.1400000e+02   1.0193246e+01
   2.1500000e+02   1.0193000e+01
   2.1600000e+02   1.0193009e+01
   2.1700000e+02   1.0192799e+01
   2.1800000e+02   1.0192891e+01
   2.1900000e+02   1.0193038e+01
   2.2000000e+02   1.0192872e+01
   2.2100000e+02   1.0192666e+01
   2.2200000e+02   1.0192577e+01
   2.2300000e+02   1.0192163e+01
   2.2400000e+02   1.0191557e+01
   2.2500000e+02   1.0191095e+01
   2.2600000e+02   1.0190505e+01
   2.2700000e+02   1.0189958e+01
   2.2800000e+02   1.0189666e+01
   2.2900000e+02   1.0189880e+01
   2.3000000e+02   1.0189946e+01
   2.3100000e+02   1.0190441e+01
   2.3200000e+02   1.0190857e+01
   2.3300000e+02   1.0191359e+01
   2.3400000e+02   1.0191572e+01
   2.3500000e+02   1.0191845e+01
   2.3600000e+02   1.0191680e+01
   2.3700000e+02   1.0191790e+01
   2.3800000e+02   1.0191393e+01
   2.3900000e+02   1.0191249e+01
   2.4000000e+02   1.0191311e+01
   2.4100000e+02   1.0191401e+01
   2.4200000e+02   1.0191406e+01
   2.4300000e+02   1.0191142e+01
   2.4400000e+02   1.0190803e+01
   2.4500000e+02   1.0190322e+01
   2.4600000e+02   1.0188980e+01
   2.4700000e+02   1.0186667e+01
   2.4800000e+02   1.0183119e+01
   2.4900000e+02   1.0178197e+01
   2.5000000e+02   1.0174164e+01
   2.5100000e+02   1.0171813e+01
   2.5200000e+02   1.0171689e+01
   2.5300000e+02   1.0173829e+01
   2.5400000e+02   1.0176335e+01
   2.5500000e+02   1.0179103e+01
   2.5600000e+02   1.0181075e+01
   2.5700000e+02   1.0181606e+01
   2.5800000e+02   1.0180745e+01
   2.5900000e+02   1.0179422e+01
   2.6000000e+02   1.0177782e+01
   2.6100000e+02   1.0176601e+01
   2.6200000e+02   1.0175433e+01
   2.6300000e+02   1.0174483e+01
   2.6400000e+02   1.0173433e+01
   2.6500000e+02   1.0172655e+01
   2.6600000e+02   1.0172602e+01
   2.6700000e+02   1.0172983e+01
   2.6800000e+02   1.0175371e+01
   2.6900000e+02   1.0178049e+01
   2.7000000e+02   1.0180243e+01
   2.7100000e+02   1.0182792e+01
   2.7200000e+02   1.0184563e+01
   2.7300000e+02   1.0185490e+01
   2.7400000e+02   1.0185613e+01
   2.7500000e+02   1.0185506e+01
   2.7600000e+02   1.0185292e+01
   2.7700000e+02   1.0184684e+01
   2.7800000e+02   1.0184769e+01
   2.7900000e+02   1.0185086e+01
   2.8000000e+02   1.0185387e+01
   2.8100000e+02   1.0186000e+01
   2.8200000e+02   1.0186412e+01
   2.8300000e+02   1.0186553e+01
   2.8400000e+02   1.0186548e+01
   2.8500000e+02   1.0186650e+01
   2.8600000e+02   1.0186982e+01
   2.8700000e+02   1.0187238e+01
   2.8800000e+02   1.0187367e+01
   2.8900000e+02   1.0187643e+01
   2.9000000e+02   1.0188028e+01
   2.9100000e+02   1.0188198e+01
   2.9200000e+02   1.0188567e+01
   2.9300000e+02   1.0188694e+01
   2.9400000e+02   1.0188697e+01
   2.9500000e+02   1.0188832e+01
   2.9600000e+02   1.0189209e+01
   2.9700000e+02   1.0188916e+01
   2.9800000e+02   1.0188763e+01
   2.9900000e+02   1.0189180e+01
   3.0000000e+02   1.0189001e+01
   3.0100000e+02   1.0189077e+01
   3.0200000e+02   1.0188864e+01
   3.0300000e+02   1.0188375e+01
   3.0400000e+02   1.0187971e+01
   3.0500000e+02   1.0187261e+01
   3.0600000e+02   1.0186296e+01
   3.0700000e+02   1.0185263e+01
   3.0800000e+02   1.0183528e+01
   3.0900000e+02   1.0181589e+01
   3.1000000e+02   1.0178928e+01
   3.1100000e+02   1.0175719e+01
   3.1200000e+02   1.0171816e+01
   3.1300000e+02   1.0168830e+01
   3.1400000e+02   1.0166998e+01
   3.1500000e+02   1.0166510e+01
   3.1600000e+02   1.0167733e+01
   3.1700000e+02   1.0168968e+01
   3.1800000e+02   1.0169494e+01
   3.1900000e+02   1.0168042e+01
   3.2000000e+02   1.0164671e+01
   3.2100000e+02   1.0160267e+01
   3.2200000e+02   1.0155167e+01
   3.2300000e+02   1.0151054e+01
   3.2400000e+02   1.0149274e+01
   3.2500000e+02   1.0149075e+01
   3.2600000e+02   1.0150958e+01
   3.2700000e+02   1.0153738e+01
   3.2800000e+02   1.0157129e+01
   3.2900000e+02   1.0161336e+01
   3.3000000e+02   1.0165931e+01
   3.3100000e+02   1.0170388e+01
   3.3200000e+02   1.0174688e+01
   3.3300000e+02   1.0178216e+01
   3.3400000e+02   1.0180815e+01
   3.3500000e+02   1.0182470e+01
   3.3600000e+02   1.0183029e+01
   3.3700000e+02   1.0182657e+01
   3.3800000e+02   1.0181586e+01
   3.3900000e+02   1.0180135e+01
   3.4000000e+02   1.0178346e+01
   3.4100000e+02   1.0177394e+01
   3.4200000e+02   1.0176507e+01
   3.4300000e+02   1.0176519e+01
   3.4400000e+02   1.0177625e+01
   3.4500000e+02   1.0179228e+01
   3.4600000e+02   1.0180665e+01
   3.4700000e+02   1.0182502e+01
   3.4800000e+02   1.0183890e+01
   3.4900000e+02   1.0184866e+01
   3.5000000e+02   1.0185352e+01
   3.5100000e+02   1.0185920e+01
   3.5200000e+02   1.0186409e+01
   3.5300000e+02   1.0186576e+01
   3.5400000e+02   1.0186918e+01
   3.5500000e+02   1.0186717e+01
   3.5600000e+02   1.0187069e+01
   3.5700000e+02   1.0186711e+01
   3.5800000e+02   1.0186490e+01
   3.5900000e+02   1.0186556e+01
   3.6000000e+02   1.0186098e+01
   3.6100000e+02   1.0186011e+01
   3.6200000e+02   1.0185633e+01
   3.6300000e+02   1.0185028e+01
   3.6400000e+02   1.0184623e+01
   3.6500000e+02   1.0184750e+01
   3.6600000e+02   1.0184692e+01
   3.6700000e+02   1.0184712e+01
   3.6800000e+02   1.0184898e+01
   3.6900000e+02   1.0185080e+01
   3.7000000e+02   1.0185874e+01
   3.7100000e+02   1.0186087e+01
   3.7200000e+02   1.0186299e+01
   3.7300000e+02   1.0186579e+01
   3.7400000e+02   1.0186724e+01
   3.7500000e+02   1.0186854e+01
   3.7600000e+02   1.0186733e+01
   3.7700000e+02   1.0186988e+01
   3.7800000e+02   1.0187067e+01
   3.7900000e+02   1.0187092e+01
   3.8000000e+02   1.0186982e+01
   3.8100000e+02   1.0187195e+01
   3.8200000e+02   1.0187018e+01
   3.8300000e+02   1.0186943e+01
   3.8400000e+02   1.0187107e+01
   3.8500000e+02   1.0186989e+01
   3.8600000e+02   1.0186761e+01
   3.8700000e+02   1.0186712e+01
   3.8800000e+02   1.0185888e+01
   3.8900000e+02   1.0185872e+01
   3.9000000e+02   1.0185595e+01
   3.9100000e+02   1.0185154e+01
   3.9200000e+02   1.0184847e+01
   3.9300000e+02   1.0184533e+01
   3.9400000e+02   1.0184427e+01
   3.9500000e+02   1.0184327e+01
   3.9600000e+02   1.0184478e+01
   3.9700000e+02   1.0184781e+01
   3.9800000e+02   1.0185046e+01
   3.9900000e+02   1.0185327e+01
   4.0000000e+02   1.0185618e+01
   4.0100000e+02   1.0186141e+01
   4.0200000e+02   1.0186019e+01
   4.0300000e+02   1.0186334e+01
   4.0400000e+02   1.0185940e+01
   4.0500000e+02   1.0186427e+01
   4.0600000e+02   1.0186269e+01
   4.0700000e+02   1.0186337e+01
   4.0800000e+02   1.0186533e+01
   4.0900000e+02   1.0186297e+01
   4.1000000e+02   1.0186179e+01
   4.1100000e+02   1.0186349e+01
   4.1200000e+02   1.0186212e+01
   4.1300000e+02   1.0186175e+01
   4.1400000e+02   1.0186370e+01
   4.1500000e+02   1.0186051e+01
   4.1600000e+02   1.0186120e+01
   4.1700000e+02   1.0185962e+01
   4.1800000e+02   1.0186321e+01
   4.1900000e+02   1.0185949e+01
   4.2000000e+02   1.0186152e+01
   4.2100000e+02   1.0185761e+01
   4.2200000e+02   1.0186007e+01
   4.2300000e+02   1.0185849e+01
   4.2400000e+02   1.0185909e+01
   4.2500000e+02   1.0185977e+01
   4.2600000e+02   1.0186063e+01
   4.2700000e+02   1.0185807e+01
   4.2800000e+02   1.0185781e+01
   4.2900000e+02   1.0185959e+01
   4.3000000e+02   1.0186089e+01
   4.3100000e+02   1.0185949e+01
   4.3200000e+02   1.0185663e+01
   4.3300000e+02   1.0185988e+01
   4.3400000e+02   1.0185961e+01
   4.3500000e+02   1.0185927e+01
   4.3600000e+02   1.0185772e+01
   4.3700000e+02   1.0185549e+01
   4.3800000e+02   1.0185480e+01
   4.3900000e+02   1.0185841e+01
   4.4000000e+02   1.0185892e+01
   4.4100000e+02   1.0185425e+01
   4.4200000e+02   1.0185303e+01
   4.4300000e+02   1.0184752e+01
   4.4400000e+02   1.0184164e+01
   4.4500000e+02   1.0182924e+01
   4.4600000e+02   1.0181955e+01
   4.4700000e+02   1.0180836e+01
   4.4800000e+02   1.0178962e+01
   4.4900000e+02   1.0177343e+01
   4.5000000e+02   1.0175585e+01
   4.5100000e+02   1.0174304e+01
   4.5200000e+02   1.0173429e+01
   4.5300000e+02   1.0173521e+01
   4.5400000e+02   1.0173722e+01
   4.5500000e+02   1.0174579e+01
   4.5600000e+02   1.0175920e+01
   4.5700000e+02   1.0177519e+01
   4.5800000e+02   1.0179086e+01
   4.5900000e+02   1.0180101e+01
   4.6000000e+02   1.0181737e+01
   4.6100000e+02   1.0182442e+01
   4.6200000e+02   1.0183211e+01
   4.6300000e+02   1.0183822e+01
   4.6400000e+02   1.0184064e+01
   4.6500000e+02   1.0184231e+01
   4.6600000e+02   1.0184359e+01
   4.6700000e+02   1.0184618e+01
   4.6800000e+02   1.0184515e+01
   4.6900000e+02   1.0184543e+01
   4.7000000e+02   1.0184483e+01
   4.7100000e+02   1.0184566e+01
   4.7200000e+02   1.0184589e+01
   4.7300000e+02   1.0184767e+01
   4.7400000e+02   1.0184607e+01
   4.7500000e+02   1.0184521e+01
   4.7600000e+02   1.0184597e+01
   4.7700000e+02   1.0184411e+01
   4.7800000e+02   1.0184799e+01
   4.7900000e+02   1.0184465e+01
   4.8000000e+02   1.0184586e+01
   4.8100000e+02   1.0184822e+01
   4.8200000e+02   1.0184832e+01
   4.8300000e+02   1.0184665e+01
   4.8400000e+02   1.0184513e+01
   4.8500000e+02   1.0184794e+01
   4.8600000e+02   1.0184658e+01
   4.8700000e+02   1.0184770e+01
   4.8800000e+02   1.0184463e+01
   4.8900000e+02   1.0184542e+01
   4.9000000e+02   1.0184448e+01
   4.9100000e+02   1.0184453e+01
   4.9200000e+02   1.0184169e+01
   4.9300000e+02   1.0184401e+01
   4.9400000e+02   1.0184209e+01
   4.9500000e+02   1.0184059e+01
   4.9600000e+02   1.0184363e+01
   4.9700000e+02   1.0184163e+01
   4.9800000e+02   1.0183957e+01
   4.9900000e+02   1.0184316e+01
   5.0000000e+02   1.0183949e+01
   5.0100000e+02   1.0184369e+01
   5.0200000e+02   1.0184433e+01
   5.0300000e+02   1.0184107e+01
   5.0400000e+02   1.0183977e+01
   5.0500000e+02   1.0183819e+01
   5.0600000e+02   1.0183993e+01
   5.0700000e+02   1.0184055e+01
   5.0800000e+02   1.0183988e+01
   5.0900000e+02   1.0183663e+01
   5.1000000e+02   1.0183889e+01
   5.1100000e+02   1.0183773e+01
   5.1200000e+02   1.0184039e+01
   5.1300000e+02   1.0183992e+01
   5.1400000e+02   1.0183889e+01
   5.1500000e+02   1.0184068e+01
   5.1600000e+02   1.0183848e+01
   5.1700000e+02   1.0184001e+01
   5.1800000e+02   1.0183871e+01
   5.1900000e+02   1.0183742e+01
   5.2000000e+02   1.0183859e+01
   5.2100000e+02   1.0184072e+01
   5.2200000e+02   1.0183942e+01
   5.2300000e+02   1.0183787e+01
   5.2400000e+02   1.0183666e+01
   5.2500000e+02   1.0183703e+01
   5.2600000e+02   1.0183814e+01
   5.2700000e+02   1.0183775e+01
   5.2800000e+02   1.0183650e+01
   5.2900000e+02   1.0183685e+01
   5.3000000e+02   1.0183546e+01
   5.3100000e+02   1.0183742e+01
   5.3200000e+02   1.0183763e+01
   5.3300000e+02   1.0183614e+01
   5.3400000e+02   1.0183722e+01
   5.3500000e+02   1.0183521e+01
   5.3600000e+02   1.0183786e+01
   5.3700000e+02   1.0183581e+01
   5.3800000e+02   1.0183781e+01
   5.3900000e+02   1.0183626e+01
   5.4000000e+02   1.0183290e+01
   5.4100000e+02   1.0183542e+01
   5.4200000e+02   1.0183252e+01
   5.4300000e+02   1.0183457e+01
   5.4400000e+02   1.0183360e+01
   5.4500000e+02   1.0183741e+01
   5.4600000e+02   1.0183034e+01
   5.4700000e+02   1.0183353e+01
   5.4800000e+02   1.0182943e+01
   5.4900000e+02   1.0183388e+01
   5.5000000e+02   1.0183143e+01
   5.5100000e+02   1.0182956e+01
   5.5200000e+02   1.0183095e+01
   5.5300000e+02   1.0183032e+01
   5.5400000e+02   1.0182823e+01
   5.5500000e+02   1.0183014e+01
   5.5600000e+02   1.0183165e+01
   5.5700000e+02   1.0183343e+01
   5.5800000e+02   1.0183015e+01
   5.5900000e+02   1.0183186e+01
   5.6000000e+02   1.0182854e+01
   5.6100000e+02   1.0183166e+01
   5.6200000e+02   1.0183022e+01
   5.6300000e+02   1.0182781e+01
   5.6400000e+02   1.0182981e+01
   5.6500000e+02   1.0182880e+01
   5.6600000e+02   1.0183008e+01
   5.6700000e+02   1.0182662e+01
   5.6800000e+02   1.0182662e+01
   5.6900000e+02   1.0182866e+01
   5.7000000e+02   1.0182870e+01
   5.7100000e+02   1.0182620e+01
   5.7200000e+02   1.0182784e+01
   5.7300000e+02   1.0182716e+01
   5.7400000e+02   1.0182730e+01
   5.7500000e+02   1.0182415e+01
   5.7600000e+02   1.0182944e+01
   5.7700000e+02   1.0182769e+01
   5.7800000e+02   1.0182433e+01
   5.7900000e+02   1.0182661e+01
   5.8000000e+02   1.0183023e+01
   5.8100000e+02   1.0182774e+01
   5.8200000e+02   1.0182717e+01
   5.8300000e+02   1.0182667e+01
   5.8400000e+02   1.0182504e+01
   5.8500000e+02   1.0182753e+01
   5.8600000e+02   1.0182369e+01
   5.8700000e+02   1.0182474e+01
   5.8800000e+02   1.0182438e+01
   5.8900000e+02   1.0182552e+01
   5.9000000e+02   1.0182638e+01
   5.9100000e+02   1.0182365e+01
   5.9200000e+02   1.0182383e+01
   5.9300000e+02   1.0182200e+01
   5.9400000e+02   1.0182087e+01
   5.9500000e+02   1.0182025e+01
   5.9600000e+02   1.0182124e+01
   5.9700000e+02   1.0182341e+01
   5.9800000e+02   1.0182167e+01
   5.9900000e+02   1.0182066e+01
   6.0000000e+02   1.0182500e+01
   6.0100000e+02   1.0181927e+01
   6.0200000e+02   1.0181964e+01
   6.0300000e+02   1.0182144e+01
   6.0400000e+02   1.0182176e+01
   6.0500000e+02   1.0182212e+01
   6.0600000e+02   1.0182195e+01
   6.0700000e+02   1.0182178e+01
   6.0800000e+02   1.0182227e+01
   6.0900000e+02   1.0182116e+01
   6.1000000e+02   1.0182268e+01
   6.1100000e+02   1.0182295e+01
   6.1200000e+02   1.0181945e+01
   6.1300000e+02   1.0181994e+01
   6.1400000e+02   1.0181877e+01
   6.1500000e+02   1.0181954e+01
   6.1600000e+02   1.0182107e+01
   6.1700000e+02   1.0181804e+01
   6.1800000e+02   1.0182016e+01
   6.1900000e+02   1.0181971e+01
   6.2000000e+02   1.0181868e+01
   6.2100000e+02   1.0181959e+01
   6.2200000e+02   1.0181551e+01
   6.2300000e+02   1.0181731e+01
   6.2400000e+02   1.0181522e+01
   6.2500000e+02   1.0181941e+01
   6.2600000e+02   1.0181555e+01
   6.2700000e+02   1.0181676e+01
   6.2800000e+02   1.0181711e+01
   6.2900000e+02   1.0181776e+01
   6.3000000e+02   1.0181540e+01
   6.3100000e+02   1.0181465e+01
   6.3200000e+02   1.0181368e+01
   6.3300000e+02   1.0181406e+01
   6.3400000e+02   1.0181595e+01
   6.3500000e+02   1.0181404e+01
   6.3600000e+02   1.0181410e+01
   6.3700000e+02   1.0181337e+01
   6.3800000e+02   1.0181371e+01
   6.3900000e+02   1.0181218e+01
   6.4000000e+02   1.0181216e+01
   6.4100000e+02   1.0181564e+01
   6.4200000e+02   1.0181436e+01
   6.4300000e+02   1.0181364e+01
   6.4400000e+02   1.0181414e+01
   6.4500000e+02   1.0181510e+01
   6.4600000e+02   1.0181366e+01
   6.4700000e+02   1.0181388e+01
   6.4800000e+02   1.0181309e+01
   6.4900000e+02   1.0181188e+01
   6.5000000e+02   1.0181374e+01
   6.5100000e+02   1.0181212e+01
   6.5200000e+02   1.0181197e+01
   6.5300000e+02   1.0181390e+01
   6.5400000e+02   1.0181046e+01
   6.5500000e+02   1.0181141e+01
   6.5600000e+02   1.0181218e+01
   6.5700000e+02   1.0181110e+01
   6.5800000e+02   1.0181011e+01
   6.5900000e+02   1.0181131e+01
   6.6000000e+02   1.0180833e+01
   6.6100000e+02   1.0181168e+01
   6.6200000e+02   1.0180961e+01
   6.6300000e+02   1.0180843e+01
   6.6400000e+02   1.0180982e+01
   6.6500000e+02   1.0180674e+01
   6.6600000e+02   1.0181166e+01
   6.6700000e+02   1.0180707e+01
   6.6800000e+02   1.0180660e+01
   6.6900000e+02   1.0180643e+01
   6.7000000e+02   1.0180877e+01
   6.7100000e+02   1.0180900e+01
   6.7200000e+02   1.0180589e+01
   6.7300000e+02   1.0180753e+01
   6.7400000e+02   1.0180594e+01
   6.7500000e+02   1.0180513e+01
   6.7600000e+02   1.0180859e+01
   6.7700000e+02   1.0180477e+01
   6.7800000e+02   1.0180507e+01
   6.7900000e+02   1.0180659e+01
   6.8000000e+02   1.0180604e+01
   6.8100000e+02   1.0180386e+01
   6.8200000e+02   1.0180715e+01
   6.8300000e+02   1.0180444e+01
   6.8400000e+02   1.0180398e+01
   6.8500000e+02   1.0180655e+01
   6.8600000e+02   1.0180702e+01
   6.8700000e+02   1.0180417e+01
   6.8800000e+02   1.0180541e+01
   6.8900000e+02   1.0180333e+01
   6.9000000e+02   1.0180274e+01
   6.9100000e+02   1.0180402e+01
   6.9200000e+02   1.0180400e+01
   6.9300000e+02   1.0180300e+01
   6.9400000e+02   1.0180494e+01
   6.9500000e+02   1.0180364e+01
   6.9600000e+02   1.0180296e+01
   6.9700000e+02   1.0180249e+01
   6.9800000e+02   1.0180488e+01
   6.9900000e+02   1.0180072e+01
   7.0000000e+02   1.0180412e+01
   7.0100000e+02   1.0180242e+01
   7.0200000e+02   1.0180310e+01
   7.0300000e+02   1.0179967e+01
   7.0400000e+02   1.0180227e+01
   7.0500000e+02   1.0180163e+01
   7.0600000e+02   1.0179775e+01
   7.0700000e+02   1.0180149e+01
   7.0800000e+02   1.0179874e+01
   7.0900000e+02   1.0180030e+01
   7.1000000e+02   1.0179772e+01
   7.1100000e+02   1.0180151e+01
   7.1200000e+02   1.0180046e+01
   7.1300000e+02   1.0179717e+01
   7.1400000e+02   1.0179917e+01
   7.1500000e+02   1.0179916e+01
   7.1600000e+02   1.0180019e+01
   7.1700000e+02   1.0179898e+01
   7.1800000e+02   1.0180051e+01
   7.1900000e+02   1.0179951e+01
   7.2000000e+02   1.0179777e+01
   7.2100000e+02   1.0179687e+01
   7.2200000e+02   1.0179710e+01
   7.2300000e+02   1.0179371e+01
   7.2400000e+02   1.0179962e+01
   7.2500000e+02   1.0179366e+01
   7.2600000e+02   1.0179760e+01
   7.2700000e+02   1.0179635e+01
   7.2800000e+02   1.0179790e+01
   7.2900000e+02   1.0180094e+01
   7.3000000e+02   1.0179718e+01
   7.3100000e+02   1.0179627e+01
   7.3200000e+02   1.0179658e+01
   7.3300000e+02   1.0179689e+01
   7.3400000e+02   1.0179719e+01
   7.3500000e+02   1.0179768e+01
   7.3600000e+02   1.0179667e+01
   7.3700000e+02   1.0179980e+01
   7.3800000e+02   1.0179722e+01
   7.3900000e+02   1.0179746e+01
   7.4000000e+02   1.0179722e+01
   7.4100000e+02   1.0179677e+01
   7.4200000e+02   1.0179594e+01
   7.4300000e+02   1.0179652e+01
   7.4400000e+02   1.0179595e+01
   7.4500000e+02   1.0179339e+01
   7.4600000e+02   1.0179471e+01
   7.4700000e+02   1.0179551e+01
   7.4800000e+02   1.0179425e+01
   7.4900000e+02   1.0179485e+01
   7.5000000e+02   1.0179241e+01
   7.5100000e+02   1.0179654e+01
   7.5200000e+02   1.0179576e+01
   7.5300000e+02   1.0179658e+01
   7.5400000e+02   1.0179474e+01
   7.5500000e+02   1.0179415e+01
   7.5600000e+02   1.0179375e+01
   7.5700000e+02   1.0179026e+01
   7.5800000e+02   1.0179211e+01
   7.5900000e+02   1.0179232e+01
   7.6000000e+02   1.0179261e+01
   7.6100000e+02   1.0179325e+01
   7.6200000e+02   1.0178937e+01
   7.6300000e+02   1.0179180e+01
   7.6400000e+02   1.0178775e+01
   7.6500000e+02   1.0179051e+01
   7.6600000e+02   1.0178962e+01
   7.6700000e+02   1.0179078e+01
   7.6800000e+02   1.0179403e+01
   7.6900000e+02   1.0179083e+01
   7.7000000e+02   1.0179055e+01
   7.7100000e+02   1.0179069e+01
   7.7200000e+02   1.0179465e+01
   7.7300000e+02   1.0179034e+01
   7.7400000e+02   1.0179213e+01
   7.7500000e+02   1.0179084e+01
   7.7600000e+02   1.0179220e+01
   7.7700000e+02   1.0178958e+01
   7.7800000e+02   1.0179029e+01
   7.7900000e+02   1.0178835e+01
   7.8000000e+02   1.0178981e+01
