   0.0000000e+00   1.0212530e+01
   1.0000000e+00   1.0207382e+01
   2.0000000e+00   1.0206237e+01
   3.0000000e+00   1.0205420e+01
   4.0000000e+00   1.0204573e+01
   5.0000000e+00   1.0204424e+01
   6.0000000e+00   1.0203559e+01
   7.0000000e+00   1.0203329e+01
   8.0000000e+00   1.0202727e+01
   9.0000000e+00   1.0202742e+01
   1.0000000e+01   1.0202239e+01
   1.1000000e+01   1.0202194e+01
   1.2000000e+01   1.0201903e+01
   1.3000000e+01   1.0201952e+01
   1.4000000e+01   1.0201668e+01
   1.5000000e+01   1.0201270e+01
   1.6000000e+01   1.0201296e+01
   1.7000000e+01   1.0200697e+01
   1.8000000e+01   1.0200531e+01
   1.9000000e+01   1.0200483e+01
   2.0000000e+01   1.0200472e+01
   2.1000000e+01   1.0200323e+01
   2.2000000e+01   1.0200153e+01
   2.3000000e+01   1.0199914e+01
   2.4000000e+01   1.0199996e+01
   2.5000000e+01   1.0199870e+01
   2.6000000e+01   1.0199708e+01
   2.7000000e+01   1.0199386e+01
   2.8000000e+01   1.0199063e+01
   2.9000000e+01   1.0199274e+01
   3.0000000e+01   1.0199430e+01
   3.1000000e+01   1.0199210e+01
   3.2000000e+01   1.0199090e+01
   3.3000000e+01   1.0199046e+01
   3.4000000e+01   1.0198890e+01
   3.5000000e+01   1.0198689e+01
   3.6000000e+01   1.0198597e+01
   3.7000000e+01   1.0198461e+01
   3.8000000e+01   1.0198467e+01
   3.9000000e+01   1.0198308e+01
   4.0000000e+01   1.0198187e+01
   4.1000000e+01   1.0198315e+01
   4.2000000e+01   1.0198206e+01
   4.3000000e+01   1.0198250e+01
   4.4000000e+01   1.0198188e+01
   4.5000000e+01   1.0198108e+01
   4.6000000e+01   1.0197682e+01
   4.7000000e+01   1.0197914e+01
   4.8000000e+01   1.0197635e+01
   4.9000000e+01   1.0197483e+01
   5.0000000e+01   1.0197270e+01
   5.1000000e+01   1.0197315e+01
   5.2000000e+01   1.0197106e+01
   5.3000000e+01   1.0196883e+01
   5.4000000e+01   1.0197064e+01
   5.5000000e+01   1.0197165e+01
   5.6000000e+01   1.0196881e+01
   5.7000000e+01   1.0196846e+01
   5.8000000e+01   1.0197019e+01
   5.9000000e+01   1.0196790e+01
   6.0000000e+01   1.0196369e+01
   6.1000000e+01   1.0196743e+01
   6.2000000e+01   1.0196450e+01
   6.3000000e+01   1.0196248e+01
   6.4000000e+01   1.0196347e+01
   6.5000000e+01   1.0196005e+01
   6.6000000e+01   1.0196075e+01
   6.7000000e+01   1.0195877e+01
   6.8000000e+01   1.0195843e+01
   6.9000000e+01   1.0195746e+01
   7.0000000e+01   1.0195541e+01
   7.1000000e+01   1.0195479e+01
   7.2000000e+01   1.0195732e+01
   7.3000000e+01   1.0195398e+01
   7.4000000e+01   1.0195362e+01
   7.5000000e+01   1.0195444e+01
   7.6000000e+01   1.0195379e+01
   7.7000000e+01   1.0195331e+01
   7.8000000e+01   1.0194991e+01
   7.9000000e+01   1.0195172e+01
   8.0000000e+01   1.0195244e+01
   8.1000000e+01   1.0195198e+01
   8.2000000e+01   1.0195071e+01
   8.3000000e+01   1.0194968e+01
   8.4000000e+01   1.0194878e+01
   8.5000000e+01   1.0195080e+01
   8.6000000e+01   1.0194885e+01
   8.7000000e+01   1.0194924e+01
   8.8000000e+01   1.0194886e+01
   8.9000000e+01   1.0194625e+01
   9.0000000e+01   1.0194448e+01
   9.1000000e+01   1.0194879e+01
   9.2000000e+01   1.0194557e+01
   9.3000000e+01   1.0194492e+01
   9.4000000e+01   1.0194466e+01
   9.5000000e+01   1.0194083e+01
   9.6000000e+01   1.0194030e+01
   9.7000000e+01   1.0194117e+01
   9.8000000e+01   1.0194111e+01
   9.9000000e+01   1.0194108e+01
   1.0000000e+02   1.0193976e+01
   1.0100000e+02   1.0193660e+01
   1.0200000e+02   1.0194075e+01
   1.0300000e+02   1.0193904e+01
   1.0400000e+02   1.0193762e+01
   1.0500000e+02   1.0193893e+01
   1.0600000e+02   1.0193811e+01
   1.0700000e+02   1.0193424e+01
   1.0800000e+02   1.0193211e+01
   1.0900000e+02   1.0193576e+01
   1.1000000e+02   1.0193259e+01
   1.1100000e+02   1.0193595e+01
   1.1200000e+02   1.0193480e+01
   1.1300000e+02   1.0193364e+01
   1.1400000e+02   1.0193028e+01
   1.1500000e+02   1.0193131e+01
   1.1600000e+02   1.0193312e+01
   1.1700000e+02   1.0193226e+01
   1.1800000e+02   1.0193035e+01
   1.1900000e+02   1.0193176e+01
   1.2000000e+02   1.0192632e+01
   1.2100000e+02   1.0192582e+01
   1.2200000e+02   1.0192736e+01
   1.2300000e+02   1.0192646e+01
   1.2400000e+02   1.0192635e+01
   1.2500000e+02   1.0192649e+01
   1.2600000e+02   1.0192782e+01
   1.2700000e+02   1.0192472e+01
   1.2800000e+02   1.0192696e+01
   1.2900000e+02   1.0192520e+01
   1.3000000e+02   1.0192832e+01
   1.3100000e+02   1.0192683e+01
   1.3200000e+02   1.0192313e+01
   1.3300000e+02   1.0192319e+01
   1.3400000e+02   1.0192395e+01
   1.3500000e+02   1.0192419e+01
   1.3600000e+02   1.0192281e+01
   1.3700000e+02   1.0192219e+01
   1.3800000e+02   1.0192011e+01
   1.3900000e+02   1.0192259e+01
   1.4000000e+02   1.0192047e+01
   1.4100000e+02   1.0192094e+01
   1.4200000e+02   1.0191848e+01
   1.4300000e+02   1.0191864e+01
   1.4400000e+02   1.0191848e+01
   1.4500000e+02   1.0191551e+01
   1.4600000e+02   1.0191511e+01
   1.4700000e+02   1.0191838e+01
   1.4800000e+02   1.0191788e+01
   1.4900000e+02   1.0191584e+01
   1.5000000e+02   1.0191673e+01
   1.5100000e+02   1.0191545e+01
   1.5200000e+02   1.0191341e+01
   1.5300000e+02   1.0191439e+01
   1.5400000e+02   1.0191271e+01
   1.5500000e+02   1.0191123e+01
   1.5600000e+02   1.0191069e+01
   1.5700000e+02   1.0191214e+01
   1.5800000e+02   1.0190786e+01
   1.5900000e+02   1.0190978e+01
   1.6000000e+02   1.0190921e+01
   1.6100000e+02   1.0190679e+01
   1.6200000e+02   1.0190990e+01
   1.6300000e+02   1.0190731e+01
   1.6400000e+02   1.0191051e+01
   1.6500000e+02   1.0190912e+01
   1.6600000e+02   1.0190811e+01
   1.6700000e+02   1.0188505e+01
   1.6800000e+02   1.0179679e+01
   1.6900000e+02   1.0172262e+01
   1.7000000e+02   1.0177423e+01
   1.7100000e+02   1.0184010e+01
   1.7200000e+02   1.0188049e+01
   1.7300000e+02   1.0189392e+01
   1.7400000e+02   1.0189723e+01
   1.7500000e+02   1.0190107e+01
   1.7600000e+02   1.0190224e+01
   1.7700000e+02   1.0190386e+01
   1.7800000e+02   1.0190477e+01
   1.7900000e+02   1.0187387e+01
   1.8000000e+02   1.0169018e+01
   1.8100000e+02   1.0155866e+01
   1.8200000e+02   1.0158013e+01
   1.8300000e+02   1.0163439e+01
   1.8400000e+02   1.0166823e+01
   1.8500000e+02   1.0168128e+01
   1.8600000e+02   1.0169113e+01
   1.8700000e+02   1.0170520e+01
   1.8800000e+02   1.0174200e+01
   1.8900000e+02   1.0178137e+01
   1.9000000e+02   1.0181902e+01
   1.9100000e+02   1.0185838e+01
   1.9200000e+02   1.0187909e+01
   1.9300000e+02   1.0188503e+01
   1.9400000e+02   1.0188963e+01
   1.9500000e+02   1.0188709e+01
   1.9600000e+02   1.0189163e+01
   1.9700000e+02   1.0188958e+01
   1.9800000e+02   1.0189151e+01
   1.9900000e+02   1.0189020e+01
   2.0000000e+02   1.0189090e+01
   2.0100000e+02   1.0188994e+01
   2.0200000e+02   1.0188826e+01
   2.0300000e+02   1.0189006e+01
   2.0400000e+02   1.0189037e+01
   2.0500000e+02   1.0188829e+01
   2.0600000e+02   1.0189009e+01
   2.0700000e+02   1.0188897e+01
   2.0800000e+02   1.0189014e+01
   2.0900000e+02   1.0188820e+01
   2.1000000e+02   1.0188655e+01
   2.1100000e+02   1.0188870e+01
   2.1200000e+02   1.0188877e+01
   2.1300000e+02   1.0188908e+01
   2.1400000e+02   1.0188673e+01
   2.1500000e+02   1.0188657e+01
   2.1600000e+02   1.0188800e+01
   2.1700000e+02   1.0188809e+01
   2.1800000e+02   1.0188496e+01
   2.1900000e+02   1.0188524e+01
   2.2000000e+02   1.0188458e+01
   2.2100000e+02   1.0188549e+01
   2.2200000e+02   1.0188391e+01
   2.2300000e+02   1.0188129e+01
   2.2400000e+02   1.0188074e+01
   2.2500000e+02   1.0187871e+01
   2.2600000e+02   1.0187615e+01
   2.2700000e+02   1.0187546e+01
   2.2800000e+02   1.0187312e+01
   2.2900000e+02   1.0187278e+01
   2.3000000e+02   1.0187363e+01
   2.3100000e+02   1.0187298e+01
   2.3200000e+02   1.0187340e+01
   2.3300000e+02   1.0187391e+01
   2.3400000e+02   1.0187622e+01
   2.3500000e+02   1.0187734e+01
   2.3600000e+02   1.0187699e+01
   2.3700000e+02   1.0187687e+01
   2.3800000e+02   1.0187539e+01
   2.3900000e+02   1.0187669e+01
   2.4000000e+02   1.0187477e+01
   2.4100000e+02   1.0187529e+01
   2.4200000e+02   1.0187623e+01
   2.4300000e+02   1.0187142e+01
   2.4400000e+02   1.0187179e+01
   2.4500000e+02   1.0186852e+01
   2.4600000e+02   1.0185880e+01
   2.4700000e+02   1.0184556e+01
   2.4800000e+02   1.0182200e+01
   2.4900000e+02   1.0178904e+01
   2.5000000e+02   1.0175883e+01
   2.5100000e+02   1.0174110e+01
   2.5200000e+02   1.0173697e+01
   2.5300000e+02   1.0174692e+01
   2.5400000e+02   1.0176603e+01
   2.5500000e+02   1.0178754e+01
   2.5600000e+02   1.0179707e+01
   2.5700000e+02   1.0180441e+01
   2.5800000e+02   1.0180032e+01
   2.5900000e+02   1.0178980e+01
   2.6000000e+02   1.0178160e+01
   2.6100000e+02   1.0177186e+01
   2.6200000e+02   1.0176827e+01
   2.6300000e+02   1.0175462e+01
   2.6400000e+02   1.0175297e+01
   2.6500000e+02   1.0174691e+01
   2.6600000e+02   1.0174553e+01
   2.6700000e+02   1.0175186e+01
   2.6800000e+02   1.0176124e+01
   2.6900000e+02   1.0177617e+01
   2.7000000e+02   1.0179474e+01
   2.7100000e+02   1.0181120e+01
   2.7200000e+02   1.0182487e+01
   2.7300000e+02   1.0183188e+01
   2.7400000e+02   1.0183685e+01
   2.7500000e+02   1.0183436e+01
   2.7600000e+02   1.0183233e+01
   2.7700000e+02   1.0183143e+01
   2.7800000e+02   1.0182841e+01
   2.7900000e+02   1.0183288e+01
   2.8000000e+02   1.0183372e+01
   2.8100000e+02   1.0183703e+01
   2.8200000e+02   1.0183863e+01
   2.8300000e+02   1.0183953e+01
   2.8400000e+02   1.0183946e+01
   2.8500000e+02   1.0184149e+01
   2.8600000e+02   1.0184198e+01
   2.8700000e+02   1.0184285e+01
   2.8800000e+02   1.0184510e+01
   2.8900000e+02   1.0184599e+01
   2.9000000e+02   1.0184761e+01
   2.9100000e+02   1.0184772e+01
   2.9200000e+02   1.0184659e+01
   2.9300000e+02   1.0185101e+01
   2.9400000e+02   1.0185024e+01
   2.9500000e+02   1.0185135e+01
   2.9600000e+02   1.0184990e+01
   2.9700000e+02   1.0185053e+01
   2.9800000e+02   1.0185077e+01
   2.9900000e+02   1.0185410e+01
   3.0000000e+02   1.0185316e+01
   3.0100000e+02   1.0185128e+01
   3.0200000e+02   1.0184947e+01
   3.0300000e+02   1.0184857e+01
   3.0400000e+02   1.0184241e+01
   3.0500000e+02   1.0183640e+01
   3.0600000e+02   1.0182759e+01
   3.0700000e+02   1.0181199e+01
   3.0800000e+02   1.0179846e+01
   3.0900000e+02   1.0178254e+01
   3.1000000e+02   1.0175416e+01
   3.1100000e+02   1.0172128e+01
   3.1200000e+02   1.0168230e+01
   3.1300000e+02   1.0165028e+01
   3.1400000e+02   1.0162561e+01
   3.1500000e+02   1.0162004e+01
   3.1600000e+02   1.0162854e+01
   3.1700000e+02   1.0164427e+01
   3.1800000e+02   1.0164748e+01
   3.1900000e+02   1.0163901e+01
   3.2000000e+02   1.0160844e+01
   3.2100000e+02   1.0155971e+01
   3.2200000e+02   1.0150492e+01
   3.2300000e+02   1.0145613e+01
   3.2400000e+02   1.0143309e+01
   3.2500000e+02   1.0142641e+01
   3.2600000e+02   1.0143879e+01
   3.2700000e+02   1.0146613e+01
   3.2800000e+02   1.0149909e+01
   3.2900000e+02   1.0154296e+01
   3.3000000e+02   1.0158873e+01
   3.3100000e+02   1.0163630e+01
   3.3200000e+02   1.0168337e+01
   3.3300000e+02   1.0172448e+01
   3.3400000e+02   1.0175616e+01
   3.3500000e+02   1.0177393e+01
   3.3600000e+02   1.0178562e+01
   3.3700000e+02   1.0178726e+01
   3.3800000e+02   1.0177590e+01
   3.3900000e+02   1.0176435e+01
   3.4000000e+02   1.0174368e+01
   3.4100000e+02   1.0172936e+01
   3.4200000e+02   1.0171985e+01
   3.4300000e+02   1.0171912e+01
   3.4400000e+02   1.0172760e+01
   3.4500000e+02   1.0174482e+01
   3.4600000e+02   1.0176165e+01
   3.4700000e+02   1.0177752e+01
   3.4800000e+02   1.0179122e+01
   3.4900000e+02   1.0180443e+01
   3.5000000e+02   1.0181425e+01
   3.5100000e+02   1.0182126e+01
   3.5200000e+02   1.0182378e+01
   3.5300000e+02   1.0182805e+01
   3.5400000e+02   1.0183105e+01
   3.5500000e+02   1.0183136e+01
   3.5600000e+02   1.0183116e+01
   3.5700000e+02   1.0183174e+01
   3.5800000e+02   1.0182951e+01
   3.5900000e+02   1.0183219e+01
   3.6000000e+02   1.0182882e+01
   3.6100000e+02   1.0182689e+01
   3.6200000e+02   1.0182434e+01
   3.6300000e+02   1.0181945e+01
   3.6400000e+02   1.0181487e+01
   3.6500000e+02   1.0181195e+01
   3.6600000e+02   1.0181156e+01
   3.6700000e+02   1.0181400e+01
   3.6800000e+02   1.0181216e+01
   3.6900000e+02   1.0181893e+01
   3.7000000e+02   1.0182258e+01
   3.7100000e+02   1.0182634e+01
   3.7200000e+02   1.0182693e+01
   3.7300000e+02   1.0183296e+01
   3.7400000e+02   1.0183044e+01
   3.7500000e+02   1.0183335e+01
   3.7600000e+02   1.0183444e+01
   3.7700000e+02   1.0183572e+01
   3.7800000e+02   1.0183337e+01
   3.7900000e+02   1.0183441e+01
   3.8000000e+02   1.0183091e+01
   3.8100000e+02   1.0183619e+01
   3.8200000e+02   1.0183313e+01
   3.8300000e+02   1.0183429e+01
   3.8400000e+02   1.0183031e+01
   3.8500000e+02   1.0183151e+01
   3.8600000e+02   1.0183017e+01
   3.8700000e+02   1.0183087e+01
   3.8800000e+02   1.0182722e+01
   3.8900000e+02   1.0182517e+01
   3.9000000e+02   1.0181932e+01
   3.9100000e+02   1.0181904e+01
   3.9200000e+02   1.0181598e+01
   3.9300000e+02   1.0181257e+01
   3.9400000e+02   1.0180933e+01
   3.9500000e+02   1.0180619e+01
   3.9600000e+02   1.0180868e+01
   3.9700000e+02   1.0181306e+01
   3.9800000e+02   1.0181361e+01
   3.9900000e+02   1.0181600e+01
   4.0000000e+02   1.0181828e+01
   4.0100000e+02   1.0182209e+01
   4.0200000e+02   1.0182230e+01
   4.0300000e+02   1.0182569e+01
   4.0400000e+02   1.0182808e+01
   4.0500000e+02   1.0182637e+01
   4.0600000e+02   1.0182798e+01
   4.0700000e+02   1.0182670e+01
   4.0800000e+02   1.0182798e+01
   4.0900000e+02   1.0182673e+01
   4.1000000e+02   1.0182682e+01
   4.1100000e+02   1.0182748e+01
   4.1200000e+02   1.0182742e+01
   4.1300000e+02   1.0182761e+01
   4.1400000e+02   1.0182640e+01
   4.1500000e+02   1.0182693e+01
   4.1600000e+02   1.0182828e+01
   4.1700000e+02   1.0182305e+01
   4.1800000e+02   1.0182559e+01
   4.1900000e+02   1.0182940e+01
   4.2000000e+02   1.0182571e+01
   4.2100000e+02   1.0182440e+01
   4.2200000e+02   1.0182547e+01
   4.2300000e+02   1.0182479e+01
   4.2400000e+02   1.0182664e+01
   4.2500000e+02   1.0182435e+01
   4.2600000e+02   1.0182445e+01
   4.2700000e+02   1.0182338e+01
   4.2800000e+02   1.0182519e+01
   4.2900000e+02   1.0182383e+01
   4.3000000e+02   1.0182146e+01
   4.3100000e+02   1.0182356e+01
   4.3200000e+02   1.0182178e+01
   4.3300000e+02   1.0182180e+01
   4.3400000e+02   1.0182560e+01
   4.3500000e+02   1.0182007e+01
   4.3600000e+02   1.0182334e+01
   4.3700000e+02   1.0182309e+01
   4.3800000e+02   1.0181842e+01
   4.3900000e+02   1.0182193e+01
   4.4000000e+02   1.0182050e+01
   4.4100000e+02   1.0181902e+01
   4.4200000e+02   1.0181608e+01
   4.4300000e+02   1.0181216e+01
   4.4400000e+02   1.0180118e+01
   4.4500000e+02   1.0178981e+01
   4.4600000e+02   1.0177342e+01
   4.4700000e+02   1.0175192e+01
   4.4800000e+02   1.0172842e+01
   4.4900000e+02   1.0170091e+01
   4.5000000e+02   1.0167533e+01
   4.5100000e+02   1.0164918e+01
   4.5200000e+02   1.0162919e+01
   4.5300000e+02   1.0162497e+01
   4.5400000e+02   1.0162634e+01
   4.5500000e+02   1.0163689e+01
   4.5600000e+02   1.0165675e+01
   4.5700000e+02   1.0167888e+01
   4.5800000e+02   1.0170380e+01
   4.5900000e+02   1.0172680e+01
   4.6000000e+02   1.0174729e+01
   4.6100000e+02   1.0176508e+01
   4.6200000e+02   1.0177781e+01
   4.6300000e+02   1.0178836e+01
   4.6400000e+02   1.0179697e+01
   4.6500000e+02   1.0180056e+01
   4.6600000e+02   1.0180386e+01
   4.6700000e+02   1.0180813e+01
   4.6800000e+02   1.0180720e+01
   4.6900000e+02   1.0180871e+01
   4.7000000e+02   1.0180766e+01
   4.7100000e+02   1.0181048e+01
   4.7200000e+02   1.0180782e+01
   4.7300000e+02   1.0180554e+01
   4.7400000e+02   1.0181026e+01
   4.7500000e+02   1.0180787e+01
   4.7600000e+02   1.0180990e+01
   4.7700000e+02   1.0180985e+01
   4.7800000e+02   1.0181016e+01
   4.7900000e+02   1.0180977e+01
   4.8000000e+02   1.0180989e+01
   4.8100000e+02   1.0181039e+01
   4.8200000e+02   1.0180970e+01
   4.8300000e+02   1.0181067e+01
   4.8400000e+02   1.0181160e+01
   4.8500000e+02   1.0180865e+01
   4.8600000e+02   1.0181183e+01
   4.8700000e+02   1.0181224e+01
   4.8800000e+02   1.0180974e+01
   4.8900000e+02   1.0181007e+01
   4.9000000e+02   1.0180873e+01
   4.9100000e+02   1.0181025e+01
   4.9200000e+02   1.0180912e+01
   4.9300000e+02   1.0181074e+01
   4.9400000e+02   1.0181220e+01
   4.9500000e+02   1.0180911e+01
   4.9600000e+02   1.0180943e+01
   4.9700000e+02   1.0180590e+01
   4.9800000e+02   1.0180905e+01
   4.9900000e+02   1.0180873e+01
   5.0000000e+02   1.0181010e+01
   5.0100000e+02   1.0181106e+01
   5.0200000e+02   1.0180934e+01
   5.0300000e+02   1.0180836e+01
   5.0400000e+02   1.0180779e+01
   5.0500000e+02   1.0180930e+01
   5.0600000e+02   1.0181023e+01
   5.0700000e+02   1.0180800e+01
   5.0800000e+02   1.0180964e+01
   5.0900000e+02   1.0180435e+01
   5.1000000e+02   1.0180689e+01
   5.1100000e+02   1.0181079e+01
   5.1200000e+02   1.0180771e+01
   5.1300000e+02   1.0181044e+01
   5.1400000e+02   1.0180676e+01
   5.1500000e+02   1.0180887e+01
   5.1600000e+02   1.0180564e+01
   5.1700000e+02   1.0180446e+01
   5.1800000e+02   1.0180735e+01
   5.1900000e+02   1.0180711e+01
   5.2000000e+02   1.0180747e+01
   5.2100000e+02   1.0180388e+01
   5.2200000e+02   1.0180393e+01
   5.2300000e+02   1.0180572e+01
   5.2400000e+02   1.0180519e+01
   5.2500000e+02   1.0180651e+01
   5.2600000e+02   1.0180451e+01
   5.2700000e+02   1.0180416e+01
   5.2800000e+02   1.0180641e+01
   5.2900000e+02   1.0180388e+01
   5.3000000e+02   1.0180295e+01
   5.3100000e+02   1.0180433e+01
   5.3200000e+02   1.0180121e+01
   5.3300000e+02   1.0180292e+01
   5.3400000e+02   1.0180390e+01
   5.3500000e+02   1.0180065e+01
   5.3600000e+02   1.0180324e+01
   5.3700000e+02   1.0180088e+01
   5.3800000e+02   1.0180198e+01
   5.3900000e+02   1.0179928e+01
   5.4000000e+02   1.0180172e+01
   5.4100000e+02   1.0179961e+01
   5.4200000e+02   1.0180014e+01
   5.4300000e+02   1.0179949e+01
   5.4400000e+02   1.0180050e+01
   5.4500000e+02   1.0180054e+01
   5.4600000e+02   1.0179867e+01
   5.4700000e+02   1.0179972e+01
   5.4800000e+02   1.0179804e+01
   5.4900000e+02   1.0179919e+01
   5.5000000e+02   1.0179863e+01
   5.5100000e+02   1.0180043e+01
   5.5200000e+02   1.0179866e+01
   5.5300000e+02   1.0179818e+01
   5.5400000e+02   1.0179899e+01
   5.5500000e+02   1.0179957e+01
   5.5600000e+02   1.0179673e+01
   5.5700000e+02   1.0179592e+01
   5.5800000e+02   1.0179707e+01
   5.5900000e+02   1.0179861e+01
   5.6000000e+02   1.0179973e+01
   5.6100000e+02   1.0179617e+01
   5.6200000e+02   1.0179704e+01
   5.6300000e+02   1.0179602e+01
   5.6400000e+02   1.0179837e+01
   5.6500000e+02   1.0179789e+01
   5.6600000e+02   1.0179659e+01
   5.6700000e+02   1.0179723e+01
   5.6800000e+02   1.0179537e+01
   5.6900000e+02   1.0179698e+01
   5.7000000e+02   1.0179691e+01
   5.7100000e+02   1.0179567e+01
   5.7200000e+02   1.0179562e+01
   5.7300000e+02   1.0179446e+01
   5.7400000e+02   1.0179713e+01
   5.7500000e+02   1.0179528e+01
   5.7600000e+02   1.0179774e+01
   5.7700000e+02   1.0179455e+01
   5.7800000e+02   1.0179562e+01
   5.7900000e+02   1.0179464e+01
   5.8000000e+02   1.0179385e+01
   5.8100000e+02   1.0179587e+01
   5.8200000e+02   1.0179612e+01
   5.8300000e+02   1.0179387e+01
   5.8400000e+02   1.0179579e+01
   5.8500000e+02   1.0179404e+01
   5.8600000e+02   1.0179535e+01
   5.8700000e+02   1.0179291e+01
   5.8800000e+02   1.0179378e+01
   5.8900000e+02   1.0179476e+01
   5.9000000e+02   1.0179258e+01
   5.9100000e+02   1.0179438e+01
   5.9200000e+02   1.0179232e+01
   5.9300000e+02   1.0179260e+01
   5.9400000e+02   1.0179242e+01
   5.9500000e+02   1.0179422e+01
   5.9600000e+02   1.0179218e+01
   5.9700000e+02   1.0179213e+01
   5.9800000e+02   1.0179312e+01
   5.9900000e+02   1.0179074e+01
   6.0000000e+02   1.0179116e+01
   6.0100000e+02   1.0179002e+01
   6.0200000e+02   1.0178843e+01
   6.0300000e+02   1.0179199e+01
   6.0400000e+02   1.0178979e+01
   6.0500000e+02   1.0179055e+01
   6.0600000e+02   1.0178950e+01
   6.0700000e+02   1.0178965e+01
   6.0800000e+02   1.0178949e+01
   6.0900000e+02   1.0178823e+01
   6.1000000e+02   1.0178900e+01
   6.1100000e+02   1.0178922e+01
   6.1200000e+02   1.0178626e+01
   6.1300000e+02   1.0178787e+01
   6.1400000e+02   1.0178881e+01
   6.1500000e+02   1.0178875e+01
   6.1600000e+02   1.0178985e+01
   6.1700000e+02   1.0178772e+01
   6.1800000e+02   1.0178962e+01
   6.1900000e+02   1.0178788e+01
   6.2000000e+02   1.0178693e+01
   6.2100000e+02   1.0178848e+01
   6.2200000e+02   1.0178895e+01
   6.2300000e+02   1.0178967e+01
   6.2400000e+02   1.0178635e+01
   6.2500000e+02   1.0178674e+01
   6.2600000e+02   1.0178880e+01
   6.2700000e+02   1.0178811e+01
   6.2800000e+02   1.0178591e+01
   6.2900000e+02   1.0178542e+01
   6.3000000e+02   1.0178531e+01
   6.3100000e+02   1.0178638e+01
   6.3200000e+02   1.0178721e+01
   6.3300000e+02   1.0178338e+01
   6.3400000e+02   1.0178674e+01
   6.3500000e+02   1.0178499e+01
   6.3600000e+02   1.0178464e+01
   6.3700000e+02   1.0178260e+01
   6.3800000e+02   1.0178323e+01
   6.3900000e+02   1.0178701e+01
   6.4000000e+02   1.0178374e+01
   6.4100000e+02   1.0178362e+01
   6.4200000e+02   1.0178573e+01
   6.4300000e+02   1.0178450e+01
   6.4400000e+02   1.0178414e+01
   6.4500000e+02   1.0178557e+01
   6.4600000e+02   1.0178345e+01
   6.4700000e+02   1.0178590e+01
   6.4800000e+02   1.0178338e+01
   6.4900000e+02   1.0178267e+01
   6.5000000e+02   1.0178379e+01
   6.5100000e+02   1.0178271e+01
   6.5200000e+02   1.0178433e+01
   6.5300000e+02   1.0178382e+01
   6.5400000e+02   1.0178295e+01
   6.5500000e+02   1.0178395e+01
   6.5600000e+02   1.0178185e+01
   6.5700000e+02   1.0178267e+01
   6.5800000e+02   1.0178353e+01
   6.5900000e+02   1.0178119e+01
   6.6000000e+02   1.0178110e+01
   6.6100000e+02   1.0178227e+01
   6.6200000e+02   1.0178285e+01
   6.6300000e+02   1.0178351e+01
   6.6400000e+02   1.0178116e+01
   6.6500000e+02   1.0178224e+01
   6.6600000e+02   1.0178188e+01
   6.6700000e+02   1.0178108e+01
   6.6800000e+02   1.0178066e+01
   6.6900000e+02   1.0178256e+01
   6.7000000e+02   1.0178156e+01
   6.7100000e+02   1.0178039e+01
   6.7200000e+02   1.0178095e+01
   6.7300000e+02   1.0178044e+01
   6.7400000e+02   1.0178196e+01
   6.7500000e+02   1.0178046e+01
   6.7600000e+02   1.0178116e+01
   6.7700000e+02   1.0177700e+01
   6.7800000e+02   1.0178016e+01
   6.7900000e+02   1.0178063e+01
   6.8000000e+02   1.0177691e+01
   6.8100000e+02   1.0177592e+01
   6.8200000e+02   1.0177775e+01
   6.8300000e+02   1.0177460e+01
   6.8400000e+02   1.0177598e+01
   6.8500000e+02   1.0177320e+01
   6.8600000e+02   1.0177506e+01
   6.8700000e+02   1.0177499e+01
   6.8800000e+02   1.0177440e+01
   6.8900000e+02   1.0177475e+01
   6.9000000e+02   1.0177479e+01
   6.9100000e+02   1.0177284e+01
   6.9200000e+02   1.0177308e+01
   6.9300000e+02   1.0177535e+01
   6.9400000e+02   1.0177325e+01
   6.9500000e+02   1.0177687e+01
   6.9600000e+02   1.0177431e+01
   6.9700000e+02   1.0177580e+01
   6.9800000e+02   1.0177489e+01
   6.9900000e+02   1.0177382e+01
   7.0000000e+02   1.0177453e+01
   7.0100000e+02   1.0177465e+01
   7.0200000e+02   1.0177469e+01
   7.0300000e+02   1.0177399e+01
   7.0400000e+02   1.0177216e+01
   7.0500000e+02   1.0177237e+01
   7.0600000e+02   1.0177403e+01
   7.0700000e+02   1.0177311e+01
   7.0800000e+02   1.0177279e+01
   7.0900000e+02   1.0177395e+01
   7.1000000e+02   1.0177369e+01
   7.1100000e+02   1.0177109e+01
   7.1200000e+02   1.0177533e+01
   7.1300000e+02   1.0177262e+01
   7.1400000e+02   1.0177128e+01
   7.1500000e+02   1.0177121e+01
   7.1600000e+02   1.0177100e+01
   7.1700000e+02   1.0177015e+01
   7.1800000e+02   1.0177140e+01
   7.1900000e+02   1.0177057e+01
   7.2000000e+02   1.0177191e+01
   7.2100000e+02   1.0177305e+01
   7.2200000e+02   1.0177271e+01
   7.2300000e+02   1.0177106e+01
   7.2400000e+02   1.0176994e+01
   7.2500000e+02   1.0177166e+01
   7.2600000e+02   1.0177111e+01
   7.2700000e+02   1.0176952e+01
   7.2800000e+02   1.0176774e+01
   7.2900000e+02   1.0177074e+01
   7.3000000e+02   1.0176843e+01
   7.3100000e+02   1.0177137e+01
   7.3200000e+02   1.0177167e+01
   7.3300000e+02   1.0176564e+01
   7.3400000e+02   1.0177228e+01
   7.3500000e+02   1.0176878e+01
   7.3600000e+02   1.0176959e+01
   7.3700000e+02   1.0176950e+01
   7.3800000e+02   1.0176690e+01
   7.3900000e+02   1.0177296e+01
   7.4000000e+02   1.0176800e+01
   7.4100000e+02   1.0176911e+01
   7.4200000e+02   1.0177155e+01
   7.4300000e+02   1.0177015e+01
   7.4400000e+02   1.0176909e+01
   7.4500000e+02   1.0176928e+01
   7.4600000e+02   1.0177135e+01
   7.4700000e+02   1.0177071e+01
   7.4800000e+02   1.0177257e+01
   7.4900000e+02   1.0176834e+01
   7.5000000e+02   1.0176953e+01
   7.5100000e+02   1.0177035e+01
   7.5200000e+02   1.0177051e+01
   7.5300000e+02   1.0176998e+01
   7.5400000e+02   1.0176650e+01
   7.5500000e+02   1.0176982e+01
   7.5600000e+02   1.0176850e+01
   7.5700000e+02   1.0176767e+01
   7.5800000e+02   1.0176485e+01
   7.5900000e+02   1.0176696e+01
   7.6000000e+02   1.0176687e+01
   7.6100000e+02   1.0176831e+01
   7.6200000e+02   1.0176828e+01
   7.6300000e+02   1.0176443e+01
   7.6400000e+02   1.0176419e+01
   7.6500000e+02   1.0176492e+01
   7.6600000e+02   1.0176563e+01
   7.6700000e+02   1.0176364e+01
   7.6800000e+02   1.0176334e+01
   7.6900000e+02   1.0176227e+01
   7.7000000e+02   1.0176362e+01
   7.7100000e+02   1.0176342e+01
   7.7200000e+02   1.0176338e+01
   7.7300000e+02   1.0176332e+01
   7.7400000e+02   1.0176272e+01
   7.7500000e+02   1.0176366e+01
   7.7600000e+02   1.0176070e+01
   7.7700000e+02   1.0176231e+01
   7.7800000e+02   1.0176398e+01
   7.7900000e+02   1.0176052e+01
   7.8000000e+02   1.0176215e+01
