   0.0000000e+00   1.0242944e+01
   1.0000000e+00   1.0237996e+01
   2.0000000e+00   1.0236487e+01
   3.0000000e+00   1.0235808e+01
   4.0000000e+00   1.0235643e+01
   5.0000000e+00   1.0235064e+01
   6.0000000e+00   1.0234579e+01
   7.0000000e+00   1.0234322e+01
   8.0000000e+00   1.0233957e+01
   9.0000000e+00   1.0233718e+01
   1.0000000e+01   1.0233553e+01
   1.1000000e+01   1.0233221e+01
   1.2000000e+01   1.0233025e+01
   1.3000000e+01   1.0232837e+01
   1.4000000e+01   1.0232539e+01
   1.5000000e+01   1.0231796e+01
   1.6000000e+01   1.0232027e+01
   1.7000000e+01   1.0231865e+01
   1.8000000e+01   1.0231577e+01
   1.9000000e+01   1.0231078e+01
   2.0000000e+01   1.0231179e+01
   2.1000000e+01   1.0231153e+01
   2.2000000e+01   1.0230992e+01
   2.3000000e+01   1.0230794e+01
   2.4000000e+01   1.0230889e+01
   2.5000000e+01   1.0230576e+01
   2.6000000e+01   1.0230353e+01
   2.7000000e+01   1.0230405e+01
   2.8000000e+01   1.0230131e+01
   2.9000000e+01   1.0230127e+01
   3.0000000e+01   1.0230175e+01
   3.1000000e+01   1.0229951e+01
   3.2000000e+01   1.0230078e+01
   3.3000000e+01   1.0229517e+01
   3.4000000e+01   1.0229516e+01
   3.5000000e+01   1.0229038e+01
   3.6000000e+01   1.0229530e+01
   3.7000000e+01   1.0229059e+01
   3.8000000e+01   1.0229095e+01
   3.9000000e+01   1.0228929e+01
   4.0000000e+01   1.0228673e+01
   4.1000000e+01   1.0228668e+01
   4.2000000e+01   1.0228508e+01
   4.3000000e+01   1.0228414e+01
   4.4000000e+01   1.0228500e+01
   4.5000000e+01   1.0228430e+01
   4.6000000e+01   1.0228450e+01
   4.7000000e+01   1.0228142e+01
   4.8000000e+01   1.0228002e+01
   4.9000000e+01   1.0227750e+01
   5.0000000e+01   1.0228021e+01
   5.1000000e+01   1.0227878e+01
   5.2000000e+01   1.0227476e+01
   5.3000000e+01   1.0227665e+01
   5.4000000e+01   1.0227904e+01
   5.5000000e+01   1.0227433e+01
   5.6000000e+01   1.0227702e+01
   5.7000000e+01   1.0227023e+01
   5.8000000e+01   1.0227211e+01
   5.9000000e+01   1.0227142e+01
   6.0000000e+01   1.0227305e+01
   6.1000000e+01   1.0227072e+01
   6.2000000e+01   1.0226781e+01
   6.3000000e+01   1.0227100e+01
   6.4000000e+01   1.0227086e+01
   6.5000000e+01   1.0226592e+01
   6.6000000e+01   1.0226830e+01
   6.7000000e+01   1.0226612e+01
   6.8000000e+01   1.0226660e+01
   6.9000000e+01   1.0226667e+01
   7.0000000e+01   1.0226385e+01
   7.1000000e+01   1.0226220e+01
   7.2000000e+01   1.0226305e+01
   7.3000000e+01   1.0226283e+01
   7.4000000e+01   1.0226527e+01
   7.5000000e+01   1.0226121e+01
   7.6000000e+01   1.0225764e+01
   7.7000000e+01   1.0225864e+01
   7.8000000e+01   1.0225830e+01
   7.9000000e+01   1.0225686e+01
   8.0000000e+01   1.0225748e+01
   8.1000000e+01   1.0225724e+01
   8.2000000e+01   1.0225491e+01
   8.3000000e+01   1.0225466e+01
   8.4000000e+01   1.0225645e+01
   8.5000000e+01   1.0225154e+01
   8.6000000e+01   1.0225252e+01
   8.7000000e+01   1.0225190e+01
   8.8000000e+01   1.0224956e+01
   8.9000000e+01   1.0224894e+01
   9.0000000e+01   1.0224984e+01
   9.1000000e+01   1.0224925e+01
   9.2000000e+01   1.0225105e+01
   9.3000000e+01   1.0224778e+01
   9.4000000e+01   1.0225022e+01
   9.5000000e+01   1.0224661e+01
   9.6000000e+01   1.0224642e+01
   9.7000000e+01   1.0224935e+01
   9.8000000e+01   1.0224728e+01
   9.9000000e+01   1.0224515e+01
   1.0000000e+02   1.0224599e+01
   1.0100000e+02   1.0224347e+01
   1.0200000e+02   1.0224121e+01
   1.0300000e+02   1.0224293e+01
   1.0400000e+02   1.0224203e+01
   1.0500000e+02   1.0223894e+01
   1.0600000e+02   1.0224384e+01
   1.0700000e+02   1.0224117e+01
   1.0800000e+02   1.0223966e+01
   1.0900000e+02   1.0223903e+01
   1.1000000e+02   1.0223760e+01
   1.1100000e+02   1.0223838e+01
   1.1200000e+02   1.0223663e+01
   1.1300000e+02   1.0223696e+01
   1.1400000e+02   1.0223638e+01
   1.1500000e+02   1.0223557e+01
   1.1600000e+02   1.0223523e+01
   1.1700000e+02   1.0223669e+01
   1.1800000e+02   1.0223372e+01
   1.1900000e+02   1.0223346e+01
   1.2000000e+02   1.0223414e+01
   1.2100000e+02   1.0223249e+01
   1.2200000e+02   1.0223280e+01
   1.2300000e+02   1.0222995e+01
   1.2400000e+02   1.0222950e+01
   1.2500000e+02   1.0222952e+01
   1.2600000e+02   1.0222978e+01
   1.2700000e+02   1.0223031e+01
   1.2800000e+02   1.0222855e+01
   1.2900000e+02   1.0222902e+01
   1.3000000e+02   1.0222636e+01
   1.3100000e+02   1.0222951e+01
   1.3200000e+02   1.0222731e+01
   1.3300000e+02   1.0222699e+01
   1.3400000e+02   1.0222628e+01
   1.3500000e+02   1.0222585e+01
   1.3600000e+02   1.0222430e+01
   1.3700000e+02   1.0222445e+01
   1.3800000e+02   1.0222332e+01
   1.3900000e+02   1.0222540e+01
   1.4000000e+02   1.0222273e+01
   1.4100000e+02   1.0222295e+01
   1.4200000e+02   1.0222121e+01
   1.4300000e+02   1.0221950e+01
   1.4400000e+02   1.0222416e+01
   1.4500000e+02   1.0222013e+01
   1.4600000e+02   1.0222132e+01
   1.4700000e+02   1.0222030e+01
   1.4800000e+02   1.0221886e+01
   1.4900000e+02   1.0221883e+01
   1.5000000e+02   1.0222112e+01
   1.5100000e+02   1.0221809e+01
   1.5200000e+02   1.0221965e+01
   1.5300000e+02   1.0221810e+01
   1.5400000e+02   1.0221616e+01
   1.5500000e+02   1.0221506e+01
   1.5600000e+02   1.0221447e+01
   1.5700000e+02   1.0221391e+01
   1.5800000e+02   1.0221560e+01
   1.5900000e+02   1.0221352e+01
   1.6000000e+02   1.0221394e+01
   1.6100000e+02   1.0221328e+01
   1.6200000e+02   1.0221540e+01
   1.6300000e+02   1.0221453e+01
   1.6400000e+02   1.0221425e+01
   1.6500000e+02   1.0221277e+01
   1.6600000e+02   1.0221122e+01
   1.6700000e+02   1.0218457e+01
   1.6800000e+02   1.0209289e+01
   1.6900000e+02   1.0202335e+01
   1.7000000e+02   1.0208045e+01
   1.7100000e+02   1.0215043e+01
   1.7200000e+02   1.0218490e+01
   1.7300000e+02   1.0220070e+01
   1.7400000e+02   1.0220118e+01
   1.7500000e+02   1.0220676e+01
   1.7600000e+02   1.0220622e+01
   1.7700000e+02   1.0220554e+01
   1.7800000e+02   1.0220670e+01
   1.7900000e+02   1.0217421e+01
   1.8000000e+02   1.0195277e+01
   1.8100000e+02   1.0180306e+01
   1.8200000e+02   1.0184277e+01
   1.8300000e+02   1.0193607e+01
   1.8400000e+02   1.0198382e+01
   1.8500000e+02   1.0199392e+01
   1.8600000e+02   1.0199435e+01
   1.8700000e+02   1.0201067e+01
   1.8800000e+02   1.0205299e+01
   1.8900000e+02   1.0210752e+01
   1.9000000e+02   1.0215048e+01
   1.9100000e+02   1.0217565e+01
   1.9200000e+02   1.0218602e+01
   1.9300000e+02   1.0219030e+01
   1.9400000e+02   1.0219347e+01
   1.9500000e+02   1.0219553e+01
   1.9600000e+02   1.0219176e+01
   1.9700000e+02   1.0219123e+01
   1.9800000e+02   1.0219277e+01
   1.9900000e+02   1.0219279e+01
   2.0000000e+02   1.0219228e+01
   2.0100000e+02   1.0219318e+01
   2.0200000e+02   1.0219189e+01
   2.0300000e+02   1.0219446e+01
   2.0400000e+02   1.0219297e+01
   2.0500000e+02   1.0219500e+01
   2.0600000e+02   1.0218978e+01
   2.0700000e+02   1.0219434e+01
   2.0800000e+02   1.0219197e+01
   2.0900000e+02   1.0219243e+01
   2.1000000e+02   1.0218914e+01
   2.1100000e+02   1.0219009e+01
   2.1200000e+02   1.0219382e+01
   2.1300000e+02   1.0218932e+01
   2.1400000e+02   1.0219371e+01
   2.1500000e+02   1.0219068e+01
   2.1600000e+02   1.0219031e+01
   2.1700000e+02   1.0218568e+01
   2.1800000e+02   1.0218882e+01
   2.1900000e+02   1.0218680e+01
   2.2000000e+02   1.0218373e+01
   2.2100000e+02   1.0218287e+01
   2.2200000e+02   1.0218040e+01
   2.2300000e+02   1.0217459e+01
   2.2400000e+02   1.0216699e+01
   2.2500000e+02   1.0215463e+01
   2.2600000e+02   1.0214228e+01
   2.2700000e+02   1.0213058e+01
   2.2800000e+02   1.0212980e+01
   2.2900000e+02   1.0212864e+01
   2.3000000e+02   1.0213264e+01
   2.3100000e+02   1.0214002e+01
   2.3200000e+02   1.0214958e+01
   2.3300000e+02   1.0215828e+01
   2.3400000e+02   1.0216110e+01
   2.3500000e+02   1.0216411e+01
   2.3600000e+02   1.0216835e+01
   2.3700000e+02   1.0216993e+01
   2.3800000e+02   1.0216719e+01
   2.3900000e+02   1.0216690e+01
   2.4000000e+02   1.0216402e+01
   2.4100000e+02   1.0216735e+01
   2.4200000e+02   1.0216461e+01
   2.4300000e+02   1.0216630e+01
   2.4400000e+02   1.0216244e+01
   2.4500000e+02   1.0215467e+01
   2.4600000e+02   1.0214143e+01
   2.4700000e+02   1.0211140e+01
   2.4800000e+02   1.0206610e+01
   2.4900000e+02   1.0200790e+01
   2.5000000e+02   1.0195341e+01
   2.5100000e+02   1.0191999e+01
   2.5200000e+02   1.0191701e+01
   2.5300000e+02   1.0193933e+01
   2.5400000e+02   1.0197975e+01
   2.5500000e+02   1.0201287e+01
   2.5600000e+02   1.0204515e+01
   2.5700000e+02   1.0205076e+01
   2.5800000e+02   1.0204282e+01
   2.5900000e+02   1.0202675e+01
   2.6000000e+02   1.0200621e+01
   2.6100000e+02   1.0199101e+01
   2.6200000e+02   1.0197796e+01
   2.6300000e+02   1.0196411e+01
   2.6400000e+02   1.0195236e+01
   2.6500000e+02   1.0194532e+01
   2.6600000e+02   1.0194008e+01
   2.6700000e+02   1.0195288e+01
   2.6800000e+02   1.0197782e+01
   2.6900000e+02   1.0200671e+01
   2.7000000e+02   1.0204403e+01
   2.7100000e+02   1.0207444e+01
   2.7200000e+02   1.0209896e+01
   2.7300000e+02   1.0210880e+01
   2.7400000e+02   1.0211449e+01
   2.7500000e+02   1.0211329e+01
   2.7600000e+02   1.0210588e+01
   2.7700000e+02   1.0210470e+01
   2.7800000e+02   1.0210392e+01
   2.7900000e+02   1.0210663e+01
   2.8000000e+02   1.0211396e+01
   2.8100000e+02   1.0211793e+01
   2.8200000e+02   1.0212333e+01
   2.8300000e+02   1.0212083e+01
   2.8400000e+02   1.0212288e+01
   2.8500000e+02   1.0212514e+01
   2.8600000e+02   1.0212372e+01
   2.8700000e+02   1.0212871e+01
   2.8800000e+02   1.0213369e+01
   2.8900000e+02   1.0213630e+01
   2.9000000e+02   1.0213688e+01
   2.9100000e+02   1.0214398e+01
   2.9200000e+02   1.0214591e+01
   2.9300000e+02   1.0214483e+01
   2.9400000e+02   1.0214634e+01
   2.9500000e+02   1.0215012e+01
   2.9600000e+02   1.0215291e+01
   2.9700000e+02   1.0215302e+01
   2.9800000e+02   1.0215356e+01
   2.9900000e+02   1.0215540e+01
   3.0000000e+02   1.0215305e+01
   3.0100000e+02   1.0215757e+01
   3.0200000e+02   1.0215411e+01
   3.0300000e+02   1.0215263e+01
   3.0400000e+02   1.0214936e+01
   3.0500000e+02   1.0214405e+01
   3.0600000e+02   1.0213658e+01
   3.0700000e+02   1.0213004e+01
   3.0800000e+02   1.0211879e+01
   3.0900000e+02   1.0210554e+01
   3.1000000e+02   1.0208566e+01
   3.1100000e+02   1.0206431e+01
   3.1200000e+02   1.0204150e+01
   3.1300000e+02   1.0201583e+01
   3.1400000e+02   1.0200343e+01
   3.1500000e+02   1.0200053e+01
   3.1600000e+02   1.0201081e+01
   3.1700000e+02   1.0202068e+01
   3.1800000e+02   1.0202619e+01
   3.1900000e+02   1.0201711e+01
   3.2000000e+02   1.0199513e+01
   3.2100000e+02   1.0196571e+01
   3.2200000e+02   1.0193246e+01
   3.2300000e+02   1.0190793e+01
   3.2400000e+02   1.0189233e+01
   3.2500000e+02   1.0189397e+01
   3.2600000e+02   1.0190626e+01
   3.2700000e+02   1.0192630e+01
   3.2800000e+02   1.0194848e+01
   3.2900000e+02   1.0197692e+01
   3.3000000e+02   1.0200791e+01
   3.3100000e+02   1.0203659e+01
   3.3200000e+02   1.0206538e+01
   3.3300000e+02   1.0209011e+01
   3.3400000e+02   1.0210514e+01
   3.3500000e+02   1.0211409e+01
   3.3600000e+02   1.0211937e+01
   3.3700000e+02   1.0211560e+01
   3.3800000e+02   1.0211229e+01
   3.3900000e+02   1.0210148e+01
   3.4000000e+02   1.0209034e+01
   3.4100000e+02   1.0207976e+01
   3.4200000e+02   1.0207695e+01
   3.4300000e+02   1.0207745e+01
   3.4400000e+02   1.0208405e+01
   3.4500000e+02   1.0209453e+01
   3.4600000e+02   1.0210481e+01
   3.4700000e+02   1.0211394e+01
   3.4800000e+02   1.0212295e+01
   3.4900000e+02   1.0212941e+01
   3.5000000e+02   1.0213448e+01
   3.5100000e+02   1.0213785e+01
   3.5200000e+02   1.0213937e+01
   3.5300000e+02   1.0214212e+01
   3.5400000e+02   1.0214216e+01
   3.5500000e+02   1.0214269e+01
   3.5600000e+02   1.0214322e+01
   3.5700000e+02   1.0214260e+01
   3.5800000e+02   1.0213975e+01
   3.5900000e+02   1.0214112e+01
   3.6000000e+02   1.0213955e+01
   3.6100000e+02   1.0213568e+01
   3.6200000e+02   1.0213537e+01
   3.6300000e+02   1.0213445e+01
   3.6400000e+02   1.0212967e+01
   3.6500000e+02   1.0212810e+01
   3.6600000e+02   1.0213112e+01
   3.6700000e+02   1.0213071e+01
   3.6800000e+02   1.0213018e+01
   3.6900000e+02   1.0213356e+01
   3.7000000e+02   1.0213785e+01
   3.7100000e+02   1.0213944e+01
   3.7200000e+02   1.0213788e+01
   3.7300000e+02   1.0214114e+01
   3.7400000e+02   1.0214026e+01
   3.7500000e+02   1.0214138e+01
   3.7600000e+02   1.0214266e+01
   3.7700000e+02   1.0214446e+01
   3.7800000e+02   1.0214089e+01
   3.7900000e+02   1.0214526e+01
   3.8000000e+02   1.0214447e+01
   3.8100000e+02   1.0214213e+01
   3.8200000e+02   1.0214324e+01
   3.8300000e+02   1.0214185e+01
   3.8400000e+02   1.0214047e+01
   3.8500000e+02   1.0213956e+01
   3.8600000e+02   1.0214220e+01
   3.8700000e+02   1.0214002e+01
   3.8800000e+02   1.0213698e+01
   3.8900000e+02   1.0213476e+01
   3.9000000e+02   1.0213108e+01
   3.9100000e+02   1.0212814e+01
   3.9200000e+02   1.0212751e+01
   3.9300000e+02   1.0212498e+01
   3.9400000e+02   1.0212525e+01
   3.9500000e+02   1.0212291e+01
   3.9600000e+02   1.0212651e+01
   3.9700000e+02   1.0213215e+01
   3.9800000e+02   1.0212787e+01
   3.9900000e+02   1.0213239e+01
   4.0000000e+02   1.0213246e+01
   4.0100000e+02   1.0213537e+01
   4.0200000e+02   1.0213617e+01
   4.0300000e+02   1.0213772e+01
   4.0400000e+02   1.0213812e+01
   4.0500000e+02   1.0213822e+01
   4.0600000e+02   1.0213942e+01
   4.0700000e+02   1.0213842e+01
   4.0800000e+02   1.0213939e+01
   4.0900000e+02   1.0213643e+01
   4.1000000e+02   1.0214025e+01
   4.1100000e+02   1.0213816e+01
   4.1200000e+02   1.0214205e+01
   4.1300000e+02   1.0213866e+01
   4.1400000e+02   1.0213944e+01
   4.1500000e+02   1.0213653e+01
   4.1600000e+02   1.0213584e+01
   4.1700000e+02   1.0213609e+01
   4.1800000e+02   1.0213618e+01
   4.1900000e+02   1.0213743e+01
   4.2000000e+02   1.0213582e+01
   4.2100000e+02   1.0213637e+01
   4.2200000e+02   1.0213501e+01
   4.2300000e+02   1.0213456e+01
   4.2400000e+02   1.0213162e+01
   4.2500000e+02   1.0213340e+01
   4.2600000e+02   1.0213273e+01
   4.2700000e+02   1.0213340e+01
   4.2800000e+02   1.0213492e+01
   4.2900000e+02   1.0213214e+01
   4.3000000e+02   1.0213490e+01
   4.3100000e+02   1.0213230e+01
   4.3200000e+02   1.0213249e+01
   4.3300000e+02   1.0213308e+01
   4.3400000e+02   1.0213372e+01
   4.3500000e+02   1.0213412e+01
   4.3600000e+02   1.0213518e+01
   4.3700000e+02   1.0213619e+01
   4.3800000e+02   1.0213498e+01
   4.3900000e+02   1.0213279e+01
   4.4000000e+02   1.0213581e+01
   4.4100000e+02   1.0213366e+01
   4.4200000e+02   1.0213343e+01
   4.4300000e+02   1.0213132e+01
   4.4400000e+02   1.0212974e+01
   4.4500000e+02   1.0212747e+01
   4.4600000e+02   1.0212353e+01
   4.4700000e+02   1.0211923e+01
   4.4800000e+02   1.0211542e+01
   4.4900000e+02   1.0211138e+01
   4.5000000e+02   1.0210494e+01
   4.5100000e+02   1.0210110e+01
   4.5200000e+02   1.0209971e+01
   4.5300000e+02   1.0209648e+01
   4.5400000e+02   1.0209883e+01
   4.5500000e+02   1.0210068e+01
   4.5600000e+02   1.0210438e+01
   4.5700000e+02   1.0210775e+01
   4.5800000e+02   1.0211105e+01
   4.5900000e+02   1.0211428e+01
   4.6000000e+02   1.0211832e+01
   4.6100000e+02   1.0211979e+01
   4.6200000e+02   1.0212203e+01
   4.6300000e+02   1.0212401e+01
   4.6400000e+02   1.0212494e+01
   4.6500000e+02   1.0212369e+01
   4.6600000e+02   1.0212257e+01
   4.6700000e+02   1.0212480e+01
   4.6800000e+02   1.0212384e+01
   4.6900000e+02   1.0212331e+01
   4.7000000e+02   1.0212537e+01
   4.7100000e+02   1.0212477e+01
   4.7200000e+02   1.0212409e+01
   4.7300000e+02   1.0212209e+01
   4.7400000e+02   1.0212486e+01
   4.7500000e+02   1.0212588e+01
   4.7600000e+02   1.0212615e+01
   4.7700000e+02   1.0212226e+01
   4.7800000e+02   1.0212244e+01
   4.7900000e+02   1.0212501e+01
   4.8000000e+02   1.0212233e+01
   4.8100000e+02   1.0212190e+01
   4.8200000e+02   1.0212136e+01
   4.8300000e+02   1.0212326e+01
   4.8400000e+02   1.0212189e+01
   4.8500000e+02   1.0212176e+01
   4.8600000e+02   1.0212267e+01
   4.8700000e+02   1.0212140e+01
   4.8800000e+02   1.0211904e+01
   4.8900000e+02   1.0212012e+01
   4.9000000e+02   1.0211970e+01
   4.9100000e+02   1.0212044e+01
   4.9200000e+02   1.0211967e+01
   4.9300000e+02   1.0211976e+01
   4.9400000e+02   1.0211878e+01
   4.9500000e+02   1.0211778e+01
   4.9600000e+02   1.0211533e+01
   4.9700000e+02   1.0212094e+01
   4.9800000e+02   1.0211923e+01
   4.9900000e+02   1.0212045e+01
   5.0000000e+02   1.0212099e+01
   5.0100000e+02   1.0212084e+01
   5.0200000e+02   1.0212003e+01
   5.0300000e+02   1.0211684e+01
   5.0400000e+02   1.0212017e+01
   5.0500000e+02   1.0212204e+01
   5.0600000e+02   1.0212052e+01
   5.0700000e+02   1.0211883e+01
   5.0800000e+02   1.0211811e+01
   5.0900000e+02   1.0211928e+01
   5.1000000e+02   1.0211726e+01
   5.1100000e+02   1.0211910e+01
   5.1200000e+02   1.0211858e+01
   5.1300000e+02   1.0211705e+01
   5.1400000e+02   1.0211737e+01
   5.1500000e+02   1.0211780e+01
   5.1600000e+02   1.0211592e+01
   5.1700000e+02   1.0211646e+01
   5.1800000e+02   1.0211250e+01
   5.1900000e+02   1.0211595e+01
   5.2000000e+02   1.0211513e+01
   5.2100000e+02   1.0211824e+01
   5.2200000e+02   1.0211226e+01
   5.2300000e+02   1.0211279e+01
   5.2400000e+02   1.0211262e+01
   5.2500000e+02   1.0211346e+01
   5.2600000e+02   1.0211390e+01
   5.2700000e+02   1.0211176e+01
   5.2800000e+02   1.0211500e+01
   5.2900000e+02   1.0211406e+01
   5.3000000e+02   1.0211538e+01
   5.3100000e+02   1.0211371e+01
   5.3200000e+02   1.0211330e+01
   5.3300000e+02   1.0211357e+01
   5.3400000e+02   1.0211489e+01
   5.3500000e+02   1.0211305e+01
   5.3600000e+02   1.0211394e+01
   5.3700000e+02   1.0210782e+01
   5.3800000e+02   1.0210985e+01
   5.3900000e+02   1.0211138e+01
   5.4000000e+02   1.0211329e+01
   5.4100000e+02   1.0211183e+01
   5.4200000e+02   1.0210783e+01
   5.4300000e+02   1.0211199e+01
   5.4400000e+02   1.0210931e+01
   5.4500000e+02   1.0211247e+01
   5.4600000e+02   1.0211364e+01
   5.4700000e+02   1.0211007e+01
   5.4800000e+02   1.0211007e+01
   5.4900000e+02   1.0211236e+01
   5.5000000e+02   1.0210787e+01
   5.5100000e+02   1.0211036e+01
   5.5200000e+02   1.0211353e+01
   5.5300000e+02   1.0210776e+01
   5.5400000e+02   1.0211053e+01
   5.5500000e+02   1.0210985e+01
   5.5600000e+02   1.0211057e+01
   5.5700000e+02   1.0211108e+01
   5.5800000e+02   1.0210927e+01
   5.5900000e+02   1.0211102e+01
   5.6000000e+02   1.0210952e+01
   5.6100000e+02   1.0211141e+01
   5.6200000e+02   1.0211160e+01
   5.6300000e+02   1.0211162e+01
   5.6400000e+02   1.0210954e+01
   5.6500000e+02   1.0210927e+01
   5.6600000e+02   1.0210545e+01
   5.6700000e+02   1.0210707e+01
   5.6800000e+02   1.0210713e+01
   5.6900000e+02   1.0210554e+01
   5.7000000e+02   1.0210376e+01
   5.7100000e+02   1.0210476e+01
   5.7200000e+02   1.0210581e+01
   5.7300000e+02   1.0210437e+01
   5.7400000e+02   1.0210581e+01
   5.7500000e+02   1.0210756e+01
   5.7600000e+02   1.0210574e+01
   5.7700000e+02   1.0210412e+01
   5.7800000e+02   1.0210323e+01
   5.7900000e+02   1.0210515e+01
   5.8000000e+02   1.0210435e+01
   5.8100000e+02   1.0210529e+01
   5.8200000e+02   1.0210640e+01
   5.8300000e+02   1.0210456e+01
   5.8400000e+02   1.0210277e+01
   5.8500000e+02   1.0210476e+01
   5.8600000e+02   1.0210499e+01
   5.8700000e+02   1.0210455e+01
   5.8800000e+02   1.0210384e+01
   5.8900000e+02   1.0210365e+01
   5.9000000e+02   1.0210390e+01
   5.9100000e+02   1.0210509e+01
   5.9200000e+02   1.0210399e+01
   5.9300000e+02   1.0210326e+01
   5.9400000e+02   1.0210328e+01
   5.9500000e+02   1.0210345e+01
   5.9600000e+02   1.0210298e+01
   5.9700000e+02   1.0210489e+01
   5.9800000e+02   1.0210218e+01
   5.9900000e+02   1.0210392e+01
   6.0000000e+02   1.0210166e+01
   6.0100000e+02   1.0209848e+01
   6.0200000e+02   1.0210152e+01
   6.0300000e+02   1.0210184e+01
   6.0400000e+02   1.0210259e+01
   6.0500000e+02   1.0210320e+01
   6.0600000e+02   1.0210169e+01
   6.0700000e+02   1.0210438e+01
   6.0800000e+02   1.0210356e+01
   6.0900000e+02   1.0210507e+01
   6.1000000e+02   1.0210099e+01
   6.1100000e+02   1.0209964e+01
   6.1200000e+02   1.0209947e+01
   6.1300000e+02   1.0210033e+01
   6.1400000e+02   1.0210120e+01
   6.1500000e+02   1.0210021e+01
   6.1600000e+02   1.0209977e+01
   6.1700000e+02   1.0210152e+01
   6.1800000e+02   1.0210132e+01
   6.1900000e+02   1.0210033e+01
   6.2000000e+02   1.0209836e+01
   6.2100000e+02   1.0210217e+01
   6.2200000e+02   1.0210212e+01
   6.2300000e+02   1.0210150e+01
   6.2400000e+02   1.0209899e+01
   6.2500000e+02   1.0209830e+01
   6.2600000e+02   1.0209855e+01
   6.2700000e+02   1.0209840e+01
   6.2800000e+02   1.0209755e+01
   6.2900000e+02   1.0209577e+01
   6.3000000e+02   1.0209817e+01
   6.3100000e+02   1.0209425e+01
   6.3200000e+02   1.0209886e+01
   6.3300000e+02   1.0209376e+01
   6.3400000e+02   1.0209371e+01
   6.3500000e+02   1.0209525e+01
   6.3600000e+02   1.0209616e+01
   6.3700000e+02   1.0209572e+01
   6.3800000e+02   1.0209339e+01
   6.3900000e+02   1.0209639e+01
   6.4000000e+02   1.0209624e+01
   6.4100000e+02   1.0209820e+01
   6.4200000e+02   1.0209538e+01
   6.4300000e+02   1.0209653e+01
   6.4400000e+02   1.0209415e+01
   6.4500000e+02   1.0209511e+01
   6.4600000e+02   1.0209341e+01
   6.4700000e+02   1.0209409e+01
   6.4800000e+02   1.0209327e+01
   6.4900000e+02   1.0209466e+01
   6.5000000e+02   1.0209352e+01
   6.5100000e+02   1.0209189e+01
   6.5200000e+02   1.0209220e+01
   6.5300000e+02   1.0209544e+01
   6.5400000e+02   1.0209513e+01
   6.5500000e+02   1.0209625e+01
   6.5600000e+02   1.0209150e+01
   6.5700000e+02   1.0209317e+01
   6.5800000e+02   1.0209502e+01
   6.5900000e+02   1.0209397e+01
   6.6000000e+02   1.0209465e+01
   6.6100000e+02   1.0209247e+01
   6.6200000e+02   1.0209428e+01
   6.6300000e+02   1.0209109e+01
   6.6400000e+02   1.0209370e+01
   6.6500000e+02   1.0209005e+01
   6.6600000e+02   1.0209378e+01
   6.6700000e+02   1.0209436e+01
   6.6800000e+02   1.0209055e+01
   6.6900000e+02   1.0209194e+01
   6.7000000e+02   1.0209206e+01
   6.7100000e+02   1.0209331e+01
   6.7200000e+02   1.0209219e+01
   6.7300000e+02   1.0209127e+01
   6.7400000e+02   1.0209074e+01
   6.7500000e+02   1.0209103e+01
   6.7600000e+02   1.0209080e+01
   6.7700000e+02   1.0209127e+01
   6.7800000e+02   1.0208851e+01
   6.7900000e+02   1.0208870e+01
   6.8000000e+02   1.0208957e+01
   6.8100000e+02   1.0208892e+01
   6.8200000e+02   1.0209034e+01
   6.8300000e+02   1.0208739e+01
   6.8400000e+02   1.0208888e+01
   6.8500000e+02   1.0208709e+01
   6.8600000e+02   1.0208848e+01
   6.8700000e+02   1.0208558e+01
   6.8800000e+02   1.0208866e+01
   6.8900000e+02   1.0208546e+01
   6.9000000e+02   1.0208553e+01
   6.9100000e+02   1.0208568e+01
   6.9200000e+02   1.0208623e+01
   6.9300000e+02   1.0208570e+01
   6.9400000e+02   1.0208542e+01
   6.9500000e+02   1.0208754e+01
   6.9600000e+02   1.0208593e+01
   6.9700000e+02   1.0208577e+01
   6.9800000e+02   1.0208608e+01
   6.9900000e+02   1.0208281e+01
   7.0000000e+02   1.0208501e+01
   7.0100000e+02   1.0208575e+01
   7.0200000e+02   1.0208338e+01
   7.0300000e+02   1.0208478e+01
   7.0400000e+02   1.0208488e+01
   7.0500000e+02   1.0208267e+01
   7.0600000e+02   1.0208423e+01
   7.0700000e+02   1.0208560e+01
   7.0800000e+02   1.0208344e+01
   7.0900000e+02   1.0208266e+01
   7.1000000e+02   1.0208368e+01
   7.1100000e+02   1.0208136e+01
   7.1200000e+02   1.0208031e+01
   7.1300000e+02   1.0208221e+01
   7.1400000e+02   1.0208122e+01
   7.1500000e+02   1.0208027e+01
   7.1600000e+02   1.0208332e+01
   7.1700000e+02   1.0208101e+01
   7.1800000e+02   1.0208185e+01
   7.1900000e+02   1.0208119e+01
   7.2000000e+02   1.0208198e+01
   7.2100000e+02   1.0208146e+01
   7.2200000e+02   1.0208209e+01
   7.2300000e+02   1.0207919e+01
   7.2400000e+02   1.0208020e+01
   7.2500000e+02   1.0208409e+01
   7.2600000e+02   1.0208180e+01
   7.2700000e+02   1.0208210e+01
   7.2800000e+02   1.0207982e+01
   7.2900000e+02   1.0208018e+01
   7.3000000e+02   1.0208027e+01
   7.3100000e+02   1.0208197e+01
   7.3200000e+02   1.0207972e+01
   7.3300000e+02   1.0207782e+01
   7.3400000e+02   1.0208022e+01
   7.3500000e+02   1.0207925e+01
   7.3600000e+02   1.0208112e+01
   7.3700000e+02   1.0208051e+01
   7.3800000e+02   1.0207948e+01
   7.3900000e+02   1.0208072e+01
   7.4000000e+02   1.0207969e+01
   7.4100000e+02   1.0207998e+01
   7.4200000e+02   1.0207818e+01
   7.4300000e+02   1.0207877e+01
   7.4400000e+02   1.0208129e+01
   7.4500000e+02   1.0207905e+01
   7.4600000e+02   1.0207804e+01
   7.4700000e+02   1.0207633e+01
   7.4800000e+02   1.0207899e+01
   7.4900000e+02   1.0207756e+01
   7.5000000e+02   1.0207686e+01
   7.5100000e+02   1.0207749e+01
   7.5200000e+02   1.0207608e+01
   7.5300000e+02   1.0207541e+01
   7.5400000e+02   1.0207608e+01
   7.5500000e+02   1.0207812e+01
   7.5600000e+02   1.0207580e+01
   7.5700000e+02   1.0207583e+01
   7.5800000e+02   1.0207620e+01
   7.5900000e+02   1.0207683e+01
   7.6000000e+02   1.0207581e+01
   7.6100000e+02   1.0207406e+01
   7.6200000e+02   1.0207536e+01
   7.6300000e+02   1.0207617e+01
   7.6400000e+02   1.0207172e+01
   7.6500000e+02   1.0207398e+01
   7.6600000e+02   1.0207271e+01
   7.6700000e+02   1.0207350e+01
   7.6800000e+02   1.0207481e+01
   7.6900000e+02   1.0207551e+01
   7.7000000e+02   1.0207546e+01
   7.7100000e+02   1.0207580e+01
   7.7200000e+02   1.0207483e+01
   7.7300000e+02   1.0207110e+01
   7.7400000e+02   1.0207272e+01
   7.7500000e+02   1.0207402e+01
   7.7600000e+02   1.0207679e+01
   7.7700000e+02   1.0207228e+01
   7.7800000e+02   1.0207292e+01
   7.7900000e+02   1.0206924e+01
   7.8000000e+02   1.0207038e+01
