   0.0000000e+00   1.0260623e+01
   1.0000000e+00   1.0255177e+01
   2.0000000e+00   1.0253882e+01
   3.0000000e+00   1.0253310e+01
   4.0000000e+00   1.0252524e+01
   5.0000000e+00   1.0251942e+01
   6.0000000e+00   1.0251568e+01
   7.0000000e+00   1.0251107e+01
   8.0000000e+00   1.0250608e+01
   9.0000000e+00   1.0250153e+01
   1.0000000e+01   1.0249937e+01
   1.1000000e+01   1.0249613e+01
   1.2000000e+01   1.0249607e+01
   1.3000000e+01   1.0249423e+01
   1.4000000e+01   1.0248873e+01
   1.5000000e+01   1.0248998e+01
   1.6000000e+01   1.0248488e+01
   1.7000000e+01   1.0248304e+01
   1.8000000e+01   1.0247975e+01
   1.9000000e+01   1.0247813e+01
   2.0000000e+01   1.0247565e+01
   2.1000000e+01   1.0247678e+01
   2.2000000e+01   1.0247528e+01
   2.3000000e+01   1.0247138e+01
   2.4000000e+01   1.0247194e+01
   2.5000000e+01   1.0247080e+01
   2.6000000e+01   1.0246651e+01
   2.7000000e+01   1.0246956e+01
   2.8000000e+01   1.0246798e+01
   2.9000000e+01   1.0246575e+01
   3.0000000e+01   1.0246562e+01
   3.1000000e+01   1.0246371e+01
   3.2000000e+01   1.0246437e+01
   3.3000000e+01   1.0246349e+01
   3.4000000e+01   1.0246226e+01
   3.5000000e+01   1.0245866e+01
   3.6000000e+01   1.0245982e+01
   3.7000000e+01   1.0245719e+01
   3.8000000e+01   1.0245605e+01
   3.9000000e+01   1.0245566e+01
   4.0000000e+01   1.0245130e+01
   4.1000000e+01   1.0244947e+01
   4.2000000e+01   1.0245103e+01
   4.3000000e+01   1.0244948e+01
   4.4000000e+01   1.0244890e+01
   4.5000000e+01   1.0244555e+01
   4.6000000e+01   1.0244345e+01
   4.7000000e+01   1.0244391e+01
   4.8000000e+01   1.0244214e+01
   4.9000000e+01   1.0244360e+01
   5.0000000e+01   1.0244347e+01
   5.1000000e+01   1.0244080e+01
   5.2000000e+01   1.0244252e+01
   5.3000000e+01   1.0244240e+01
   5.4000000e+01   1.0244055e+01
   5.5000000e+01   1.0243954e+01
   5.6000000e+01   1.0244050e+01
   5.7000000e+01   1.0243827e+01
   5.8000000e+01   1.0243723e+01
   5.9000000e+01   1.0243923e+01
   6.0000000e+01   1.0243930e+01
   6.1000000e+01   1.0243597e+01
   6.2000000e+01   1.0243469e+01
   6.3000000e+01   1.0243461e+01
   6.4000000e+01   1.0243015e+01
   6.5000000e+01   1.0243053e+01
   6.6000000e+01   1.0242896e+01
   6.7000000e+01   1.0242815e+01
   6.8000000e+01   1.0242792e+01
   6.9000000e+01   1.0243059e+01
   7.0000000e+01   1.0242987e+01
   7.1000000e+01   1.0242531e+01
   7.2000000e+01   1.0242558e+01
   7.3000000e+01   1.0242453e+01
   7.4000000e+01   1.0242656e+01
   7.5000000e+01   1.0242385e+01
   7.6000000e+01   1.0242451e+01
   7.7000000e+01   1.0242350e+01
   7.8000000e+01   1.0242357e+01
   7.9000000e+01   1.0242486e+01
   8.0000000e+01   1.0242364e+01
   8.1000000e+01   1.0242169e+01
   8.2000000e+01   1.0242068e+01
   8.3000000e+01   1.0242140e+01
   8.4000000e+01   1.0242209e+01
   8.5000000e+01   1.0241900e+01
   8.6000000e+01   1.0241945e+01
   8.7000000e+01   1.0242303e+01
   8.8000000e+01   1.0241817e+01
   8.9000000e+01   1.0242014e+01
   9.0000000e+01   1.0241794e+01
   9.1000000e+01   1.0242056e+01
   9.2000000e+01   1.0241814e+01
   9.3000000e+01   1.0241802e+01
   9.4000000e+01   1.0241888e+01
   9.5000000e+01   1.0241689e+01
   9.6000000e+01   1.0241537e+01
   9.7000000e+01   1.0241606e+01
   9.8000000e+01   1.0241611e+01
   9.9000000e+01   1.0241867e+01
   1.0000000e+02   1.0241399e+01
   1.0100000e+02   1.0241198e+01
   1.0200000e+02   1.0241359e+01
   1.0300000e+02   1.0241378e+01
   1.0400000e+02   1.0241389e+01
   1.0500000e+02   1.0241342e+01
   1.0600000e+02   1.0241036e+01
   1.0700000e+02   1.0241078e+01
   1.0800000e+02   1.0240845e+01
   1.0900000e+02   1.0241021e+01
   1.1000000e+02   1.0240774e+01
   1.1100000e+02   1.0241000e+01
   1.1200000e+02   1.0240623e+01
   1.1300000e+02   1.0240926e+01
   1.1400000e+02   1.0240621e+01
   1.1500000e+02   1.0240836e+01
   1.1600000e+02   1.0240746e+01
   1.1700000e+02   1.0240414e+01
   1.1800000e+02   1.0240433e+01
   1.1900000e+02   1.0240457e+01
   1.2000000e+02   1.0240503e+01
   1.2100000e+02   1.0240493e+01
   1.2200000e+02   1.0240434e+01
   1.2300000e+02   1.0240511e+01
   1.2400000e+02   1.0240142e+01
   1.2500000e+02   1.0240358e+01
   1.2600000e+02   1.0240372e+01
   1.2700000e+02   1.0240422e+01
   1.2800000e+02   1.0240233e+01
   1.2900000e+02   1.0239986e+01
   1.3000000e+02   1.0240074e+01
   1.3100000e+02   1.0239676e+01
   1.3200000e+02   1.0239884e+01
   1.3300000e+02   1.0239813e+01
   1.3400000e+02   1.0239862e+01
   1.3500000e+02   1.0239835e+01
   1.3600000e+02   1.0239516e+01
   1.3700000e+02   1.0239491e+01
   1.3800000e+02   1.0239656e+01
   1.3900000e+02   1.0239404e+01
   1.4000000e+02   1.0239589e+01
   1.4100000e+02   1.0239384e+01
   1.4200000e+02   1.0239383e+01
   1.4300000e+02   1.0239240e+01
   1.4400000e+02   1.0239381e+01
   1.4500000e+02   1.0239359e+01
   1.4600000e+02   1.0239165e+01
   1.4700000e+02   1.0239231e+01
   1.4800000e+02   1.0239328e+01
   1.4900000e+02   1.0239334e+01
   1.5000000e+02   1.0239377e+01
   1.5100000e+02   1.0239015e+01
   1.5200000e+02   1.0239187e+01
   1.5300000e+02   1.0239235e+01
   1.5400000e+02   1.0239186e+01
   1.5500000e+02   1.0239045e+01
   1.5600000e+02   1.0238861e+01
   1.5700000e+02   1.0238935e+01
   1.5800000e+02   1.0238841e+01
   1.5900000e+02   1.0238961e+01
   1.6000000e+02   1.0238727e+01
   1.6100000e+02   1.0238630e+01
   1.6200000e+02   1.0238513e+01
   1.6300000e+02   1.0238878e+01
   1.6400000e+02   1.0238665e+01
   1.6500000e+02   1.0238645e+01
   1.6600000e+02   1.0238290e+01
   1.6700000e+02   1.0235042e+01
   1.6800000e+02   1.0224833e+01
   1.6900000e+02   1.0220084e+01
   1.7000000e+02   1.0226284e+01
   1.7100000e+02   1.0232790e+01
   1.7200000e+02   1.0235773e+01
   1.7300000e+02   1.0237127e+01
   1.7400000e+02   1.0237596e+01
   1.7500000e+02   1.0237785e+01
   1.7600000e+02   1.0237817e+01
   1.7700000e+02   1.0238005e+01
   1.7800000e+02   1.0237609e+01
   1.7900000e+02   1.0231842e+01
   1.8000000e+02   1.0207692e+01
   1.8100000e+02   1.0201430e+01
   1.8200000e+02   1.0207232e+01
   1.8300000e+02   1.0213060e+01
   1.8400000e+02   1.0215227e+01
   1.8500000e+02   1.0215360e+01
   1.8600000e+02   1.0215270e+01
   1.8700000e+02   1.0217612e+01
   1.8800000e+02   1.0222896e+01
   1.8900000e+02   1.0228112e+01
   1.9000000e+02   1.0232597e+01
   1.9100000e+02   1.0234977e+01
   1.9200000e+02   1.0236152e+01
   1.9300000e+02   1.0236416e+01
   1.9400000e+02   1.0236418e+01
   1.9500000e+02   1.0236597e+01
   1.9600000e+02   1.0236847e+01
   1.9700000e+02   1.0236619e+01
   1.9800000e+02   1.0236875e+01
   1.9900000e+02   1.0236825e+01
   2.0000000e+02   1.0236956e+01
   2.0100000e+02   1.0236952e+01
   2.0200000e+02   1.0236881e+01
   2.0300000e+02   1.0236874e+01
   2.0400000e+02   1.0236812e+01
   2.0500000e+02   1.0236754e+01
   2.0600000e+02   1.0236801e+01
   2.0700000e+02   1.0236668e+01
   2.0800000e+02   1.0236946e+01
   2.0900000e+02   1.0236507e+01
   2.1000000e+02   1.0236763e+01
   2.1100000e+02   1.0236626e+01
   2.1200000e+02   1.0236582e+01
   2.1300000e+02   1.0236708e+01
   2.1400000e+02   1.0236613e+01
   2.1500000e+02   1.0236570e+01
   2.1600000e+02   1.0236333e+01
   2.1700000e+02   1.0236353e+01
   2.1800000e+02   1.0236535e+01
   2.1900000e+02   1.0236299e+01
   2.2000000e+02   1.0236264e+01
   2.2100000e+02   1.0236224e+01
   2.2200000e+02   1.0236335e+01
   2.2300000e+02   1.0235943e+01
   2.2400000e+02   1.0235820e+01
   2.2500000e+02   1.0235612e+01
   2.2600000e+02   1.0235193e+01
   2.2700000e+02   1.0234956e+01
   2.2800000e+02   1.0234793e+01
   2.2900000e+02   1.0235018e+01
   2.3000000e+02   1.0234992e+01
   2.3100000e+02   1.0234858e+01
   2.3200000e+02   1.0235161e+01
   2.3300000e+02   1.0235447e+01
   2.3400000e+02   1.0235470e+01
   2.3500000e+02   1.0235637e+01
   2.3600000e+02   1.0235644e+01
   2.3700000e+02   1.0235418e+01
   2.3800000e+02   1.0235519e+01
   2.3900000e+02   1.0235437e+01
   2.4000000e+02   1.0235130e+01
   2.4100000e+02   1.0235386e+01
   2.4200000e+02   1.0235374e+01
   2.4300000e+02   1.0235257e+01
   2.4400000e+02   1.0234979e+01
   2.4500000e+02   1.0234427e+01
   2.4600000e+02   1.0233439e+01
   2.4700000e+02   1.0231173e+01
   2.4800000e+02   1.0227605e+01
   2.4900000e+02   1.0224241e+01
   2.5000000e+02   1.0221415e+01
   2.5100000e+02   1.0219858e+01
   2.5200000e+02   1.0220555e+01
   2.5300000e+02   1.0222398e+01
   2.5400000e+02   1.0224565e+01
   2.5500000e+02   1.0226813e+01
   2.5600000e+02   1.0227398e+01
   2.5700000e+02   1.0227643e+01
   2.5800000e+02   1.0227012e+01
   2.5900000e+02   1.0225765e+01
   2.6000000e+02   1.0224783e+01
   2.6100000e+02   1.0223925e+01
   2.6200000e+02   1.0223055e+01
   2.6300000e+02   1.0222328e+01
   2.6400000e+02   1.0221649e+01
   2.6500000e+02   1.0221186e+01
   2.6600000e+02   1.0221044e+01
   2.6700000e+02   1.0222435e+01
   2.6800000e+02   1.0223911e+01
   2.6900000e+02   1.0225895e+01
   2.7000000e+02   1.0227842e+01
   2.7100000e+02   1.0229684e+01
   2.7200000e+02   1.0230864e+01
   2.7300000e+02   1.0231067e+01
   2.7400000e+02   1.0231072e+01
   2.7500000e+02   1.0230832e+01
   2.7600000e+02   1.0230449e+01
   2.7700000e+02   1.0230530e+01
   2.7800000e+02   1.0230788e+01
   2.7900000e+02   1.0230910e+01
   2.8000000e+02   1.0231691e+01
   2.8100000e+02   1.0231570e+01
   2.8200000e+02   1.0231816e+01
   2.8300000e+02   1.0231921e+01
   2.8400000e+02   1.0231794e+01
   2.8500000e+02   1.0231967e+01
   2.8600000e+02   1.0232072e+01
   2.8700000e+02   1.0232211e+01
   2.8800000e+02   1.0232507e+01
   2.8900000e+02   1.0232767e+01
   2.9000000e+02   1.0232845e+01
   2.9100000e+02   1.0233039e+01
   2.9200000e+02   1.0233085e+01
   2.9300000e+02   1.0233222e+01
   2.9400000e+02   1.0233162e+01
   2.9500000e+02   1.0233059e+01
   2.9600000e+02   1.0233177e+01
   2.9700000e+02   1.0233193e+01
   2.9800000e+02   1.0233528e+01
   2.9900000e+02   1.0233352e+01
   3.0000000e+02   1.0233566e+01
   3.0100000e+02   1.0233380e+01
   3.0200000e+02   1.0233118e+01
   3.0300000e+02   1.0232448e+01
   3.0400000e+02   1.0231884e+01
   3.0500000e+02   1.0231045e+01
   3.0600000e+02   1.0229783e+01
   3.0700000e+02   1.0228281e+01
   3.0800000e+02   1.0226367e+01
   3.0900000e+02   1.0223848e+01
   3.1000000e+02   1.0220051e+01
   3.1100000e+02   1.0216444e+01
   3.1200000e+02   1.0213038e+01
   3.1300000e+02   1.0210559e+01
   3.1400000e+02   1.0210158e+01
   3.1500000e+02   1.0210781e+01
   3.1600000e+02   1.0212327e+01
   3.1700000e+02   1.0212901e+01
   3.1800000e+02   1.0211643e+01
   3.1900000e+02   1.0208348e+01
   3.2000000e+02   1.0203264e+01
   3.2100000e+02   1.0197846e+01
   3.2200000e+02   1.0193244e+01
   3.2300000e+02   1.0190479e+01
   3.2400000e+02   1.0190475e+01
   3.2500000e+02   1.0192065e+01
   3.2600000e+02   1.0194894e+01
   3.2700000e+02   1.0198950e+01
   3.2800000e+02   1.0203373e+01
   3.2900000e+02   1.0208474e+01
   3.3000000e+02   1.0213162e+01
   3.3100000e+02   1.0218073e+01
   3.3200000e+02   1.0221777e+01
   3.3300000e+02   1.0224676e+01
   3.3400000e+02   1.0226463e+01
   3.3500000e+02   1.0227310e+01
   3.3600000e+02   1.0226590e+01
   3.3700000e+02   1.0225550e+01
   3.3800000e+02   1.0223860e+01
   3.3900000e+02   1.0222110e+01
   3.4000000e+02   1.0220863e+01
   3.4100000e+02   1.0220273e+01
   3.4200000e+02   1.0220863e+01
   3.4300000e+02   1.0222216e+01
   3.4400000e+02   1.0223729e+01
   3.4500000e+02   1.0225526e+01
   3.4600000e+02   1.0227203e+01
   3.4700000e+02   1.0228644e+01
   3.4800000e+02   1.0229449e+01
   3.4900000e+02   1.0230314e+01
   3.5000000e+02   1.0230855e+01
   3.5100000e+02   1.0231126e+01
   3.5200000e+02   1.0231327e+01
   3.5300000e+02   1.0231342e+01
   3.5400000e+02   1.0231487e+01
   3.5500000e+02   1.0231623e+01
   3.5600000e+02   1.0231533e+01
   3.5700000e+02   1.0231389e+01
   3.5800000e+02   1.0231137e+01
   3.5900000e+02   1.0230651e+01
   3.6000000e+02   1.0230699e+01
   3.6100000e+02   1.0230149e+01
   3.6200000e+02   1.0229720e+01
   3.6300000e+02   1.0229478e+01
   3.6400000e+02   1.0229572e+01
   3.6500000e+02   1.0229587e+01
   3.6600000e+02   1.0229734e+01
   3.6700000e+02   1.0230141e+01
   3.6800000e+02   1.0230248e+01
   3.6900000e+02   1.0230866e+01
   3.7000000e+02   1.0231315e+01
   3.7100000e+02   1.0231394e+01
   3.7200000e+02   1.0231686e+01
   3.7300000e+02   1.0231797e+01
   3.7400000e+02   1.0231778e+01
   3.7500000e+02   1.0231871e+01
   3.7600000e+02   1.0232149e+01
   3.7700000e+02   1.0232156e+01
   3.7800000e+02   1.0231904e+01
   3.7900000e+02   1.0232367e+01
   3.8000000e+02   1.0231934e+01
   3.8100000e+02   1.0232078e+01
   3.8200000e+02   1.0231825e+01
   3.8300000e+02   1.0231798e+01
   3.8400000e+02   1.0231513e+01
   3.8500000e+02   1.0231468e+01
   3.8600000e+02   1.0231077e+01
   3.8700000e+02   1.0230884e+01
   3.8800000e+02   1.0230573e+01
   3.8900000e+02   1.0230054e+01
   3.9000000e+02   1.0229827e+01
   3.9100000e+02   1.0229506e+01
   3.9200000e+02   1.0229470e+01
   3.9300000e+02   1.0229375e+01
   3.9400000e+02   1.0229368e+01
   3.9500000e+02   1.0229915e+01
   3.9600000e+02   1.0230243e+01
   3.9700000e+02   1.0230436e+01
   3.9800000e+02   1.0230657e+01
   3.9900000e+02   1.0231096e+01
   4.0000000e+02   1.0231171e+01
   4.0100000e+02   1.0231353e+01
   4.0200000e+02   1.0231362e+01
   4.0300000e+02   1.0231406e+01
   4.0400000e+02   1.0231207e+01
   4.0500000e+02   1.0231496e+01
   4.0600000e+02   1.0231158e+01
   4.0700000e+02   1.0231262e+01
   4.0800000e+02   1.0231325e+01
   4.0900000e+02   1.0231279e+01
   4.1000000e+02   1.0231192e+01
   4.1100000e+02   1.0231524e+01
   4.1200000e+02   1.0231349e+01
   4.1300000e+02   1.0231305e+01
   4.1400000e+02   1.0231633e+01
   4.1500000e+02   1.0231295e+01
   4.1600000e+02   1.0231563e+01
   4.1700000e+02   1.0231138e+01
   4.1800000e+02   1.0231280e+01
   4.1900000e+02   1.0231372e+01
   4.2000000e+02   1.0231204e+01
   4.2100000e+02   1.0231275e+01
   4.2200000e+02   1.0231538e+01
   4.2300000e+02   1.0231013e+01
   4.2400000e+02   1.0231127e+01
   4.2500000e+02   1.0231316e+01
   4.2600000e+02   1.0231262e+01
   4.2700000e+02   1.0231394e+01
   4.2800000e+02   1.0231223e+01
   4.2900000e+02   1.0231025e+01
   4.3000000e+02   1.0231204e+01
   4.3100000e+02   1.0230979e+01
   4.3200000e+02   1.0230840e+01
   4.3300000e+02   1.0230954e+01
   4.3400000e+02   1.0231086e+01
   4.3500000e+02   1.0230882e+01
   4.3600000e+02   1.0230729e+01
   4.3700000e+02   1.0231028e+01
   4.3800000e+02   1.0230629e+01
   4.3900000e+02   1.0230376e+01
   4.4000000e+02   1.0230102e+01
   4.4100000e+02   1.0229597e+01
   4.4200000e+02   1.0228964e+01
   4.4300000e+02   1.0227456e+01
   4.4400000e+02   1.0226105e+01
   4.4500000e+02   1.0223864e+01
   4.4600000e+02   1.0221382e+01
   4.4700000e+02   1.0218668e+01
   4.4800000e+02   1.0216565e+01
   4.4900000e+02   1.0214510e+01
   4.5000000e+02   1.0213477e+01
   4.5100000e+02   1.0213217e+01
   4.5200000e+02   1.0213830e+01
   4.5300000e+02   1.0215070e+01
   4.5400000e+02   1.0217066e+01
   4.5500000e+02   1.0219322e+01
   4.5600000e+02   1.0221607e+01
   4.5700000e+02   1.0223428e+01
   4.5800000e+02   1.0225112e+01
   4.5900000e+02   1.0226510e+01
   4.6000000e+02   1.0227657e+01
   4.6100000e+02   1.0228497e+01
   4.6200000e+02   1.0228929e+01
   4.6300000e+02   1.0229254e+01
   4.6400000e+02   1.0229617e+01
   4.6500000e+02   1.0229586e+01
   4.6600000e+02   1.0229960e+01
   4.6700000e+02   1.0229988e+01
   4.6800000e+02   1.0229988e+01
   4.6900000e+02   1.0230070e+01
   4.7000000e+02   1.0230186e+01
   4.7100000e+02   1.0230101e+01
   4.7200000e+02   1.0230067e+01
   4.7300000e+02   1.0230135e+01
   4.7400000e+02   1.0230019e+01
   4.7500000e+02   1.0229992e+01
   4.7600000e+02   1.0229766e+01
   4.7700000e+02   1.0230171e+01
   4.7800000e+02   1.0229975e+01
   4.7900000e+02   1.0229930e+01
   4.8000000e+02   1.0230024e+01
   4.8100000e+02   1.0230150e+01
   4.8200000e+02   1.0230103e+01
   4.8300000e+02   1.0230133e+01
   4.8400000e+02   1.0229786e+01
   4.8500000e+02   1.0229960e+01
   4.8600000e+02   1.0230016e+01
   4.8700000e+02   1.0229723e+01
   4.8800000e+02   1.0229943e+01
   4.8900000e+02   1.0230065e+01
   4.9000000e+02   1.0229863e+01
   4.9100000e+02   1.0229661e+01
   4.9200000e+02   1.0229719e+01
   4.9300000e+02   1.0229850e+01
   4.9400000e+02   1.0229722e+01
   4.9500000e+02   1.0229569e+01
   4.9600000e+02   1.0229572e+01
   4.9700000e+02   1.0229669e+01
   4.9800000e+02   1.0229507e+01
   4.9900000e+02   1.0229521e+01
   5.0000000e+02   1.0229439e+01
   5.0100000e+02   1.0229987e+01
   5.0200000e+02   1.0229768e+01
   5.0300000e+02   1.0229595e+01
   5.0400000e+02   1.0229629e+01
   5.0500000e+02   1.0229681e+01
   5.0600000e+02   1.0229389e+01
   5.0700000e+02   1.0229602e+01
   5.0800000e+02   1.0229537e+01
   5.0900000e+02   1.0229729e+01
   5.1000000e+02   1.0229653e+01
   5.1100000e+02   1.0229517e+01
   5.1200000e+02   1.0229585e+01
   5.1300000e+02   1.0229714e+01
   5.1400000e+02   1.0229507e+01
   5.1500000e+02   1.0229661e+01
   5.1600000e+02   1.0229522e+01
   5.1700000e+02   1.0229551e+01
   5.1800000e+02   1.0229438e+01
   5.1900000e+02   1.0229657e+01
   5.2000000e+02   1.0229637e+01
   5.2100000e+02   1.0229488e+01
   5.2200000e+02   1.0229316e+01
   5.2300000e+02   1.0229376e+01
   5.2400000e+02   1.0229295e+01
   5.2500000e+02   1.0229441e+01
   5.2600000e+02   1.0229407e+01
   5.2700000e+02   1.0229218e+01
   5.2800000e+02   1.0229221e+01
   5.2900000e+02   1.0229070e+01
   5.3000000e+02   1.0229234e+01
   5.3100000e+02   1.0229079e+01
   5.3200000e+02   1.0229259e+01
   5.3300000e+02   1.0228802e+01
   5.3400000e+02   1.0229037e+01
   5.3500000e+02   1.0229170e+01
   5.3600000e+02   1.0229134e+01
   5.3700000e+02   1.0229246e+01
   5.3800000e+02   1.0229115e+01
   5.3900000e+02   1.0228887e+01
   5.4000000e+02   1.0229031e+01
   5.4100000e+02   1.0228877e+01
   5.4200000e+02   1.0229163e+01
   5.4300000e+02   1.0228857e+01
   5.4400000e+02   1.0229029e+01
   5.4500000e+02   1.0229063e+01
   5.4600000e+02   1.0228777e+01
   5.4700000e+02   1.0228736e+01
   5.4800000e+02   1.0228798e+01
   5.4900000e+02   1.0228719e+01
   5.5000000e+02   1.0228963e+01
   5.5100000e+02   1.0228889e+01
   5.5200000e+02   1.0228761e+01
   5.5300000e+02   1.0228653e+01
   5.5400000e+02   1.0228470e+01
   5.5500000e+02   1.0228809e+01
   5.5600000e+02   1.0228729e+01
   5.5700000e+02   1.0228614e+01
   5.5800000e+02   1.0228754e+01
   5.5900000e+02   1.0228414e+01
   5.6000000e+02   1.0228641e+01
   5.6100000e+02   1.0228620e+01
   5.6200000e+02   1.0228565e+01
   5.6300000e+02   1.0228638e+01
   5.6400000e+02   1.0228353e+01
   5.6500000e+02   1.0228696e+01
   5.6600000e+02   1.0228537e+01
   5.6700000e+02   1.0228499e+01
   5.6800000e+02   1.0228624e+01
   5.6900000e+02   1.0228486e+01
   5.7000000e+02   1.0228406e+01
   5.7100000e+02   1.0228317e+01
   5.7200000e+02   1.0228500e+01
   5.7300000e+02   1.0228686e+01
   5.7400000e+02   1.0228532e+01
   5.7500000e+02   1.0228570e+01
   5.7600000e+02   1.0228409e+01
   5.7700000e+02   1.0228427e+01
   5.7800000e+02   1.0228199e+01
   5.7900000e+02   1.0228624e+01
   5.8000000e+02   1.0228428e+01
   5.8100000e+02   1.0228608e+01
   5.8200000e+02   1.0228357e+01
   5.8300000e+02   1.0228285e+01
   5.8400000e+02   1.0228311e+01
   5.8500000e+02   1.0228208e+01
   5.8600000e+02   1.0228291e+01
   5.8700000e+02   1.0228111e+01
   5.8800000e+02   1.0228447e+01
   5.8900000e+02   1.0228206e+01
   5.9000000e+02   1.0228378e+01
   5.9100000e+02   1.0228303e+01
   5.9200000e+02   1.0228201e+01
   5.9300000e+02   1.0228202e+01
   5.9400000e+02   1.0228080e+01
   5.9500000e+02   1.0228010e+01
   5.9600000e+02   1.0228179e+01
   5.9700000e+02   1.0228043e+01
   5.9800000e+02   1.0228152e+01
   5.9900000e+02   1.0228295e+01
   6.0000000e+02   1.0228152e+01
   6.0100000e+02   1.0228004e+01
   6.0200000e+02   1.0228104e+01
   6.0300000e+02   1.0227872e+01
   6.0400000e+02   1.0227969e+01
   6.0500000e+02   1.0227873e+01
   6.0600000e+02   1.0228249e+01
   6.0700000e+02   1.0228196e+01
   6.0800000e+02   1.0228071e+01
   6.0900000e+02   1.0228344e+01
   6.1000000e+02   1.0228017e+01
   6.1100000e+02   1.0228278e+01
   6.1200000e+02   1.0228277e+01
   6.1300000e+02   1.0227913e+01
   6.1400000e+02   1.0228042e+01
   6.1500000e+02   1.0228288e+01
   6.1600000e+02   1.0228201e+01
   6.1700000e+02   1.0228200e+01
   6.1800000e+02   1.0227956e+01
   6.1900000e+02   1.0227887e+01
   6.2000000e+02   1.0227966e+01
   6.2100000e+02   1.0227955e+01
   6.2200000e+02   1.0227759e+01
   6.2300000e+02   1.0227927e+01
   6.2400000e+02   1.0228079e+01
   6.2500000e+02   1.0227869e+01
   6.2600000e+02   1.0227867e+01
   6.2700000e+02   1.0227775e+01
   6.2800000e+02   1.0227913e+01
   6.2900000e+02   1.0227995e+01
   6.3000000e+02   1.0227822e+01
   6.3100000e+02   1.0227918e+01
   6.3200000e+02   1.0227764e+01
   6.3300000e+02   1.0227899e+01
   6.3400000e+02   1.0227766e+01
   6.3500000e+02   1.0227723e+01
   6.3600000e+02   1.0227546e+01
   6.3700000e+02   1.0227434e+01
   6.3800000e+02   1.0227403e+01
   6.3900000e+02   1.0227692e+01
   6.4000000e+02   1.0227685e+01
   6.4100000e+02   1.0227680e+01
   6.4200000e+02   1.0227290e+01
   6.4300000e+02   1.0227759e+01
   6.4400000e+02   1.0227590e+01
   6.4500000e+02   1.0227568e+01
   6.4600000e+02   1.0227703e+01
   6.4700000e+02   1.0227729e+01
   6.4800000e+02   1.0227471e+01
   6.4900000e+02   1.0228220e+01
   6.5000000e+02   1.0227569e+01
   6.5100000e+02   1.0227600e+01
   6.5200000e+02   1.0227357e+01
   6.5300000e+02   1.0227724e+01
   6.5400000e+02   1.0227710e+01
   6.5500000e+02   1.0227304e+01
   6.5600000e+02   1.0227408e+01
   6.5700000e+02   1.0227514e+01
   6.5800000e+02   1.0227579e+01
   6.5900000e+02   1.0227204e+01
   6.6000000e+02   1.0227585e+01
   6.6100000e+02   1.0227437e+01
   6.6200000e+02   1.0227521e+01
   6.6300000e+02   1.0227297e+01
   6.6400000e+02   1.0227366e+01
   6.6500000e+02   1.0227330e+01
   6.6600000e+02   1.0227503e+01
   6.6700000e+02   1.0227397e+01
   6.6800000e+02   1.0227356e+01
   6.6900000e+02   1.0227412e+01
   6.7000000e+02   1.0227428e+01
   6.7100000e+02   1.0227439e+01
   6.7200000e+02   1.0227372e+01
   6.7300000e+02   1.0227462e+01
   6.7400000e+02   1.0227393e+01
   6.7500000e+02   1.0227464e+01
   6.7600000e+02   1.0227430e+01
   6.7700000e+02   1.0227261e+01
   6.7800000e+02   1.0227386e+01
   6.7900000e+02   1.0227194e+01
   6.8000000e+02   1.0227421e+01
   6.8100000e+02   1.0227270e+01
   6.8200000e+02   1.0227649e+01
   6.8300000e+02   1.0227091e+01
   6.8400000e+02   1.0226995e+01
   6.8500000e+02   1.0227355e+01
   6.8600000e+02   1.0227093e+01
   6.8700000e+02   1.0227023e+01
   6.8800000e+02   1.0227159e+01
   6.8900000e+02   1.0226735e+01
   6.9000000e+02   1.0227018e+01
   6.9100000e+02   1.0227192e+01
   6.9200000e+02   1.0226948e+01
   6.9300000e+02   1.0227015e+01
   6.9400000e+02   1.0226953e+01
   6.9500000e+02   1.0227046e+01
   6.9600000e+02   1.0226971e+01
   6.9700000e+02   1.0226910e+01
   6.9800000e+02   1.0226929e+01
   6.9900000e+02   1.0226974e+01
   7.0000000e+02   1.0226948e+01
   7.0100000e+02   1.0227285e+01
   7.0200000e+02   1.0227125e+01
   7.0300000e+02   1.0226917e+01
   7.0400000e+02   1.0226983e+01
   7.0500000e+02   1.0226975e+01
   7.0600000e+02   1.0227239e+01
   7.0700000e+02   1.0226916e+01
   7.0800000e+02   1.0226929e+01
   7.0900000e+02   1.0227111e+01
   7.1000000e+02   1.0227236e+01
   7.1100000e+02   1.0227055e+01
   7.1200000e+02   1.0227026e+01
   7.1300000e+02   1.0227322e+01
   7.1400000e+02   1.0227102e+01
   7.1500000e+02   1.0226832e+01
   7.1600000e+02   1.0226960e+01
   7.1700000e+02   1.0226582e+01
   7.1800000e+02   1.0226848e+01
   7.1900000e+02   1.0226583e+01
   7.2000000e+02   1.0226749e+01
   7.2100000e+02   1.0226921e+01
   7.2200000e+02   1.0226737e+01
   7.2300000e+02   1.0226669e+01
   7.2400000e+02   1.0226778e+01
   7.2500000e+02   1.0227040e+01
   7.2600000e+02   1.0226748e+01
   7.2700000e+02   1.0226882e+01
   7.2800000e+02   1.0226685e+01
   7.2900000e+02   1.0226553e+01
   7.3000000e+02   1.0226642e+01
   7.3100000e+02   1.0226587e+01
   7.3200000e+02   1.0226532e+01
   7.3300000e+02   1.0226744e+01
   7.3400000e+02   1.0226704e+01
   7.3500000e+02   1.0226635e+01
   7.3600000e+02   1.0226804e+01
   7.3700000e+02   1.0226852e+01
   7.3800000e+02   1.0226539e+01
   7.3900000e+02   1.0226611e+01
   7.4000000e+02   1.0226882e+01
   7.4100000e+02   1.0226437e+01
   7.4200000e+02   1.0226716e+01
   7.4300000e+02   1.0226598e+01
   7.4400000e+02   1.0226598e+01
   7.4500000e+02   1.0226723e+01
   7.4600000e+02   1.0226687e+01
   7.4700000e+02   1.0226767e+01
   7.4800000e+02   1.0226676e+01
   7.4900000e+02   1.0226450e+01
   7.5000000e+02   1.0226622e+01
   7.5100000e+02   1.0226566e+01
   7.5200000e+02   1.0226884e+01
   7.5300000e+02   1.0226652e+01
   7.5400000e+02   1.0226747e+01
   7.5500000e+02   1.0226763e+01
   7.5600000e+02   1.0226682e+01
   7.5700000e+02   1.0226642e+01
   7.5800000e+02   1.0226785e+01
   7.5900000e+02   1.0226363e+01
   7.6000000e+02   1.0226304e+01
   7.6100000e+02   1.0226431e+01
   7.6200000e+02   1.0226354e+01
   7.6300000e+02   1.0226384e+01
   7.6400000e+02   1.0226315e+01
   7.6500000e+02   1.0226207e+01
   7.6600000e+02   1.0226223e+01
   7.6700000e+02   1.0226362e+01
   7.6800000e+02   1.0226234e+01
   7.6900000e+02   1.0226275e+01
   7.7000000e+02   1.0226232e+01
   7.7100000e+02   1.0226217e+01
   7.7200000e+02   1.0226467e+01
   7.7300000e+02   1.0226339e+01
   7.7400000e+02   1.0226239e+01
   7.7500000e+02   1.0226051e+01
   7.7600000e+02   1.0226260e+01
   7.7700000e+02   1.0226407e+01
   7.7800000e+02   1.0226231e+01
   7.7900000e+02   1.0226073e+01
   7.8000000e+02   1.0226287e+01
