0	10.45139085688732
1	10.44866130127433
2	10.44752759143034
3	10.4469622806998
4	10.44662494518757
5	10.44592041766971
6	10.44572293168337
7	10.44539042934732
8	10.44503336859
9	10.44472322682751
10	10.44495775281975
11	10.4447023423671
12	10.44447559638583
13	10.44421394392279
14	10.44388951339759
15	10.44389744705269
16	10.44375208495813
17	10.44351218659655
18	10.44344201904166
19	10.44344546720186
20	10.44311421887267
21	10.4429238878681
22	10.44287035845534
23	10.44259923931598
24	10.44250474425582
25	10.44233249403
26	10.44236996661301
27	10.44231638860691
28	10.4419337161125
29	10.44206717259007
30	10.4419853470752
31	10.44209300458788
32	10.44179576824429
33	10.44206878001418
34	10.44164691489418
35	10.44175518139717
36	10.44158508224103
37	10.44175118915291
38	10.44173060522202
39	10.44127559976935
40	10.44139960255618
41	10.44128185763197
42	10.44140449836794
43	10.44104751652377
44	10.44100389716133
45	10.44085845862834
46	10.44084502574683
47	10.44067277439988
48	10.44084252497113
49	10.44062183882141
50	10.44052249864909
51	10.44053474740886
52	10.44064039483691
53	10.44052849853864
54	10.44032484537287
55	10.44042455919793
56	10.44022628871695
57	10.44027397294296
58	10.44007214623966
59	10.44000894394156
60	10.44000732706013
61	10.43999927643587
62	10.43997975540793
63	10.43983742567939
64	10.43977537193851
65	10.4396486797553
66	10.43975708853705
67	10.43964741431504
68	10.43965462165433
69	10.43961440774091
70	10.43953997120097
71	10.43954211643938
72	10.43940053650714
73	10.43940640447873
74	10.43932257911502
75	10.43920310184346
76	10.43926238548369
77	10.43900764853951
78	10.43910422558116
79	10.43895700446877
80	10.43905103502466
81	10.43892036539379
82	10.43884221651245
83	10.43872163446057
84	10.43879389851036
85	10.43866457737002
86	10.43869104710332
87	10.43865665115573
88	10.43853148599875
89	10.43848020256902
90	10.43845910887312
91	10.43854932330983
92	10.43842774879901
93	10.43850206945248
94	10.43863987084877
95	10.43831880973493
96	10.43847243274659
97	10.43808023621566
98	10.43819287408713
99	10.43827632782186
100	10.43821119145734
101	10.4381527642202
102	10.438021330345
103	10.43799817381778
104	10.4381560707352
105	10.43819885339366
106	10.43825582926117
107	10.43800912275217
108	10.4382678609044
109	10.43790585096826
110	10.43801562765185
111	10.43769008137854
112	10.43780534442159
113	10.43769099491725
114	10.43795048954124
115	10.4376513234469
116	10.43759299474547
117	10.43746310315857
118	10.43763343811185
119	10.43743000875811
120	10.4373646574859
121	10.43722598912533
122	10.43725483613697
123	10.43714508540636
124	10.43712146355674
125	10.43740089698264
126	10.43722345270949
127	10.43730650143526
128	10.43728543358345
129	10.43738691781982
130	10.43716069578563
131	10.43727419223196
132	10.43724957802591
133	10.43707479754543
134	10.43714672115521
135	10.43701057030861
136	10.43690384267598
137	10.43671609664551
138	10.43692918828123
139	10.43691246998042
140	10.43663258308482
141	10.43663655599418
142	10.43657143897663
143	10.436592750492
144	10.43655625952139
145	10.43642450446422
146	10.43659471347873
147	10.43631013448096
148	10.43612297768417
149	10.43631765301463
150	10.43631967969036
151	10.4361828310353
152	10.43629702991965
153	10.43629177621851
154	10.43634344510465
155	10.43615746928308
156	10.43600037002817
157	10.43608011616683
158	10.43597290564076
159	10.43600745355364
160	10.43580281763087
161	10.43573768293789
162	10.43586418424767
163	10.43584785819233
164	10.43554565002682
165	10.43448193455909
166	10.42464431974355
167	10.40374091903844
168	10.39966927270706
169	10.41134986250508
170	10.42250230315923
171	10.42790370851247
172	10.42930444138444
173	10.42927682868962
174	10.42988779932193
175	10.4310104913367
176	10.4316114248619
177	10.42436731404665
178	10.37496081317117
179	10.3635380807624
180	10.3710820960036
181	10.37245307110947
182	10.37545646833482
183	10.37858888991603
184	10.38135689195732
185	10.384105033247
186	10.38623131883366
187	10.38944343560151
188	10.39713936220847
189	10.40710716232841
190	10.41466892736447
191	10.42062921628516
192	10.42460396639654
193	10.42665732775354
194	10.42802482380398
195	10.42899564601269
196	10.42949329353005
197	10.43002821492709
198	10.43096147809315
199	10.43144774237296
200	10.43222847200909
201	10.43297133645098
202	10.43309189182985
203	10.43341520800184
204	10.43406190915081
205	10.43403204898758
206	10.4340474767447
207	10.43414664230702
208	10.4340720994621
209	10.43418934778176
210	10.43422024074022
211	10.4342678849279
212	10.43436899524894
213	10.43426840021595
214	10.43436923597752
215	10.43429981024234
216	10.43432983195709
217	10.43456890805387
218	10.43442592913371
219	10.43431103010888
220	10.43467966782202
221	10.4342018996469
222	10.43434023622335
223	10.43459323497573
224	10.43435344010817
225	10.43454130141921
226	10.43427325994433
227	10.43445818770866
228	10.43418332929459
229	10.43448040717523
230	10.43457919569215
231	10.43437233930843
232	10.4342331349864
233	10.43414102799603
234	10.43426149549301
235	10.43442553655697
236	10.43407052413628
237	10.43426139360198
238	10.43393791683764
239	10.43411731439414
240	10.43390953728357
241	10.43362987486057
242	10.4332951826313
243	10.43280875146695
244	10.43169163451925
245	10.430964769015
246	10.43007240447043
247	10.42975510411846
248	10.429467662813
249	10.42967190184212
250	10.42974709592144
251	10.43004865621237
252	10.43008528958499
253	10.42998040976053
254	10.42972657025338
255	10.42935690986066
256	10.42896283595349
257	10.42880772076236
258	10.42833184606232
259	10.42844237517891
260	10.42798021862408
261	10.42797465654872
262	10.42798991100943
263	10.42828809740627
264	10.42857349434719
265	10.42900212703751
266	10.42921788093096
267	10.42958572193769
268	10.42978543644157
269	10.43006882174833
270	10.43012002224812
271	10.43035983079195
272	10.4305878701665
273	10.43041910634145
274	10.43075564365569
275	10.43080723568569
276	10.4309797012555
277	10.43103858627657
278	10.43127468265602
279	10.43123470882578
280	10.43132860297279
281	10.43141449814607
282	10.43166709419486
283	10.43130356855821
284	10.43167054681226
285	10.43155760659542
286	10.43164969434766
287	10.43154118241874
288	10.43143157734713
289	10.431598014192
290	10.43181739032694
291	10.4318589294473
292	10.43198775621971
293	10.43176534725281
294	10.432039669067
295	10.43199857273143
296	10.43151526124888
297	10.43132444998852
298	10.43082301423412
299	10.43003005696147
300	10.42899767333588
301	10.42767896377178
302	10.42594768545837
303	10.42331511042425
304	10.42029674785827
305	10.41608688623455
306	10.41177691420483
307	10.40750676713616
308	10.4040999493891
309	10.40182045286266
310	10.40098240562674
311	10.40000789702766
312	10.39854082900819
313	10.39516294816571
314	10.38982609159732
315	10.38342710242466
316	10.37639236733446
317	10.37034050823425
318	10.36631337280034
319	10.3642004721945
320	10.36405949583711
321	10.36541243831379
322	10.36812228557601
323	10.37156837083687
324	10.3762729551076
325	10.38089086086049
326	10.38593170147482
327	10.39088819631887
328	10.394986511254
329	10.39838650162657
330	10.4005608699544
331	10.40188376353189
332	10.40231627472052
333	10.40264802728827
334	10.40262573558115
335	10.40303511235516
336	10.40401058805903
337	10.40552641665703
338	10.40718853074359
339	10.41004960603969
340	10.41228925699943
341	10.41475063670517
342	10.41679362933177
343	10.41857127917435
344	10.42005408499812
345	10.42174175068048
346	10.4228159166231
347	10.42384699805406
348	10.42488669796688
349	10.42545494344984
350	10.42632131622424
351	10.42651489964477
352	10.42711061394927
353	10.42707770759598
354	10.42704288190556
355	10.42685932908887
356	10.42688171098567
357	10.42670275384414
358	10.42638011341026
359	10.42662672819543
360	10.42680361918524
361	10.42715804141241
362	10.42771675821186
363	10.42779882878294
364	10.42815678539164
365	10.42866958961202
366	10.42881068406878
367	10.42890905772598
368	10.42928178859213
369	10.42913861249612
370	10.42961185686967
371	10.42963655905889
372	10.4299278802587
373	10.4298636875749
374	10.42987418292766
375	10.42999984652396
376	10.42984265794864
377	10.42979681216036
378	10.4297438875083
379	10.42955354848601
380	10.42945117579404
381	10.42906583618355
382	10.42873177218097
383	10.4283534620891
384	10.42790246348397
385	10.42779599191253
386	10.4274478033461
387	10.42722542698946
388	10.42750380637378
389	10.42750052683106
390	10.42769996780642
391	10.42793820272679
392	10.42825294243886
393	10.42840926226887
394	10.42822171064412
395	10.42877648732598
396	10.42889356514281
397	10.42905204307472
398	10.42900599441126
399	10.42913861234174
400	10.42940640255338
401	10.42962538209925
402	10.42923825414176
403	10.42955410211214
404	10.4296547042461
405	10.42997653946711
406	10.42992858870132
407	10.43004826220352
408	10.42997184208587
409	10.42986432440047
410	10.42996254082729
411	10.42993716173834
412	10.42996832202157
413	10.42980566813857
414	10.4298537769605
415	10.42993250589416
416	10.43007343722643
417	10.42988489971681
418	10.43015391177913
419	10.42993935473704
420	10.42998291564352
421	10.42992072337083
422	10.42973777108175
423	10.42968770739112
424	10.42954272119615
425	10.42965997885276
426	10.42950941431121
427	10.42925199147433
428	10.42938481896055
429	10.42918373243886
430	10.42891577749279
431	10.42806760774209
432	10.42690480502829
433	10.42479022236744
434	10.42098499511768
435	10.41570965190421
436	10.4074912412564
437	10.39623658527362
438	10.38108816919547
439	10.36387534915076
440	10.34485268296101
441	10.32624233872007
442	10.30964319671038
443	10.29669932310062
444	10.28894275396993
445	10.28623530488935
446	10.28881422371566
447	10.29512259888124
448	10.30397825880443
449	10.31401753300912
450	10.32448124266674
451	10.33451413921991
452	10.34412129864151
453	10.35272777506738
454	10.36106592006856
455	10.36816847670921
456	10.37466145894472
457	10.38096875443856
458	10.38622425745803
459	10.39123352513183
460	10.39525360451806
461	10.39890581994149
462	10.40286075874361
463	10.40547284394632
464	10.40830724968262
465	10.41119076546784
466	10.41342825936408
467	10.41608531606278
468	10.41811895490947
469	10.420061990801
470	10.42153392999848
471	10.42294902199638
472	10.42421630010244
473	10.42467069072842
474	10.4257752865139
475	10.42616207652047
476	10.42695403122139
477	10.42716378896973
478	10.42710993603925
479	10.42773140404836
480	10.42782376561842
481	10.42772251890782
482	10.42768507739991
483	10.42791432946477
484	10.42807945907352
485	10.42805109221396
486	10.42808011770729
487	10.42795560732411
488	10.42809199011624
489	10.42821132190247
490	10.42820498921983
491	10.42817661480164
492	10.42811503862418
493	10.42803840840728
494	10.42842454156693
495	10.42793417788636
496	10.42811417928098
497	10.42801956500312
498	10.42826571383403
499	10.42806748759452
500	10.42815101517217
501	10.42780552525057
502	10.42788342183512
503	10.42775329670391
504	10.42807907032777
505	10.42775707407143
506	10.42753385914815
507	10.42772408356006
508	10.4277674574888
509	10.42767091002181
510	10.42789087464747
511	10.42750714704413
512	10.42754877275804
513	10.42798481470963
514	10.42754121294696
515	10.42776092102958
516	10.42760563410826
517	10.42770622742338
518	10.42796854482432
519	10.42765175108143
520	10.42768459141333
521	10.42765694668761
522	10.42765199487715
523	10.42789445427243
524	10.42765994689065
525	10.42767057137827
526	10.42756267971516
527	10.42759468784814
528	10.42765898113354
529	10.42737687586674
530	10.42741115302974
531	10.42724290572365
532	10.42723523203314
533	10.42714993481468
534	10.4273110658923
535	10.42719780117665
536	10.42694247749145
537	10.42702189376849
538	10.42736264481072
539	10.42691610470786
540	10.42722231102241
541	10.42710100461571
542	10.42724330226671
543	10.42741492337407
544	10.42716823234002
545	10.42726260903554
546	10.4274796199388
547	10.42751069248286
548	10.42718075685206
549	10.42756964612372
550	10.42719319070011
551	10.427370289676
552	10.42724230026004
553	10.42719963576753
554	10.42733480404056
555	10.42725537011904
556	10.42704832911269
557	10.42722891801065
558	10.42741387542177
559	10.42723020788823
560	10.42713087462228
561	10.42712322926868
562	10.42730175328871
563	10.42706035501219
564	10.42697077241849
565	10.42709211888582
566	10.42717896134593
567	10.42711865385756
568	10.42702562629863
569	10.4270021733834
570	10.42753496439678
571	10.42693909134149
572	10.42708739195468
573	10.42713848509906
574	10.42693771801622
575	10.42717488488861
576	10.42697978609616
577	10.42695392550433
578	10.42711332351682
579	10.42691444108852
580	10.4269707883385
581	10.42678258806925
582	10.42696021471465
583	10.42706961287195
584	10.42706219767939
585	10.42683596027885
586	10.42709181099223
587	10.42689266548269
588	10.42658825037651
589	10.42703760525819
590	10.42653353130971
591	10.42671116548801
592	10.42689837440628
593	10.42678321480198
594	10.42693834893924
595	10.42667024089329
596	10.42680282378003
597	10.42643976060917
598	10.42679479036238
599	10.42664994761516
600	10.42638526838419
601	10.42653467908789
602	10.4264155042489
603	10.42642735681831
604	10.42651154688191
605	10.4263649668049
606	10.42667348648861
607	10.42657216598104
608	10.42671031499192
609	10.42666628373754
610	10.4268037501371
611	10.42664791378287
612	10.42689750065461
613	10.42707646199701
614	10.42637073688026
615	10.42724677989814
616	10.42674525618098
617	10.4267641466364
618	10.42704602137525
619	10.42678225544355
620	10.42669079657365
621	10.42702776244691
622	10.42700340571489
623	10.42646345943908
624	10.4267317996958
625	10.42684401194821
626	10.42662294045732
627	10.42656703000951
628	10.42658545092549
629	10.42651613178466
630	10.42645837686617
631	10.42656512159949
632	10.4264853243946
633	10.42645039125172
634	10.42651819943288
635	10.42658126878775
636	10.42668348466278
637	10.42683791741263
638	10.42666916267544
639	10.42668427042418
640	10.42647771435286
641	10.42654950537006
642	10.42610345825803
643	10.42637209310216
644	10.42641818825875
645	10.42629364596542
646	10.42648019950695
647	10.42613010623469
648	10.42615964800774
649	10.42613561000759
650	10.42615428348257
651	10.42624352538932
652	10.42601932165573
653	10.42597952288674
654	10.42624739672127
655	10.42645001087376
656	10.42623777089409
657	10.42639024911367
658	10.42629375396922
659	10.42654573935744
660	10.42602362310994
661	10.4262295744724
662	10.42590636955874
663	10.42589664650393
664	10.4254512390393
665	10.42512750590071
666	10.42456083795197
667	10.42471146974122
668	10.42375070802164
669	10.4232451354625
670	10.42233714442418
671	10.42118716268101
672	10.42056257994622
673	10.41946220164432
674	10.41889912105412
675	10.41815631469374
676	10.41707723113397
677	10.41703984960829
678	10.41608378077227
679	10.41577541864658
680	10.41570768381582
681	10.41578354338187
682	10.41603781362659
683	10.4163146107383
684	10.4167561253702
685	10.41739075593305
686	10.41840127472705
687	10.41896950324195
688	10.41943173047982
689	10.42020856401907
690	10.42058084874437
691	10.42097292538941
692	10.42145361786735
693	10.42218232913946
694	10.42221252125554
695	10.42267616888161
696	10.42284386274733
697	10.42325793588661
698	10.42361347523353
699	10.42375187773091
700	10.42410422753324
701	10.42444278451747
702	10.42429889217931
703	10.42426723195453
704	10.42464518563974
705	10.42475336874857
706	10.42474155790499
707	10.42501537047558
708	10.42529589632179
709	10.42516410578012
710	10.42528435312785
711	10.42537289762189
712	10.42556905486684
713	10.42559962973724
714	10.42537863766047
715	10.42533956304858
716	10.42553096162543
717	10.42572858958789
718	10.42608973534525
719	10.42583423195151
720	10.42518411243839
721	10.42604365463527
722	10.42553910735436
723	10.42566053776585
724	10.4255436367091
725	10.42571050405412
726	10.42546755139835
727	10.42525486554799
728	10.42549883586041
729	10.42549628586735
730	10.42536144532719
731	10.42569260072995
732	10.42579105492154
733	10.42544209832562
734	10.42541271245664
735	10.42557011087308
736	10.4254879987669
737	10.42556516853854
738	10.42560568817984
739	10.42558532963809
740	10.42545371193895
741	10.42565009574077
742	10.42534297670674
743	10.42551194000553
744	10.42550190781036
745	10.42563503204862
746	10.42533298173758
747	10.42532615395614
748	10.42556986755736
749	10.42535871890073
750	10.42532638106051
751	10.4250862330459
752	10.42523936536028
753	10.42520842779393
754	10.42509263738193
755	10.42510414658424
756	10.42486494180514
757	10.42504803937782
758	10.42484323775096
759	10.42491138865361
760	10.42477155052544
761	10.43024741104841
762	10.43476787873233
763	10.43444751742349
764	10.43429637506429
765	10.43421486977944
766	10.4340360463382
767	10.43524033748995
768	10.4359346500409
769	10.4356507226676
770	10.43588116993105
771	10.43581706426662
772	10.43570489181103
773	10.43464241551035
774	10.43395399108034
775	10.43415820571493
776	10.43408334715341
777	10.43419453447082
778	10.43403347503591
779	10.43440289664834
780	10.43413755089295
