0	10.49679055782025
1	10.4939000635861
2	10.49297033094418
3	10.49253044425859
4	10.49249560715302
5	10.49201099410059
6	10.49166002808295
7	10.49180435003036
8	10.49128383013804
9	10.49117457057111
10	10.49116727726072
11	10.49071367910876
12	10.49042457721447
13	10.49045149899947
14	10.49008857469164
15	10.49019335837796
16	10.48982134467693
17	10.48971361411759
18	10.48965247931384
19	10.48948814674037
20	10.48958581767691
21	10.48929124618369
22	10.48917713543379
23	10.48894520795725
24	10.48899539389952
25	10.48872959058281
26	10.48876129205859
27	10.4887539937543
28	10.48849362880678
29	10.48858500370507
30	10.48840641633288
31	10.48817037518559
32	10.48834746479927
33	10.48826113381888
34	10.4881665877984
35	10.48794078123582
36	10.48768002568361
37	10.48784030114674
38	10.48782537129276
39	10.48735087443395
40	10.48755775309793
41	10.48772972758943
42	10.48711775806751
43	10.4873013602583
44	10.48711042149941
45	10.4870594895079
46	10.4872679985612
47	10.48703948489198
48	10.48708168666389
49	10.48691460247677
50	10.48721381470819
51	10.48679135700928
52	10.48688470156962
53	10.48642889193657
54	10.4866234220912
55	10.48673947439447
56	10.48603356401589
57	10.48644641079843
58	10.48640722004413
59	10.48621803635657
60	10.48630406079814
61	10.48641814211341
62	10.48623735438094
63	10.48619532895536
64	10.48621389766016
65	10.4860772779539
66	10.48626952321734
67	10.4859624478357
68	10.48605239945747
69	10.4859085330812
70	10.48588269958153
71	10.4862122910707
72	10.48575400337505
73	10.48596293282258
74	10.48587843965526
75	10.48550559771747
76	10.48589294056114
77	10.48578871189233
78	10.48560191911827
79	10.48561556839412
80	10.48564969753042
81	10.48568857494126
82	10.48510489673161
83	10.48503882280233
84	10.48539936899178
85	10.48511503184937
86	10.4851404252055
87	10.48499992319868
88	10.48488026503891
89	10.48498799729317
90	10.48492379221422
91	10.48472411540902
92	10.48482549952619
93	10.48444326567512
94	10.4842512930957
95	10.48476100215905
96	10.48461134079956
97	10.48457519761309
98	10.48457528233879
99	10.48422850373371
100	10.48461375279901
101	10.48433108165111
102	10.48398507127422
103	10.48412255549244
104	10.4841291767653
105	10.48399944912967
106	10.48427414037686
107	10.48398811087845
108	10.48400692325843
109	10.48388623757381
110	10.48370313209905
111	10.48407249410408
112	10.48395002379996
113	10.48371464776572
114	10.48430679154259
115	10.4836236149021
116	10.483719919028
117	10.48359805068972
118	10.483879589642
119	10.48363628206663
120	10.48371303239597
121	10.48351585814508
122	10.48367083314242
123	10.48362961453818
124	10.48393199877222
125	10.4840348031784
126	10.48378563506058
127	10.48361393732301
128	10.48356239007799
129	10.48348207335414
130	10.48342036593161
131	10.48354191279084
132	10.48358001711189
133	10.48321964091246
134	10.48353726047476
135	10.48317204906931
136	10.48339037735686
137	10.48337693019431
138	10.48293607186586
139	10.48314074117685
140	10.48330751174712
141	10.48319297176813
142	10.48310639456441
143	10.48304015511956
144	10.48312050839924
145	10.48307555209976
146	10.482869463404
147	10.48305469140377
148	10.48297304510193
149	10.48297503925116
150	10.48270614022282
151	10.48280866496729
152	10.48275883140665
153	10.4826177564436
154	10.48269173263573
155	10.48292195582555
156	10.48307442625704
157	10.4823558420391
158	10.48254605686777
159	10.48253634239373
160	10.48234368394137
161	10.48239304954221
162	10.48245311345345
163	10.4824716140877
164	10.48253140303203
165	10.48209735426417
166	10.4811514232017
167	10.47070807710152
168	10.45003483554662
169	10.4472299215748
170	10.45908753687142
171	10.46948627998253
172	10.47506992074669
173	10.4766890899293
174	10.47714845399784
175	10.47740604117868
176	10.47816917841275
177	10.47849375994831
178	10.47232557193227
179	10.42877996550751
180	10.4091244207691
181	10.41364937865458
182	10.41609625274969
183	10.42054635542307
184	10.42715562842896
185	10.43207054496378
186	10.43443939002533
187	10.4352438007431
188	10.43775639761115
189	10.44388661871382
190	10.45383818629797
191	10.46227708223726
192	10.46741869464327
193	10.47102789398067
194	10.47298552230936
195	10.47432130214317
196	10.4752822374619
197	10.47645709661858
198	10.47723006178781
199	10.47808013567964
200	10.47850703247199
201	10.47907454269846
202	10.47935487023859
203	10.47958941558498
204	10.47981438904584
205	10.48038234295934
206	10.48035883087287
207	10.4804178390085
208	10.48088914968419
209	10.48073594417202
210	10.48095543915951
211	10.48097106826305
212	10.48107576860644
213	10.48093712619596
214	10.48116212437616
215	10.48087774072078
216	10.48115992319943
217	10.48107788353948
218	10.48072523775666
219	10.48081516471678
220	10.48066264037612
221	10.48037290072621
222	10.47996527476709
223	10.47946823440321
224	10.47941198653825
225	10.47922834316316
226	10.47908821260691
227	10.479097940601
228	10.4788551388965
229	10.47909398266128
230	10.47974590177507
231	10.47968226603764
232	10.47944873760679
233	10.47969288354609
234	10.47987873656408
235	10.47989702234969
236	10.47955277609654
237	10.4798403862287
238	10.47974794939027
239	10.47974287074143
240	10.47973190792652
241	10.47930168155572
242	10.47872899441842
243	10.47752139258777
244	10.47545573017061
245	10.47214863640534
246	10.46800115005155
247	10.46409166933766
248	10.46080560172039
249	10.45922086831453
250	10.45965600835258
251	10.46066360785623
252	10.46198327628246
253	10.46278427472875
254	10.46292078793412
255	10.46243192544581
256	10.46126236988775
257	10.45973681777731
258	10.4581149318412
259	10.45683839729235
260	10.45555980689196
261	10.45441296775088
262	10.45356961124458
263	10.4532793685439
264	10.45413270945093
265	10.45545067050792
266	10.45742624507234
267	10.45983327940862
268	10.46186121103711
269	10.4632977659504
270	10.46496441141473
271	10.46581487944628
272	10.4659959921012
273	10.46642244262661
274	10.4672051325192
275	10.46777144714683
276	10.46830258919442
277	10.46925523309852
278	10.46991860351941
279	10.47096852393329
280	10.4714039674091
281	10.47182188527773
282	10.47232920403985
283	10.47265011510659
284	10.47344871292332
285	10.47375036074437
286	10.47434814241245
287	10.474887955719
288	10.47511330596175
289	10.47540667454562
290	10.47556328350937
291	10.47603944669281
292	10.47636063837288
293	10.47653046601113
294	10.4769249487543
295	10.47713267739232
296	10.4773206342251
297	10.47765302277472
298	10.47713385245207
299	10.47720486796373
300	10.47670387931106
301	10.47580577669136
302	10.47462996921116
303	10.47308055166778
304	10.47070480036904
305	10.46754204894586
306	10.4637412976268
307	10.4585518029359
308	10.45266539194768
309	10.44739554680441
310	10.4422290343682
311	10.43915421084025
312	10.43730589233718
313	10.43667669999913
314	10.43590704904265
315	10.43301279375557
316	10.42798954345292
317	10.42024583470581
318	10.4121125813501
319	10.4040505564852
320	10.39802599830435
321	10.39414141812742
322	10.39310449717021
323	10.39413168987801
324	10.3967427674082
325	10.40099011191166
326	10.40650225225032
327	10.41268850963527
328	10.4187915144779
329	10.425347975343
330	10.43065228661346
331	10.43509494396542
332	10.43837767933805
333	10.44033850381582
334	10.44131925098195
335	10.44156777835224
336	10.44146965659536
337	10.44142814038029
338	10.44188276957618
339	10.4431776532947
340	10.44570348127142
341	10.4484827136467
342	10.45152393210635
343	10.45458598843484
344	10.45760181525212
345	10.46019242091706
346	10.46224540044034
347	10.46423630341317
348	10.46568218371109
349	10.46702450700133
350	10.4685683715452
351	10.46942506749408
352	10.47053198136016
353	10.47112885467583
354	10.47178944369987
355	10.47214159947988
356	10.47239282192916
357	10.47252339335931
358	10.47228841349781
359	10.47189950965761
360	10.47205556707476
361	10.47198351459592
362	10.47171179487636
363	10.47211623301136
364	10.47235607224844
365	10.47281517006618
366	10.47342516212652
367	10.4740900743027
368	10.47430530837482
369	10.47484476849264
370	10.47512709286288
371	10.47529419546372
372	10.47583832714221
373	10.47587612596067
374	10.47602904743536
375	10.47634270820789
376	10.47643449323556
377	10.4762949077598
378	10.47682095243778
379	10.47698411409145
380	10.47650715116397
381	10.47670927651645
382	10.47671149062825
383	10.47658858229932
384	10.47628581906014
385	10.47590018572966
386	10.47537177157544
387	10.47458254350182
388	10.47377830520466
389	10.47348806108148
390	10.47340861316531
391	10.47365919498786
392	10.47341590535394
393	10.47399697719351
394	10.47364454657564
395	10.47418959212061
396	10.47459715829015
397	10.47466687721362
398	10.4752295868969
399	10.47526310833063
400	10.47551899613758
401	10.47582065566888
402	10.47613984704629
403	10.47625546200633
404	10.47637855630222
405	10.47620676362013
406	10.47617625541794
407	10.47664837509713
408	10.47674879900809
409	10.47672500164149
410	10.4770022632179
411	10.4767264626097
412	10.47703855504139
413	10.47713735971995
414	10.47706161563722
415	10.47690750104697
416	10.47716162224381
417	10.4768606383114
418	10.47686794381092
419	10.47738495570771
420	10.47713826284396
421	10.47672993611753
422	10.47749953177733
423	10.4769826858103
424	10.47705068336776
425	10.4766921348642
426	10.47686426112532
427	10.4769440800994
428	10.47684210873036
429	10.47730737664833
430	10.47694084175819
431	10.4767623078204
432	10.47709612786068
433	10.47700276159391
434	10.47648904584809
435	10.47628833336479
436	10.47600077942897
437	10.47494893349542
438	10.47435495865935
439	10.4723723822415
440	10.47023881481924
441	10.46650270098382
442	10.46186598940358
443	10.45655575290829
444	10.4507902249278
445	10.44416725621455
446	10.43896426717692
447	10.43494523088915
448	10.43139240574151
449	10.4302521183661
450	10.43080786129798
451	10.43289863715462
452	10.43551422237105
453	10.43873450077698
454	10.44219507166879
455	10.44550440355382
456	10.4489143823947
457	10.45178863466353
458	10.4537525282416
459	10.45645942822459
460	10.4584142008529
461	10.4598589749519
462	10.46221864253715
463	10.46374550077443
464	10.4649853900768
465	10.4662849155214
466	10.46766068680969
467	10.46898391677171
468	10.46954622797093
469	10.47080095015169
470	10.47083486725119
471	10.47240800460173
472	10.47270185034298
473	10.47344379887708
474	10.47364746073568
475	10.47413327240795
476	10.47469107409619
477	10.47455464526814
478	10.47498422164991
479	10.47512154613474
480	10.47534834540372
481	10.47570543156746
482	10.47554061000307
483	10.47558425821149
484	10.47575547294232
485	10.47610798458904
486	10.47611125419659
487	10.47616707569986
488	10.47599424393518
489	10.47636593359288
490	10.47604030917844
491	10.47583272875481
492	10.47601012235767
493	10.47617708545282
494	10.47582038640561
495	10.47588244035903
496	10.4762955611587
497	10.4764579294968
498	10.47634020316443
499	10.47615899394384
500	10.47569203255305
501	10.47601336477336
502	10.47608604339015
503	10.47639242445917
504	10.4757251357867
505	10.47557875436596
506	10.47623127775612
507	10.47605296901033
508	10.47577320424258
509	10.47554311022486
510	10.47623224659203
511	10.47562703772534
512	10.47632753743763
513	10.47564346146572
514	10.47601176862506
515	10.47561847233388
516	10.47614581694025
517	10.47554679619393
518	10.47556325643334
519	10.47641075997429
520	10.47633929960302
521	10.47516410022837
522	10.47589372045723
523	10.47631506479164
524	10.47607862417684
525	10.47576081812859
526	10.4757274818722
527	10.47611016971595
528	10.47552618132727
529	10.47543507300032
530	10.47548448813606
531	10.47597493101156
532	10.47591655114706
533	10.47561388182637
534	10.47529465094864
535	10.4757222298221
536	10.47536781735949
537	10.47545488801894
538	10.47571917686515
539	10.47556039060892
540	10.47548559948059
541	10.47538969268111
542	10.47538123615646
543	10.4753236689577
544	10.47531197474837
545	10.47584123216589
546	10.47552410464242
547	10.47563787794732
548	10.47533290936544
549	10.47543400206721
550	10.47560215503182
551	10.47540191969295
552	10.47497390730803
553	10.47553626550982
554	10.47499561800539
555	10.47504986990221
556	10.47538991081802
557	10.47475600475806
558	10.47505354660189
559	10.47526265974759
560	10.47495580384051
561	10.47462901187259
562	10.47494194152184
563	10.4750158199979
564	10.47517025759615
565	10.47546222120804
566	10.47515749430925
567	10.47497450723277
568	10.47476106455779
569	10.47507670007806
570	10.47496336865913
571	10.47533666562798
572	10.47521542888199
573	10.47510387531172
574	10.47503534835796
575	10.47486102712586
576	10.47465772731719
577	10.47529589303346
578	10.4752089452314
579	10.47474193989141
580	10.47471424753187
581	10.47514271587887
582	10.47502068914257
583	10.47484645387931
584	10.4746605527184
585	10.4745496743981
586	10.47452423260561
587	10.47444999883017
588	10.47505754465591
589	10.47510999745674
590	10.47481738026735
591	10.47516470072514
592	10.47486677207602
593	10.47500218923937
594	10.47460218910563
595	10.47480791040669
596	10.47506354427975
597	10.47471683061133
598	10.47510748495622
599	10.4745050530975
600	10.47482294280083
601	10.47454862982431
602	10.47502983459989
603	10.47407948058885
604	10.4746231538479
605	10.47423828647318
606	10.47493914102411
607	10.47428431449898
608	10.47405559216384
609	10.47424403221313
610	10.47393285935627
611	10.47462994403506
612	10.47439238102183
613	10.47437587915422
614	10.47423035623618
615	10.47474526615932
616	10.47444190009764
617	10.47452449668563
618	10.47435031238969
619	10.47444765648399
620	10.47439879877889
621	10.47435784649255
622	10.4744483699124
623	10.47442052754992
624	10.47418737561539
625	10.47442513305074
626	10.47446566759714
627	10.47420379636947
628	10.47468040880888
629	10.47406810665835
630	10.47415496915031
631	10.47421882969813
632	10.4741290514945
633	10.47383958841536
634	10.47435029368842
635	10.47440660134663
636	10.47402863549682
637	10.47394713697048
638	10.47428738418544
639	10.47432313712884
640	10.47413110831204
641	10.4742835434865
642	10.47396413826826
643	10.47399732179095
644	10.47460469271715
645	10.47378334418101
646	10.47382539861932
647	10.47421641060497
648	10.4740891670313
649	10.47420575978296
650	10.47401006541503
651	10.47418925465052
652	10.4743404645208
653	10.47370490651761
654	10.47341337943712
655	10.47373215194367
656	10.47385237285681
657	10.47329543911072
658	10.47359642335542
659	10.47384110949885
660	10.47361428469547
661	10.47352570426007
662	10.47347183025329
663	10.47340883766057
664	10.47336974061976
665	10.47344970679145
666	10.47365269996326
667	10.47351026629111
668	10.47333734714598
669	10.47354593227542
670	10.47354500202228
671	10.47366013236149
672	10.47354840030576
673	10.47340145871634
674	10.47359702012243
675	10.47310572439385
676	10.47338354695209
677	10.47327986686143
678	10.47274539271662
679	10.47297978099909
680	10.47235279814629
681	10.47262710337953
682	10.47272140019379
683	10.47267814346314
684	10.472612120449
685	10.47265152149767
686	10.47246965556847
687	10.4723959775601
688	10.47218633252896
689	10.47241135926211
690	10.47253343460329
691	10.47232163626729
692	10.4721391025711
693	10.47287250627748
694	10.47277331817008
695	10.47254701466033
696	10.47279180574049
697	10.47276966209642
698	10.47282989831884
699	10.47292457272062
700	10.47287399785586
701	10.47282436716452
702	10.47325868990879
703	10.47302568307333
704	10.4728209120211
705	10.47288046154599
706	10.47290998761789
707	10.47303651048799
708	10.47282357098992
709	10.47276397883033
710	10.47266446669772
711	10.47300395760258
712	10.4724003591906
713	10.47315221772577
714	10.47293235715624
715	10.4729032346118
716	10.47283329604693
717	10.47277018836393
718	10.47301513693181
719	10.47299244060895
720	10.4729940834088
721	10.47277455247857
722	10.4733362138219
723	10.47285920789811
724	10.47325583100775
725	10.47333660768987
726	10.47290554531089
727	10.47296656129516
728	10.47298825262542
729	10.47278367507907
730	10.47297591044217
731	10.47296577408593
732	10.47319446666679
733	10.47307601267598
734	10.47295256529088
735	10.47291165132296
736	10.47288701966921
737	10.47273500306052
738	10.47266089897797
739	10.47270395074025
740	10.47277201630033
741	10.47267228843321
742	10.47290397995439
743	10.47265760518081
744	10.47280580254716
745	10.47257718855576
746	10.47281146378327
747	10.47283892156992
748	10.47300242060111
749	10.47307523850672
750	10.47292568312525
751	10.47299222926423
752	10.47273443556732
753	10.47305830752972
754	10.47314178088591
755	10.4728376892125
756	10.47289692653597
757	10.4730186256812
758	10.47322012287781
759	10.47311609023211
760	10.47286253619383
761	10.47261405600851
762	10.47308288666458
763	10.47279932693876
764	10.47282477505998
765	10.47290295407601
766	10.47239278095995
767	10.47263004473377
768	10.47285557493457
769	10.4725924295014
770	10.4727772556005
771	10.47258703073587
772	10.47279592244902
773	10.47292291907945
774	10.47256037151454
775	10.47262890467562
776	10.47246992093451
777	10.47264426590639
778	10.47246187481013
779	10.47255039738112
780	10.47251567486395
