0	10.37883578445326
1	10.37536294480989
2	10.37448536647609
3	10.37403968250729
4	10.37371752933933
5	10.37479900165067
6	10.3744721273751
7	10.37461650209631
8	10.37451786823043
9	10.37412991779909
10	10.37394570866679
11	10.37394687214127
12	10.37356532592568
13	10.37349457596411
14	10.37338743738463
15	10.37317269131308
16	10.37304095961296
17	10.37296853083345
18	10.37272259842109
19	10.3727531545459
20	10.37265880892709
21	10.37247614094603
22	10.37237726368725
23	10.3722706661197
24	10.37233405900155
25	10.37207591865413
26	10.37215456591776
27	10.3720034649042
28	10.3718700601578
29	10.37196360502096
30	10.37175919011715
31	10.3716914331856
32	10.37165815848073
33	10.37161676900151
34	10.37139245537319
35	10.37145675005144
36	10.37144880917107
37	10.37136847646606
38	10.3710073531439
39	10.37109531692853
40	10.3710085192633
41	10.37134008147129
42	10.3711340669828
43	10.37082495635945
44	10.3708486615369
45	10.37106616290409
46	10.37077032856952
47	10.37057156642195
48	10.37074672746553
49	10.37046045797266
50	10.37054269015649
51	10.37063926387396
52	10.37038578584266
53	10.37036673114244
54	10.37047265414668
55	10.37040969256414
56	10.37021641901865
57	10.37026272965424
58	10.37034551571571
59	10.37020414386283
60	10.36994704915792
61	10.36985570075016
62	10.36984283091658
63	10.36992860369659
64	10.36985806897791
65	10.36981789537963
66	10.37006588475092
67	10.36986426488139
68	10.36950779649476
69	10.36964825168415
70	10.36924002910996
71	10.36921934164022
72	10.36947479918332
73	10.36927501225597
74	10.36937110743454
75	10.36913425156873
76	10.36934281918249
77	10.36945140109736
78	10.36914275076197
79	10.36903729687692
80	10.36911173653955
81	10.3692023990169
82	10.36896872707112
83	10.36894884167548
84	10.36859678097304
85	10.36893646415893
86	10.36898457375094
87	10.36854644438492
88	10.36874843857235
89	10.36862983090198
90	10.36878765892435
91	10.36885909560683
92	10.36888075135126
93	10.36883547719655
94	10.36874635421008
95	10.36862073948591
96	10.36882200940546
97	10.36874661798331
98	10.36898679121205
99	10.36872637100383
100	10.36856086222972
101	10.36832719290354
102	10.36865630620251
103	10.36833611144039
104	10.36862782270846
105	10.36843206698597
106	10.36816810394634
107	10.3684556359877
108	10.36815464037151
109	10.36817296654313
110	10.36836588410348
111	10.36807953332286
112	10.36824176845708
113	10.36791982642714
114	10.36784048436866
115	10.36788872604753
116	10.36792360826946
117	10.36792577291671
118	10.36774143130844
119	10.36766091872103
120	10.36773089360001
121	10.36766390287719
122	10.36740345856868
123	10.36755241136515
124	10.36736282311997
125	10.3675006864656
126	10.36758696101793
127	10.36748060040537
128	10.36767015934342
129	10.36743247926886
130	10.36779196896044
131	10.36742919843356
132	10.36767881191272
133	10.36790718798473
134	10.36782435733843
135	10.36748973121099
136	10.36731933191841
137	10.36748947301601
138	10.36733044971665
139	10.36724675933825
140	10.3672661750872
141	10.36711542023074
142	10.36718593853354
143	10.36729275811769
144	10.36706049413383
145	10.36726847721143
146	10.367286652008
147	10.36713628684753
148	10.36712293424153
149	10.36695845618931
150	10.36692304103299
151	10.36662080914918
152	10.36676819497524
153	10.36679470759236
154	10.36648855814719
155	10.3664479597121
156	10.36645662891011
157	10.36646900829187
158	10.3660824059546
159	10.36635599845764
160	10.36650068897153
161	10.36623679210693
162	10.3665093564268
163	10.36624124049734
164	10.36612448490558
165	10.36488462334376
166	10.35526831535613
167	10.33492179097029
168	10.32916566355439
169	10.33906304777663
170	10.34981742643205
171	10.3568162883402
172	10.3596083652478
173	10.36090924389389
174	10.36162594263092
175	10.36160986856213
176	10.36170656515947
177	10.35525291456338
178	10.29739132317886
179	10.27634842274625
180	10.28926415768103
181	10.29423751426174
182	10.29644654423583
183	10.2996013493877
184	10.30326331895752
185	10.31143219069074
186	10.32294608369983
187	10.33244026199708
188	10.34075399737839
189	10.34697441444888
190	10.35098071671083
191	10.35355648290116
192	10.35541496467022
193	10.35692444682907
194	10.35809471166058
195	10.35951310058628
196	10.36032347427461
197	10.3608754696148
198	10.36156623351989
199	10.36207544613647
200	10.36234738893048
201	10.3628445426847
202	10.36278748906955
203	10.36308336428133
204	10.36308551170887
205	10.3633461941262
206	10.36349944735866
207	10.36338245462712
208	10.36355289873657
209	10.36324512890007
210	10.36326439116275
211	10.36325976467655
212	10.36342333101915
213	10.36360059496855
214	10.36383708596461
215	10.36366490030559
216	10.36372048783242
217	10.36360180996141
218	10.36358670530273
219	10.36338759726642
220	10.36347047160602
221	10.3633375441863
222	10.36348573382072
223	10.3634300465215
224	10.36350622249909
225	10.36344670488911
226	10.36349359802205
227	10.36347196913895
228	10.36343936104637
229	10.36341907128857
230	10.36362152188645
231	10.36339191768788
232	10.36353339772356
233	10.36341377207821
234	10.36353121465526
235	10.36349978270833
236	10.36340431394494
237	10.36326668615605
238	10.36331506440529
239	10.36337413220508
240	10.36337518145436
241	10.36317779940432
242	10.36282891178623
243	10.36255822602509
244	10.36219617335465
245	10.3617907784485
246	10.36165494270572
247	10.36130021059453
248	10.36088766870748
249	10.36113787808153
250	10.36111634263399
251	10.36109507413523
252	10.36121747249792
253	10.36128388709193
254	10.36106044799586
255	10.36103444418705
256	10.36094290141475
257	10.36071380927138
258	10.36037584324493
259	10.36028654640707
260	10.36040993261721
261	10.36007205676738
262	10.36012317753695
263	10.36009946979369
264	10.3605079076105
265	10.36033360142361
266	10.36095733308766
267	10.36102209487314
268	10.36117123325291
269	10.36097180985747
270	10.36127510719144
271	10.36153002754706
272	10.36137079844628
273	10.36146602433686
274	10.36173471183115
275	10.36174535999916
276	10.36183617716907
277	10.36178466366081
278	10.3617379791373
279	10.36175750369052
280	10.36178778030405
281	10.36202490063965
282	10.36174952486773
283	10.36179922898213
284	10.3614877382459
285	10.36182969535939
286	10.36167965198297
287	10.36174042519766
288	10.36149186658333
289	10.36157806736062
290	10.36157896751813
291	10.36197880993666
292	10.36159991837833
293	10.36149191028293
294	10.3612792359353
295	10.36128771650869
296	10.3615060290682
297	10.36123053979174
298	10.36095128254374
299	10.36094011889999
300	10.36033622195603
301	10.35953092701223
302	10.35857627934846
303	10.35695294074071
304	10.35515557092868
305	10.35289838512164
306	10.35022480306703
307	10.34712719741991
308	10.34412939203377
309	10.3423672996579
310	10.34062797085736
311	10.33992251790915
312	10.33898758197929
313	10.3376732516499
314	10.3353306382584
315	10.33193276026087
316	10.32759931966896
317	10.32352387224135
318	10.31925644434064
319	10.31685377012802
320	10.31506133951828
321	10.31519885412723
322	10.3161536885847
323	10.31791311600733
324	10.32078839864112
325	10.32415599657897
326	10.32770989388605
327	10.33150665358846
328	10.33516641763597
329	10.33793972992876
330	10.34021946946977
331	10.34167536692379
332	10.3429331479978
333	10.34347597559666
334	10.34349609949491
335	10.34349548146919
336	10.34335371366532
337	10.34401833320804
338	10.34473205514528
339	10.34608949242536
340	10.34727303036448
341	10.34917710732334
342	10.35036698053786
343	10.35180918804097
344	10.35302376227687
345	10.35402365341238
346	10.35475300866529
347	10.35553474249941
348	10.35625342399518
349	10.35670620932214
350	10.35716983899668
351	10.35782046572033
352	10.35783126659031
353	10.35844912712564
354	10.35809946567037
355	10.3583585942551
356	10.35828552435653
357	10.35819479354794
358	10.35842388989604
359	10.35798840460595
360	10.35806478915044
361	10.35822507536577
362	10.35828132236089
363	10.35854482944519
364	10.3587598158796
365	10.35883720969445
366	10.3592991533534
367	10.35943003085132
368	10.35951776405006
369	10.35988587612091
370	10.35971959798492
371	10.35976623890744
372	10.35985503603762
373	10.35978413818047
374	10.36008064171665
375	10.36029116997349
376	10.3602902455703
377	10.36016346825297
378	10.36002139971546
379	10.36026437596438
380	10.36020592051827
381	10.36023148518796
382	10.35978232715118
383	10.35994215619069
384	10.35944587357245
385	10.35910036204875
386	10.35895607209194
387	10.35857939872431
388	10.35844770687696
389	10.35827573311913
390	10.35832838354993
391	10.35824184152687
392	10.35839935262838
393	10.35844844132916
394	10.35888564917453
395	10.35928301708933
396	10.35914497991448
397	10.35950957650298
398	10.3595947517532
399	10.35959651543439
400	10.35940792432625
401	10.35968444127208
402	10.35952126885876
403	10.35966500985388
404	10.35941535215239
405	10.35949675268364
406	10.35963525940507
407	10.35960837620686
408	10.35946365071324
409	10.35976055717773
410	10.35932874638126
411	10.35978147023809
412	10.3595828656034
413	10.35970015542821
414	10.35960478795227
415	10.35980266232155
416	10.35965776831995
417	10.35959905162496
418	10.3595115678298
419	10.35965962626318
420	10.35962024659146
421	10.35987784740634
422	10.35968572620329
423	10.35965599850487
424	10.35956168614238
425	10.35945972240376
426	10.35944417836727
427	10.35941262271812
428	10.3595740767995
429	10.35961200134355
430	10.35929832907371
431	10.35889990757923
432	10.35854963513114
433	10.35766305586071
434	10.35631617721784
435	10.35383541627325
436	10.34985558547283
437	10.34389098816282
438	10.33518286261188
439	10.32280319386705
440	10.30713190552576
441	10.28892051126888
442	10.26898446154884
443	10.24947746326696
444	10.23185465436825
445	10.21807357054486
446	10.20960989501888
447	10.20649890154327
448	10.20874338630451
449	10.21515501102413
450	10.22461364552662
451	10.23630589371276
452	10.24856825732717
453	10.26052929645902
454	10.27192072198764
455	10.28212081697066
456	10.29111652835079
457	10.29961335829076
458	10.30690206534201
459	10.31335496704395
460	10.31908228132317
461	10.32427106515328
462	10.32906085672423
463	10.33309484474385
464	10.33651039347156
465	10.34000941676943
466	10.3426169701542
467	10.34535019656303
468	10.34732146331011
469	10.3490984087137
470	10.35056078322902
471	10.35174241965411
472	10.35263615675886
473	10.35392115994921
474	10.35447860654636
475	10.35497301417543
476	10.35612648127348
477	10.3563577426379
478	10.35674009406199
479	10.3569011173277
480	10.35727784548859
481	10.35717092484364
482	10.35804756940959
483	10.3578392085532
484	10.35820160660597
485	10.35814509556612
486	10.35834101922267
487	10.35867349247796
488	10.35867223892147
489	10.35828831709997
490	10.35863006508344
491	10.35887461709003
492	10.3587001676051
493	10.35866972437557
494	10.35870369393294
495	10.35892152929891
496	10.35863583827678
497	10.35887945221914
498	10.35887123755857
499	10.35876344622623
500	10.35874801287306
501	10.35879126348328
502	10.3585303300228
503	10.35849600865766
504	10.35843407095278
505	10.35863788656476
506	10.35864386790055
507	10.35846968139303
508	10.35909462179447
509	10.35846462576828
510	10.35883365367469
511	10.35853704182469
512	10.35867605979011
513	10.35840060849777
514	10.35846103918557
515	10.35866868751422
516	10.35886023863664
517	10.35865013570074
518	10.35849578080846
519	10.35854357423114
520	10.35823833362511
521	10.35844011350812
522	10.35848028237017
523	10.35815576560912
524	10.35848567459963
525	10.35821419784823
526	10.35809622449849
527	10.35840719789621
528	10.35829000860221
529	10.35836029925837
530	10.35840783495146
531	10.3586342622629
532	10.3580559917631
533	10.35781955402693
534	10.35820475911238
535	10.35809338922458
536	10.35790105076682
537	10.35803496651717
538	10.3582287278661
539	10.35816299770669
540	10.35799259682385
541	10.35821662839548
542	10.35804143600656
543	10.35824694805839
544	10.35836029428083
545	10.35822792564597
546	10.35847340186811
547	10.35824400746295
548	10.35795044460292
549	10.35819548583093
550	10.35806630681447
551	10.35793627625095
552	10.3579489425277
553	10.3579358328069
554	10.35806618751153
555	10.35792621628773
556	10.35793540922541
557	10.35803191659328
558	10.3579050376431
559	10.35810153711538
560	10.35791383542295
561	10.35797411459852
562	10.35808924093355
563	10.35817911246737
564	10.35799877068896
565	10.35768950148588
566	10.35786337985172
567	10.35770612350228
568	10.35759766086207
569	10.35752450355151
570	10.35783791272358
571	10.35764583956813
572	10.35771544250084
573	10.35808797167
574	10.3580507248675
575	10.35795639057141
576	10.35762831346724
577	10.35768384707079
578	10.35761635804343
579	10.35811773836848
580	10.35774447108028
581	10.35763567694758
582	10.35758049895605
583	10.35762146708264
584	10.35758774050013
585	10.35760164747344
586	10.3576136996408
587	10.3578212396634
588	10.35815102754581
589	10.35793350938297
590	10.35804700495985
591	10.35759183861069
592	10.3575825677547
593	10.35733930921855
594	10.35770546607618
595	10.35760330724486
596	10.35746387008581
597	10.35727020159626
598	10.35741356328347
599	10.35778285762665
600	10.35757394701063
601	10.35755880604513
602	10.35735017477533
603	10.3573564382067
604	10.35749179350664
605	10.35754606113289
606	10.3575772194098
607	10.35734161385985
608	10.35752496778215
609	10.35734680084799
610	10.3571503144063
611	10.35767427095705
612	10.35729405170129
613	10.35723423415637
614	10.35736363808039
615	10.35748239898468
616	10.35717071904488
617	10.35715314354338
618	10.35730807051275
619	10.35723086373259
620	10.35737427891268
621	10.35742496829645
622	10.35744349587603
623	10.35728626627598
624	10.35724799791158
625	10.35734654296081
626	10.35755883702667
627	10.35731135740657
628	10.35738236158625
629	10.35741097107168
630	10.35712305894894
631	10.35727302754141
632	10.35736297313284
633	10.35731365855791
634	10.35724897881052
635	10.35740938790953
636	10.3573845421382
637	10.35722577816495
638	10.35734722006555
639	10.35730273981339
640	10.35778462823173
641	10.35724331999151
642	10.35717793026772
643	10.35725316362407
644	10.35747716633057
645	10.35719824620424
646	10.35707396649767
647	10.35712426813729
648	10.35718624181875
649	10.35700913004031
650	10.35721185363387
651	10.35701267138918
652	10.35712129093637
653	10.35707820360462
654	10.35688008959053
655	10.35719814296114
656	10.35729455498651
657	10.35667651185089
658	10.35683873665497
659	10.35685592654495
660	10.35714320309256
661	10.35711060829862
662	10.3568766499026
663	10.3567991097017
664	10.35708907253493
665	10.35690986036125
666	10.35624155784613
667	10.35603864766223
668	10.3556998462388
669	10.35471946890444
670	10.35397752563181
671	10.35298468557137
672	10.35187570288114
673	10.35046789366453
674	10.34869160546156
675	10.34704378558182
676	10.34488003241775
677	10.3432818497541
678	10.34127220497679
679	10.33969676329771
680	10.33772864716951
681	10.33680872791178
682	10.33584030174378
683	10.33535815919762
684	10.33576211805765
685	10.33565629050252
686	10.33648811622997
687	10.33734147088726
688	10.33768323796816
689	10.33957689001711
690	10.34079290321229
691	10.34191223389405
692	10.34286241279518
693	10.34406260096104
694	10.34582738354188
695	10.34668015622228
696	10.34765962592167
697	10.3485549546872
698	10.34926816832398
699	10.35043145386472
700	10.35066105607217
701	10.35156352864345
702	10.35194061246738
703	10.35277846298676
704	10.35322310385643
705	10.35391301854783
706	10.35355779854081
707	10.35428524248934
708	10.35488562512304
709	10.3545320680394
710	10.35503192559345
711	10.35552164410713
712	10.35517114965885
713	10.3552807292644
714	10.35532883943043
715	10.35534780349431
716	10.35559641108683
717	10.35574240255276
718	10.35562333097741
719	10.35592476619757
720	10.35594129008784
721	10.35584109373694
722	10.35598937337299
723	10.35608164115611
724	10.35591522492896
725	10.35610096051331
726	10.35640585826979
727	10.3561744972651
728	10.35618038340608
729	10.35650887877904
730	10.35644542624453
731	10.35616092341175
732	10.35605031826293
733	10.35624557606177
734	10.35613969415043
735	10.35610479592727
736	10.35596300741136
737	10.3561385220373
738	10.35587062152632
739	10.35604440778158
740	10.35614845849872
741	10.35601742389429
742	10.35606531913606
743	10.35610379942837
744	10.3561391461185
745	10.3563562399072
746	10.35632404160742
747	10.35661586497368
748	10.35613554625792
749	10.35612267044367
750	10.35598650992687
751	10.35579274527995
752	10.35609593167486
753	10.35622785245294
754	10.35630969750206
755	10.35598735972525
756	10.35605117437317
757	10.35576572950773
758	10.35612911111395
759	10.35597783423849
760	10.35638154871179
761	10.35621723689071
762	10.35630033840243
763	10.35570366484017
764	10.35563557527828
765	10.35576235125402
766	10.35587611934411
767	10.35591517001983
768	10.35587278442863
769	10.35575976674144
770	10.35592786533269
771	10.35607865832679
772	10.35582500440665
773	10.35593072566936
774	10.35582061232094
775	10.35569709954801
776	10.35579645618731
777	10.35552677784588
778	10.35537467558995
779	10.35542635696423
780	10.35549429158981
