0	10.39552150590087
1	10.39294610732437
2	10.39203482517005
3	10.39126714301852
4	10.39103706544039
5	10.39030196159713
6	10.38977832219688
7	10.38984762595095
8	10.38933175480707
9	10.38936743805931
10	10.38936442217915
11	10.38909988380293
12	10.38865975472976
13	10.38876684321373
14	10.38861228573249
15	10.38816760551334
16	10.38830759886005
17	10.3880315322865
18	10.38801988738847
19	10.38820561088324
20	10.38774572411118
21	10.38783712617803
22	10.38740513256533
23	10.38725485421356
24	10.38730701161329
25	10.3871471806892
26	10.38738720548189
27	10.38701722561723
28	10.38706959909909
29	10.38705176248448
30	10.38712389042689
31	10.38680731609074
32	10.38687822984443
33	10.38701231194999
34	10.3867517812102
35	10.38663985528795
36	10.38640851733611
37	10.38641342683973
38	10.38635307810934
39	10.38632990964007
40	10.38619176830958
41	10.38612723080292
42	10.38621036503244
43	10.38598400818353
44	10.38585352556112
45	10.38610159807097
46	10.38578436164797
47	10.38581993706776
48	10.38584217431669
49	10.38558077116835
50	10.38597136930751
51	10.38558813205987
52	10.38578231022345
53	10.38590460608957
54	10.38539321733626
55	10.38563329903769
56	10.38557528728744
57	10.38528260851247
58	10.38512570494364
59	10.38526034017119
60	10.38547049622178
61	10.38514814595894
62	10.38542906682925
63	10.38510816560233
64	10.38508463414234
65	10.38541856535357
66	10.38516110101644
67	10.38481402391366
68	10.3850170449141
69	10.38465634056937
70	10.38542862315295
71	10.38465706130523
72	10.38502695943697
73	10.3847203669523
74	10.38502083050585
75	10.38486607836801
76	10.38490348864959
77	10.38493171223844
78	10.38450000878689
79	10.38483945818342
80	10.38501942376119
81	10.38495322364573
82	10.38478055721289
83	10.38444103219992
84	10.38463133903774
85	10.38467249796509
86	10.38455214601436
87	10.3844780204711
88	10.38473633241073
89	10.3845152720147
90	10.38422308718399
91	10.38427784991634
92	10.38443549264012
93	10.38419608981811
94	10.38447710990565
95	10.38429458565862
96	10.38414157564047
97	10.38438697682078
98	10.38423320379634
99	10.38417680450895
100	10.38431751925982
101	10.3841081452449
102	10.38415603621498
103	10.3839724868425
104	10.38403142730032
105	10.38375702524409
106	10.384081280117
107	10.38379839044859
108	10.38367052309205
109	10.38361842294228
110	10.38335780321175
111	10.38353389334388
112	10.38352321303295
113	10.38354539686078
114	10.38327654565179
115	10.38330407713198
116	10.38323702596266
117	10.38326925755975
118	10.38311178698576
119	10.38306022463503
120	10.38291098260569
121	10.38306980705293
122	10.38306649439683
123	10.38266517594501
124	10.38283799836545
125	10.38279743792543
126	10.3827781416
127	10.38297796491903
128	10.3826443779113
129	10.38278085202958
130	10.38286231839247
131	10.38261678163746
132	10.38275585883766
133	10.38275910853104
134	10.38299634530125
135	10.38289016784363
136	10.38266807520575
137	10.38284057631809
138	10.38273125725075
139	10.38270126987619
140	10.38286606861805
141	10.38273477567365
142	10.38260371370844
143	10.38245778051318
144	10.3821584675523
145	10.3821479203632
146	10.3824681664972
147	10.38234163556505
148	10.38229762879005
149	10.38240925559178
150	10.38230294857593
151	10.38222652501431
152	10.38225610592382
153	10.38203611647867
154	10.38209950485137
155	10.38229739216278
156	10.38211495767547
157	10.38201586583594
158	10.38195717550511
159	10.38222762233977
160	10.38212447703799
161	10.38209542388928
162	10.38185909382076
163	10.38206545011279
164	10.38186276071767
165	10.38063437024682
166	10.37080560813066
167	10.3506241693166
168	10.34662883558693
169	10.35766445231386
170	10.36820566778997
171	10.37375239973414
172	10.37574870331189
173	10.37647938603274
174	10.37684582518185
175	10.37770138935834
176	10.37801355898193
177	10.37213702070302
178	10.32466737091366
179	10.30598338561894
180	10.31215015224398
181	10.31538600283567
182	10.31950450824754
183	10.32603140932688
184	10.33125105767709
185	10.33415188672533
186	10.33649303503983
187	10.34096122005532
188	10.34853425032845
189	10.35709744145825
190	10.36447314703964
191	10.36929005382917
192	10.37225754786355
193	10.37392150700626
194	10.37493534213723
195	10.37591225794819
196	10.37619497917423
197	10.37705506951914
198	10.37722263834213
199	10.37769114752085
200	10.37818967864929
201	10.37848463977118
202	10.37885584720132
203	10.37911996705606
204	10.37920452217589
205	10.37944379367997
206	10.37944028001175
207	10.37938953410971
208	10.37946368305008
209	10.38014363111005
210	10.38029307560027
211	10.38045855514817
212	10.38036812684082
213	10.38038162172552
214	10.38060237194491
215	10.3806472982611
216	10.38066691401193
217	10.38061822695929
218	10.38067280812107
219	10.38063281173915
220	10.38055892940706
221	10.38042989213579
222	10.38044540628678
223	10.38032441939444
224	10.38049799926641
225	10.38047177858292
226	10.38029146582798
227	10.38053936009918
228	10.3803414646069
229	10.38038722770988
230	10.38026025577697
231	10.38033128101476
232	10.38049190375404
233	10.38034524142917
234	10.38062517548995
235	10.3804006133404
236	10.38024262831922
237	10.37996049069292
238	10.38023029635
239	10.38038376703945
240	10.38013573529623
241	10.38020644038291
242	10.38005527483904
243	10.38010955269854
244	10.37987681868307
245	10.37990089704243
246	10.37973246206197
247	10.3796149578266
248	10.37959649719356
249	10.37953439648359
250	10.37956828559141
251	10.37932004266763
252	10.37942220089213
253	10.37917144955586
254	10.37932556795543
255	10.37953242229189
256	10.37903436778275
257	10.37930928663838
258	10.37941780041637
259	10.37915262302312
260	10.37915274814801
261	10.37893298367947
262	10.37891703177628
263	10.37910392855062
264	10.37915519757197
265	10.37901879719396
266	10.37912989897241
267	10.37908962725738
268	10.3791291901998
269	10.37916597465219
270	10.37905097246621
271	10.37914931647612
272	10.37944236558941
273	10.37913592452423
274	10.37919328821399
275	10.37909731052167
276	10.37934420162586
277	10.37900133929577
278	10.37915784904429
279	10.37937954116266
280	10.37926861050594
281	10.37927546937384
282	10.37910133310746
283	10.379130756365
284	10.37924078312785
285	10.37915573664617
286	10.37900251432969
287	10.37892742540887
288	10.37930401047844
289	10.37907639008981
290	10.3793367974672
291	10.37883445439996
292	10.37885530958705
293	10.37927363020702
294	10.37915967145418
295	10.37906079986009
296	10.37894807728477
297	10.37887518660066
298	10.37897022864541
299	10.37849086712366
300	10.37825764717056
301	10.37790373475222
302	10.37765920547595
303	10.37707263343493
304	10.3764476579569
305	10.37561653084444
306	10.37457053838867
307	10.3737604364463
308	10.37262074668864
309	10.37186682642247
310	10.37156207395542
311	10.37150692246614
312	10.37128497811207
313	10.37071825438014
314	10.36991396769691
315	10.36855450129803
316	10.3674093523885
317	10.36569038875648
318	10.36438632303784
319	10.36364420898265
320	10.36307327645814
321	10.36314700469299
322	10.36330488419846
323	10.36425280063999
324	10.36495288083567
325	10.36582156150961
326	10.36715890976308
327	10.36810241641372
328	10.36959707388793
329	10.37008087300563
330	10.37094087520334
331	10.37183523625337
332	10.3720758260541
333	10.37203827953167
334	10.37207771152335
335	10.37189064303522
336	10.3720027370269
337	10.37198575302787
338	10.37247234478768
339	10.37273232995731
340	10.3732674792318
341	10.37394679228385
342	10.37428395649652
343	10.37449201587692
344	10.37486806260868
345	10.37534773529861
346	10.37577787981299
347	10.37604377357738
348	10.37591218562682
349	10.37646000911668
350	10.37647873440133
351	10.37684932344477
352	10.37696864476446
353	10.37677968866671
354	10.37718866091287
355	10.37716513839492
356	10.37712996603557
357	10.37715535424266
358	10.3770408210017
359	10.37705469350871
360	10.37736146673103
361	10.37717775398989
362	10.37705264447587
363	10.37711579271463
364	10.37738348378709
365	10.37727881818839
366	10.37735255984444
367	10.37751055361713
368	10.37729258405843
369	10.37737393938331
370	10.37727191193099
371	10.37725532734051
372	10.37751844560393
373	10.37768176132555
374	10.37751305543655
375	10.37755968142866
376	10.3774775253055
377	10.37775473238799
378	10.37768913252617
379	10.37742060914005
380	10.37743534074193
381	10.37725513628808
382	10.37744749574478
383	10.37748010263094
384	10.37740745685344
385	10.37726218405652
386	10.37749404738439
387	10.37731729993799
388	10.37704816036078
389	10.37719824120287
390	10.37723758374285
391	10.37688566554674
392	10.37719941008695
393	10.3769556760138
394	10.37712862064185
395	10.37706747408474
396	10.37724247347211
397	10.37739860970489
398	10.37721290993404
399	10.37725911560768
400	10.37719839194768
401	10.37713535208466
402	10.37720005323607
403	10.37718645028018
404	10.37714854446234
405	10.37713694410056
406	10.37730294008767
407	10.37705436818593
408	10.37720736476306
409	10.37743618443884
410	10.37715833916321
411	10.37718330186832
412	10.37721912642046
413	10.37729990626753
414	10.37726235396172
415	10.37732208761783
416	10.3772059230503
417	10.37709037301641
418	10.37708332193631
419	10.37698188284552
420	10.37717529911739
421	10.37722712907461
422	10.3770281633373
423	10.37732461135776
424	10.37706810680552
425	10.37701840142212
426	10.37728187279154
427	10.37699023736081
428	10.376820404893
429	10.37711811324026
430	10.37686473436154
431	10.37661765481219
432	10.37623180626815
433	10.37566478017243
434	10.3745226733182
435	10.37201115627244
436	10.36857426171251
437	10.36317910164243
438	10.35530663591641
439	10.34404914088547
440	10.3299608829209
441	10.31332577817846
442	10.29488316080711
443	10.27635972406617
444	10.2600207127306
445	10.24740750746829
446	10.2390981535983
447	10.23586894767701
448	10.23769927940552
449	10.24336897960873
450	10.25196568045672
451	10.2624636351138
452	10.27352090452637
453	10.2841167453299
454	10.29432251102158
455	10.30379944392219
456	10.31243741658852
457	10.31990617520208
458	10.32703192075305
459	10.33322575459232
460	10.33841761320597
461	10.34316740587827
462	10.3470014459667
463	10.35017988449767
464	10.35346214120695
465	10.35627856807564
466	10.35814023169342
467	10.36026673103404
468	10.36190714824099
469	10.36305309917748
470	10.36404533138562
471	10.36524833264776
472	10.36597254515363
473	10.3668717314591
474	10.3675308187409
475	10.36847498382232
476	10.36917079621582
477	10.36972356910236
478	10.37039138278423
479	10.37128340096801
480	10.37191734072169
481	10.37256647565367
482	10.37325943508236
483	10.3738899976297
484	10.37435511523817
485	10.37454136327451
486	10.37515361136407
487	10.37517927253252
488	10.37565891133644
489	10.37558659317956
490	10.37578841780591
491	10.3759697394069
492	10.37634474837985
493	10.37622548581446
494	10.37623487162395
495	10.37596266283912
496	10.3766124710503
497	10.37663136940757
498	10.37610534901625
499	10.37615580780402
500	10.37604842166716
501	10.3759884616389
502	10.37606150476129
503	10.37602095738902
504	10.37597375245251
505	10.37630376507113
506	10.37579736072757
507	10.37556649800182
508	10.37560061362024
509	10.3755006268128
510	10.37587489356277
511	10.37576186315832
512	10.3756563838739
513	10.37550483250664
514	10.37546321828537
515	10.37584331945211
516	10.37571904229099
517	10.375527302951
518	10.37566316687569
519	10.37546118766451
520	10.37555800031751
521	10.37540309231326
522	10.37541114833715
523	10.37574344223099
524	10.37524506868759
525	10.3756831669375
526	10.37537167473474
527	10.37571206159062
528	10.37592150976963
529	10.37544556547294
530	10.37531300939107
531	10.37533585225081
532	10.37559101507835
533	10.37541095039105
534	10.37525228196081
535	10.37553323692142
536	10.37520258157442
537	10.37518101356156
538	10.37521848300615
539	10.37541482576762
540	10.37560431062211
541	10.37558298262851
542	10.37584891063658
543	10.37572163682573
544	10.37556954193697
545	10.37556670799722
546	10.37558432515152
547	10.37550864203814
548	10.37519572942397
549	10.37516306882284
550	10.37527385644023
551	10.37534691373387
552	10.37555590778935
553	10.37541896864443
554	10.37541914343147
555	10.37511203078352
556	10.37532839574347
557	10.3752775557929
558	10.37541295468903
559	10.37525917449153
560	10.37522026727295
561	10.37540126390467
562	10.3752219014764
563	10.37520846757247
564	10.37526611225692
565	10.37526267299066
566	10.37522790422132
567	10.37527297239289
568	10.37493516167483
569	10.37503892942081
570	10.37483933914454
571	10.37484082577504
572	10.37476791574115
573	10.37479209799371
574	10.37473924552676
575	10.37469967384275
576	10.37487554072672
577	10.37462551459153
578	10.37486555705663
579	10.37482227668995
580	10.37489160519456
581	10.37501114719356
582	10.3746106649482
583	10.37477203944984
584	10.37462810175594
585	10.37495699958291
586	10.37481128926384
587	10.37456557205807
588	10.37456226347209
589	10.37500861965265
590	10.37484500204036
591	10.37476912202672
592	10.37479012902067
593	10.37492649608171
594	10.37502032721677
595	10.37504578642283
596	10.37513145849969
597	10.37496159009234
598	10.37503929436394
599	10.37496838201315
600	10.37493583878915
601	10.37495649993599
602	10.37474383577583
603	10.37515991598459
604	10.37473857395888
605	10.3747815058213
606	10.37453972657447
607	10.37450492426461
608	10.37482053482576
609	10.37487917429856
610	10.37471447165665
611	10.37481756691141
612	10.3748235578542
613	10.37463121569512
614	10.37463423169714
615	10.37427917789881
616	10.37457305830646
617	10.37475697625355
618	10.37468269941346
619	10.37474396392326
620	10.37472241218218
621	10.3746735760414
622	10.3746989732471
623	10.37470351610097
624	10.37447781835433
625	10.37458395511398
626	10.37445232375213
627	10.37452653786643
628	10.37474309721883
629	10.37426699540127
630	10.37431496693114
631	10.37467419199266
632	10.37431487117162
633	10.37439147684879
634	10.37469325144841
635	10.37463973592313
636	10.37454454712058
637	10.37434472648246
638	10.37465968979341
639	10.37431275039723
640	10.37466532879431
641	10.37456730487982
642	10.37428409896225
643	10.37454674254235
644	10.37463226846968
645	10.37423428592688
646	10.37469776512081
647	10.37425051778907
648	10.37448784775475
649	10.3744294345806
650	10.37466648806788
651	10.37444650389319
652	10.37433231680504
653	10.37405168940058
654	10.37411692210587
655	10.37431517946311
656	10.37415937831186
657	10.37436185612726
658	10.3741410109894
659	10.37425552221083
660	10.37381014520264
661	10.37403123013521
662	10.37361470719106
663	10.37307407282849
664	10.3727008570601
665	10.37195137165382
666	10.37101889870875
667	10.36939683934664
668	10.36790341656203
669	10.36530058731534
670	10.36226515951181
671	10.35836204595137
672	10.35394071151596
673	10.34862468811971
674	10.34282160453642
675	10.33664499897489
676	10.33013473045056
677	10.32396063877698
678	10.31812219322905
679	10.31329763614313
680	10.30965140021291
681	10.30661981047674
682	10.30527489725212
683	10.30497141257952
684	10.30574272028352
685	10.30742465508601
686	10.30992477518267
687	10.31296477186481
688	10.31693357198671
689	10.32080473387117
690	10.32474648945356
691	10.32879979440854
692	10.33281761765331
693	10.33682782246257
694	10.34032203882929
695	10.34342395028368
696	10.34651845813916
697	10.34940862187924
698	10.35170864958694
699	10.35411681002641
700	10.35586908735723
701	10.35750900389765
702	10.35957944860848
703	10.36066790242467
704	10.36194784282295
705	10.36290673613123
706	10.36365107389609
707	10.36471572614378
708	10.36565939108558
709	10.36652532529697
710	10.36714385704023
711	10.36773618393712
712	10.36820216780305
713	10.36890549235744
714	10.36922966615085
715	10.36945307339262
716	10.37002330177305
717	10.37024180659376
718	10.37069717918386
719	10.37089387609334
720	10.37079333872497
721	10.37117207845931
722	10.3716416078376
723	10.37185429755351
724	10.37219127339696
725	10.37230316368012
726	10.3724001433383
727	10.37253431718302
728	10.37269534389896
729	10.37273007602289
730	10.37287307803262
731	10.37260305915723
732	10.37271572867858
733	10.37297186429805
734	10.37291548422522
735	10.37298122403454
736	10.3732144196429
737	10.37284945613782
738	10.37280020249665
739	10.37309272232895
740	10.37326203205211
741	10.37294925614475
742	10.37295628600965
743	10.37301639045824
744	10.37285774985891
745	10.37292651078092
746	10.37286349674565
747	10.37295618307431
748	10.37310608137692
749	10.3730849288704
750	10.37328505366497
751	10.37301588343274
752	10.37307130227678
753	10.37314155089031
754	10.37310684509478
755	10.37325209430949
756	10.3729958280262
757	10.3730095911099
758	10.37280541102596
759	10.37286175344375
760	10.37303993448579
761	10.37307276823156
762	10.37325802941522
763	10.37282785324624
764	10.37304284131113
765	10.37285574669898
766	10.37298247964988
767	10.37289400069487
768	10.37308258711905
769	10.37327221019998
770	10.37291013096449
771	10.37294361924904
772	10.37306807608702
773	10.3729416947681
774	10.37261472043139
775	10.37288766325391
776	10.37296541036932
777	10.37290773270644
778	10.37294802551299
779	10.37278236239005
780	10.37269029703399
