0	10.41420839087256
1	10.41152687312046
2	10.41060356621584
3	10.41003178796748
4	10.4100558426573
5	10.40949907286614
6	10.40906721762624
7	10.40874946129852
8	10.40876397581581
9	10.40853375623262
10	10.40833735896526
11	10.40810175628106
12	10.4078149097638
13	10.40736068957639
14	10.4074992235225
15	10.4074208131534
16	10.40709035282339
17	10.40728677256794
18	10.40702928008935
19	10.40704799962808
20	10.40666092834039
21	10.40668817876539
22	10.40676944576799
23	10.40651830963393
24	10.40645149992554
25	10.40639323713228
26	10.40626023091464
27	10.40609699323479
28	10.40625544389974
29	10.40592842950854
30	10.40577016726327
31	10.40582176407708
32	10.40569548005676
33	10.40587664640047
34	10.40550037453324
35	10.40524958601943
36	10.40542186647879
37	10.40520551410877
38	10.40485999303966
39	10.40509844516083
40	10.40486889216301
41	10.40495661304852
42	10.40474865628361
43	10.40474060024396
44	10.40488352315383
45	10.40471477670795
46	10.40453556014736
47	10.40449153768003
48	10.40448812005637
49	10.40449916882872
50	10.40415698083423
51	10.4043559385945
52	10.40416450624102
53	10.40408023517619
54	10.40423526719276
55	10.4042866674347
56	10.40398228930676
57	10.40370856697517
58	10.40396587406551
59	10.40364823843695
60	10.403733668931
61	10.40362354676371
62	10.40353338941772
63	10.40352994226673
64	10.40362272561521
65	10.40339028911569
66	10.40353751047812
67	10.40340811494608
68	10.40337935268687
69	10.40329881179616
70	10.40300107226632
71	10.40318618864152
72	10.40297001909174
73	10.40281526860171
74	10.40302298244409
75	10.40309576546886
76	10.40281313026309
77	10.4028121783376
78	10.40299766421945
79	10.40259534955835
80	10.40279812614024
81	10.40279682747127
82	10.40262716243181
83	10.40269072110429
84	10.40235548918064
85	10.40205319247876
86	10.40256099406441
87	10.40227534367167
88	10.40233088898196
89	10.40216380121296
90	10.40209009811917
91	10.40198559746699
92	10.40214075814942
93	10.40225742362774
94	10.40180387495138
95	10.40185713864395
96	10.40189677574012
97	10.40174961771964
98	10.40176822637329
99	10.40180951399215
100	10.40160085929587
101	10.40172274564022
102	10.40155718817985
103	10.40149232638229
104	10.40136756068251
105	10.40139295608068
106	10.40138343045329
107	10.40142802188329
108	10.40102404344463
109	10.40125068512214
110	10.40111884782567
111	10.4010796427437
112	10.40101630358783
113	10.40104784200081
114	10.40099867654357
115	10.40090144886587
116	10.40083847554209
117	10.40077765552555
118	10.40086037537048
119	10.40100310417723
120	10.40097929212811
121	10.40115266708177
122	10.4007926487364
123	10.40090566780579
124	10.40106700766036
125	10.4010370431734
126	10.40116556327636
127	10.40115288350295
128	10.40112889028086
129	10.40109972593789
130	10.40090425945217
131	10.40106225589307
132	10.40108334251076
133	10.40094090726183
134	10.40073957633836
135	10.40066958174255
136	10.40073232267057
137	10.40064163844763
138	10.40053401463268
139	10.40074421843222
140	10.40052123271535
141	10.4004110708505
142	10.40026971351176
143	10.40061328026677
144	10.40029419072401
145	10.40031449123641
146	10.400105237788
147	10.40007574822452
148	10.4000464514371
149	10.40011594646379
150	10.39998139508832
151	10.40000493057391
152	10.39986537283703
153	10.39979493957326
154	10.39974867618434
155	10.39963795893553
156	10.3996576069644
157	10.39946566031361
158	10.39948711050341
159	10.39936862495717
160	10.3993285308941
161	10.39960933094118
162	10.39963101058279
163	10.39948585693523
164	10.39907849920379
165	10.39706863164272
166	10.38375619305637
167	10.36468535038955
168	10.36476924249641
169	10.37593504535482
170	10.38567749130465
171	10.39115753461429
172	10.39322205065758
173	10.394119756026
174	10.39501337387346
175	10.39580863068987
176	10.39578407139542
177	10.38021325310246
178	10.3207390321098
179	10.31731581002232
180	10.33010767799657
181	10.33317884998625
182	10.33951959230971
183	10.34648855369843
184	10.3509775864069
185	10.35442340915462
186	10.35707121741338
187	10.36009310713464
188	10.36568913845847
189	10.37311177861082
190	10.37995697530645
191	10.38621236465834
192	10.39022220597875
193	10.39241376853748
194	10.39342766484654
195	10.39395146801468
196	10.39441109846015
197	10.3948320199234
198	10.39509114766319
199	10.3957198074746
200	10.3962994483494
201	10.39672616648868
202	10.39722183298114
203	10.39762898169582
204	10.39793545890324
205	10.39796622547727
206	10.39820119928498
207	10.39819808963816
208	10.39837641438688
209	10.39839081599566
210	10.39832418840213
211	10.3980404194449
212	10.39816248198991
213	10.39808128246821
214	10.39772574004647
215	10.39771758706579
216	10.39728742084493
217	10.39668599820627
218	10.39622637860781
219	10.39485185657321
220	10.39312289702616
221	10.39135021181828
222	10.38962617826767
223	10.38825823159114
224	10.3873595114896
225	10.3869397450759
226	10.38722135219542
227	10.38796963087074
228	10.38871092809764
229	10.38973237679435
230	10.39015046250251
231	10.39072005850293
232	10.39114109458046
233	10.39139340123767
234	10.39164880847092
235	10.39173263090087
236	10.39191721386149
237	10.39211858448854
238	10.39210843672146
239	10.3913664086651
240	10.39050581314521
241	10.38777428834054
242	10.38348005338044
243	10.37631128472701
244	10.36745081677603
245	10.35851019151418
246	10.35117603868951
247	10.34698836414798
248	10.34670357616011
249	10.34828878780563
250	10.35108204429582
251	10.35316880928373
252	10.35389046368211
253	10.35351951338966
254	10.35179485327882
255	10.34905368266638
256	10.34630713314313
257	10.34393272519684
258	10.34116635933742
259	10.33880126596566
260	10.33736953218089
261	10.33701502032567
262	10.33796973533568
263	10.3411419759977
264	10.345501177437
265	10.35017215246199
266	10.35496365044616
267	10.35906624187926
268	10.36240485959192
269	10.36450834381213
270	10.36614213825587
271	10.36784562272243
272	10.36944231323835
273	10.37092960527718
274	10.37235319735761
275	10.37405753265326
276	10.37541930403379
277	10.37671221676647
278	10.37790714484079
279	10.37888086211885
280	10.37974388604324
281	10.38072013609245
282	10.38179171478532
283	10.38301787844438
284	10.38438788378403
285	10.38525897579184
286	10.38683998564232
287	10.38758481278115
288	10.38851117812629
289	10.38914826610525
290	10.38978300224318
291	10.3903274836063
292	10.39110351243164
293	10.39167024843359
294	10.3921371097584
295	10.39216759036375
296	10.39228954874106
297	10.39201352116251
298	10.3917478862146
299	10.39091099493445
300	10.38994005658312
301	10.38840432704607
302	10.38663069883555
303	10.38376366026768
304	10.38059904164654
305	10.37603258299925
306	10.37173005362967
307	10.36693156885469
308	10.36344068575936
309	10.36138947578217
310	10.36043606966408
311	10.36008102489963
312	10.35865669338676
313	10.35595880998033
314	10.35182535256493
315	10.3465768217145
316	10.34070850948143
317	10.33587350993812
318	10.3322618737384
319	10.33080608438409
320	10.33081677438233
321	10.33274651036669
322	10.33564763259842
323	10.33966259033107
324	10.34421908825466
325	10.34954514408899
326	10.3545251785415
327	10.35926362560843
328	10.36339915558175
329	10.36676343960874
330	10.36915376264405
331	10.37034990474823
332	10.37108732514587
333	10.37094889400808
334	10.37071760924464
335	10.37077243694312
336	10.37120127972828
337	10.37226403113099
338	10.37347850353157
339	10.37549008478831
340	10.37738236132785
341	10.37970327741377
342	10.38154544257586
343	10.38299786719982
344	10.38501942810277
345	10.38612125870782
346	10.38746837443938
347	10.38847232045855
348	10.38920854759887
349	10.39005758434005
350	10.39054479352506
351	10.3910363189716
352	10.39139221358894
353	10.39108672284572
354	10.39101292356062
355	10.39077594848363
356	10.39058462858029
357	10.39022722936343
358	10.38989697142084
359	10.39019855636102
360	10.39034307605309
361	10.39048520616558
362	10.39059506365029
363	10.39144003275423
364	10.39155893630433
365	10.39175851083309
366	10.39205896165163
367	10.392709721757
368	10.39290522816228
369	10.39296107226731
370	10.39341792145304
371	10.39324712489795
372	10.39337121273552
373	10.39358759156495
374	10.39355304539039
375	10.39391915379641
376	10.3935715736113
377	10.39383492644806
378	10.3936305463271
379	10.3936045798174
380	10.39348117829885
381	10.39321438088297
382	10.39280192240482
383	10.3922238463493
384	10.3918288677864
385	10.39164177404697
386	10.39154833841443
387	10.3912278121662
388	10.39106518739994
389	10.3911863232165
390	10.39146974320033
391	10.39184254848508
392	10.39169069844935
393	10.39188705096515
394	10.39222030834984
395	10.39269198447273
396	10.39277209255474
397	10.39307842464463
398	10.39319456988654
399	10.39323937085796
400	10.39345829091766
401	10.39349084541603
402	10.39335293043684
403	10.39336118758324
404	10.39354266762233
405	10.39358090328592
406	10.39385667878475
407	10.39368384061135
408	10.39363485950775
409	10.393664174494
410	10.39352243100024
411	10.39328508408796
412	10.39351447853553
413	10.39378774297401
414	10.3937214136363
415	10.39368323616814
416	10.39357380084544
417	10.39394126117528
418	10.39375069381336
419	10.39372901434384
420	10.39405099359752
421	10.39383183316346
422	10.39408958428152
423	10.39398284549434
424	10.39386108077345
425	10.39393220250019
426	10.39381712624526
427	10.39395383941315
428	10.39391033653015
429	10.39382148923061
430	10.39386163227838
431	10.3939168442952
432	10.39366087146248
433	10.39359628387155
434	10.3936556590134
435	10.39358805458411
436	10.39311227576611
437	10.39301656173812
438	10.39228646870851
439	10.39127419848752
440	10.39065326340093
441	10.38994571372792
442	10.38868293031573
443	10.38827615549443
444	10.38756697099601
445	10.38748710933105
446	10.38713502731639
447	10.38746942395974
448	10.38766210804454
449	10.38776355607295
450	10.38859709736891
451	10.38891283964503
452	10.38945485726594
453	10.39001401185238
454	10.39008650085792
455	10.39082017508613
456	10.39088059181479
457	10.39120957112409
458	10.39184999995242
459	10.39146426913696
460	10.39208927199533
461	10.39194725245629
462	10.39188322061097
463	10.39210772490002
464	10.39205977353843
465	10.39243401017647
466	10.39235399317124
467	10.39245427299878
468	10.39261423299631
469	10.3928722103062
470	10.39300824702013
471	10.39315085815391
472	10.39311518509404
473	10.3928235180534
474	10.39344343182671
475	10.39397414095224
476	10.3935941076081
477	10.39315298184012
478	10.39349896791764
479	10.39293598711388
480	10.39325672371802
481	10.39316170183702
482	10.39337261456037
483	10.39300265349029
484	10.39292603606642
485	10.39312785147497
486	10.39313602779863
487	10.3932877279702
488	10.39289712138709
489	10.39321268624669
490	10.39338233467391
491	10.39299855753913
492	10.39272146426624
493	10.39308032876213
494	10.39335945726417
495	10.39343104854009
496	10.39317998794537
497	10.39283124180968
498	10.39283542189276
499	10.3929671358984
500	10.39272376205935
501	10.39299195291339
502	10.39287329068452
503	10.3928369158569
504	10.39286581578272
505	10.39276591411561
506	10.39272487718175
507	10.39261881426888
508	10.39300740387842
509	10.39272176343628
510	10.39278136896403
511	10.39282575247584
512	10.39287305281477
513	10.39283551058825
514	10.39273818991408
515	10.39258953085946
516	10.39255809476097
517	10.39231589849056
518	10.39278986110964
519	10.39268880240593
520	10.39306073623373
521	10.39266985631476
522	10.39245451945557
523	10.39294282753918
524	10.39264756483425
525	10.39249748153199
526	10.3921827024601
527	10.39207609320455
528	10.3922764544909
529	10.39254947436202
530	10.39249241327877
531	10.3920305450108
532	10.39215927102118
533	10.39254533821178
534	10.39282426953112
535	10.39303176468007
536	10.39231414210553
537	10.3921670804368
538	10.39260231822376
539	10.39258774936413
540	10.39220125034045
541	10.392123189254
542	10.392010832592
543	10.39253107236204
544	10.39239802268678
545	10.39242266147931
546	10.39254786468324
547	10.3926862494712
548	10.39202519883008
549	10.39188708006491
550	10.39181838465367
551	10.39208972178137
552	10.39243946391152
553	10.39224084693159
554	10.39221701893885
555	10.39242363291441
556	10.39200656773845
557	10.39266136894672
558	10.39214729184869
559	10.39215453072652
560	10.39184545598897
561	10.39205868061368
562	10.39230877393545
563	10.39192350142487
564	10.39173022621039
565	10.39167750965952
566	10.39172277533836
567	10.39205427264481
568	10.39196828691168
569	10.39198870793959
570	10.39176624151789
571	10.39183986339327
572	10.3920166401758
573	10.39215528221075
574	10.39230038599465
575	10.39172799235957
576	10.39188263136786
577	10.3919834740603
578	10.39187583335047
579	10.39219215192091
580	10.39182936488118
581	10.39204696852979
582	10.39211762241414
583	10.39187455929624
584	10.39193690045642
585	10.39178591515753
586	10.39192906915965
587	10.3915428864278
588	10.39164574143078
589	10.39168005008949
590	10.39170549602217
591	10.39162678255369
592	10.39158983720015
593	10.39146899658055
594	10.39154851090933
595	10.39160905332399
596	10.39150443767679
597	10.39143232404662
598	10.39146541559488
599	10.39135248450855
600	10.39143514523519
601	10.39142558571155
602	10.39128910781317
603	10.39167910808622
604	10.39148133446047
605	10.39144823137892
606	10.39118359577999
607	10.39145991240684
608	10.39170555924855
609	10.39134792207581
610	10.39129371175487
611	10.39144460514357
612	10.39114484804234
613	10.39129836210212
614	10.39122686846341
615	10.39141203519742
616	10.39126744640912
617	10.39131974824838
618	10.39128696872662
619	10.39129049311009
620	10.39144785204695
621	10.39135785273652
622	10.39129347757451
623	10.39107973729347
624	10.39132950446643
625	10.39116975652384
626	10.39095356761633
627	10.39095681996223
628	10.39098449298231
629	10.3909628228687
630	10.39126451161776
631	10.39105069204955
632	10.39100852383274
633	10.39102195265935
634	10.39136626513026
635	10.39092895411297
636	10.39138449018112
637	10.39113823546803
638	10.39086919755923
639	10.39099205900438
640	10.39115178679679
641	10.39093149053405
642	10.39095212050049
643	10.39078616514713
644	10.39121291137528
645	10.39074596558156
646	10.39077979430812
647	10.39101060953778
648	10.39076465169419
649	10.39082918580727
650	10.39082636071858
651	10.39063754687189
652	10.39109308367605
653	10.39086188210051
654	10.39079795955994
655	10.39074148085776
656	10.3909828443739
657	10.39083826444486
658	10.39087417636528
659	10.39095983052723
660	10.39091056803755
661	10.39058356052681
662	10.39051926301456
663	10.39078901196854
664	10.39049925990543
665	10.39047844305881
666	10.39035473904489
667	10.39021512733183
668	10.39052262896486
669	10.39051271924434
670	10.39081067721489
671	10.3906968082659
672	10.39076219072515
673	10.3906676743098
674	10.39079284598918
675	10.39085573513303
676	10.39069246006338
677	10.39059608004897
678	10.3906953989422
679	10.39069846124482
680	10.39087552767652
681	10.39044103848917
682	10.39054062180088
683	10.39045031470017
684	10.39053856520526
685	10.3907430423235
686	10.39040888610303
687	10.3904100919765
688	10.3909006379694
689	10.39039427860525
690	10.39052205781816
691	10.39054387289549
692	10.39045889246408
693	10.39046555489937
694	10.39051821012899
695	10.39052919745666
696	10.39022485172386
697	10.39041354855856
698	10.39070622799857
699	10.39051536695007
700	10.39061194159084
701	10.39045235781965
702	10.3903659966966
703	10.39032585399928
704	10.39045439495187
705	10.39034759350359
706	10.39049223742596
707	10.39066723523826
708	10.39048603310853
709	10.39027865039798
710	10.39033598649308
711	10.39025405716775
712	10.39018723699734
713	10.39036803296692
714	10.39046582930032
715	10.3902685777525
716	10.39029016703929
717	10.38994598891634
718	10.39037413901161
719	10.39023964267485
720	10.39027039057334
721	10.39039859900806
722	10.39019722765756
723	10.3904447247392
724	10.39012191075312
725	10.39021049833481
726	10.39010857177657
727	10.3899511614496
728	10.38992394350433
729	10.39024787289303
730	10.38995491181222
731	10.38997019760499
732	10.39004205030439
733	10.39029793218993
734	10.38993511554566
735	10.39014666352969
736	10.39026514113322
737	10.39003193470367
738	10.39002856700359
739	10.38984934498737
740	10.38993512275864
741	10.39013568509933
742	10.39002791895364
743	10.39013609779182
744	10.38999819050238
745	10.38993741231104
746	10.3902183612321
747	10.39011289512562
748	10.39008417399039
749	10.39032515158256
750	10.39015568272247
751	10.38990641422053
752	10.39053776030247
753	10.38999347663977
754	10.39040093009043
755	10.39049263201458
756	10.39021670447615
757	10.3900808048881
758	10.39041910476673
759	10.39008404835214
760	10.38990566678509
761	10.38991007028301
762	10.39004073549857
763	10.39014473173222
764	10.39005320536258
765	10.39033642269945
766	10.38994282575651
767	10.38973791199046
768	10.38975458104023
769	10.39018848813589
770	10.39002770593917
771	10.39037631821527
772	10.38992684668188
773	10.3898504951593
774	10.38992460431364
775	10.38992151809491
776	10.38979743329302
777	10.38966083826792
778	10.39003507665228
779	10.38995510569715
780	10.38980019331081
