   3.0000000e+00   5.1000000e+00   1.2000000e+02   8.6379598e-03   5.4762943e-01   3.5998694e-01   8.3745676e-02
   3.0000000e+00   5.1000000e+00   1.1000000e+02   5.4056550e-02   7.3535090e-01   1.8968383e-01   2.0908723e-02
   2.5400000e+01   2.4000000e+00   1.2000000e+02   1.1721221e-02   5.8613621e-01   3.3949793e-01   6.2644641e-02
   1.9800000e+01   2.4000000e+00   1.1000000e+02   1.4895290e-02   6.5666377e-01   2.8813258e-01   4.0308357e-02
   1.4200000e+01   4.2000000e+00   1.1000000e+02   3.1342963e-03   4.5368158e-01   4.3261120e-01   1.1057292e-01
   1.4200000e+01   4.2000000e+00   1.4000000e+02   1.5404551e-03   1.8840689e-01   5.0628108e-01   3.0377157e-01
   3.1000000e+01   4.2000000e+00   1.0000000e+02   3.6635532e-03   5.3720929e-01   3.8423728e-01   7.4889875e-02
   3.1000000e+01   5.1000000e+00   1.2000000e+02   4.3560779e-03   1.2596984e-01   5.2286698e-01   3.4680710e-01
   1.9800000e+01   3.3000000e+00   1.1000000e+02   3.9009806e-03   5.1063312e-01   3.9850623e-01   8.6959668e-02
   3.1000000e+01   6.0000000e+00   1.5000000e+02   1.3169547e-03   3.3248623e-02   4.0724590e-01   5.5818852e-01
   1.4200000e+01   5.1000000e+00   1.0000000e+02   1.5913756e-02   6.6719414e-01   2.7848509e-01   3.8407013e-02
   3.0000000e+00   3.3000000e+00   1.5000000e+02   8.6476713e-05   3.6219113e-01   4.4904621e-01   1.8867619e-01
   1.9800000e+01   5.1000000e+00   1.3000000e+02   0.0000000e+00   1.1301243e-01   5.1390286e-01   3.7308471e-01
   1.4200000e+01   6.0000000e+00   1.1000000e+02   5.4020030e-04   2.7366079e-01   5.2042403e-01   2.0537498e-01
   3.0000000e+00   4.2000000e+00   1.5000000e+02   3.1155204e-03   2.1376625e-01   4.8773143e-01   2.9538680e-01
   1.4200000e+01   4.2000000e+00   1.3000000e+02   0.0000000e+00   2.0851686e-01   5.1976436e-01   2.7171878e-01
   3.0000000e+00   6.0000000e+00   1.1000000e+02   4.9703072e-02   7.2586545e-01   2.0003102e-01   2.4400459e-02
   1.4200000e+01   6.0000000e+00   1.2000000e+02   0.0000000e+00   9.6054534e-02   5.1804845e-01   3.8589702e-01
   1.4200000e+01   1.5000000e+00   1.1000000e+02   8.2150784e-02   7.8010822e-01   1.2908750e-01   8.6534960e-03
   3.1000000e+01   5.1000000e+00   1.1000000e+02   0.0000000e+00   2.0446065e-01   5.3807047e-01   2.5746888e-01
   2.5400000e+01   3.3000000e+00   1.0000000e+02   1.8630508e-02   6.7045211e-01   2.7369255e-01   3.7224828e-02
   8.6000000e+00   2.4000000e+00   1.2000000e+02   1.4387420e-02   6.4045193e-01   2.9985670e-01   4.5303952e-02
   2.5400000e+01   2.4000000e+00   1.3000000e+02   8.0532160e-03   5.7608419e-01   3.4600837e-01   6.9854215e-02
   3.1000000e+01   2.4000000e+00   1.1000000e+02   1.2499627e-02   6.2531013e-01   3.1587012e-01   4.6320120e-02
   2.5400000e+01   5.1000000e+00   1.0000000e+02   0.0000000e+00   5.0577247e-01   4.0906877e-01   8.5158758e-02
   8.6000000e+00   4.2000000e+00   1.5000000e+02   2.9027151e-03   2.1652760e-01   4.8754801e-01   2.9302168e-01
   1.9800000e+01   2.4000000e+00   1.2000000e+02   1.0551790e-02   6.0562071e-01   3.2702806e-01   5.6799435e-02
   3.0000000e+00   2.4000000e+00   1.2000000e+02   6.1195668e-02   7.5634414e-01   1.6661413e-01   1.5846064e-02
   8.6000000e+00   4.2000000e+00   1.3000000e+02   8.7397323e-04   2.4435349e-01   5.1576359e-01   2.3900895e-01
   3.1000000e+01   4.2000000e+00   1.1000000e+02   1.0526236e-03   3.0596390e-01   5.1226786e-01   1.8071562e-01
   3.0000000e+00   1.5000000e+00   1.3000000e+02   7.6381139e-02   7.6133050e-01   1.4728507e-01   1.5003289e-02
   2.5400000e+01   4.2000000e+00   1.1000000e+02   1.5761071e-03   3.2110826e-01   4.9632001e-01   1.8099562e-01
   1.9800000e+01   1.5000000e+00   1.2000000e+02   5.2116166e-02   7.5474902e-01   1.7680882e-01   1.6325994e-02
   3.0000000e+00   1.5000000e+00   1.0000000e+02   4.7532280e-01   5.0720052e-01   1.6150286e-02   1.3263897e-03
   8.6000000e+00   1.5000000e+00   1.2000000e+02   6.2864771e-02   7.6869714e-01   1.5669621e-01   1.1741872e-02
   1.9800000e+01   5.1000000e+00   1.5000000e+02   8.0068380e-04   8.6829142e-02   4.6230405e-01   4.5006612e-01
   3.1000000e+01   1.5000000e+00   1.3000000e+02   5.3502716e-02   7.4687512e-01   1.8033049e-01   1.9291678e-02
   8.6000000e+00   6.0000000e+00   1.5000000e+02   2.0882072e-03   1.1707187e-01   4.4443319e-01   4.3640673e-01
   1.4200000e+01   6.0000000e+00   1.2000000e+02   4.8171397e-03   9.5215401e-02   5.2090536e-01   3.7906210e-01
   3.0000000e+00   5.1000000e+00   1.5000000e+02   7.7618983e-03   1.3021006e-01   4.7765211e-01   3.8437593e-01
   2.5400000e+01   3.3000000e+00   1.1000000e+02   1.2195457e-02   4.7552343e-01   4.1215601e-01   1.0012509e-01
