   1.9800000e+01   4.2000000e+00   1.2000000e+02   5.2946865e-03   2.4783018e-01   5.2053708e-01   2.2633806e-01
   1.4200000e+01   6.0000000e+00   1.4000000e+02   6.2016040e-03   6.5267744e-02   4.5624280e-01   4.7228785e-01
   1.4200000e+01   3.3000000e+00   1.4000000e+02   1.9560275e-03   3.5572308e-01   4.6544240e-01   1.7687849e-01
   3.1000000e+01   5.1000000e+00   1.5000000e+02   1.2647534e-02   9.0048025e-02   4.5275303e-01   4.4455141e-01
   3.0000000e+00   5.1000000e+00   1.0000000e+02   2.8517336e-01   6.5345110e-01   5.3184409e-02   8.1911279e-03
   1.4200000e+01   4.2000000e+00   1.0000000e+02   2.5492638e-02   7.2342260e-01   2.2898694e-01   2.2097824e-02
   1.4200000e+01   2.4000000e+00   1.0000000e+02   8.0570528e-02   7.8161600e-01   1.2803039e-01   9.7830875e-03
   3.1000000e+01   6.0000000e+00   1.3000000e+02   1.1277645e-03   5.8643344e-02   4.7418015e-01   4.6604874e-01
   1.9800000e+01   6.0000000e+00   1.5000000e+02   5.9391268e-04   4.3278691e-02   4.2794798e-01   5.2817942e-01
   3.1000000e+01   3.3000000e+00   1.2000000e+02   2.4053760e-03   3.8732682e-01   4.6707240e-01   1.4319541e-01
   2.5400000e+01   2.4000000e+00   1.4000000e+02   1.0392325e-02   5.6439756e-01   3.4681846e-01   7.8391655e-02
   3.1000000e+01   6.0000000e+00   1.4000000e+02   1.0979274e-03   6.4080962e-02   4.4714330e-01   4.8767781e-01
   1.4200000e+01   2.4000000e+00   1.3000000e+02   1.0625703e-02   5.7009187e-01   3.4746731e-01   7.1815109e-02
   2.5400000e+01   5.1000000e+00   1.3000000e+02   5.1260684e-04   1.1342492e-01   5.1499971e-01   3.7106276e-01
   2.5400000e+01   3.3000000e+00   1.3000000e+02   1.5135614e-04   3.7518743e-01   4.6484379e-01   1.5981742e-01
   3.0000000e+00   4.2000000e+00   1.0000000e+02   2.4090755e-01   6.9968233e-01   5.3504106e-02   5.9060197e-03
   3.1000000e+01   6.0000000e+00   1.2000000e+02   2.7564735e-03   7.7671837e-02   5.0668442e-01   4.1288727e-01
   1.4200000e+01   5.1000000e+00   1.3000000e+02   1.7462849e-03   1.1680610e-01   5.1360847e-01   3.6783915e-01
   8.6000000e+00   4.2000000e+00   1.1000000e+02   8.1797562e-03   6.1568066e-01   3.2456060e-01   5.1578982e-02
   1.4200000e+01   2.4000000e+00   1.2000000e+02   7.5990342e-03   6.0254016e-01   3.3242999e-01   5.7430819e-02
   3.0000000e+00   6.0000000e+00   1.3000000e+02   2.8135391e-04   2.3640373e-01   5.0393462e-01   2.5938030e-01
   3.0000000e+00   3.3000000e+00   1.0000000e+02   2.9172386e-01   6.6231955e-01   4.0219933e-02   5.7366582e-03
   3.0000000e+00   3.3000000e+00   1.4000000e+02   1.9813800e-03   4.2646925e-01   4.2819316e-01   1.4335621e-01
   3.1000000e+01   5.1000000e+00   1.4000000e+02   3.4756901e-03   1.0841698e-01   4.8836751e-01   3.9973983e-01
   1.9800000e+01   3.3000000e+00   1.3000000e+02   2.1016095e-03   3.8146420e-01   4.6398220e-01   1.5245199e-01
   2.5400000e+01   4.2000000e+00   1.0000000e+02   5.1379268e-03   5.9522544e-01   3.4253295e-01   5.7103693e-02
   3.0000000e+00   1.5000000e+00   1.4000000e+02   6.5415715e-02   7.4288722e-01   1.7123247e-01   2.0464592e-02
   1.4200000e+01   1.5000000e+00   1.4000000e+02   5.7322507e-02   7.4821947e-01   1.7616858e-01   1.8289443e-02
   1.4200000e+01   1.5000000e+00   1.0000000e+02   1.5979346e-01   7.6515368e-01   6.9503001e-02   5.5498631e-03
   2.5400000e+01   3.3000000e+00   1.4000000e+02   2.2931333e-03   3.6980595e-01   4.5932165e-01   1.6857926e-01
   8.6000000e+00   5.1000000e+00   1.0000000e+02   3.6343604e-02   7.6382924e-01   1.8392637e-01   1.5900785e-02
   1.4200000e+01   3.3000000e+00   1.0000000e+02   4.2101637e-02   7.6923603e-01   1.7408093e-01   1.4581399e-02
   1.9800000e+01   3.3000000e+00   1.5000000e+02   3.8221399e-04   3.1486376e-01   4.7183857e-01   2.1291545e-01
   1.9800000e+01   4.2000000e+00   1.3000000e+02   3.4137762e-03   2.0636333e-01   5.1375643e-01   2.7646646e-01
   2.5400000e+01   6.0000000e+00   1.5000000e+02   0.0000000e+00   3.4354139e-02   4.1909644e-01   5.4654942e-01
   1.9800000e+01   1.5000000e+00   1.3000000e+02   5.7749215e-02   7.4847568e-01   1.7552565e-01   1.8249459e-02
   8.6000000e+00   2.4000000e+00   1.3000000e+02   8.5706928e-03   5.7694468e-01   3.4668905e-01   6.7795583e-02
   1.4200000e+01   5.1000000e+00   1.2000000e+02   0.0000000e+00   1.6589699e-01   5.3072691e-01   3.0337610e-01
   1.9800000e+01   2.4000000e+00   1.4000000e+02   1.0364452e-02   5.4470215e-01   3.6004067e-01   8.4892731e-02
   1.9800000e+01   4.2000000e+00   1.1000000e+02   3.8368387e-03   3.7004550e-01   4.8018432e-01   1.4593333e-01
   2.5400000e+01   3.3000000e+00   1.1000000e+02   2.4113217e-03   4.7012933e-01   4.2805849e-01   9.9400861e-02
