   2.5400000e+01   2.4000000e+00   1.0000000e+02   4.6847998e-02   7.5732618e-01   1.8100156e-01   1.4824265e-02
   3.1000000e+01   6.0000000e+00   1.1000000e+02   7.1035465e-05   1.5278610e-01   5.3662623e-01   3.1051663e-01
   3.1000000e+01   1.5000000e+00   1.1000000e+02   6.1200142e-02   7.7196031e-01   1.5444384e-01   1.2395707e-02
   3.0000000e+00   4.2000000e+00   1.1000000e+02   8.4926474e-02   7.6796047e-01   1.3709447e-01   1.0018585e-02
   1.9800000e+01   1.5000000e+00   1.1000000e+02   7.0016081e-02   7.7615377e-01   1.4408835e-01   9.7418006e-03
   3.1000000e+01   3.3000000e+00   1.1000000e+02   2.2078062e-03   4.6719751e-01   4.3066509e-01   9.9929596e-02
   1.4200000e+01   1.5000000e+00   1.5000000e+02   5.8553364e-02   7.3179905e-01   1.8634076e-01   2.3306823e-02
   1.9800000e+01   6.0000000e+00   1.0000000e+02   3.4944411e-03   5.3272515e-01   3.8741939e-01   7.6361019e-02
   1.4200000e+01   5.1000000e+00   1.2000000e+02   3.1750719e-03   1.8975728e-01   5.2861699e-01   2.7845066e-01
   2.5400000e+01   4.2000000e+00   1.4000000e+02   2.2346717e-03   1.8792438e-01   5.0505607e-01   3.0478488e-01
   2.5400000e+01   1.5000000e+00   1.1000000e+02   5.9903534e-02   7.7685890e-01   1.5128528e-01   1.1952289e-02
   2.5400000e+01   5.1000000e+00   1.1000000e+02   4.9651794e-03   2.4037325e-01   5.2875028e-01   2.2591129e-01
   3.0000000e+00   6.0000000e+00   1.2000000e+02   8.1215126e-03   5.1759632e-01   3.7796689e-01   9.6315279e-02
   1.9800000e+01   4.2000000e+00   1.1000000e+02   4.7346365e-04   4.1834662e-01   4.5822518e-01   1.2295474e-01
   1.4200000e+01   3.3000000e+00   1.1000000e+02   1.0342814e-02   6.0273007e-01   3.3279638e-01   5.4130731e-02
   1.9800000e+01   1.5000000e+00   1.4000000e+02   5.6744566e-02   7.4635370e-01   1.7615666e-01   2.0745075e-02
   2.5400000e+01   3.3000000e+00   1.5000000e+02   3.6915131e-03   3.2226690e-01   4.7014394e-01   2.0389765e-01
   2.5400000e+01   1.5000000e+00   1.0000000e+02   1.0988533e-01   7.8986837e-01   9.6025003e-02   4.2212949e-03
   1.9800000e+01   2.4000000e+00   1.5000000e+02   8.6282626e-03   5.3333078e-01   3.6422494e-01   9.3816015e-02
   8.6000000e+00   6.0000000e+00   1.0000000e+02   3.9530279e-02   7.3153615e-01   2.0774982e-01   2.1183749e-02
   8.6000000e+00   3.3000000e+00   1.3000000e+02   1.1527739e-03   3.7331511e-01   4.6894916e-01   1.5658295e-01
   3.1000000e+01   3.3000000e+00   1.3000000e+02   1.5793207e-03   3.5181673e-01   4.7415652e-01   1.7244743e-01
   3.0000000e+00   3.3000000e+00   1.1000000e+02   1.2031067e-01   7.6876931e-01   1.0393469e-01   6.9853242e-03
   3.0000000e+00   6.0000000e+00   1.4000000e+02   5.6848355e-03   1.1442689e-01   4.7732983e-01   4.0255844e-01
   1.9800000e+01   3.3000000e+00   1.4000000e+02   2.9195340e-03   3.4382332e-01   4.6909296e-01   1.8416419e-01
   2.5400000e+01   5.1000000e+00   1.2000000e+02   2.1186008e-03   1.3722543e-01   5.2823424e-01   3.3242173e-01
   2.5400000e+01   3.3000000e+00   1.2000000e+02   2.9425294e-04   3.7842991e-01   4.7420233e-01   1.4707351e-01
   8.6000000e+00   6.0000000e+00   1.3000000e+02   4.0695840e-03   7.8643718e-02   4.8959819e-01   4.2768850e-01
   1.4200000e+01   5.1000000e+00   1.4000000e+02   7.2473951e-03   1.1390918e-01   4.7466714e-01   4.0417629e-01
   8.6000000e+00   5.1000000e+00   1.5000000e+02   5.7758280e-04   1.1152216e-01   4.8114184e-01   4.0675842e-01
   8.6000000e+00   6.0000000e+00   1.2000000e+02   1.8664397e-03   1.6542168e-01   5.3135099e-01   3.0136089e-01
   8.6000000e+00   1.5000000e+00   1.1000000e+02   1.1663815e-01   7.7908083e-01   9.8296429e-02   5.9845984e-03
   1.4200000e+01   6.0000000e+00   1.0000000e+02   1.0753532e-02   6.1572761e-01   3.2207843e-01   5.1440424e-02
   3.1000000e+01   6.0000000e+00   1.0000000e+02   6.0984564e-04   3.7655757e-01   4.8636092e-01   1.3647166e-01
   8.6000000e+00   2.4000000e+00   1.3000000e+02   9.5494656e-03   5.7961242e-01   3.4462868e-01   6.6209440e-02
   3.0000000e+00   1.5000000e+00   1.1000000e+02   2.7224905e-01   6.8510302e-01   4.1820373e-02   8.2755455e-04
   2.5400000e+01   2.4000000e+00   1.0000000e+02   4.1202789e-02   7.5956908e-01   1.8415413e-01   1.5073999e-02
   1.9800000e+01   2.4000000e+00   1.0000000e+02   5.8944069e-02   7.7402516e-01   1.5466596e-01   1.2364818e-02
   2.5400000e+01   3.3000000e+00   1.2000000e+02   3.4193092e-04   3.9596262e-01   4.6479751e-01   1.3889794e-01
   3.1000000e+01   1.5000000e+00   1.2000000e+02   5.3663733e-02   7.5896123e-01   1.7227352e-01   1.5101519e-02
   1.4200000e+01   5.1000000e+00   1.2000000e+02   2.1896607e-03   1.7826570e-01   5.2941198e-01   2.9013267e-01
