   0.0000000e+00   1.0378525e+01
   1.0000000e+00   1.0375527e+01
   2.0000000e+00   1.0374706e+01
   3.0000000e+00   1.0373630e+01
   4.0000000e+00   1.0373070e+01
   5.0000000e+00   1.0372985e+01
   6.0000000e+00   1.0373004e+01
   7.0000000e+00   1.0372333e+01
   8.0000000e+00   1.0372350e+01
   9.0000000e+00   1.0372132e+01
   1.0000000e+01   1.0371818e+01
   1.1000000e+01   1.0371786e+01
   1.2000000e+01   1.0371403e+01
   1.3000000e+01   1.0371415e+01
   1.4000000e+01   1.0371079e+01
   1.5000000e+01   1.0370879e+01
   1.6000000e+01   1.0370908e+01
   1.7000000e+01   1.0370803e+01
   1.8000000e+01   1.0371009e+01
   1.9000000e+01   1.0370698e+01
   2.0000000e+01   1.0370458e+01
   2.1000000e+01   1.0370473e+01
   2.2000000e+01   1.0370430e+01
   2.3000000e+01   1.0370040e+01
   2.4000000e+01   1.0370216e+01
   2.5000000e+01   1.0370025e+01
   2.6000000e+01   1.0369660e+01
   2.7000000e+01   1.0369706e+01
   2.8000000e+01   1.0369659e+01
   2.9000000e+01   1.0369258e+01
   3.0000000e+01   1.0369441e+01
   3.1000000e+01   1.0369306e+01
   3.2000000e+01   1.0369209e+01
   3.3000000e+01   1.0368994e+01
   3.4000000e+01   1.0369239e+01
   3.5000000e+01   1.0369142e+01
   3.6000000e+01   1.0369151e+01
   3.7000000e+01   1.0369019e+01
   3.8000000e+01   1.0368737e+01
   3.9000000e+01   1.0368618e+01
   4.0000000e+01   1.0368607e+01
   4.1000000e+01   1.0368438e+01
   4.2000000e+01   1.0368489e+01
   4.3000000e+01   1.0368389e+01
   4.4000000e+01   1.0368445e+01
   4.5000000e+01   1.0368239e+01
   4.6000000e+01   1.0368388e+01
   4.7000000e+01   1.0368144e+01
   4.8000000e+01   1.0368004e+01
   4.9000000e+01   1.0368089e+01
   5.0000000e+01   1.0367903e+01
   5.1000000e+01   1.0368126e+01
   5.2000000e+01   1.0368003e+01
   5.3000000e+01   1.0367619e+01
   5.4000000e+01   1.0367746e+01
   5.5000000e+01   1.0367754e+01
   5.6000000e+01   1.0367552e+01
   5.7000000e+01   1.0367637e+01
   5.8000000e+01   1.0367537e+01
   5.9000000e+01   1.0367409e+01
   6.0000000e+01   1.0367161e+01
   6.1000000e+01   1.0367448e+01
   6.2000000e+01   1.0367172e+01
   6.3000000e+01   1.0367005e+01
   6.4000000e+01   1.0367038e+01
   6.5000000e+01   1.0367068e+01
   6.6000000e+01   1.0367110e+01
   6.7000000e+01   1.0366963e+01
   6.8000000e+01   1.0366887e+01
   6.9000000e+01   1.0366717e+01
   7.0000000e+01   1.0366770e+01
   7.1000000e+01   1.0366683e+01
   7.2000000e+01   1.0366566e+01
   7.3000000e+01   1.0366346e+01
   7.4000000e+01   1.0366497e+01
   7.5000000e+01   1.0366641e+01
   7.6000000e+01   1.0366649e+01
   7.7000000e+01   1.0366485e+01
   7.8000000e+01   1.0366388e+01
   7.9000000e+01   1.0366283e+01
   8.0000000e+01   1.0366471e+01
   8.1000000e+01   1.0366484e+01
   8.2000000e+01   1.0366500e+01
   8.3000000e+01   1.0366300e+01
   8.4000000e+01   1.0366346e+01
   8.5000000e+01   1.0366352e+01
   8.6000000e+01   1.0366245e+01
   8.7000000e+01   1.0365955e+01
   8.8000000e+01   1.0365961e+01
   8.9000000e+01   1.0365908e+01
   9.0000000e+01   1.0366023e+01
   9.1000000e+01   1.0365841e+01
   9.2000000e+01   1.0365965e+01
   9.3000000e+01   1.0365832e+01
   9.4000000e+01   1.0365717e+01
   9.5000000e+01   1.0365606e+01
   9.6000000e+01   1.0365974e+01
   9.7000000e+01   1.0365557e+01
   9.8000000e+01   1.0365496e+01
   9.9000000e+01   1.0365669e+01
   1.0000000e+02   1.0365501e+01
   1.0100000e+02   1.0365478e+01
   1.0200000e+02   1.0365554e+01
   1.0300000e+02   1.0365678e+01
   1.0400000e+02   1.0365712e+01
   1.0500000e+02   1.0365650e+01
   1.0600000e+02   1.0365706e+01
   1.0700000e+02   1.0365241e+01
   1.0800000e+02   1.0365396e+01
   1.0900000e+02   1.0365237e+01
   1.1000000e+02   1.0365029e+01
   1.1100000e+02   1.0365190e+01
   1.1200000e+02   1.0365177e+01
   1.1300000e+02   1.0364884e+01
   1.1400000e+02   1.0364854e+01
   1.1500000e+02   1.0364850e+01
   1.1600000e+02   1.0364923e+01
   1.1700000e+02   1.0364833e+01
   1.1800000e+02   1.0364768e+01
   1.1900000e+02   1.0364924e+01
   1.2000000e+02   1.0364679e+01
   1.2100000e+02   1.0364421e+01
   1.2200000e+02   1.0364696e+01
   1.2300000e+02   1.0364725e+01
   1.2400000e+02   1.0364560e+01
   1.2500000e+02   1.0364709e+01
   1.2600000e+02   1.0364346e+01
   1.2700000e+02   1.0364444e+01
   1.2800000e+02   1.0364515e+01
   1.2900000e+02   1.0364434e+01
   1.3000000e+02   1.0364472e+01
   1.3100000e+02   1.0364516e+01
   1.3200000e+02   1.0364393e+01
   1.3300000e+02   1.0364577e+01
   1.3400000e+02   1.0364500e+01
   1.3500000e+02   1.0364635e+01
   1.3600000e+02   1.0364348e+01
   1.3700000e+02   1.0364288e+01
   1.3800000e+02   1.0364461e+01
   1.3900000e+02   1.0364484e+01
   1.4000000e+02   1.0364267e+01
   1.4100000e+02   1.0364169e+01
   1.4200000e+02   1.0364007e+01
   1.4300000e+02   1.0364364e+01
   1.4400000e+02   1.0363964e+01
   1.4500000e+02   1.0364457e+01
   1.4600000e+02   1.0364138e+01
   1.4700000e+02   1.0363599e+01
   1.4800000e+02   1.0363983e+01
   1.4900000e+02   1.0363690e+01
   1.5000000e+02   1.0363824e+01
   1.5100000e+02   1.0364097e+01
   1.5200000e+02   1.0363916e+01
   1.5300000e+02   1.0363812e+01
   1.5400000e+02   1.0363797e+01
   1.5500000e+02   1.0363800e+01
   1.5600000e+02   1.0363871e+01
   1.5700000e+02   1.0363666e+01
   1.5800000e+02   1.0363572e+01
   1.5900000e+02   1.0363463e+01
   1.6000000e+02   1.0363572e+01
   1.6100000e+02   1.0363638e+01
   1.6200000e+02   1.0363709e+01
   1.6300000e+02   1.0363725e+01
   1.6400000e+02   1.0364011e+01
   1.6500000e+02   1.0363585e+01
   1.6600000e+02   1.0362243e+01
   1.6700000e+02   1.0353154e+01
   1.6800000e+02   1.0333473e+01
   1.6900000e+02   1.0328667e+01
   1.7000000e+02   1.0339501e+01
   1.7100000e+02   1.0349965e+01
   1.7200000e+02   1.0355303e+01
   1.7300000e+02   1.0357006e+01
   1.7400000e+02   1.0357564e+01
   1.7500000e+02   1.0357882e+01
   1.7600000e+02   1.0358565e+01
   1.7700000e+02   1.0358953e+01
   1.7800000e+02   1.0353022e+01
   1.7900000e+02   1.0308464e+01
   1.8000000e+02   1.0289835e+01
   1.8100000e+02   1.0294785e+01
   1.8200000e+02   1.0296560e+01
   1.8300000e+02   1.0299902e+01
   1.8400000e+02   1.0306627e+01
   1.8500000e+02   1.0313179e+01
   1.8600000e+02   1.0317210e+01
   1.8700000e+02   1.0319348e+01
   1.8800000e+02   1.0321795e+01
   1.8900000e+02   1.0326704e+01
   1.9000000e+02   1.0332795e+01
   1.9100000e+02   1.0340300e+01
   1.9200000e+02   1.0346751e+01
   1.9300000e+02   1.0350655e+01
   1.9400000e+02   1.0353175e+01
   1.9500000e+02   1.0355130e+01
   1.9600000e+02   1.0356245e+01
   1.9700000e+02   1.0357018e+01
   1.9800000e+02   1.0357793e+01
   1.9900000e+02   1.0358323e+01
   2.0000000e+02   1.0358921e+01
   2.0100000e+02   1.0359187e+01
   2.0200000e+02   1.0359467e+01
   2.0300000e+02   1.0359581e+01
   2.0400000e+02   1.0360058e+01
   2.0500000e+02   1.0360346e+01
   2.0600000e+02   1.0360934e+01
   2.0700000e+02   1.0361223e+01
   2.0800000e+02   1.0361311e+01
   2.0900000e+02   1.0361743e+01
   2.1000000e+02   1.0361842e+01
   2.1100000e+02   1.0361881e+01
   2.1200000e+02   1.0362065e+01
   2.1300000e+02   1.0362115e+01
   2.1400000e+02   1.0362164e+01
   2.1500000e+02   1.0362194e+01
   2.1600000e+02   1.0362093e+01
   2.1700000e+02   1.0361927e+01
   2.1800000e+02   1.0362000e+01
   2.1900000e+02   1.0361890e+01
   2.2000000e+02   1.0361860e+01
   2.2100000e+02   1.0361824e+01
   2.2200000e+02   1.0361914e+01
   2.2300000e+02   1.0361604e+01
   2.2400000e+02   1.0361837e+01
   2.2500000e+02   1.0361774e+01
   2.2600000e+02   1.0361671e+01
   2.2700000e+02   1.0361893e+01
   2.2800000e+02   1.0361626e+01
   2.2900000e+02   1.0361362e+01
   2.3000000e+02   1.0361520e+01
   2.3100000e+02   1.0361505e+01
   2.3200000e+02   1.0361389e+01
   2.3300000e+02   1.0361525e+01
   2.3400000e+02   1.0361447e+01
   2.3500000e+02   1.0361499e+01
   2.3600000e+02   1.0361611e+01
   2.3700000e+02   1.0361404e+01
   2.3800000e+02   1.0361346e+01
   2.3900000e+02   1.0361320e+01
   2.4000000e+02   1.0361393e+01
   2.4100000e+02   1.0361053e+01
   2.4200000e+02   1.0361138e+01
   2.4300000e+02   1.0360621e+01
   2.4400000e+02   1.0360304e+01
   2.4500000e+02   1.0359995e+01
   2.4600000e+02   1.0359141e+01
   2.4700000e+02   1.0358598e+01
   2.4800000e+02   1.0358167e+01
   2.4900000e+02   1.0358219e+01
   2.5000000e+02   1.0358294e+01
   2.5100000e+02   1.0358405e+01
   2.5200000e+02   1.0358377e+01
   2.5300000e+02   1.0358617e+01
   2.5400000e+02   1.0358408e+01
   2.5500000e+02   1.0358713e+01
   2.5600000e+02   1.0358185e+01
   2.5700000e+02   1.0357975e+01
   2.5800000e+02   1.0357667e+01
   2.5900000e+02   1.0357363e+01
   2.6000000e+02   1.0357175e+01
   2.6100000e+02   1.0356940e+01
   2.6200000e+02   1.0357094e+01
   2.6300000e+02   1.0357048e+01
   2.6400000e+02   1.0357105e+01
   2.6500000e+02   1.0357477e+01
   2.6600000e+02   1.0357721e+01
   2.6700000e+02   1.0357654e+01
   2.6800000e+02   1.0358187e+01
   2.6900000e+02   1.0358462e+01
   2.7000000e+02   1.0358473e+01
   2.7100000e+02   1.0359055e+01
   2.7200000e+02   1.0358621e+01
   2.7300000e+02   1.0358743e+01
   2.7400000e+02   1.0358791e+01
   2.7500000e+02   1.0358875e+01
   2.7600000e+02   1.0358926e+01
   2.7700000e+02   1.0359004e+01
   2.7800000e+02   1.0359239e+01
   2.7900000e+02   1.0359196e+01
   2.8000000e+02   1.0359440e+01
   2.8100000e+02   1.0359160e+01
   2.8200000e+02   1.0359337e+01
   2.8300000e+02   1.0359428e+01
   2.8400000e+02   1.0359328e+01
   2.8500000e+02   1.0359612e+01
   2.8600000e+02   1.0359501e+01
   2.8700000e+02   1.0359517e+01
   2.8800000e+02   1.0359253e+01
   2.8900000e+02   1.0359311e+01
   2.9000000e+02   1.0359470e+01
   2.9100000e+02   1.0359564e+01
   2.9200000e+02   1.0359540e+01
   2.9300000e+02   1.0359596e+01
   2.9400000e+02   1.0359916e+01
   2.9500000e+02   1.0359781e+01
   2.9600000e+02   1.0359721e+01
   2.9700000e+02   1.0359616e+01
   2.9800000e+02   1.0359375e+01
   2.9900000e+02   1.0359131e+01
   3.0000000e+02   1.0358459e+01
   3.0100000e+02   1.0357853e+01
   3.0200000e+02   1.0356668e+01
   3.0300000e+02   1.0355203e+01
   3.0400000e+02   1.0353062e+01
   3.0500000e+02   1.0350428e+01
   3.0600000e+02   1.0346894e+01
   3.0700000e+02   1.0343136e+01
   3.0800000e+02   1.0339181e+01
   3.0900000e+02   1.0336159e+01
   3.1000000e+02   1.0334223e+01
   3.1100000e+02   1.0333422e+01
   3.1200000e+02   1.0333181e+01
   3.1300000e+02   1.0332016e+01
   3.1400000e+02   1.0329818e+01
   3.1500000e+02   1.0325929e+01
   3.1600000e+02   1.0320473e+01
   3.1700000e+02   1.0314755e+01
   3.1800000e+02   1.0309600e+01
   3.1900000e+02   1.0305763e+01
   3.2000000e+02   1.0303992e+01
   3.2100000e+02   1.0303418e+01
   3.2200000e+02   1.0304768e+01
   3.2300000e+02   1.0307067e+01
   3.2400000e+02   1.0310402e+01
   3.2500000e+02   1.0314580e+01
   3.2600000e+02   1.0318685e+01
   3.2700000e+02   1.0323105e+01
   3.2800000e+02   1.0326930e+01
   3.2900000e+02   1.0330082e+01
   3.3000000e+02   1.0332446e+01
   3.3100000e+02   1.0333820e+01
   3.3200000e+02   1.0334885e+01
   3.3300000e+02   1.0334815e+01
   3.3400000e+02   1.0334559e+01
   3.3500000e+02   1.0334340e+01
   3.3600000e+02   1.0334406e+01
   3.3700000e+02   1.0335169e+01
   3.3800000e+02   1.0336502e+01
   3.3900000e+02   1.0338469e+01
   3.4000000e+02   1.0340317e+01
   3.4100000e+02   1.0342065e+01
   3.4200000e+02   1.0343840e+01
   3.4300000e+02   1.0345720e+01
   3.4400000e+02   1.0347409e+01
   3.4500000e+02   1.0348804e+01
   3.4600000e+02   1.0349843e+01
   3.4700000e+02   1.0350318e+01
   3.4800000e+02   1.0351800e+01
   3.4900000e+02   1.0352448e+01
   3.5000000e+02   1.0353062e+01
   3.5100000e+02   1.0354112e+01
   3.5200000e+02   1.0354591e+01
   3.5300000e+02   1.0354958e+01
   3.5400000e+02   1.0355237e+01
   3.5500000e+02   1.0354996e+01
   3.5600000e+02   1.0354878e+01
   3.5700000e+02   1.0354609e+01
   3.5800000e+02   1.0354511e+01
   3.5900000e+02   1.0354374e+01
   3.6000000e+02   1.0354536e+01
   3.6100000e+02   1.0355181e+01
   3.6200000e+02   1.0354849e+01
   3.6300000e+02   1.0355563e+01
   3.6400000e+02   1.0355859e+01
   3.6500000e+02   1.0356497e+01
   3.6600000e+02   1.0356005e+01
   3.6700000e+02   1.0357013e+01
   3.6800000e+02   1.0357126e+01
   3.6900000e+02   1.0357267e+01
   3.7000000e+02   1.0357556e+01
   3.7100000e+02   1.0357724e+01
   3.7200000e+02   1.0357984e+01
   3.7300000e+02   1.0358082e+01
   3.7400000e+02   1.0357869e+01
   3.7500000e+02   1.0358054e+01
   3.7600000e+02   1.0357956e+01
   3.7700000e+02   1.0358059e+01
   3.7800000e+02   1.0357938e+01
   3.7900000e+02   1.0357624e+01
   3.8000000e+02   1.0357686e+01
   3.8100000e+02   1.0357357e+01
   3.8200000e+02   1.0356798e+01
   3.8300000e+02   1.0356388e+01
   3.8400000e+02   1.0356130e+01
   3.8500000e+02   1.0355962e+01
   3.8600000e+02   1.0355741e+01
   3.8700000e+02   1.0355549e+01
   3.8800000e+02   1.0355757e+01
   3.8900000e+02   1.0355960e+01
   3.9000000e+02   1.0356007e+01
   3.9100000e+02   1.0356611e+01
   3.9200000e+02   1.0356995e+01
   3.9300000e+02   1.0356934e+01
   3.9400000e+02   1.0357106e+01
   3.9500000e+02   1.0357255e+01
   3.9600000e+02   1.0357653e+01
   3.9700000e+02   1.0357451e+01
   3.9800000e+02   1.0357963e+01
   3.9900000e+02   1.0357869e+01
   4.0000000e+02   1.0358057e+01
   4.0100000e+02   1.0357795e+01
   4.0200000e+02   1.0358169e+01
   4.0300000e+02   1.0358073e+01
   4.0400000e+02   1.0358078e+01
   4.0500000e+02   1.0357757e+01
   4.0600000e+02   1.0357955e+01
   4.0700000e+02   1.0357999e+01
   4.0800000e+02   1.0358115e+01
   4.0900000e+02   1.0358168e+01
   4.1000000e+02   1.0358180e+01
   4.1100000e+02   1.0358242e+01
   4.1200000e+02   1.0358309e+01
   4.1300000e+02   1.0358115e+01
   4.1400000e+02   1.0358277e+01
   4.1500000e+02   1.0358302e+01
   4.1600000e+02   1.0358114e+01
   4.1700000e+02   1.0358301e+01
   4.1800000e+02   1.0358268e+01
   4.1900000e+02   1.0357964e+01
   4.2000000e+02   1.0358101e+01
   4.2100000e+02   1.0358010e+01
   4.2200000e+02   1.0358054e+01
   4.2300000e+02   1.0357917e+01
   4.2400000e+02   1.0358158e+01
   4.2500000e+02   1.0358105e+01
   4.2600000e+02   1.0357917e+01
   4.2700000e+02   1.0358024e+01
   4.2800000e+02   1.0357874e+01
   4.2900000e+02   1.0357880e+01
   4.3000000e+02   1.0357608e+01
   4.3100000e+02   1.0357010e+01
   4.3200000e+02   1.0355902e+01
   4.3300000e+02   1.0353952e+01
   4.3400000e+02   1.0350614e+01
   4.3500000e+02   1.0345113e+01
   4.3600000e+02   1.0336517e+01
   4.3700000e+02   1.0324069e+01
   4.3800000e+02   1.0307891e+01
   4.3900000e+02   1.0287238e+01
   4.4000000e+02   1.0264328e+01
   4.4100000e+02   1.0240099e+01
   4.4200000e+02   1.0218244e+01
   4.4300000e+02   1.0200510e+01
   4.4400000e+02   1.0188832e+01
   4.4500000e+02   1.0183963e+01
   4.4600000e+02   1.0185679e+01
   4.4700000e+02   1.0192690e+01
   4.4800000e+02   1.0203672e+01
   4.4900000e+02   1.0216898e+01
   4.5000000e+02   1.0230472e+01
   4.5100000e+02   1.0243552e+01
   4.5200000e+02   1.0255907e+01
   4.5300000e+02   1.0266996e+01
   4.5400000e+02   1.0276548e+01
   4.5500000e+02   1.0285381e+01
   4.5600000e+02   1.0292737e+01
   4.5700000e+02   1.0300033e+01
   4.5800000e+02   1.0306670e+01
   4.5900000e+02   1.0312094e+01
   4.6000000e+02   1.0316697e+01
   4.6100000e+02   1.0321249e+01
   4.6200000e+02   1.0324835e+01
   4.6300000e+02   1.0328112e+01
   4.6400000e+02   1.0330971e+01
   4.6500000e+02   1.0333192e+01
   4.6600000e+02   1.0335535e+01
   4.6700000e+02   1.0337496e+01
   4.6800000e+02   1.0339033e+01
   4.6900000e+02   1.0341116e+01
   4.7000000e+02   1.0342564e+01
   4.7100000e+02   1.0344708e+01
   4.7200000e+02   1.0346209e+01
   4.7300000e+02   1.0347516e+01
   4.7400000e+02   1.0349213e+01
   4.7500000e+02   1.0350671e+01
   4.7600000e+02   1.0352156e+01
   4.7700000e+02   1.0353124e+01
   4.7800000e+02   1.0354119e+01
   4.7900000e+02   1.0354883e+01
   4.8000000e+02   1.0355208e+01
   4.8100000e+02   1.0355833e+01
   4.8200000e+02   1.0356137e+01
   4.8300000e+02   1.0356413e+01
   4.8400000e+02   1.0356626e+01
   4.8500000e+02   1.0356907e+01
   4.8600000e+02   1.0357031e+01
   4.8700000e+02   1.0357099e+01
   4.8800000e+02   1.0357404e+01
   4.8900000e+02   1.0356888e+01
   4.9000000e+02   1.0357404e+01
   4.9100000e+02   1.0357250e+01
   4.9200000e+02   1.0356943e+01
   4.9300000e+02   1.0357049e+01
   4.9400000e+02   1.0357241e+01
   4.9500000e+02   1.0357215e+01
   4.9600000e+02   1.0357057e+01
   4.9700000e+02   1.0356925e+01
   4.9800000e+02   1.0356569e+01
   4.9900000e+02   1.0357060e+01
   5.0000000e+02   1.0357166e+01
   5.0100000e+02   1.0357149e+01
   5.0200000e+02   1.0356913e+01
   5.0300000e+02   1.0356972e+01
   5.0400000e+02   1.0356798e+01
   5.0500000e+02   1.0356682e+01
   5.0600000e+02   1.0357061e+01
   5.0700000e+02   1.0356856e+01
   5.0800000e+02   1.0357101e+01
   5.0900000e+02   1.0357183e+01
   5.1000000e+02   1.0357041e+01
   5.1100000e+02   1.0357027e+01
   5.1200000e+02   1.0356932e+01
   5.1300000e+02   1.0357041e+01
   5.1400000e+02   1.0357468e+01
   5.1500000e+02   1.0356759e+01
   5.1600000e+02   1.0356767e+01
   5.1700000e+02   1.0357210e+01
   5.1800000e+02   1.0356990e+01
   5.1900000e+02   1.0356597e+01
   5.2000000e+02   1.0356829e+01
   5.2100000e+02   1.0357036e+01
   5.2200000e+02   1.0356767e+01
   5.2300000e+02   1.0356899e+01
   5.2400000e+02   1.0356641e+01
   5.2500000e+02   1.0357055e+01
   5.2600000e+02   1.0356937e+01
   5.2700000e+02   1.0356684e+01
   5.2800000e+02   1.0356968e+01
   5.2900000e+02   1.0356728e+01
   5.3000000e+02   1.0356920e+01
   5.3100000e+02   1.0356708e+01
   5.3200000e+02   1.0356841e+01
   5.3300000e+02   1.0356808e+01
   5.3400000e+02   1.0356785e+01
   5.3500000e+02   1.0356819e+01
   5.3600000e+02   1.0356881e+01
   5.3700000e+02   1.0357013e+01
   5.3800000e+02   1.0357010e+01
   5.3900000e+02   1.0356898e+01
   5.4000000e+02   1.0356911e+01
   5.4100000e+02   1.0356833e+01
   5.4200000e+02   1.0357126e+01
   5.4300000e+02   1.0356753e+01
   5.4400000e+02   1.0356856e+01
   5.4500000e+02   1.0356558e+01
   5.4600000e+02   1.0356832e+01
   5.4700000e+02   1.0356875e+01
   5.4800000e+02   1.0356757e+01
   5.4900000e+02   1.0356943e+01
   5.5000000e+02   1.0357015e+01
   5.5100000e+02   1.0356684e+01
   5.5200000e+02   1.0356949e+01
   5.5300000e+02   1.0356644e+01
   5.5400000e+02   1.0356908e+01
   5.5500000e+02   1.0356784e+01
   5.5600000e+02   1.0356698e+01
   5.5700000e+02   1.0356786e+01
   5.5800000e+02   1.0356675e+01
   5.5900000e+02   1.0357023e+01
   5.6000000e+02   1.0356740e+01
   5.6100000e+02   1.0356835e+01
   5.6200000e+02   1.0356615e+01
   5.6300000e+02   1.0356834e+01
   5.6400000e+02   1.0356985e+01
   5.6500000e+02   1.0356905e+01
   5.6600000e+02   1.0356720e+01
   5.6700000e+02   1.0356802e+01
   5.6800000e+02   1.0356906e+01
   5.6900000e+02   1.0356856e+01
   5.7000000e+02   1.0356692e+01
   5.7100000e+02   1.0356765e+01
   5.7200000e+02   1.0356800e+01
   5.7300000e+02   1.0356781e+01
   5.7400000e+02   1.0356503e+01
   5.7500000e+02   1.0356595e+01
   5.7600000e+02   1.0356278e+01
   5.7700000e+02   1.0356275e+01
   5.7800000e+02   1.0356495e+01
   5.7900000e+02   1.0356478e+01
   5.8000000e+02   1.0356411e+01
   5.8100000e+02   1.0356249e+01
   5.8200000e+02   1.0356201e+01
   5.8300000e+02   1.0356285e+01
   5.8400000e+02   1.0356334e+01
   5.8500000e+02   1.0356180e+01
   5.8600000e+02   1.0356347e+01
   5.8700000e+02   1.0356066e+01
   5.8800000e+02   1.0356193e+01
   5.8900000e+02   1.0356326e+01
   5.9000000e+02   1.0356431e+01
   5.9100000e+02   1.0356339e+01
   5.9200000e+02   1.0356005e+01
   5.9300000e+02   1.0356064e+01
   5.9400000e+02   1.0356124e+01
   5.9500000e+02   1.0356274e+01
   5.9600000e+02   1.0356207e+01
   5.9700000e+02   1.0356076e+01
   5.9800000e+02   1.0356074e+01
   5.9900000e+02   1.0356183e+01
   6.0000000e+02   1.0356164e+01
   6.0100000e+02   1.0355944e+01
   6.0200000e+02   1.0356008e+01
   6.0300000e+02   1.0356093e+01
   6.0400000e+02   1.0356102e+01
   6.0500000e+02   1.0356315e+01
   6.0600000e+02   1.0356218e+01
   6.0700000e+02   1.0356281e+01
   6.0800000e+02   1.0356226e+01
   6.0900000e+02   1.0356435e+01
   6.1000000e+02   1.0356287e+01
   6.1100000e+02   1.0356049e+01
   6.1200000e+02   1.0356165e+01
   6.1300000e+02   1.0356084e+01
   6.1400000e+02   1.0356034e+01
   6.1500000e+02   1.0356151e+01
   6.1600000e+02   1.0356072e+01
   6.1700000e+02   1.0356177e+01
   6.1800000e+02   1.0356387e+01
   6.1900000e+02   1.0355806e+01
   6.2000000e+02   1.0355952e+01
   6.2100000e+02   1.0356140e+01
   6.2200000e+02   1.0356015e+01
   6.2300000e+02   1.0356223e+01
   6.2400000e+02   1.0356021e+01
   6.2500000e+02   1.0356098e+01
   6.2600000e+02   1.0356069e+01
   6.2700000e+02   1.0356150e+01
   6.2800000e+02   1.0356112e+01
   6.2900000e+02   1.0356205e+01
   6.3000000e+02   1.0356291e+01
   6.3100000e+02   1.0356174e+01
   6.3200000e+02   1.0355898e+01
   6.3300000e+02   1.0356200e+01
   6.3400000e+02   1.0355915e+01
   6.3500000e+02   1.0356004e+01
   6.3600000e+02   1.0355803e+01
   6.3700000e+02   1.0356008e+01
   6.3800000e+02   1.0355989e+01
   6.3900000e+02   1.0355793e+01
   6.4000000e+02   1.0355709e+01
   6.4100000e+02   1.0355683e+01
   6.4200000e+02   1.0356047e+01
   6.4300000e+02   1.0356101e+01
   6.4400000e+02   1.0355726e+01
   6.4500000e+02   1.0355923e+01
   6.4600000e+02   1.0355778e+01
   6.4700000e+02   1.0355992e+01
   6.4800000e+02   1.0356051e+01
   6.4900000e+02   1.0355892e+01
   6.5000000e+02   1.0355968e+01
   6.5100000e+02   1.0355994e+01
   6.5200000e+02   1.0355946e+01
   6.5300000e+02   1.0355817e+01
   6.5400000e+02   1.0355775e+01
   6.5500000e+02   1.0355789e+01
   6.5600000e+02   1.0355773e+01
   6.5700000e+02   1.0355744e+01
   6.5800000e+02   1.0355488e+01
   6.5900000e+02   1.0355443e+01
   6.6000000e+02   1.0355498e+01
   6.6100000e+02   1.0355180e+01
   6.6200000e+02   1.0354617e+01
   6.6300000e+02   1.0354096e+01
   6.6400000e+02   1.0353401e+01
   6.6500000e+02   1.0352442e+01
   6.6600000e+02   1.0351170e+01
   6.6700000e+02   1.0349670e+01
   6.6800000e+02   1.0348028e+01
   6.6900000e+02   1.0346196e+01
   6.7000000e+02   1.0344064e+01
   6.7100000e+02   1.0341653e+01
   6.7200000e+02   1.0339311e+01
   6.7300000e+02   1.0337021e+01
   6.7400000e+02   1.0334922e+01
   6.7500000e+02   1.0333195e+01
   6.7600000e+02   1.0331585e+01
   6.7700000e+02   1.0330485e+01
   6.7800000e+02   1.0330085e+01
   6.7900000e+02   1.0330291e+01
   6.8000000e+02   1.0330294e+01
   6.8100000e+02   1.0331189e+01
   6.8200000e+02   1.0332335e+01
   6.8300000e+02   1.0333627e+01
   6.8400000e+02   1.0334786e+01
   6.8500000e+02   1.0336376e+01
   6.8600000e+02   1.0337913e+01
   6.8700000e+02   1.0339457e+01
   6.8800000e+02   1.0340855e+01
   6.8900000e+02   1.0342027e+01
   6.9000000e+02   1.0343425e+01
   6.9100000e+02   1.0344448e+01
   6.9200000e+02   1.0345307e+01
   6.9300000e+02   1.0346937e+01
   6.9400000e+02   1.0347466e+01
   6.9500000e+02   1.0348572e+01
   6.9600000e+02   1.0349041e+01
   6.9700000e+02   1.0349581e+01
   6.9800000e+02   1.0350192e+01
   6.9900000e+02   1.0350821e+01
   7.0000000e+02   1.0351272e+01
   7.0100000e+02   1.0351732e+01
   7.0200000e+02   1.0351725e+01
   7.0300000e+02   1.0352175e+01
   7.0400000e+02   1.0352651e+01
   7.0500000e+02   1.0353094e+01
   7.0600000e+02   1.0353450e+01
   7.0700000e+02   1.0353517e+01
   7.0800000e+02   1.0353680e+01
   7.0900000e+02   1.0354009e+01
   7.1000000e+02   1.0354366e+01
   7.1100000e+02   1.0354631e+01
   7.1200000e+02   1.0354683e+01
   7.1300000e+02   1.0354423e+01
   7.1400000e+02   1.0355076e+01
   7.1500000e+02   1.0355061e+01
   7.1600000e+02   1.0355034e+01
   7.1700000e+02   1.0355078e+01
   7.1800000e+02   1.0355023e+01
   7.1900000e+02   1.0354756e+01
   7.2000000e+02   1.0355135e+01
   7.2100000e+02   1.0355103e+01
   7.2200000e+02   1.0355150e+01
   7.2300000e+02   1.0355217e+01
   7.2400000e+02   1.0355082e+01
   7.2500000e+02   1.0355440e+01
   7.2600000e+02   1.0355169e+01
   7.2700000e+02   1.0355228e+01
   7.2800000e+02   1.0355137e+01
   7.2900000e+02   1.0355340e+01
   7.3000000e+02   1.0355191e+01
   7.3100000e+02   1.0355158e+01
   7.3200000e+02   1.0355039e+01
   7.3300000e+02   1.0355319e+01
   7.3400000e+02   1.0355494e+01
   7.3500000e+02   1.0355100e+01
   7.3600000e+02   1.0355354e+01
   7.3700000e+02   1.0355099e+01
   7.3800000e+02   1.0355188e+01
   7.3900000e+02   1.0355441e+01
   7.4000000e+02   1.0355291e+01
   7.4100000e+02   1.0355263e+01
   7.4200000e+02   1.0355200e+01
   7.4300000e+02   1.0355089e+01
   7.4400000e+02   1.0355295e+01
   7.4500000e+02   1.0355223e+01
   7.4600000e+02   1.0355272e+01
   7.4700000e+02   1.0355401e+01
   7.4800000e+02   1.0355267e+01
   7.4900000e+02   1.0354848e+01
   7.5000000e+02   1.0355152e+01
   7.5100000e+02   1.0355230e+01
   7.5200000e+02   1.0354979e+01
   7.5300000e+02   1.0355012e+01
   7.5400000e+02   1.0355115e+01
   7.5500000e+02   1.0355102e+01
   7.5600000e+02   1.0354989e+01
   7.5700000e+02   1.0355117e+01
   7.5800000e+02   1.0355167e+01
   7.5900000e+02   1.0354767e+01
   7.6000000e+02   1.0354835e+01
   7.6100000e+02   1.0355014e+01
   7.6200000e+02   1.0355001e+01
   7.6300000e+02   1.0355017e+01
   7.6400000e+02   1.0355214e+01
   7.6500000e+02   1.0354836e+01
   7.6600000e+02   1.0354493e+01
   7.6700000e+02   1.0354785e+01
   7.6800000e+02   1.0354947e+01
   7.6900000e+02   1.0354758e+01
   7.7000000e+02   1.0354715e+01
   7.7100000e+02   1.0354706e+01
   7.7200000e+02   1.0354949e+01
   7.7300000e+02   1.0354723e+01
   7.7400000e+02   1.0354636e+01
   7.7500000e+02   1.0354913e+01
   7.7600000e+02   1.0354787e+01
   7.7700000e+02   1.0355103e+01
   7.7800000e+02   1.0354761e+01
   7.7900000e+02   1.0354845e+01
   7.8000000e+02   1.0354828e+01
