   0.0000000e+00   1.0329556e+01
   1.0000000e+00   1.0326190e+01
   2.0000000e+00   1.0325532e+01
   3.0000000e+00   1.0324489e+01
   4.0000000e+00   1.0324073e+01
   5.0000000e+00   1.0323445e+01
   6.0000000e+00   1.0323164e+01
   7.0000000e+00   1.0323027e+01
   8.0000000e+00   1.0322607e+01
   9.0000000e+00   1.0322734e+01
   1.0000000e+01   1.0322449e+01
   1.1000000e+01   1.0322419e+01
   1.2000000e+01   1.0322133e+01
   1.3000000e+01   1.0321856e+01
   1.4000000e+01   1.0321911e+01
   1.5000000e+01   1.0321754e+01
   1.6000000e+01   1.0321987e+01
   1.7000000e+01   1.0321596e+01
   1.8000000e+01   1.0321555e+01
   1.9000000e+01   1.0321373e+01
   2.0000000e+01   1.0321412e+01
   2.1000000e+01   1.0321368e+01
   2.2000000e+01   1.0321335e+01
   2.3000000e+01   1.0321219e+01
   2.4000000e+01   1.0321065e+01
   2.5000000e+01   1.0321070e+01
   2.6000000e+01   1.0320988e+01
   2.7000000e+01   1.0320930e+01
   2.8000000e+01   1.0321094e+01
   2.9000000e+01   1.0321060e+01
   3.0000000e+01   1.0320825e+01
   3.1000000e+01   1.0320673e+01
   3.2000000e+01   1.0320901e+01
   3.3000000e+01   1.0320518e+01
   3.4000000e+01   1.0320477e+01
   3.5000000e+01   1.0320590e+01
   3.6000000e+01   1.0320443e+01
   3.7000000e+01   1.0320441e+01
   3.8000000e+01   1.0320274e+01
   3.9000000e+01   1.0320628e+01
   4.0000000e+01   1.0320447e+01
   4.1000000e+01   1.0320266e+01
   4.2000000e+01   1.0320322e+01
   4.3000000e+01   1.0320284e+01
   4.4000000e+01   1.0320121e+01
   4.5000000e+01   1.0320144e+01
   4.6000000e+01   1.0319969e+01
   4.7000000e+01   1.0319992e+01
   4.8000000e+01   1.0319978e+01
   4.9000000e+01   1.0319816e+01
   5.0000000e+01   1.0319816e+01
   5.1000000e+01   1.0320010e+01
   5.2000000e+01   1.0319754e+01
   5.3000000e+01   1.0319756e+01
   5.4000000e+01   1.0319883e+01
   5.5000000e+01   1.0319512e+01
   5.6000000e+01   1.0319290e+01
   5.7000000e+01   1.0319340e+01
   5.8000000e+01   1.0319522e+01
   5.9000000e+01   1.0319190e+01
   6.0000000e+01   1.0319364e+01
   6.1000000e+01   1.0319286e+01
   6.2000000e+01   1.0319277e+01
   6.3000000e+01   1.0319254e+01
   6.4000000e+01   1.0319140e+01
   6.5000000e+01   1.0319002e+01
   6.6000000e+01   1.0319030e+01
   6.7000000e+01   1.0318943e+01
   6.8000000e+01   1.0319076e+01
   6.9000000e+01   1.0318787e+01
   7.0000000e+01   1.0318936e+01
   7.1000000e+01   1.0318788e+01
   7.2000000e+01   1.0318841e+01
   7.3000000e+01   1.0318941e+01
   7.4000000e+01   1.0318854e+01
   7.5000000e+01   1.0318936e+01
   7.6000000e+01   1.0318845e+01
   7.7000000e+01   1.0318900e+01
   7.8000000e+01   1.0318613e+01
   7.9000000e+01   1.0318657e+01
   8.0000000e+01   1.0318843e+01
   8.1000000e+01   1.0318844e+01
   8.2000000e+01   1.0318462e+01
   8.3000000e+01   1.0318617e+01
   8.4000000e+01   1.0318649e+01
   8.5000000e+01   1.0318634e+01
   8.6000000e+01   1.0318736e+01
   8.7000000e+01   1.0318674e+01
   8.8000000e+01   1.0318538e+01
   8.9000000e+01   1.0318678e+01
   9.0000000e+01   1.0318551e+01
   9.1000000e+01   1.0318698e+01
   9.2000000e+01   1.0318612e+01
   9.3000000e+01   1.0318333e+01
   9.4000000e+01   1.0318245e+01
   9.5000000e+01   1.0318047e+01
   9.6000000e+01   1.0318220e+01
   9.7000000e+01   1.0318178e+01
   9.8000000e+01   1.0318215e+01
   9.9000000e+01   1.0318174e+01
   1.0000000e+02   1.0318384e+01
   1.0100000e+02   1.0318378e+01
   1.0200000e+02   1.0318431e+01
   1.0300000e+02   1.0318437e+01
   1.0400000e+02   1.0318326e+01
   1.0500000e+02   1.0318069e+01
   1.0600000e+02   1.0318576e+01
   1.0700000e+02   1.0318330e+01
   1.0800000e+02   1.0318366e+01
   1.0900000e+02   1.0318419e+01
   1.1000000e+02   1.0318378e+01
   1.1100000e+02   1.0318602e+01
   1.1200000e+02   1.0318014e+01
   1.1300000e+02   1.0318218e+01
   1.1400000e+02   1.0317979e+01
   1.1500000e+02   1.0317792e+01
   1.1600000e+02   1.0318101e+01
   1.1700000e+02   1.0318431e+01
   1.1800000e+02   1.0318127e+01
   1.1900000e+02   1.0318147e+01
   1.2000000e+02   1.0317995e+01
   1.2100000e+02   1.0318295e+01
   1.2200000e+02   1.0318427e+01
   1.2300000e+02   1.0318119e+01
   1.2400000e+02   1.0318020e+01
   1.2500000e+02   1.0318372e+01
   1.2600000e+02   1.0318387e+01
   1.2700000e+02   1.0318153e+01
   1.2800000e+02   1.0318241e+01
   1.2900000e+02   1.0318200e+01
   1.3000000e+02   1.0318038e+01
   1.3100000e+02   1.0318238e+01
   1.3200000e+02   1.0318013e+01
   1.3300000e+02   1.0318156e+01
   1.3400000e+02   1.0318192e+01
   1.3500000e+02   1.0318349e+01
   1.3600000e+02   1.0318144e+01
   1.3700000e+02   1.0318334e+01
   1.3800000e+02   1.0317896e+01
   1.3900000e+02   1.0318442e+01
   1.4000000e+02   1.0318111e+01
   1.4100000e+02   1.0318161e+01
   1.4200000e+02   1.0318153e+01
   1.4300000e+02   1.0317948e+01
   1.4400000e+02   1.0317873e+01
   1.4500000e+02   1.0317756e+01
   1.4600000e+02   1.0317619e+01
   1.4700000e+02   1.0317900e+01
   1.4800000e+02   1.0317485e+01
   1.4900000e+02   1.0317412e+01
   1.5000000e+02   1.0317607e+01
   1.5100000e+02   1.0317552e+01
   1.5200000e+02   1.0317561e+01
   1.5300000e+02   1.0317348e+01
   1.5400000e+02   1.0317352e+01
   1.5500000e+02   1.0317571e+01
   1.5600000e+02   1.0317720e+01
   1.5700000e+02   1.0317559e+01
   1.5800000e+02   1.0317330e+01
   1.5900000e+02   1.0317688e+01
   1.6000000e+02   1.0317825e+01
   1.6100000e+02   1.0317620e+01
   1.6200000e+02   1.0317334e+01
   1.6300000e+02   1.0317502e+01
   1.6400000e+02   1.0317568e+01
   1.6500000e+02   1.0317546e+01
   1.6600000e+02   1.0316704e+01
   1.6700000e+02   1.0311068e+01
   1.6800000e+02   1.0293026e+01
   1.6900000e+02   1.0280379e+01
   1.7000000e+02   1.0287601e+01
   1.7100000e+02   1.0299684e+01
   1.7200000e+02   1.0307109e+01
   1.7300000e+02   1.0310173e+01
   1.7400000e+02   1.0311080e+01
   1.7500000e+02   1.0311804e+01
   1.7600000e+02   1.0312454e+01
   1.7700000e+02   1.0312891e+01
   1.7800000e+02   1.0312038e+01
   1.7900000e+02   1.0282386e+01
   1.8000000e+02   1.0236956e+01
   1.8100000e+02   1.0234345e+01
   1.8200000e+02   1.0246716e+01
   1.8300000e+02   1.0251864e+01
   1.8400000e+02   1.0260092e+01
   1.8500000e+02   1.0265363e+01
   1.8600000e+02   1.0268090e+01
   1.8700000e+02   1.0271346e+01
   1.8800000e+02   1.0274149e+01
   1.8900000e+02   1.0279661e+01
   1.9000000e+02   1.0286908e+01
   1.9100000e+02   1.0293608e+01
   1.9200000e+02   1.0300710e+01
   1.9300000e+02   1.0305667e+01
   1.9400000e+02   1.0308726e+01
   1.9500000e+02   1.0310167e+01
   1.9600000e+02   1.0311006e+01
   1.9700000e+02   1.0311655e+01
   1.9800000e+02   1.0312215e+01
   1.9900000e+02   1.0312668e+01
   2.0000000e+02   1.0313186e+01
   2.0100000e+02   1.0313632e+01
   2.0200000e+02   1.0313764e+01
   2.0300000e+02   1.0314260e+01
   2.0400000e+02   1.0314498e+01
   2.0500000e+02   1.0315082e+01
   2.0600000e+02   1.0315295e+01
   2.0700000e+02   1.0315394e+01
   2.0800000e+02   1.0315817e+01
   2.0900000e+02   1.0316032e+01
   2.1000000e+02   1.0315988e+01
   2.1100000e+02   1.0315963e+01
   2.1200000e+02   1.0316012e+01
   2.1300000e+02   1.0316080e+01
   2.1400000e+02   1.0315920e+01
   2.1500000e+02   1.0315972e+01
   2.1600000e+02   1.0316045e+01
   2.1700000e+02   1.0316219e+01
   2.1800000e+02   1.0316111e+01
   2.1900000e+02   1.0316047e+01
   2.2000000e+02   1.0315881e+01
   2.2100000e+02   1.0315951e+01
   2.2200000e+02   1.0316230e+01
   2.2300000e+02   1.0316184e+01
   2.2400000e+02   1.0315983e+01
   2.2500000e+02   1.0315571e+01
   2.2600000e+02   1.0315817e+01
   2.2700000e+02   1.0315543e+01
   2.2800000e+02   1.0316069e+01
   2.2900000e+02   1.0316250e+01
   2.3000000e+02   1.0315772e+01
   2.3100000e+02   1.0315723e+01
   2.3200000e+02   1.0316344e+01
   2.3300000e+02   1.0316219e+01
   2.3400000e+02   1.0316127e+01
   2.3500000e+02   1.0316288e+01
   2.3600000e+02   1.0315782e+01
   2.3700000e+02   1.0315973e+01
   2.3800000e+02   1.0316026e+01
   2.3900000e+02   1.0315991e+01
   2.4000000e+02   1.0315957e+01
   2.4100000e+02   1.0315742e+01
   2.4200000e+02   1.0315776e+01
   2.4300000e+02   1.0315730e+01
   2.4400000e+02   1.0315600e+01
   2.4500000e+02   1.0315407e+01
   2.4600000e+02   1.0314963e+01
   2.4700000e+02   1.0314862e+01
   2.4800000e+02   1.0314472e+01
   2.4900000e+02   1.0314388e+01
   2.5000000e+02   1.0314244e+01
   2.5100000e+02   1.0314368e+01
   2.5200000e+02   1.0314457e+01
   2.5300000e+02   1.0314183e+01
   2.5400000e+02   1.0314384e+01
   2.5500000e+02   1.0314022e+01
   2.5600000e+02   1.0314285e+01
   2.5700000e+02   1.0314339e+01
   2.5800000e+02   1.0314098e+01
   2.5900000e+02   1.0313874e+01
   2.6000000e+02   1.0313626e+01
   2.6100000e+02   1.0313748e+01
   2.6200000e+02   1.0313461e+01
   2.6300000e+02   1.0313575e+01
   2.6400000e+02   1.0313260e+01
   2.6500000e+02   1.0313418e+01
   2.6600000e+02   1.0313504e+01
   2.6700000e+02   1.0313302e+01
   2.6800000e+02   1.0313533e+01
   2.6900000e+02   1.0313641e+01
   2.7000000e+02   1.0313777e+01
   2.7100000e+02   1.0313463e+01
   2.7200000e+02   1.0313972e+01
   2.7300000e+02   1.0313465e+01
   2.7400000e+02   1.0314035e+01
   2.7500000e+02   1.0313887e+01
   2.7600000e+02   1.0313880e+01
   2.7700000e+02   1.0313943e+01
   2.7800000e+02   1.0313743e+01
   2.7900000e+02   1.0313888e+01
   2.8000000e+02   1.0314721e+01
   2.8100000e+02   1.0314522e+01
   2.8200000e+02   1.0314397e+01
   2.8300000e+02   1.0314317e+01
   2.8400000e+02   1.0314277e+01
   2.8500000e+02   1.0314421e+01
   2.8600000e+02   1.0314112e+01
   2.8700000e+02   1.0314148e+01
   2.8800000e+02   1.0314210e+01
   2.8900000e+02   1.0314043e+01
   2.9000000e+02   1.0314009e+01
   2.9100000e+02   1.0314114e+01
   2.9200000e+02   1.0314200e+01
   2.9300000e+02   1.0314325e+01
   2.9400000e+02   1.0314171e+01
   2.9500000e+02   1.0314233e+01
   2.9600000e+02   1.0314477e+01
   2.9700000e+02   1.0314509e+01
   2.9800000e+02   1.0314239e+01
   2.9900000e+02   1.0314271e+01
   3.0000000e+02   1.0314352e+01
   3.0100000e+02   1.0313938e+01
   3.0200000e+02   1.0313328e+01
   3.0300000e+02   1.0312686e+01
   3.0400000e+02   1.0311893e+01
   3.0500000e+02   1.0310832e+01
   3.0600000e+02   1.0309253e+01
   3.0700000e+02   1.0307410e+01
   3.0800000e+02   1.0305082e+01
   3.0900000e+02   1.0302781e+01
   3.1000000e+02   1.0300488e+01
   3.1100000e+02   1.0298734e+01
   3.1200000e+02   1.0297605e+01
   3.1300000e+02   1.0297032e+01
   3.1400000e+02   1.0296471e+01
   3.1500000e+02   1.0295692e+01
   3.1600000e+02   1.0294131e+01
   3.1700000e+02   1.0290945e+01
   3.1800000e+02   1.0287949e+01
   3.1900000e+02   1.0284494e+01
   3.2000000e+02   1.0281394e+01
   3.2100000e+02   1.0279036e+01
   3.2200000e+02   1.0277901e+01
   3.2300000e+02   1.0277694e+01
   3.2400000e+02   1.0278306e+01
   3.2500000e+02   1.0279788e+01
   3.2600000e+02   1.0281928e+01
   3.2700000e+02   1.0284617e+01
   3.2800000e+02   1.0287274e+01
   3.2900000e+02   1.0290202e+01
   3.3000000e+02   1.0293315e+01
   3.3100000e+02   1.0295582e+01
   3.3200000e+02   1.0297826e+01
   3.3300000e+02   1.0298776e+01
   3.3400000e+02   1.0299613e+01
   3.3500000e+02   1.0300018e+01
   3.3600000e+02   1.0299827e+01
   3.3700000e+02   1.0299920e+01
   3.3800000e+02   1.0299561e+01
   3.3900000e+02   1.0299773e+01
   3.4000000e+02   1.0300597e+01
   3.4100000e+02   1.0300802e+01
   3.4200000e+02   1.0302231e+01
   3.4300000e+02   1.0303373e+01
   3.4400000e+02   1.0304326e+01
   3.4500000e+02   1.0305699e+01
   3.4600000e+02   1.0306555e+01
   3.4700000e+02   1.0307374e+01
   3.4800000e+02   1.0308244e+01
   3.4900000e+02   1.0308986e+01
   3.5000000e+02   1.0309241e+01
   3.5100000e+02   1.0310063e+01
   3.5200000e+02   1.0310477e+01
   3.5300000e+02   1.0310796e+01
   3.5400000e+02   1.0310962e+01
   3.5500000e+02   1.0311299e+01
   3.5600000e+02   1.0311357e+01
   3.5700000e+02   1.0311333e+01
   3.5800000e+02   1.0311199e+01
   3.5900000e+02   1.0311151e+01
   3.6000000e+02   1.0310760e+01
   3.6100000e+02   1.0311072e+01
   3.6200000e+02   1.0310779e+01
   3.6300000e+02   1.0311331e+01
   3.6400000e+02   1.0311187e+01
   3.6500000e+02   1.0311121e+01
   3.6600000e+02   1.0311635e+01
   3.6700000e+02   1.0312251e+01
   3.6800000e+02   1.0312297e+01
   3.6900000e+02   1.0312026e+01
   3.7000000e+02   1.0312746e+01
   3.7100000e+02   1.0312802e+01
   3.7200000e+02   1.0312617e+01
   3.7300000e+02   1.0313018e+01
   3.7400000e+02   1.0313256e+01
   3.7500000e+02   1.0313241e+01
   3.7600000e+02   1.0313655e+01
   3.7700000e+02   1.0313205e+01
   3.7800000e+02   1.0313296e+01
   3.7900000e+02   1.0313462e+01
   3.8000000e+02   1.0313384e+01
   3.8100000e+02   1.0313418e+01
   3.8200000e+02   1.0313483e+01
   3.8300000e+02   1.0313037e+01
   3.8400000e+02   1.0313156e+01
   3.8500000e+02   1.0312912e+01
   3.8600000e+02   1.0311944e+01
   3.8700000e+02   1.0311971e+01
   3.8800000e+02   1.0312069e+01
   3.8900000e+02   1.0312104e+01
   3.9000000e+02   1.0311937e+01
   3.9100000e+02   1.0311800e+01
   3.9200000e+02   1.0311618e+01
   3.9300000e+02   1.0311870e+01
   3.9400000e+02   1.0311765e+01
   3.9500000e+02   1.0312052e+01
   3.9600000e+02   1.0312275e+01
   3.9700000e+02   1.0312349e+01
   3.9800000e+02   1.0311867e+01
   3.9900000e+02   1.0312174e+01
   4.0000000e+02   1.0312831e+01
   4.0100000e+02   1.0313006e+01
   4.0200000e+02   1.0312657e+01
   4.0300000e+02   1.0313042e+01
   4.0400000e+02   1.0313290e+01
   4.0500000e+02   1.0312649e+01
   4.0600000e+02   1.0313052e+01
   4.0700000e+02   1.0313392e+01
   4.0800000e+02   1.0313250e+01
   4.0900000e+02   1.0313095e+01
   4.1000000e+02   1.0312931e+01
   4.1100000e+02   1.0312831e+01
   4.1200000e+02   1.0313119e+01
   4.1300000e+02   1.0313084e+01
   4.1400000e+02   1.0313194e+01
   4.1500000e+02   1.0313244e+01
   4.1600000e+02   1.0313467e+01
   4.1700000e+02   1.0312888e+01
   4.1800000e+02   1.0313324e+01
   4.1900000e+02   1.0313412e+01
   4.2000000e+02   1.0313066e+01
   4.2100000e+02   1.0312831e+01
   4.2200000e+02   1.0313320e+01
   4.2300000e+02   1.0313371e+01
   4.2400000e+02   1.0313217e+01
   4.2500000e+02   1.0313633e+01
   4.2600000e+02   1.0313005e+01
   4.2700000e+02   1.0313224e+01
   4.2800000e+02   1.0313363e+01
   4.2900000e+02   1.0313195e+01
   4.3000000e+02   1.0313456e+01
   4.3100000e+02   1.0312991e+01
   4.3200000e+02   1.0312968e+01
   4.3300000e+02   1.0313084e+01
   4.3400000e+02   1.0312367e+01
   4.3500000e+02   1.0312147e+01
   4.3600000e+02   1.0311089e+01
   4.3700000e+02   1.0308720e+01
   4.3800000e+02   1.0304970e+01
   4.3900000e+02   1.0298942e+01
   4.4000000e+02   1.0290272e+01
   4.4100000e+02   1.0277584e+01
   4.4200000e+02   1.0260973e+01
   4.4300000e+02   1.0240944e+01
   4.4400000e+02   1.0218496e+01
   4.4500000e+02   1.0195610e+01
   4.4600000e+02   1.0174250e+01
   4.4700000e+02   1.0156916e+01
   4.4800000e+02   1.0144958e+01
   4.4900000e+02   1.0139373e+01
   4.5000000e+02   1.0140102e+01
   4.5100000e+02   1.0145715e+01
   4.5200000e+02   1.0155702e+01
   4.5300000e+02   1.0168231e+01
   4.5400000e+02   1.0181990e+01
   4.5500000e+02   1.0196465e+01
   4.5600000e+02   1.0209728e+01
   4.5700000e+02   1.0221981e+01
   4.5800000e+02   1.0233440e+01
   4.5900000e+02   1.0243403e+01
   4.6000000e+02   1.0252146e+01
   4.6100000e+02   1.0259875e+01
   4.6200000e+02   1.0266481e+01
   4.6300000e+02   1.0272131e+01
   4.6400000e+02   1.0277181e+01
   4.6500000e+02   1.0281149e+01
   4.6600000e+02   1.0284631e+01
   4.6700000e+02   1.0287718e+01
   4.6800000e+02   1.0290259e+01
   4.6900000e+02   1.0292557e+01
   4.7000000e+02   1.0294833e+01
   4.7100000e+02   1.0296630e+01
   4.7200000e+02   1.0298527e+01
   4.7300000e+02   1.0300512e+01
   4.7400000e+02   1.0302341e+01
   4.7500000e+02   1.0303719e+01
   4.7600000e+02   1.0304975e+01
   4.7700000e+02   1.0306131e+01
   4.7800000e+02   1.0307347e+01
   4.7900000e+02   1.0308142e+01
   4.8000000e+02   1.0309146e+01
   4.8100000e+02   1.0309676e+01
   4.8200000e+02   1.0310384e+01
   4.8300000e+02   1.0311015e+01
   4.8400000e+02   1.0311138e+01
   4.8500000e+02   1.0311449e+01
   4.8600000e+02   1.0311880e+01
   4.8700000e+02   1.0311836e+01
   4.8800000e+02   1.0311908e+01
   4.8900000e+02   1.0312025e+01
   4.9000000e+02   1.0312204e+01
   4.9100000e+02   1.0312276e+01
   4.9200000e+02   1.0312144e+01
   4.9300000e+02   1.0312604e+01
   4.9400000e+02   1.0312340e+01
   4.9500000e+02   1.0313083e+01
   4.9600000e+02   1.0312733e+01
   4.9700000e+02   1.0312597e+01
   4.9800000e+02   1.0313019e+01
   4.9900000e+02   1.0312523e+01
   5.0000000e+02   1.0312905e+01
   5.0100000e+02   1.0312503e+01
   5.0200000e+02   1.0312796e+01
   5.0300000e+02   1.0312572e+01
   5.0400000e+02   1.0312524e+01
   5.0500000e+02   1.0312749e+01
   5.0600000e+02   1.0312784e+01
   5.0700000e+02   1.0312720e+01
   5.0800000e+02   1.0312545e+01
   5.0900000e+02   1.0312674e+01
   5.1000000e+02   1.0312357e+01
   5.1100000e+02   1.0312686e+01
   5.1200000e+02   1.0312433e+01
   5.1300000e+02   1.0312368e+01
   5.1400000e+02   1.0312274e+01
   5.1500000e+02   1.0312588e+01
   5.1600000e+02   1.0312388e+01
   5.1700000e+02   1.0312209e+01
   5.1800000e+02   1.0312119e+01
   5.1900000e+02   1.0312202e+01
   5.2000000e+02   1.0312497e+01
   5.2100000e+02   1.0312204e+01
   5.2200000e+02   1.0312388e+01
   5.2300000e+02   1.0312607e+01
   5.2400000e+02   1.0312340e+01
   5.2500000e+02   1.0312345e+01
   5.2600000e+02   1.0312452e+01
   5.2700000e+02   1.0312835e+01
   5.2800000e+02   1.0312621e+01
   5.2900000e+02   1.0312608e+01
   5.3000000e+02   1.0312467e+01
   5.3100000e+02   1.0312526e+01
   5.3200000e+02   1.0312297e+01
   5.3300000e+02   1.0312268e+01
   5.3400000e+02   1.0312590e+01
   5.3500000e+02   1.0312259e+01
   5.3600000e+02   1.0312584e+01
   5.3700000e+02   1.0312276e+01
   5.3800000e+02   1.0312332e+01
   5.3900000e+02   1.0312611e+01
   5.4000000e+02   1.0312391e+01
   5.4100000e+02   1.0312249e+01
   5.4200000e+02   1.0312510e+01
   5.4300000e+02   1.0312460e+01
   5.4400000e+02   1.0312499e+01
   5.4500000e+02   1.0312505e+01
   5.4600000e+02   1.0312617e+01
   5.4700000e+02   1.0312319e+01
   5.4800000e+02   1.0312283e+01
   5.4900000e+02   1.0312544e+01
   5.5000000e+02   1.0312243e+01
   5.5100000e+02   1.0312427e+01
   5.5200000e+02   1.0312111e+01
   5.5300000e+02   1.0312375e+01
   5.5400000e+02   1.0312321e+01
   5.5500000e+02   1.0312329e+01
   5.5600000e+02   1.0312321e+01
   5.5700000e+02   1.0312003e+01
   5.5800000e+02   1.0312078e+01
   5.5900000e+02   1.0312273e+01
   5.6000000e+02   1.0312125e+01
   5.6100000e+02   1.0312291e+01
   5.6200000e+02   1.0312322e+01
   5.6300000e+02   1.0312023e+01
   5.6400000e+02   1.0312109e+01
   5.6500000e+02   1.0312219e+01
   5.6600000e+02   1.0312155e+01
   5.6700000e+02   1.0312377e+01
   5.6800000e+02   1.0312182e+01
   5.6900000e+02   1.0312162e+01
   5.7000000e+02   1.0312287e+01
   5.7100000e+02   1.0312297e+01
   5.7200000e+02   1.0312237e+01
   5.7300000e+02   1.0312417e+01
   5.7400000e+02   1.0312339e+01
   5.7500000e+02   1.0312424e+01
   5.7600000e+02   1.0312288e+01
   5.7700000e+02   1.0312560e+01
   5.7800000e+02   1.0312418e+01
   5.7900000e+02   1.0312365e+01
   5.8000000e+02   1.0312370e+01
   5.8100000e+02   1.0312124e+01
   5.8200000e+02   1.0312104e+01
   5.8300000e+02   1.0312127e+01
   5.8400000e+02   1.0312134e+01
   5.8500000e+02   1.0312010e+01
   5.8600000e+02   1.0312132e+01
   5.8700000e+02   1.0311880e+01
   5.8800000e+02   1.0312050e+01
   5.8900000e+02   1.0312170e+01
   5.9000000e+02   1.0312128e+01
   5.9100000e+02   1.0311987e+01
   5.9200000e+02   1.0312307e+01
   5.9300000e+02   1.0312225e+01
   5.9400000e+02   1.0312391e+01
   5.9500000e+02   1.0312258e+01
   5.9600000e+02   1.0312294e+01
   5.9700000e+02   1.0312198e+01
   5.9800000e+02   1.0312364e+01
   5.9900000e+02   1.0312062e+01
   6.0000000e+02   1.0312161e+01
   6.0100000e+02   1.0312209e+01
   6.0200000e+02   1.0311897e+01
   6.0300000e+02   1.0311881e+01
   6.0400000e+02   1.0312247e+01
   6.0500000e+02   1.0312097e+01
   6.0600000e+02   1.0312032e+01
   6.0700000e+02   1.0312271e+01
   6.0800000e+02   1.0312207e+01
   6.0900000e+02   1.0311958e+01
   6.1000000e+02   1.0311750e+01
   6.1100000e+02   1.0311938e+01
   6.1200000e+02   1.0311759e+01
   6.1300000e+02   1.0311796e+01
   6.1400000e+02   1.0311637e+01
   6.1500000e+02   1.0311668e+01
   6.1600000e+02   1.0311581e+01
   6.1700000e+02   1.0311696e+01
   6.1800000e+02   1.0311427e+01
   6.1900000e+02   1.0311736e+01
   6.2000000e+02   1.0311400e+01
   6.2100000e+02   1.0311709e+01
   6.2200000e+02   1.0311793e+01
   6.2300000e+02   1.0311525e+01
   6.2400000e+02   1.0311601e+01
   6.2500000e+02   1.0311730e+01
   6.2600000e+02   1.0311449e+01
   6.2700000e+02   1.0311589e+01
   6.2800000e+02   1.0311435e+01
   6.2900000e+02   1.0311332e+01
   6.3000000e+02   1.0311571e+01
   6.3100000e+02   1.0311573e+01
   6.3200000e+02   1.0311264e+01
   6.3300000e+02   1.0311395e+01
   6.3400000e+02   1.0311157e+01
   6.3500000e+02   1.0311335e+01
   6.3600000e+02   1.0311075e+01
   6.3700000e+02   1.0311329e+01
   6.3800000e+02   1.0311254e+01
   6.3900000e+02   1.0310980e+01
   6.4000000e+02   1.0310990e+01
   6.4100000e+02   1.0311289e+01
   6.4200000e+02   1.0311104e+01
   6.4300000e+02   1.0311352e+01
   6.4400000e+02   1.0311225e+01
   6.4500000e+02   1.0310803e+01
   6.4600000e+02   1.0311066e+01
   6.4700000e+02   1.0310881e+01
   6.4800000e+02   1.0311078e+01
   6.4900000e+02   1.0310554e+01
   6.5000000e+02   1.0311159e+01
   6.5100000e+02   1.0310560e+01
   6.5200000e+02   1.0311020e+01
   6.5300000e+02   1.0310928e+01
   6.5400000e+02   1.0310798e+01
   6.5500000e+02   1.0311102e+01
   6.5600000e+02   1.0310613e+01
   6.5700000e+02   1.0310957e+01
   6.5800000e+02   1.0310937e+01
   6.5900000e+02   1.0311210e+01
   6.6000000e+02   1.0311122e+01
   6.6100000e+02   1.0310978e+01
   6.6200000e+02   1.0310739e+01
   6.6300000e+02   1.0310760e+01
   6.6400000e+02   1.0310672e+01
   6.6500000e+02   1.0310814e+01
   6.6600000e+02   1.0310363e+01
   6.6700000e+02   1.0310284e+01
   6.6800000e+02   1.0309912e+01
   6.6900000e+02   1.0309111e+01
   6.7000000e+02   1.0308632e+01
   6.7100000e+02   1.0307155e+01
   6.7200000e+02   1.0306181e+01
   6.7300000e+02   1.0304309e+01
   6.7400000e+02   1.0301987e+01
   6.7500000e+02   1.0299301e+01
   6.7600000e+02   1.0296358e+01
   6.7700000e+02   1.0293021e+01
   6.7800000e+02   1.0289160e+01
   6.7900000e+02   1.0285431e+01
   6.8000000e+02   1.0281381e+01
   6.8100000e+02   1.0278077e+01
   6.8200000e+02   1.0274914e+01
   6.8300000e+02   1.0272274e+01
   6.8400000e+02   1.0270288e+01
   6.8500000e+02   1.0269014e+01
   6.8600000e+02   1.0268760e+01
   6.8700000e+02   1.0268826e+01
   6.8800000e+02   1.0269856e+01
   6.8900000e+02   1.0271498e+01
   6.9000000e+02   1.0273247e+01
   6.9100000e+02   1.0275297e+01
   6.9200000e+02   1.0277772e+01
   6.9300000e+02   1.0280302e+01
   6.9400000e+02   1.0282894e+01
   6.9500000e+02   1.0285464e+01
   6.9600000e+02   1.0287484e+01
   6.9700000e+02   1.0289868e+01
   6.9800000e+02   1.0291922e+01
   6.9900000e+02   1.0293724e+01
   7.0000000e+02   1.0295945e+01
   7.0100000e+02   1.0297250e+01
   7.0200000e+02   1.0299203e+01
   7.0300000e+02   1.0300144e+01
   7.0400000e+02   1.0301239e+01
   7.0500000e+02   1.0302174e+01
   7.0600000e+02   1.0303154e+01
   7.0700000e+02   1.0304025e+01
   7.0800000e+02   1.0304747e+01
   7.0900000e+02   1.0305895e+01
   7.1000000e+02   1.0305755e+01
   7.1100000e+02   1.0306368e+01
   7.1200000e+02   1.0307310e+01
   7.1300000e+02   1.0307627e+01
   7.1400000e+02   1.0308175e+01
   7.1500000e+02   1.0308667e+01
   7.1600000e+02   1.0308718e+01
   7.1700000e+02   1.0309220e+01
   7.1800000e+02   1.0309378e+01
   7.1900000e+02   1.0309405e+01
   7.2000000e+02   1.0309822e+01
   7.2100000e+02   1.0310006e+01
   7.2200000e+02   1.0309848e+01
   7.2300000e+02   1.0310195e+01
   7.2400000e+02   1.0310291e+01
   7.2500000e+02   1.0310114e+01
   7.2600000e+02   1.0310259e+01
   7.2700000e+02   1.0310455e+01
   7.2800000e+02   1.0310474e+01
   7.2900000e+02   1.0310159e+01
   7.3000000e+02   1.0310360e+01
   7.3100000e+02   1.0310567e+01
   7.3200000e+02   1.0310594e+01
   7.3300000e+02   1.0310345e+01
   7.3400000e+02   1.0310505e+01
   7.3500000e+02   1.0310469e+01
   7.3600000e+02   1.0310898e+01
   7.3700000e+02   1.0310429e+01
   7.3800000e+02   1.0310423e+01
   7.3900000e+02   1.0310560e+01
   7.4000000e+02   1.0310629e+01
   7.4100000e+02   1.0310328e+01
   7.4200000e+02   1.0310746e+01
   7.4300000e+02   1.0310506e+01
   7.4400000e+02   1.0310363e+01
   7.4500000e+02   1.0310831e+01
   7.4600000e+02   1.0310309e+01
   7.4700000e+02   1.0310582e+01
   7.4800000e+02   1.0310285e+01
   7.4900000e+02   1.0310214e+01
   7.5000000e+02   1.0310572e+01
   7.5100000e+02   1.0310311e+01
   7.5200000e+02   1.0310114e+01
   7.5300000e+02   1.0310037e+01
   7.5400000e+02   1.0310318e+01
   7.5500000e+02   1.0310101e+01
   7.5600000e+02   1.0309851e+01
   7.5700000e+02   1.0309882e+01
   7.5800000e+02   1.0310044e+01
   7.5900000e+02   1.0309795e+01
   7.6000000e+02   1.0309956e+01
   7.6100000e+02   1.0310117e+01
   7.6200000e+02   1.0310190e+01
   7.6300000e+02   1.0310047e+01
   7.6400000e+02   1.0310199e+01
   7.6500000e+02   1.0310375e+01
   7.6600000e+02   1.0310309e+01
   7.6700000e+02   1.0310273e+01
   7.6800000e+02   1.0310349e+01
   7.6900000e+02   1.0310107e+01
   7.7000000e+02   1.0310131e+01
   7.7100000e+02   1.0310391e+01
   7.7200000e+02   1.0310266e+01
   7.7300000e+02   1.0309935e+01
   7.7400000e+02   1.0310214e+01
   7.7500000e+02   1.0310129e+01
   7.7600000e+02   1.0310223e+01
   7.7700000e+02   1.0310245e+01
   7.7800000e+02   1.0310037e+01
   7.7900000e+02   1.0309922e+01
   7.8000000e+02   1.0310224e+01
