   0.0000000e+00   1.0325335e+01
   1.0000000e+00   1.0321918e+01
   2.0000000e+00   1.0321119e+01
   3.0000000e+00   1.0320522e+01
   4.0000000e+00   1.0319948e+01
   5.0000000e+00   1.0319278e+01
   6.0000000e+00   1.0319010e+01
   7.0000000e+00   1.0318966e+01
   8.0000000e+00   1.0318859e+01
   9.0000000e+00   1.0318769e+01
   1.0000000e+01   1.0318286e+01
   1.1000000e+01   1.0318154e+01
   1.2000000e+01   1.0318257e+01
   1.3000000e+01   1.0318189e+01
   1.4000000e+01   1.0318097e+01
   1.5000000e+01   1.0317702e+01
   1.6000000e+01   1.0317788e+01
   1.7000000e+01   1.0317481e+01
   1.8000000e+01   1.0317591e+01
   1.9000000e+01   1.0317420e+01
   2.0000000e+01   1.0317128e+01
   2.1000000e+01   1.0317237e+01
   2.2000000e+01   1.0317038e+01
   2.3000000e+01   1.0316994e+01
   2.4000000e+01   1.0316889e+01
   2.5000000e+01   1.0316998e+01
   2.6000000e+01   1.0316778e+01
   2.7000000e+01   1.0316845e+01
   2.8000000e+01   1.0316760e+01
   2.9000000e+01   1.0316646e+01
   3.0000000e+01   1.0316857e+01
   3.1000000e+01   1.0316745e+01
   3.2000000e+01   1.0316429e+01
   3.3000000e+01   1.0316481e+01
   3.4000000e+01   1.0316360e+01
   3.5000000e+01   1.0316201e+01
   3.6000000e+01   1.0316588e+01
   3.7000000e+01   1.0316497e+01
   3.8000000e+01   1.0316080e+01
   3.9000000e+01   1.0316127e+01
   4.0000000e+01   1.0316119e+01
   4.1000000e+01   1.0316148e+01
   4.2000000e+01   1.0316122e+01
   4.3000000e+01   1.0316257e+01
   4.4000000e+01   1.0316038e+01
   4.5000000e+01   1.0315794e+01
   4.6000000e+01   1.0315831e+01
   4.7000000e+01   1.0315684e+01
   4.8000000e+01   1.0315709e+01
   4.9000000e+01   1.0315903e+01
   5.0000000e+01   1.0315681e+01
   5.1000000e+01   1.0315656e+01
   5.2000000e+01   1.0315754e+01
   5.3000000e+01   1.0315857e+01
   5.4000000e+01   1.0315335e+01
   5.5000000e+01   1.0315436e+01
   5.6000000e+01   1.0315509e+01
   5.7000000e+01   1.0315598e+01
   5.8000000e+01   1.0315154e+01
   5.9000000e+01   1.0315567e+01
   6.0000000e+01   1.0315313e+01
   6.1000000e+01   1.0315296e+01
   6.2000000e+01   1.0315610e+01
   6.3000000e+01   1.0315227e+01
   6.4000000e+01   1.0315361e+01
   6.5000000e+01   1.0315238e+01
   6.6000000e+01   1.0315270e+01
   6.7000000e+01   1.0315283e+01
   6.8000000e+01   1.0315253e+01
   6.9000000e+01   1.0315171e+01
   7.0000000e+01   1.0315204e+01
   7.1000000e+01   1.0315141e+01
   7.2000000e+01   1.0315312e+01
   7.3000000e+01   1.0315209e+01
   7.4000000e+01   1.0315056e+01
   7.5000000e+01   1.0315100e+01
   7.6000000e+01   1.0314991e+01
   7.7000000e+01   1.0315105e+01
   7.8000000e+01   1.0314752e+01
   7.9000000e+01   1.0315075e+01
   8.0000000e+01   1.0314960e+01
   8.1000000e+01   1.0314675e+01
   8.2000000e+01   1.0314895e+01
   8.3000000e+01   1.0314774e+01
   8.4000000e+01   1.0314746e+01
   8.5000000e+01   1.0314753e+01
   8.6000000e+01   1.0314759e+01
   8.7000000e+01   1.0314670e+01
   8.8000000e+01   1.0314896e+01
   8.9000000e+01   1.0314640e+01
   9.0000000e+01   1.0314569e+01
   9.1000000e+01   1.0314544e+01
   9.2000000e+01   1.0314641e+01
   9.3000000e+01   1.0314402e+01
   9.4000000e+01   1.0314593e+01
   9.5000000e+01   1.0314439e+01
   9.6000000e+01   1.0314553e+01
   9.7000000e+01   1.0314457e+01
   9.8000000e+01   1.0314287e+01
   9.9000000e+01   1.0314416e+01
   1.0000000e+02   1.0314482e+01
   1.0100000e+02   1.0314481e+01
   1.0200000e+02   1.0314355e+01
   1.0300000e+02   1.0314285e+01
   1.0400000e+02   1.0314399e+01
   1.0500000e+02   1.0314261e+01
   1.0600000e+02   1.0314470e+01
   1.0700000e+02   1.0314348e+01
   1.0800000e+02   1.0314463e+01
   1.0900000e+02   1.0314237e+01
   1.1000000e+02   1.0314351e+01
   1.1100000e+02   1.0314409e+01
   1.1200000e+02   1.0314190e+01
   1.1300000e+02   1.0314214e+01
   1.1400000e+02   1.0314171e+01
   1.1500000e+02   1.0314169e+01
   1.1600000e+02   1.0314182e+01
   1.1700000e+02   1.0314143e+01
   1.1800000e+02   1.0314367e+01
   1.1900000e+02   1.0314264e+01
   1.2000000e+02   1.0314200e+01
   1.2100000e+02   1.0313915e+01
   1.2200000e+02   1.0313907e+01
   1.2300000e+02   1.0313896e+01
   1.2400000e+02   1.0313842e+01
   1.2500000e+02   1.0314000e+01
   1.2600000e+02   1.0314113e+01
   1.2700000e+02   1.0314212e+01
   1.2800000e+02   1.0314081e+01
   1.2900000e+02   1.0313961e+01
   1.3000000e+02   1.0313899e+01
   1.3100000e+02   1.0313852e+01
   1.3200000e+02   1.0314048e+01
   1.3300000e+02   1.0313820e+01
   1.3400000e+02   1.0313626e+01
   1.3500000e+02   1.0313971e+01
   1.3600000e+02   1.0313714e+01
   1.3700000e+02   1.0313844e+01
   1.3800000e+02   1.0313844e+01
   1.3900000e+02   1.0313808e+01
   1.4000000e+02   1.0313808e+01
   1.4100000e+02   1.0313840e+01
   1.4200000e+02   1.0313722e+01
   1.4300000e+02   1.0313696e+01
   1.4400000e+02   1.0313667e+01
   1.4500000e+02   1.0313668e+01
   1.4600000e+02   1.0313565e+01
   1.4700000e+02   1.0313785e+01
   1.4800000e+02   1.0313618e+01
   1.4900000e+02   1.0313693e+01
   1.5000000e+02   1.0313657e+01
   1.5100000e+02   1.0313753e+01
   1.5200000e+02   1.0313494e+01
   1.5300000e+02   1.0313590e+01
   1.5400000e+02   1.0313721e+01
   1.5500000e+02   1.0313354e+01
   1.5600000e+02   1.0313737e+01
   1.5700000e+02   1.0313339e+01
   1.5800000e+02   1.0313464e+01
   1.5900000e+02   1.0313596e+01
   1.6000000e+02   1.0313568e+01
   1.6100000e+02   1.0313653e+01
   1.6200000e+02   1.0313656e+01
   1.6300000e+02   1.0313501e+01
   1.6400000e+02   1.0313451e+01
   1.6500000e+02   1.0313410e+01
   1.6600000e+02   1.0312703e+01
   1.6700000e+02   1.0304507e+01
   1.6800000e+02   1.0285511e+01
   1.6900000e+02   1.0278491e+01
   1.7000000e+02   1.0288288e+01
   1.7100000e+02   1.0298665e+01
   1.7200000e+02   1.0304429e+01
   1.7300000e+02   1.0306774e+01
   1.7400000e+02   1.0307889e+01
   1.7500000e+02   1.0308569e+01
   1.7600000e+02   1.0308979e+01
   1.7700000e+02   1.0310116e+01
   1.7800000e+02   1.0305445e+01
   1.7900000e+02   1.0260894e+01
   1.8000000e+02   1.0235266e+01
   1.8100000e+02   1.0241078e+01
   1.8200000e+02   1.0245131e+01
   1.8300000e+02   1.0249881e+01
   1.8400000e+02   1.0258900e+01
   1.8500000e+02   1.0265951e+01
   1.8600000e+02   1.0269541e+01
   1.8700000e+02   1.0271708e+01
   1.8800000e+02   1.0273126e+01
   1.8900000e+02   1.0276112e+01
   1.9000000e+02   1.0283064e+01
   1.9100000e+02   1.0291127e+01
   1.9200000e+02   1.0297745e+01
   1.9300000e+02   1.0302516e+01
   1.9400000e+02   1.0305306e+01
   1.9500000e+02   1.0306822e+01
   1.9600000e+02   1.0307713e+01
   1.9700000e+02   1.0308313e+01
   1.9800000e+02   1.0309201e+01
   1.9900000e+02   1.0309426e+01
   2.0000000e+02   1.0310213e+01
   2.0100000e+02   1.0310687e+01
   2.0200000e+02   1.0311063e+01
   2.0300000e+02   1.0311734e+01
   2.0400000e+02   1.0312143e+01
   2.0500000e+02   1.0312930e+01
   2.0600000e+02   1.0313109e+01
   2.0700000e+02   1.0313236e+01
   2.0800000e+02   1.0313232e+01
   2.0900000e+02   1.0313344e+01
   2.1000000e+02   1.0313220e+01
   2.1100000e+02   1.0313052e+01
   2.1200000e+02   1.0313243e+01
   2.1300000e+02   1.0313393e+01
   2.1400000e+02   1.0313138e+01
   2.1500000e+02   1.0313262e+01
   2.1600000e+02   1.0313282e+01
   2.1700000e+02   1.0313013e+01
   2.1800000e+02   1.0313168e+01
   2.1900000e+02   1.0313334e+01
   2.2000000e+02   1.0313344e+01
   2.2100000e+02   1.0313370e+01
   2.2200000e+02   1.0313241e+01
   2.2300000e+02   1.0313381e+01
   2.2400000e+02   1.0313128e+01
   2.2500000e+02   1.0313225e+01
   2.2600000e+02   1.0313284e+01
   2.2700000e+02   1.0313314e+01
   2.2800000e+02   1.0313123e+01
   2.2900000e+02   1.0313114e+01
   2.3000000e+02   1.0313303e+01
   2.3100000e+02   1.0313090e+01
   2.3200000e+02   1.0313298e+01
   2.3300000e+02   1.0313177e+01
   2.3400000e+02   1.0313143e+01
   2.3500000e+02   1.0313228e+01
   2.3600000e+02   1.0313133e+01
   2.3700000e+02   1.0312856e+01
   2.3800000e+02   1.0313104e+01
   2.3900000e+02   1.0313175e+01
   2.4000000e+02   1.0313099e+01
   2.4100000e+02   1.0313209e+01
   2.4200000e+02   1.0312819e+01
   2.4300000e+02   1.0313025e+01
   2.4400000e+02   1.0312655e+01
   2.4500000e+02   1.0312273e+01
   2.4600000e+02   1.0312104e+01
   2.4700000e+02   1.0311707e+01
   2.4800000e+02   1.0311565e+01
   2.4900000e+02   1.0311619e+01
   2.5000000e+02   1.0311560e+01
   2.5100000e+02   1.0311378e+01
   2.5200000e+02   1.0311622e+01
   2.5300000e+02   1.0311764e+01
   2.5400000e+02   1.0311753e+01
   2.5500000e+02   1.0311568e+01
   2.5600000e+02   1.0311715e+01
   2.5700000e+02   1.0311447e+01
   2.5800000e+02   1.0311329e+01
   2.5900000e+02   1.0311189e+01
   2.6000000e+02   1.0311089e+01
   2.6100000e+02   1.0311125e+01
   2.6200000e+02   1.0310818e+01
   2.6300000e+02   1.0310988e+01
   2.6400000e+02   1.0310866e+01
   2.6500000e+02   1.0311084e+01
   2.6600000e+02   1.0311166e+01
   2.6700000e+02   1.0311295e+01
   2.6800000e+02   1.0311420e+01
   2.6900000e+02   1.0311591e+01
   2.7000000e+02   1.0311773e+01
   2.7100000e+02   1.0311954e+01
   2.7200000e+02   1.0312059e+01
   2.7300000e+02   1.0312066e+01
   2.7400000e+02   1.0311976e+01
   2.7500000e+02   1.0311893e+01
   2.7600000e+02   1.0312103e+01
   2.7700000e+02   1.0311977e+01
   2.7800000e+02   1.0312130e+01
   2.7900000e+02   1.0312144e+01
   2.8000000e+02   1.0312133e+01
   2.8100000e+02   1.0312178e+01
   2.8200000e+02   1.0312303e+01
   2.8300000e+02   1.0312121e+01
   2.8400000e+02   1.0312318e+01
   2.8500000e+02   1.0312307e+01
   2.8600000e+02   1.0312350e+01
   2.8700000e+02   1.0312159e+01
   2.8800000e+02   1.0312494e+01
   2.8900000e+02   1.0312453e+01
   2.9000000e+02   1.0312447e+01
   2.9100000e+02   1.0312337e+01
   2.9200000e+02   1.0312429e+01
   2.9300000e+02   1.0312297e+01
   2.9400000e+02   1.0312413e+01
   2.9500000e+02   1.0312588e+01
   2.9600000e+02   1.0312571e+01
   2.9700000e+02   1.0312302e+01
   2.9800000e+02   1.0312320e+01
   2.9900000e+02   1.0312278e+01
   3.0000000e+02   1.0311600e+01
   3.0100000e+02   1.0311620e+01
   3.0200000e+02   1.0310944e+01
   3.0300000e+02   1.0310180e+01
   3.0400000e+02   1.0309253e+01
   3.0500000e+02   1.0307858e+01
   3.0600000e+02   1.0306003e+01
   3.0700000e+02   1.0303755e+01
   3.0800000e+02   1.0301436e+01
   3.0900000e+02   1.0299069e+01
   3.1000000e+02   1.0297611e+01
   3.1100000e+02   1.0296392e+01
   3.1200000e+02   1.0295785e+01
   3.1300000e+02   1.0295217e+01
   3.1400000e+02   1.0294549e+01
   3.1500000e+02   1.0293119e+01
   3.1600000e+02   1.0290377e+01
   3.1700000e+02   1.0287110e+01
   3.1800000e+02   1.0283795e+01
   3.1900000e+02   1.0280725e+01
   3.2000000e+02   1.0278667e+01
   3.2100000e+02   1.0277480e+01
   3.2200000e+02   1.0277272e+01
   3.2300000e+02   1.0277941e+01
   3.2400000e+02   1.0279193e+01
   3.2500000e+02   1.0281285e+01
   3.2600000e+02   1.0283507e+01
   3.2700000e+02   1.0286350e+01
   3.2800000e+02   1.0289232e+01
   3.2900000e+02   1.0291778e+01
   3.3000000e+02   1.0293883e+01
   3.3100000e+02   1.0295848e+01
   3.3200000e+02   1.0297073e+01
   3.3300000e+02   1.0297590e+01
   3.3400000e+02   1.0297779e+01
   3.3500000e+02   1.0297961e+01
   3.3600000e+02   1.0297972e+01
   3.3700000e+02   1.0297838e+01
   3.3800000e+02   1.0298137e+01
   3.3900000e+02   1.0298883e+01
   3.4000000e+02   1.0299641e+01
   3.4100000e+02   1.0300982e+01
   3.4200000e+02   1.0302124e+01
   3.4300000e+02   1.0303371e+01
   3.4400000e+02   1.0304314e+01
   3.4500000e+02   1.0305816e+01
   3.4600000e+02   1.0306436e+01
   3.4700000e+02   1.0307185e+01
   3.4800000e+02   1.0308108e+01
   3.4900000e+02   1.0308662e+01
   3.5000000e+02   1.0308867e+01
   3.5100000e+02   1.0309377e+01
   3.5200000e+02   1.0309779e+01
   3.5300000e+02   1.0310132e+01
   3.5400000e+02   1.0310265e+01
   3.5500000e+02   1.0310269e+01
   3.5600000e+02   1.0310101e+01
   3.5700000e+02   1.0310008e+01
   3.5800000e+02   1.0309918e+01
   3.5900000e+02   1.0309755e+01
   3.6000000e+02   1.0309789e+01
   3.6100000e+02   1.0309911e+01
   3.6200000e+02   1.0309883e+01
   3.6300000e+02   1.0310005e+01
   3.6400000e+02   1.0310164e+01
   3.6500000e+02   1.0310503e+01
   3.6600000e+02   1.0310818e+01
   3.6700000e+02   1.0310904e+01
   3.6800000e+02   1.0311093e+01
   3.6900000e+02   1.0311321e+01
   3.7000000e+02   1.0311354e+01
   3.7100000e+02   1.0311395e+01
   3.7200000e+02   1.0311619e+01
   3.7300000e+02   1.0311784e+01
   3.7400000e+02   1.0311651e+01
   3.7500000e+02   1.0311767e+01
   3.7600000e+02   1.0311770e+01
   3.7700000e+02   1.0311832e+01
   3.7800000e+02   1.0311597e+01
   3.7900000e+02   1.0311837e+01
   3.8000000e+02   1.0311918e+01
   3.8100000e+02   1.0311793e+01
   3.8200000e+02   1.0311442e+01
   3.8300000e+02   1.0311207e+01
   3.8400000e+02   1.0311080e+01
   3.8500000e+02   1.0311090e+01
   3.8600000e+02   1.0310804e+01
   3.8700000e+02   1.0310403e+01
   3.8800000e+02   1.0310071e+01
   3.8900000e+02   1.0310190e+01
   3.9000000e+02   1.0310195e+01
   3.9100000e+02   1.0310291e+01
   3.9200000e+02   1.0310495e+01
   3.9300000e+02   1.0310824e+01
   3.9400000e+02   1.0310682e+01
   3.9500000e+02   1.0311022e+01
   3.9600000e+02   1.0311055e+01
   3.9700000e+02   1.0311087e+01
   3.9800000e+02   1.0311442e+01
   3.9900000e+02   1.0311444e+01
   4.0000000e+02   1.0311350e+01
   4.0100000e+02   1.0311371e+01
   4.0200000e+02   1.0311616e+01
   4.0300000e+02   1.0311319e+01
   4.0400000e+02   1.0311586e+01
   4.0500000e+02   1.0311759e+01
   4.0600000e+02   1.0311745e+01
   4.0700000e+02   1.0311837e+01
   4.0800000e+02   1.0311817e+01
   4.0900000e+02   1.0311798e+01
   4.1000000e+02   1.0312122e+01
   4.1100000e+02   1.0311896e+01
   4.1200000e+02   1.0311845e+01
   4.1300000e+02   1.0311802e+01
   4.1400000e+02   1.0311714e+01
   4.1500000e+02   1.0311708e+01
   4.1600000e+02   1.0311698e+01
   4.1700000e+02   1.0311726e+01
   4.1800000e+02   1.0311664e+01
   4.1900000e+02   1.0311748e+01
   4.2000000e+02   1.0311397e+01
   4.2100000e+02   1.0311606e+01
   4.2200000e+02   1.0311721e+01
   4.2300000e+02   1.0311728e+01
   4.2400000e+02   1.0311664e+01
   4.2500000e+02   1.0311712e+01
   4.2600000e+02   1.0311576e+01
   4.2700000e+02   1.0311529e+01
   4.2800000e+02   1.0312013e+01
   4.2900000e+02   1.0311547e+01
   4.3000000e+02   1.0311209e+01
   4.3100000e+02   1.0311255e+01
   4.3200000e+02   1.0310807e+01
   4.3300000e+02   1.0310490e+01
   4.3400000e+02   1.0309309e+01
   4.3500000e+02   1.0307569e+01
   4.3600000e+02   1.0304434e+01
   4.3700000e+02   1.0299240e+01
   4.3800000e+02   1.0291064e+01
   4.3900000e+02   1.0279295e+01
   4.4000000e+02   1.0264410e+01
   4.4100000e+02   1.0245331e+01
   4.4200000e+02   1.0223512e+01
   4.4300000e+02   1.0201309e+01
   4.4400000e+02   1.0180627e+01
   4.4500000e+02   1.0163013e+01
   4.4600000e+02   1.0151034e+01
   4.4700000e+02   1.0145444e+01
   4.4800000e+02   1.0145753e+01
   4.4900000e+02   1.0151131e+01
   4.5000000e+02   1.0160270e+01
   4.5100000e+02   1.0172455e+01
   4.5200000e+02   1.0185473e+01
   4.5300000e+02   1.0198410e+01
   4.5400000e+02   1.0211189e+01
   4.5500000e+02   1.0222676e+01
   4.5600000e+02   1.0233166e+01
   4.5700000e+02   1.0242574e+01
   4.5800000e+02   1.0250921e+01
   4.5900000e+02   1.0257903e+01
   4.6000000e+02   1.0264504e+01
   4.6100000e+02   1.0270193e+01
   4.6200000e+02   1.0275036e+01
   4.6300000e+02   1.0279032e+01
   4.6400000e+02   1.0282500e+01
   4.6500000e+02   1.0285810e+01
   4.6600000e+02   1.0288982e+01
   4.6700000e+02   1.0291554e+01
   4.6800000e+02   1.0294425e+01
   4.6900000e+02   1.0296774e+01
   4.7000000e+02   1.0299035e+01
   4.7100000e+02   1.0301187e+01
   4.7200000e+02   1.0303200e+01
   4.7300000e+02   1.0304684e+01
   4.7400000e+02   1.0306172e+01
   4.7500000e+02   1.0307104e+01
   4.7600000e+02   1.0308030e+01
   4.7700000e+02   1.0309037e+01
   4.7800000e+02   1.0309814e+01
   4.7900000e+02   1.0310070e+01
   4.8000000e+02   1.0310309e+01
   4.8100000e+02   1.0310582e+01
   4.8200000e+02   1.0310761e+01
   4.8300000e+02   1.0310838e+01
   4.8400000e+02   1.0311043e+01
   4.8500000e+02   1.0311364e+01
   4.8600000e+02   1.0311337e+01
   4.8700000e+02   1.0311148e+01
   4.8800000e+02   1.0311262e+01
   4.8900000e+02   1.0311301e+01
   4.9000000e+02   1.0311137e+01
   4.9100000e+02   1.0311313e+01
   4.9200000e+02   1.0311218e+01
   4.9300000e+02   1.0311540e+01
   4.9400000e+02   1.0311619e+01
   4.9500000e+02   1.0311337e+01
   4.9600000e+02   1.0311210e+01
   4.9700000e+02   1.0311137e+01
   4.9800000e+02   1.0311510e+01
   4.9900000e+02   1.0311514e+01
   5.0000000e+02   1.0311640e+01
   5.0100000e+02   1.0311526e+01
   5.0200000e+02   1.0311400e+01
   5.0300000e+02   1.0311689e+01
   5.0400000e+02   1.0311818e+01
   5.0500000e+02   1.0311617e+01
   5.0600000e+02   1.0311676e+01
   5.0700000e+02   1.0311918e+01
   5.0800000e+02   1.0311613e+01
   5.0900000e+02   1.0311415e+01
   5.1000000e+02   1.0311476e+01
   5.1100000e+02   1.0311452e+01
   5.1200000e+02   1.0311754e+01
   5.1300000e+02   1.0311475e+01
   5.1400000e+02   1.0311693e+01
   5.1500000e+02   1.0311696e+01
   5.1600000e+02   1.0311446e+01
   5.1700000e+02   1.0311531e+01
   5.1800000e+02   1.0311690e+01
   5.1900000e+02   1.0311508e+01
   5.2000000e+02   1.0311501e+01
   5.2100000e+02   1.0311622e+01
   5.2200000e+02   1.0311446e+01
   5.2300000e+02   1.0311635e+01
   5.2400000e+02   1.0311552e+01
   5.2500000e+02   1.0311499e+01
   5.2600000e+02   1.0311658e+01
   5.2700000e+02   1.0311394e+01
   5.2800000e+02   1.0311749e+01
   5.2900000e+02   1.0312041e+01
   5.3000000e+02   1.0311538e+01
   5.3100000e+02   1.0311777e+01
   5.3200000e+02   1.0311725e+01
   5.3300000e+02   1.0311685e+01
   5.3400000e+02   1.0311603e+01
   5.3500000e+02   1.0311953e+01
   5.3600000e+02   1.0311411e+01
   5.3700000e+02   1.0311783e+01
   5.3800000e+02   1.0311738e+01
   5.3900000e+02   1.0311605e+01
   5.4000000e+02   1.0311525e+01
   5.4100000e+02   1.0311759e+01
   5.4200000e+02   1.0311693e+01
   5.4300000e+02   1.0311725e+01
   5.4400000e+02   1.0311523e+01
   5.4500000e+02   1.0311302e+01
   5.4600000e+02   1.0311586e+01
   5.4700000e+02   1.0311788e+01
   5.4800000e+02   1.0311613e+01
   5.4900000e+02   1.0311708e+01
   5.5000000e+02   1.0311149e+01
   5.5100000e+02   1.0311329e+01
   5.5200000e+02   1.0311726e+01
   5.5300000e+02   1.0311681e+01
   5.5400000e+02   1.0311424e+01
   5.5500000e+02   1.0311483e+01
   5.5600000e+02   1.0311816e+01
   5.5700000e+02   1.0311956e+01
   5.5800000e+02   1.0311252e+01
   5.5900000e+02   1.0311663e+01
   5.6000000e+02   1.0311662e+01
   5.6100000e+02   1.0311373e+01
   5.6200000e+02   1.0311107e+01
   5.6300000e+02   1.0311135e+01
   5.6400000e+02   1.0311414e+01
   5.6500000e+02   1.0311433e+01
   5.6600000e+02   1.0311364e+01
   5.6700000e+02   1.0311373e+01
   5.6800000e+02   1.0311447e+01
   5.6900000e+02   1.0311304e+01
   5.7000000e+02   1.0311452e+01
   5.7100000e+02   1.0311231e+01
   5.7200000e+02   1.0311598e+01
   5.7300000e+02   1.0311125e+01
   5.7400000e+02   1.0311445e+01
   5.7500000e+02   1.0311360e+01
   5.7600000e+02   1.0310912e+01
   5.7700000e+02   1.0311493e+01
   5.7800000e+02   1.0311035e+01
   5.7900000e+02   1.0311504e+01
   5.8000000e+02   1.0311424e+01
   5.8100000e+02   1.0311429e+01
   5.8200000e+02   1.0311410e+01
   5.8300000e+02   1.0311211e+01
   5.8400000e+02   1.0311387e+01
   5.8500000e+02   1.0311647e+01
   5.8600000e+02   1.0311300e+01
   5.8700000e+02   1.0311491e+01
   5.8800000e+02   1.0311597e+01
   5.8900000e+02   1.0311402e+01
   5.9000000e+02   1.0311244e+01
   5.9100000e+02   1.0311290e+01
   5.9200000e+02   1.0311227e+01
   5.9300000e+02   1.0311361e+01
   5.9400000e+02   1.0311230e+01
   5.9500000e+02   1.0311338e+01
   5.9600000e+02   1.0311371e+01
   5.9700000e+02   1.0311308e+01
   5.9800000e+02   1.0311560e+01
   5.9900000e+02   1.0311471e+01
   6.0000000e+02   1.0311287e+01
   6.0100000e+02   1.0311588e+01
   6.0200000e+02   1.0311386e+01
   6.0300000e+02   1.0311073e+01
   6.0400000e+02   1.0311581e+01
   6.0500000e+02   1.0311317e+01
   6.0600000e+02   1.0311456e+01
   6.0700000e+02   1.0311212e+01
   6.0800000e+02   1.0311208e+01
   6.0900000e+02   1.0311626e+01
   6.1000000e+02   1.0311371e+01
   6.1100000e+02   1.0311554e+01
   6.1200000e+02   1.0311733e+01
   6.1300000e+02   1.0311343e+01
   6.1400000e+02   1.0311647e+01
   6.1500000e+02   1.0311147e+01
   6.1600000e+02   1.0311467e+01
   6.1700000e+02   1.0311422e+01
   6.1800000e+02   1.0311402e+01
   6.1900000e+02   1.0311362e+01
   6.2000000e+02   1.0311452e+01
   6.2100000e+02   1.0311390e+01
   6.2200000e+02   1.0311272e+01
   6.2300000e+02   1.0311557e+01
   6.2400000e+02   1.0311312e+01
   6.2500000e+02   1.0311536e+01
   6.2600000e+02   1.0311488e+01
   6.2700000e+02   1.0311009e+01
   6.2800000e+02   1.0311708e+01
   6.2900000e+02   1.0311180e+01
   6.3000000e+02   1.0311256e+01
   6.3100000e+02   1.0311759e+01
   6.3200000e+02   1.0311331e+01
   6.3300000e+02   1.0311370e+01
   6.3400000e+02   1.0311767e+01
   6.3500000e+02   1.0311277e+01
   6.3600000e+02   1.0311356e+01
   6.3700000e+02   1.0311106e+01
   6.3800000e+02   1.0311470e+01
   6.3900000e+02   1.0311323e+01
   6.4000000e+02   1.0311313e+01
   6.4100000e+02   1.0311452e+01
   6.4200000e+02   1.0311367e+01
   6.4300000e+02   1.0311461e+01
   6.4400000e+02   1.0311493e+01
   6.4500000e+02   1.0311307e+01
   6.4600000e+02   1.0311299e+01
   6.4700000e+02   1.0311319e+01
   6.4800000e+02   1.0311330e+01
   6.4900000e+02   1.0311373e+01
   6.5000000e+02   1.0311405e+01
   6.5100000e+02   1.0311244e+01
   6.5200000e+02   1.0311003e+01
   6.5300000e+02   1.0311210e+01
   6.5400000e+02   1.0311583e+01
   6.5500000e+02   1.0311213e+01
   6.5600000e+02   1.0311411e+01
   6.5700000e+02   1.0311512e+01
   6.5800000e+02   1.0311415e+01
   6.5900000e+02   1.0311459e+01
   6.6000000e+02   1.0311087e+01
   6.6100000e+02   1.0311007e+01
   6.6200000e+02   1.0311012e+01
   6.6300000e+02   1.0310753e+01
   6.6400000e+02   1.0310321e+01
   6.6500000e+02   1.0309637e+01
   6.6600000e+02   1.0308925e+01
   6.6700000e+02   1.0307882e+01
   6.6800000e+02   1.0306404e+01
   6.6900000e+02   1.0304698e+01
   6.7000000e+02   1.0302372e+01
   6.7100000e+02   1.0299775e+01
   6.7200000e+02   1.0296780e+01
   6.7300000e+02   1.0292969e+01
   6.7400000e+02   1.0289121e+01
   6.7500000e+02   1.0284501e+01
   6.7600000e+02   1.0280390e+01
   6.7700000e+02   1.0276444e+01
   6.7800000e+02   1.0272728e+01
   6.7900000e+02   1.0269253e+01
   6.8000000e+02   1.0267369e+01
   6.8100000e+02   1.0266129e+01
   6.8200000e+02   1.0264810e+01
   6.8300000e+02   1.0265372e+01
   6.8400000e+02   1.0266008e+01
   6.8500000e+02   1.0267340e+01
   6.8600000e+02   1.0269723e+01
   6.8700000e+02   1.0271643e+01
   6.8800000e+02   1.0274800e+01
   6.8900000e+02   1.0277031e+01
   6.9000000e+02   1.0280001e+01
   6.9100000e+02   1.0282710e+01
   6.9200000e+02   1.0285195e+01
   6.9300000e+02   1.0287916e+01
   6.9400000e+02   1.0290334e+01
   6.9500000e+02   1.0292137e+01
   6.9600000e+02   1.0294302e+01
   6.9700000e+02   1.0296270e+01
   6.9800000e+02   1.0297866e+01
   6.9900000e+02   1.0299531e+01
   7.0000000e+02   1.0300624e+01
   7.0100000e+02   1.0302207e+01
   7.0200000e+02   1.0303193e+01
   7.0300000e+02   1.0303923e+01
   7.0400000e+02   1.0305085e+01
   7.0500000e+02   1.0306007e+01
   7.0600000e+02   1.0306082e+01
   7.0700000e+02   1.0307584e+01
   7.0800000e+02   1.0307769e+01
   7.0900000e+02   1.0308415e+01
   7.1000000e+02   1.0308877e+01
   7.1100000e+02   1.0309099e+01
   7.1200000e+02   1.0309627e+01
   7.1300000e+02   1.0309787e+01
   7.1400000e+02   1.0310018e+01
   7.1500000e+02   1.0310343e+01
   7.1600000e+02   1.0310376e+01
   7.1700000e+02   1.0310380e+01
   7.1800000e+02   1.0310908e+01
   7.1900000e+02   1.0310477e+01
   7.2000000e+02   1.0310855e+01
   7.2100000e+02   1.0311248e+01
   7.2200000e+02   1.0310768e+01
   7.2300000e+02   1.0311029e+01
   7.2400000e+02   1.0310877e+01
   7.2500000e+02   1.0310684e+01
   7.2600000e+02   1.0311110e+01
   7.2700000e+02   1.0310964e+01
   7.2800000e+02   1.0310894e+01
   7.2900000e+02   1.0311057e+01
   7.3000000e+02   1.0311065e+01
   7.3100000e+02   1.0311093e+01
   7.3200000e+02   1.0311217e+01
   7.3300000e+02   1.0310820e+01
   7.3400000e+02   1.0311321e+01
   7.3500000e+02   1.0311079e+01
   7.3600000e+02   1.0311394e+01
   7.3700000e+02   1.0311014e+01
   7.3800000e+02   1.0310867e+01
   7.3900000e+02   1.0311182e+01
   7.4000000e+02   1.0311146e+01
   7.4100000e+02   1.0311293e+01
   7.4200000e+02   1.0310942e+01
   7.4300000e+02   1.0310843e+01
   7.4400000e+02   1.0311230e+01
   7.4500000e+02   1.0310983e+01
   7.4600000e+02   1.0310741e+01
   7.4700000e+02   1.0311163e+01
   7.4800000e+02   1.0311333e+01
   7.4900000e+02   1.0310847e+01
   7.5000000e+02   1.0310879e+01
   7.5100000e+02   1.0311475e+01
   7.5200000e+02   1.0311156e+01
   7.5300000e+02   1.0311118e+01
   7.5400000e+02   1.0311199e+01
   7.5500000e+02   1.0310930e+01
   7.5600000e+02   1.0311197e+01
   7.5700000e+02   1.0310959e+01
   7.5800000e+02   1.0311189e+01
   7.5900000e+02   1.0311060e+01
   7.6000000e+02   1.0310832e+01
   7.6100000e+02   1.0310978e+01
   7.6200000e+02   1.0311077e+01
   7.6300000e+02   1.0311028e+01
   7.6400000e+02   1.0311087e+01
   7.6500000e+02   1.0311028e+01
   7.6600000e+02   1.0311036e+01
   7.6700000e+02   1.0311052e+01
   7.6800000e+02   1.0311008e+01
   7.6900000e+02   1.0310985e+01
   7.7000000e+02   1.0310949e+01
   7.7100000e+02   1.0311051e+01
   7.7200000e+02   1.0310692e+01
   7.7300000e+02   1.0311281e+01
   7.7400000e+02   1.0310931e+01
   7.7500000e+02   1.0310654e+01
   7.7600000e+02   1.0310993e+01
   7.7700000e+02   1.0311063e+01
   7.7800000e+02   1.0310639e+01
   7.7900000e+02   1.0311327e+01
   7.8000000e+02   1.0310623e+01
