   0.0000000e+00   1.0379216e+01
   1.0000000e+00   1.0376008e+01
   2.0000000e+00   1.0374978e+01
   3.0000000e+00   1.0374583e+01
   4.0000000e+00   1.0374028e+01
   5.0000000e+00   1.0373568e+01
   6.0000000e+00   1.0373335e+01
   7.0000000e+00   1.0373025e+01
   8.0000000e+00   1.0373046e+01
   9.0000000e+00   1.0372846e+01
   1.0000000e+01   1.0372753e+01
   1.1000000e+01   1.0372672e+01
   1.2000000e+01   1.0372688e+01
   1.3000000e+01   1.0372234e+01
   1.4000000e+01   1.0372235e+01
   1.5000000e+01   1.0372108e+01
   1.6000000e+01   1.0372196e+01
   1.7000000e+01   1.0371969e+01
   1.8000000e+01   1.0371680e+01
   1.9000000e+01   1.0371482e+01
   2.0000000e+01   1.0371747e+01
   2.1000000e+01   1.0371587e+01
   2.2000000e+01   1.0371527e+01
   2.3000000e+01   1.0371186e+01
   2.4000000e+01   1.0371019e+01
   2.5000000e+01   1.0371286e+01
   2.6000000e+01   1.0371061e+01
   2.7000000e+01   1.0371134e+01
   2.8000000e+01   1.0371149e+01
   2.9000000e+01   1.0371076e+01
   3.0000000e+01   1.0370737e+01
   3.1000000e+01   1.0370780e+01
   3.2000000e+01   1.0370713e+01
   3.3000000e+01   1.0370671e+01
   3.4000000e+01   1.0370539e+01
   3.5000000e+01   1.0370528e+01
   3.6000000e+01   1.0370551e+01
   3.7000000e+01   1.0370448e+01
   3.8000000e+01   1.0370506e+01
   3.9000000e+01   1.0370457e+01
   4.0000000e+01   1.0370327e+01
   4.1000000e+01   1.0370384e+01
   4.2000000e+01   1.0370270e+01
   4.3000000e+01   1.0370469e+01
   4.4000000e+01   1.0370304e+01
   4.5000000e+01   1.0370030e+01
   4.6000000e+01   1.0370147e+01
   4.7000000e+01   1.0370155e+01
   4.8000000e+01   1.0369933e+01
   4.9000000e+01   1.0369873e+01
   5.0000000e+01   1.0370008e+01
   5.1000000e+01   1.0370165e+01
   5.2000000e+01   1.0370102e+01
   5.3000000e+01   1.0370087e+01
   5.4000000e+01   1.0370274e+01
   5.5000000e+01   1.0370171e+01
   5.6000000e+01   1.0369783e+01
   5.7000000e+01   1.0369916e+01
   5.8000000e+01   1.0369717e+01
   5.9000000e+01   1.0369865e+01
   6.0000000e+01   1.0369924e+01
   6.1000000e+01   1.0369672e+01
   6.2000000e+01   1.0369701e+01
   6.3000000e+01   1.0369861e+01
   6.4000000e+01   1.0369800e+01
   6.5000000e+01   1.0369634e+01
   6.6000000e+01   1.0369796e+01
   6.7000000e+01   1.0369688e+01
   6.8000000e+01   1.0369589e+01
   6.9000000e+01   1.0369570e+01
   7.0000000e+01   1.0369469e+01
   7.1000000e+01   1.0369705e+01
   7.2000000e+01   1.0369433e+01
   7.3000000e+01   1.0369286e+01
   7.4000000e+01   1.0369568e+01
   7.5000000e+01   1.0369185e+01
   7.6000000e+01   1.0369649e+01
   7.7000000e+01   1.0369186e+01
   7.8000000e+01   1.0369569e+01
   7.9000000e+01   1.0369217e+01
   8.0000000e+01   1.0369381e+01
   8.1000000e+01   1.0369166e+01
   8.2000000e+01   1.0369489e+01
   8.3000000e+01   1.0369360e+01
   8.4000000e+01   1.0369200e+01
   8.5000000e+01   1.0369577e+01
   8.6000000e+01   1.0369546e+01
   8.7000000e+01   1.0368959e+01
   8.8000000e+01   1.0369210e+01
   8.9000000e+01   1.0369369e+01
   9.0000000e+01   1.0369342e+01
   9.1000000e+01   1.0369119e+01
   9.2000000e+01   1.0369264e+01
   9.3000000e+01   1.0369344e+01
   9.4000000e+01   1.0369115e+01
   9.5000000e+01   1.0369225e+01
   9.6000000e+01   1.0369360e+01
   9.7000000e+01   1.0369042e+01
   9.8000000e+01   1.0369340e+01
   9.9000000e+01   1.0369055e+01
   1.0000000e+02   1.0369388e+01
   1.0100000e+02   1.0369044e+01
   1.0200000e+02   1.0369192e+01
   1.0300000e+02   1.0369051e+01
   1.0400000e+02   1.0369113e+01
   1.0500000e+02   1.0369002e+01
   1.0600000e+02   1.0368964e+01
   1.0700000e+02   1.0369149e+01
   1.0800000e+02   1.0368960e+01
   1.0900000e+02   1.0369058e+01
   1.1000000e+02   1.0369224e+01
   1.1100000e+02   1.0369003e+01
   1.1200000e+02   1.0368983e+01
   1.1300000e+02   1.0369071e+01
   1.1400000e+02   1.0369165e+01
   1.1500000e+02   1.0368896e+01
   1.1600000e+02   1.0369028e+01
   1.1700000e+02   1.0368920e+01
   1.1800000e+02   1.0369043e+01
   1.1900000e+02   1.0368849e+01
   1.2000000e+02   1.0368968e+01
   1.2100000e+02   1.0369009e+01
   1.2200000e+02   1.0368846e+01
   1.2300000e+02   1.0368829e+01
   1.2400000e+02   1.0368881e+01
   1.2500000e+02   1.0368566e+01
   1.2600000e+02   1.0368624e+01
   1.2700000e+02   1.0368661e+01
   1.2800000e+02   1.0368442e+01
   1.2900000e+02   1.0368715e+01
   1.3000000e+02   1.0368601e+01
   1.3100000e+02   1.0368616e+01
   1.3200000e+02   1.0368650e+01
   1.3300000e+02   1.0368474e+01
   1.3400000e+02   1.0368233e+01
   1.3500000e+02   1.0368203e+01
   1.3600000e+02   1.0368355e+01
   1.3700000e+02   1.0368390e+01
   1.3800000e+02   1.0368343e+01
   1.3900000e+02   1.0368265e+01
   1.4000000e+02   1.0368239e+01
   1.4100000e+02   1.0368345e+01
   1.4200000e+02   1.0368273e+01
   1.4300000e+02   1.0368277e+01
   1.4400000e+02   1.0368357e+01
   1.4500000e+02   1.0368307e+01
   1.4600000e+02   1.0368364e+01
   1.4700000e+02   1.0368547e+01
   1.4800000e+02   1.0368317e+01
   1.4900000e+02   1.0368242e+01
   1.5000000e+02   1.0368461e+01
   1.5100000e+02   1.0368440e+01
   1.5200000e+02   1.0368109e+01
   1.5300000e+02   1.0368036e+01
   1.5400000e+02   1.0368336e+01
   1.5500000e+02   1.0368136e+01
   1.5600000e+02   1.0368295e+01
   1.5700000e+02   1.0368113e+01
   1.5800000e+02   1.0368093e+01
   1.5900000e+02   1.0367852e+01
   1.6000000e+02   1.0368165e+01
   1.6100000e+02   1.0367961e+01
   1.6200000e+02   1.0368104e+01
   1.6300000e+02   1.0368141e+01
   1.6400000e+02   1.0367806e+01
   1.6500000e+02   1.0367981e+01
   1.6600000e+02   1.0367113e+01
   1.6700000e+02   1.0360092e+01
   1.6800000e+02   1.0340556e+01
   1.6900000e+02   1.0331413e+01
   1.7000000e+02   1.0341069e+01
   1.7100000e+02   1.0352620e+01
   1.7200000e+02   1.0359084e+01
   1.7300000e+02   1.0361071e+01
   1.7400000e+02   1.0361933e+01
   1.7500000e+02   1.0362542e+01
   1.7600000e+02   1.0362955e+01
   1.7700000e+02   1.0363585e+01
   1.7800000e+02   1.0360083e+01
   1.7900000e+02   1.0321844e+01
   1.8000000e+02   1.0286304e+01
   1.8100000e+02   1.0290374e+01
   1.8200000e+02   1.0299164e+01
   1.8300000e+02   1.0305004e+01
   1.8400000e+02   1.0312997e+01
   1.8500000e+02   1.0317742e+01
   1.8600000e+02   1.0320282e+01
   1.8700000e+02   1.0322928e+01
   1.8800000e+02   1.0325344e+01
   1.8900000e+02   1.0329935e+01
   1.9000000e+02   1.0336897e+01
   1.9100000e+02   1.0343583e+01
   1.9200000e+02   1.0350384e+01
   1.9300000e+02   1.0355090e+01
   1.9400000e+02   1.0358152e+01
   1.9500000e+02   1.0360138e+01
   1.9600000e+02   1.0361483e+01
   1.9700000e+02   1.0362347e+01
   1.9800000e+02   1.0362908e+01
   1.9900000e+02   1.0363642e+01
   2.0000000e+02   1.0364153e+01
   2.0100000e+02   1.0364692e+01
   2.0200000e+02   1.0365111e+01
   2.0300000e+02   1.0365503e+01
   2.0400000e+02   1.0365966e+01
   2.0500000e+02   1.0366375e+01
   2.0600000e+02   1.0366829e+01
   2.0700000e+02   1.0366868e+01
   2.0800000e+02   1.0366961e+01
   2.0900000e+02   1.0367087e+01
   2.1000000e+02   1.0367118e+01
   2.1100000e+02   1.0366874e+01
   2.1200000e+02   1.0366982e+01
   2.1300000e+02   1.0366874e+01
   2.1400000e+02   1.0366851e+01
   2.1500000e+02   1.0366946e+01
   2.1600000e+02   1.0366817e+01
   2.1700000e+02   1.0366747e+01
   2.1800000e+02   1.0366727e+01
   2.1900000e+02   1.0366702e+01
   2.2000000e+02   1.0366772e+01
   2.2100000e+02   1.0366910e+01
   2.2200000e+02   1.0366735e+01
   2.2300000e+02   1.0366745e+01
   2.2400000e+02   1.0366958e+01
   2.2500000e+02   1.0366838e+01
   2.2600000e+02   1.0366650e+01
   2.2700000e+02   1.0367003e+01
   2.2800000e+02   1.0366766e+01
   2.2900000e+02   1.0366763e+01
   2.3000000e+02   1.0366848e+01
   2.3100000e+02   1.0366660e+01
   2.3200000e+02   1.0366605e+01
   2.3300000e+02   1.0366654e+01
   2.3400000e+02   1.0366476e+01
   2.3500000e+02   1.0366543e+01
   2.3600000e+02   1.0366632e+01
   2.3700000e+02   1.0366526e+01
   2.3800000e+02   1.0366310e+01
   2.3900000e+02   1.0366374e+01
   2.4000000e+02   1.0366412e+01
   2.4100000e+02   1.0366500e+01
   2.4200000e+02   1.0366329e+01
   2.4300000e+02   1.0366057e+01
   2.4400000e+02   1.0366099e+01
   2.4500000e+02   1.0366031e+01
   2.4600000e+02   1.0366254e+01
   2.4700000e+02   1.0365986e+01
   2.4800000e+02   1.0365921e+01
   2.4900000e+02   1.0366019e+01
   2.5000000e+02   1.0365926e+01
   2.5100000e+02   1.0365844e+01
   2.5200000e+02   1.0365831e+01
   2.5300000e+02   1.0365776e+01
   2.5400000e+02   1.0365844e+01
   2.5500000e+02   1.0365895e+01
   2.5600000e+02   1.0365977e+01
   2.5700000e+02   1.0365744e+01
   2.5800000e+02   1.0365737e+01
   2.5900000e+02   1.0365845e+01
   2.6000000e+02   1.0365767e+01
   2.6100000e+02   1.0365630e+01
   2.6200000e+02   1.0365507e+01
   2.6300000e+02   1.0365616e+01
   2.6400000e+02   1.0365655e+01
   2.6500000e+02   1.0365745e+01
   2.6600000e+02   1.0365708e+01
   2.6700000e+02   1.0365695e+01
   2.6800000e+02   1.0365770e+01
   2.6900000e+02   1.0365650e+01
   2.7000000e+02   1.0365514e+01
   2.7100000e+02   1.0365613e+01
   2.7200000e+02   1.0365669e+01
   2.7300000e+02   1.0365755e+01
   2.7400000e+02   1.0365817e+01
   2.7500000e+02   1.0365711e+01
   2.7600000e+02   1.0365767e+01
   2.7700000e+02   1.0365490e+01
   2.7800000e+02   1.0365660e+01
   2.7900000e+02   1.0365646e+01
   2.8000000e+02   1.0365722e+01
   2.8100000e+02   1.0365634e+01
   2.8200000e+02   1.0365862e+01
   2.8300000e+02   1.0365698e+01
   2.8400000e+02   1.0365844e+01
   2.8500000e+02   1.0365637e+01
   2.8600000e+02   1.0365574e+01
   2.8700000e+02   1.0365660e+01
   2.8800000e+02   1.0365612e+01
   2.8900000e+02   1.0365555e+01
   2.9000000e+02   1.0365639e+01
   2.9100000e+02   1.0365550e+01
   2.9200000e+02   1.0365690e+01
   2.9300000e+02   1.0365797e+01
   2.9400000e+02   1.0365737e+01
   2.9500000e+02   1.0365695e+01
   2.9600000e+02   1.0365687e+01
   2.9700000e+02   1.0365391e+01
   2.9800000e+02   1.0365620e+01
   2.9900000e+02   1.0365599e+01
   3.0000000e+02   1.0365287e+01
   3.0100000e+02   1.0365291e+01
   3.0200000e+02   1.0365171e+01
   3.0300000e+02   1.0364887e+01
   3.0400000e+02   1.0364654e+01
   3.0500000e+02   1.0364300e+01
   3.0600000e+02   1.0364205e+01
   3.0700000e+02   1.0363618e+01
   3.0800000e+02   1.0362888e+01
   3.0900000e+02   1.0362407e+01
   3.1000000e+02   1.0362170e+01
   3.1100000e+02   1.0361968e+01
   3.1200000e+02   1.0361662e+01
   3.1300000e+02   1.0361681e+01
   3.1400000e+02   1.0361530e+01
   3.1500000e+02   1.0361047e+01
   3.1600000e+02   1.0360672e+01
   3.1700000e+02   1.0359745e+01
   3.1800000e+02   1.0359063e+01
   3.1900000e+02   1.0358192e+01
   3.2000000e+02   1.0357656e+01
   3.2100000e+02   1.0357409e+01
   3.2200000e+02   1.0357676e+01
   3.2300000e+02   1.0357897e+01
   3.2400000e+02   1.0358383e+01
   3.2500000e+02   1.0358724e+01
   3.2600000e+02   1.0359372e+01
   3.2700000e+02   1.0359916e+01
   3.2800000e+02   1.0360297e+01
   3.2900000e+02   1.0360909e+01
   3.3000000e+02   1.0361568e+01
   3.3100000e+02   1.0361540e+01
   3.3200000e+02   1.0361816e+01
   3.3300000e+02   1.0361743e+01
   3.3400000e+02   1.0362037e+01
   3.3500000e+02   1.0361986e+01
   3.3600000e+02   1.0361830e+01
   3.3700000e+02   1.0361869e+01
   3.3800000e+02   1.0362142e+01
   3.3900000e+02   1.0362318e+01
   3.4000000e+02   1.0362459e+01
   3.4100000e+02   1.0362597e+01
   3.4200000e+02   1.0362856e+01
   3.4300000e+02   1.0363442e+01
   3.4400000e+02   1.0363424e+01
   3.4500000e+02   1.0363615e+01
   3.4600000e+02   1.0363751e+01
   3.4700000e+02   1.0363886e+01
   3.4800000e+02   1.0364148e+01
   3.4900000e+02   1.0364256e+01
   3.5000000e+02   1.0364336e+01
   3.5100000e+02   1.0364495e+01
   3.5200000e+02   1.0364418e+01
   3.5300000e+02   1.0364309e+01
   3.5400000e+02   1.0364549e+01
   3.5500000e+02   1.0364410e+01
   3.5600000e+02   1.0364480e+01
   3.5700000e+02   1.0364263e+01
   3.5800000e+02   1.0364110e+01
   3.5900000e+02   1.0364368e+01
   3.6000000e+02   1.0364371e+01
   3.6100000e+02   1.0364322e+01
   3.6200000e+02   1.0364282e+01
   3.6300000e+02   1.0364436e+01
   3.6400000e+02   1.0364503e+01
   3.6500000e+02   1.0364474e+01
   3.6600000e+02   1.0364483e+01
   3.6700000e+02   1.0364568e+01
   3.6800000e+02   1.0364432e+01
   3.6900000e+02   1.0364282e+01
   3.7000000e+02   1.0364488e+01
   3.7100000e+02   1.0364342e+01
   3.7200000e+02   1.0364795e+01
   3.7300000e+02   1.0364315e+01
   3.7400000e+02   1.0364263e+01
   3.7500000e+02   1.0364581e+01
   3.7600000e+02   1.0364255e+01
   3.7700000e+02   1.0364072e+01
   3.7800000e+02   1.0364373e+01
   3.7900000e+02   1.0364488e+01
   3.8000000e+02   1.0364697e+01
   3.8100000e+02   1.0364149e+01
   3.8200000e+02   1.0364211e+01
   3.8300000e+02   1.0364326e+01
   3.8400000e+02   1.0364213e+01
   3.8500000e+02   1.0364236e+01
   3.8600000e+02   1.0364176e+01
   3.8700000e+02   1.0363940e+01
   3.8800000e+02   1.0364053e+01
   3.8900000e+02   1.0363996e+01
   3.9000000e+02   1.0364099e+01
   3.9100000e+02   1.0363873e+01
   3.9200000e+02   1.0364318e+01
   3.9300000e+02   1.0364295e+01
   3.9400000e+02   1.0364350e+01
   3.9500000e+02   1.0364394e+01
   3.9600000e+02   1.0364279e+01
   3.9700000e+02   1.0364245e+01
   3.9800000e+02   1.0364211e+01
   3.9900000e+02   1.0364327e+01
   4.0000000e+02   1.0364291e+01
   4.0100000e+02   1.0364693e+01
   4.0200000e+02   1.0364334e+01
   4.0300000e+02   1.0364366e+01
   4.0400000e+02   1.0364467e+01
   4.0500000e+02   1.0364387e+01
   4.0600000e+02   1.0364438e+01
   4.0700000e+02   1.0364469e+01
   4.0800000e+02   1.0364194e+01
   4.0900000e+02   1.0364239e+01
   4.1000000e+02   1.0364416e+01
   4.1100000e+02   1.0364362e+01
   4.1200000e+02   1.0364330e+01
   4.1300000e+02   1.0364273e+01
   4.1400000e+02   1.0364401e+01
   4.1500000e+02   1.0364506e+01
   4.1600000e+02   1.0364471e+01
   4.1700000e+02   1.0364149e+01
   4.1800000e+02   1.0364203e+01
   4.1900000e+02   1.0364226e+01
   4.2000000e+02   1.0363974e+01
   4.2100000e+02   1.0364060e+01
   4.2200000e+02   1.0363990e+01
   4.2300000e+02   1.0364079e+01
   4.2400000e+02   1.0364281e+01
   4.2500000e+02   1.0364321e+01
   4.2600000e+02   1.0364192e+01
   4.2700000e+02   1.0364298e+01
   4.2800000e+02   1.0364083e+01
   4.2900000e+02   1.0364232e+01
   4.3000000e+02   1.0364067e+01
   4.3100000e+02   1.0363813e+01
   4.3200000e+02   1.0363559e+01
   4.3300000e+02   1.0363194e+01
   4.3400000e+02   1.0362238e+01
   4.3500000e+02   1.0360508e+01
   4.3600000e+02   1.0357710e+01
   4.3700000e+02   1.0353714e+01
   4.3800000e+02   1.0347867e+01
   4.3900000e+02   1.0339737e+01
   4.4000000e+02   1.0329809e+01
   4.4100000e+02   1.0318225e+01
   4.4200000e+02   1.0306003e+01
   4.4300000e+02   1.0294896e+01
   4.4400000e+02   1.0284873e+01
   4.4500000e+02   1.0278110e+01
   4.4600000e+02   1.0274533e+01
   4.4700000e+02   1.0274211e+01
   4.4800000e+02   1.0277310e+01
   4.4900000e+02   1.0282090e+01
   4.5000000e+02   1.0288404e+01
   4.5100000e+02   1.0295173e+01
   4.5200000e+02   1.0302252e+01
   4.5300000e+02   1.0308454e+01
   4.5400000e+02   1.0314580e+01
   4.5500000e+02   1.0319725e+01
   4.5600000e+02   1.0324387e+01
   4.5700000e+02   1.0328870e+01
   4.5800000e+02   1.0332681e+01
   4.5900000e+02   1.0336607e+01
   4.6000000e+02   1.0339763e+01
   4.6100000e+02   1.0342910e+01
   4.6200000e+02   1.0345164e+01
   4.6300000e+02   1.0347267e+01
   4.6400000e+02   1.0349720e+01
   4.6500000e+02   1.0351262e+01
   4.6600000e+02   1.0352788e+01
   4.6700000e+02   1.0354300e+01
   4.6800000e+02   1.0355361e+01
   4.6900000e+02   1.0356576e+01
   4.7000000e+02   1.0357647e+01
   4.7100000e+02   1.0358620e+01
   4.7200000e+02   1.0359558e+01
   4.7300000e+02   1.0360369e+01
   4.7400000e+02   1.0361050e+01
   4.7500000e+02   1.0361737e+01
   4.7600000e+02   1.0362101e+01
   4.7700000e+02   1.0362356e+01
   4.7800000e+02   1.0362664e+01
   4.7900000e+02   1.0362953e+01
   4.8000000e+02   1.0363220e+01
   4.8100000e+02   1.0363182e+01
   4.8200000e+02   1.0363293e+01
   4.8300000e+02   1.0363388e+01
   4.8400000e+02   1.0363244e+01
   4.8500000e+02   1.0363281e+01
   4.8600000e+02   1.0363123e+01
   4.8700000e+02   1.0363250e+01
   4.8800000e+02   1.0363286e+01
   4.8900000e+02   1.0363219e+01
   4.9000000e+02   1.0363273e+01
   4.9100000e+02   1.0363336e+01
   4.9200000e+02   1.0363283e+01
   4.9300000e+02   1.0363292e+01
   4.9400000e+02   1.0363299e+01
   4.9500000e+02   1.0363274e+01
   4.9600000e+02   1.0363400e+01
   4.9700000e+02   1.0363358e+01
   4.9800000e+02   1.0363506e+01
   4.9900000e+02   1.0363277e+01
   5.0000000e+02   1.0363298e+01
   5.0100000e+02   1.0363619e+01
   5.0200000e+02   1.0363294e+01
   5.0300000e+02   1.0363477e+01
   5.0400000e+02   1.0363546e+01
   5.0500000e+02   1.0363440e+01
   5.0600000e+02   1.0363327e+01
   5.0700000e+02   1.0363556e+01
   5.0800000e+02   1.0363358e+01
   5.0900000e+02   1.0363124e+01
   5.1000000e+02   1.0363176e+01
   5.1100000e+02   1.0363084e+01
   5.1200000e+02   1.0363169e+01
   5.1300000e+02   1.0363434e+01
   5.1400000e+02   1.0363006e+01
   5.1500000e+02   1.0363220e+01
   5.1600000e+02   1.0363394e+01
   5.1700000e+02   1.0363449e+01
   5.1800000e+02   1.0363385e+01
   5.1900000e+02   1.0363404e+01
   5.2000000e+02   1.0363434e+01
   5.2100000e+02   1.0363232e+01
   5.2200000e+02   1.0363600e+01
   5.2300000e+02   1.0363237e+01
   5.2400000e+02   1.0363552e+01
   5.2500000e+02   1.0363524e+01
   5.2600000e+02   1.0363468e+01
   5.2700000e+02   1.0363468e+01
   5.2800000e+02   1.0363221e+01
   5.2900000e+02   1.0363241e+01
   5.3000000e+02   1.0363438e+01
   5.3100000e+02   1.0363188e+01
   5.3200000e+02   1.0363712e+01
   5.3300000e+02   1.0363328e+01
   5.3400000e+02   1.0363577e+01
   5.3500000e+02   1.0363162e+01
   5.3600000e+02   1.0363390e+01
   5.3700000e+02   1.0363173e+01
   5.3800000e+02   1.0363211e+01
   5.3900000e+02   1.0363348e+01
   5.4000000e+02   1.0363422e+01
   5.4100000e+02   1.0363107e+01
   5.4200000e+02   1.0363547e+01
   5.4300000e+02   1.0363268e+01
   5.4400000e+02   1.0363314e+01
   5.4500000e+02   1.0363394e+01
   5.4600000e+02   1.0363320e+01
   5.4700000e+02   1.0363132e+01
   5.4800000e+02   1.0363452e+01
   5.4900000e+02   1.0363453e+01
   5.5000000e+02   1.0363171e+01
   5.5100000e+02   1.0363215e+01
   5.5200000e+02   1.0363196e+01
   5.5300000e+02   1.0362977e+01
   5.5400000e+02   1.0363159e+01
   5.5500000e+02   1.0363029e+01
   5.5600000e+02   1.0363023e+01
   5.5700000e+02   1.0363036e+01
   5.5800000e+02   1.0362877e+01
   5.5900000e+02   1.0362755e+01
   5.6000000e+02   1.0362855e+01
   5.6100000e+02   1.0362714e+01
   5.6200000e+02   1.0363003e+01
   5.6300000e+02   1.0362957e+01
   5.6400000e+02   1.0362827e+01
   5.6500000e+02   1.0362825e+01
   5.6600000e+02   1.0362815e+01
   5.6700000e+02   1.0362416e+01
   5.6800000e+02   1.0362542e+01
   5.6900000e+02   1.0362587e+01
   5.7000000e+02   1.0362505e+01
   5.7100000e+02   1.0362828e+01
   5.7200000e+02   1.0362687e+01
   5.7300000e+02   1.0362768e+01
   5.7400000e+02   1.0362686e+01
   5.7500000e+02   1.0362306e+01
   5.7600000e+02   1.0362728e+01
   5.7700000e+02   1.0362712e+01
   5.7800000e+02   1.0362804e+01
   5.7900000e+02   1.0363012e+01
   5.8000000e+02   1.0362725e+01
   5.8100000e+02   1.0362576e+01
   5.8200000e+02   1.0362818e+01
   5.8300000e+02   1.0362801e+01
   5.8400000e+02   1.0362663e+01
   5.8500000e+02   1.0362775e+01
   5.8600000e+02   1.0362681e+01
   5.8700000e+02   1.0362421e+01
   5.8800000e+02   1.0362491e+01
   5.8900000e+02   1.0362704e+01
   5.9000000e+02   1.0362343e+01
   5.9100000e+02   1.0362633e+01
   5.9200000e+02   1.0362607e+01
   5.9300000e+02   1.0362195e+01
   5.9400000e+02   1.0362187e+01
   5.9500000e+02   1.0362603e+01
   5.9600000e+02   1.0362328e+01
   5.9700000e+02   1.0362315e+01
   5.9800000e+02   1.0362232e+01
   5.9900000e+02   1.0362359e+01
   6.0000000e+02   1.0362607e+01
   6.0100000e+02   1.0362308e+01
   6.0200000e+02   1.0362263e+01
   6.0300000e+02   1.0361880e+01
   6.0400000e+02   1.0362517e+01
   6.0500000e+02   1.0362298e+01
   6.0600000e+02   1.0361907e+01
   6.0700000e+02   1.0362034e+01
   6.0800000e+02   1.0362293e+01
   6.0900000e+02   1.0361889e+01
   6.1000000e+02   1.0362054e+01
   6.1100000e+02   1.0361979e+01
   6.1200000e+02   1.0361906e+01
   6.1300000e+02   1.0362096e+01
   6.1400000e+02   1.0361950e+01
   6.1500000e+02   1.0361877e+01
   6.1600000e+02   1.0362060e+01
   6.1700000e+02   1.0362083e+01
   6.1800000e+02   1.0362013e+01
   6.1900000e+02   1.0362035e+01
   6.2000000e+02   1.0362069e+01
   6.2100000e+02   1.0362148e+01
   6.2200000e+02   1.0361951e+01
   6.2300000e+02   1.0362112e+01
   6.2400000e+02   1.0362223e+01
   6.2500000e+02   1.0362095e+01
   6.2600000e+02   1.0362115e+01
   6.2700000e+02   1.0362079e+01
   6.2800000e+02   1.0362207e+01
   6.2900000e+02   1.0362039e+01
   6.3000000e+02   1.0362392e+01
   6.3100000e+02   1.0362227e+01
   6.3200000e+02   1.0362151e+01
   6.3300000e+02   1.0362299e+01
   6.3400000e+02   1.0362302e+01
   6.3500000e+02   1.0362108e+01
   6.3600000e+02   1.0362343e+01
   6.3700000e+02   1.0362139e+01
   6.3800000e+02   1.0362155e+01
   6.3900000e+02   1.0362076e+01
   6.4000000e+02   1.0361996e+01
   6.4100000e+02   1.0362491e+01
   6.4200000e+02   1.0362145e+01
   6.4300000e+02   1.0361854e+01
   6.4400000e+02   1.0362251e+01
   6.4500000e+02   1.0362200e+01
   6.4600000e+02   1.0362051e+01
   6.4700000e+02   1.0362109e+01
   6.4800000e+02   1.0362267e+01
   6.4900000e+02   1.0362281e+01
   6.5000000e+02   1.0362227e+01
   6.5100000e+02   1.0362224e+01
   6.5200000e+02   1.0362165e+01
   6.5300000e+02   1.0362035e+01
   6.5400000e+02   1.0362116e+01
   6.5500000e+02   1.0362009e+01
   6.5600000e+02   1.0362185e+01
   6.5700000e+02   1.0361909e+01
   6.5800000e+02   1.0361814e+01
   6.5900000e+02   1.0361490e+01
   6.6000000e+02   1.0361161e+01
   6.6100000e+02   1.0360648e+01
   6.6200000e+02   1.0360133e+01
   6.6300000e+02   1.0358704e+01
   6.6400000e+02   1.0357413e+01
   6.6500000e+02   1.0355569e+01
   6.6600000e+02   1.0352787e+01
   6.6700000e+02   1.0349063e+01
   6.6800000e+02   1.0344791e+01
   6.6900000e+02   1.0339458e+01
   6.7000000e+02   1.0332990e+01
   6.7100000e+02   1.0326052e+01
   6.7200000e+02   1.0318585e+01
   6.7300000e+02   1.0310296e+01
   6.7400000e+02   1.0302854e+01
   6.7500000e+02   1.0296309e+01
   6.7600000e+02   1.0290360e+01
   6.7700000e+02   1.0286009e+01
   6.7800000e+02   1.0282703e+01
   6.7900000e+02   1.0280883e+01
   6.8000000e+02   1.0280754e+01
   6.8100000e+02   1.0282046e+01
   6.8200000e+02   1.0284372e+01
   6.8300000e+02   1.0287597e+01
   6.8400000e+02   1.0291400e+01
   6.8500000e+02   1.0295562e+01
   6.8600000e+02   1.0299966e+01
   6.8700000e+02   1.0304840e+01
   6.8800000e+02   1.0309020e+01
   6.8900000e+02   1.0313903e+01
   6.9000000e+02   1.0318316e+01
   6.9100000e+02   1.0322309e+01
   6.9200000e+02   1.0326095e+01
   6.9300000e+02   1.0329730e+01
   6.9400000e+02   1.0332904e+01
   6.9500000e+02   1.0336332e+01
   6.9600000e+02   1.0338843e+01
   6.9700000e+02   1.0341472e+01
   6.9800000e+02   1.0343917e+01
   6.9900000e+02   1.0345953e+01
   7.0000000e+02   1.0347811e+01
   7.0100000e+02   1.0349499e+01
   7.0200000e+02   1.0350978e+01
   7.0300000e+02   1.0352488e+01
   7.0400000e+02   1.0353841e+01
   7.0500000e+02   1.0355049e+01
   7.0600000e+02   1.0356126e+01
   7.0700000e+02   1.0356780e+01
   7.0800000e+02   1.0357460e+01
   7.0900000e+02   1.0358285e+01
   7.1000000e+02   1.0358983e+01
   7.1100000e+02   1.0359414e+01
   7.1200000e+02   1.0359908e+01
   7.1300000e+02   1.0360024e+01
   7.1400000e+02   1.0360579e+01
   7.1500000e+02   1.0360601e+01
   7.1600000e+02   1.0361033e+01
   7.1700000e+02   1.0361219e+01
   7.1800000e+02   1.0361218e+01
   7.1900000e+02   1.0361204e+01
   7.2000000e+02   1.0361319e+01
   7.2100000e+02   1.0361394e+01
   7.2200000e+02   1.0361478e+01
   7.2300000e+02   1.0361296e+01
   7.2400000e+02   1.0361275e+01
   7.2500000e+02   1.0361470e+01
   7.2600000e+02   1.0361348e+01
   7.2700000e+02   1.0361485e+01
   7.2800000e+02   1.0361590e+01
   7.2900000e+02   1.0361684e+01
   7.3000000e+02   1.0361624e+01
   7.3100000e+02   1.0361585e+01
   7.3200000e+02   1.0361356e+01
   7.3300000e+02   1.0361531e+01
   7.3400000e+02   1.0361634e+01
   7.3500000e+02   1.0361583e+01
   7.3600000e+02   1.0361499e+01
   7.3700000e+02   1.0361614e+01
   7.3800000e+02   1.0361725e+01
   7.3900000e+02   1.0361377e+01
   7.4000000e+02   1.0361365e+01
   7.4100000e+02   1.0361351e+01
   7.4200000e+02   1.0361455e+01
   7.4300000e+02   1.0361219e+01
   7.4400000e+02   1.0361339e+01
   7.4500000e+02   1.0361530e+01
   7.4600000e+02   1.0361329e+01
   7.4700000e+02   1.0361426e+01
   7.4800000e+02   1.0361593e+01
   7.4900000e+02   1.0361370e+01
   7.5000000e+02   1.0361127e+01
   7.5100000e+02   1.0361321e+01
   7.5200000e+02   1.0361118e+01
   7.5300000e+02   1.0361340e+01
   7.5400000e+02   1.0361454e+01
   7.5500000e+02   1.0361407e+01
   7.5600000e+02   1.0361154e+01
   7.5700000e+02   1.0361105e+01
   7.5800000e+02   1.0361211e+01
   7.5900000e+02   1.0361254e+01
   7.6000000e+02   1.0361115e+01
   7.6100000e+02   1.0361211e+01
   7.6200000e+02   1.0361256e+01
   7.6300000e+02   1.0361236e+01
   7.6400000e+02   1.0361243e+01
   7.6500000e+02   1.0361452e+01
   7.6600000e+02   1.0361331e+01
   7.6700000e+02   1.0361309e+01
   7.6800000e+02   1.0361358e+01
   7.6900000e+02   1.0361324e+01
   7.7000000e+02   1.0361075e+01
   7.7100000e+02   1.0361098e+01
   7.7200000e+02   1.0361348e+01
   7.7300000e+02   1.0360996e+01
   7.7400000e+02   1.0361077e+01
   7.7500000e+02   1.0361112e+01
   7.7600000e+02   1.0360972e+01
   7.7700000e+02   1.0360802e+01
   7.7800000e+02   1.0360935e+01
   7.7900000e+02   1.0361256e+01
   7.8000000e+02   1.0360955e+01
