   0.0000000e+00   1.0334852e+01
   1.0000000e+00   1.0331567e+01
   2.0000000e+00   1.0330762e+01
   3.0000000e+00   1.0330292e+01
   4.0000000e+00   1.0329972e+01
   5.0000000e+00   1.0328859e+01
   6.0000000e+00   1.0328615e+01
   7.0000000e+00   1.0328477e+01
   8.0000000e+00   1.0328051e+01
   9.0000000e+00   1.0328072e+01
   1.0000000e+01   1.0327904e+01
   1.1000000e+01   1.0327599e+01
   1.2000000e+01   1.0327636e+01
   1.3000000e+01   1.0327111e+01
   1.4000000e+01   1.0327148e+01
   1.5000000e+01   1.0327202e+01
   1.6000000e+01   1.0326820e+01
   1.7000000e+01   1.0326819e+01
   1.8000000e+01   1.0326738e+01
   1.9000000e+01   1.0326378e+01
   2.0000000e+01   1.0326612e+01
   2.1000000e+01   1.0326448e+01
   2.2000000e+01   1.0326232e+01
   2.3000000e+01   1.0326114e+01
   2.4000000e+01   1.0326112e+01
   2.5000000e+01   1.0326019e+01
   2.6000000e+01   1.0325873e+01
   2.7000000e+01   1.0325697e+01
   2.8000000e+01   1.0325582e+01
   2.9000000e+01   1.0325623e+01
   3.0000000e+01   1.0325706e+01
   3.1000000e+01   1.0325511e+01
   3.2000000e+01   1.0325576e+01
   3.3000000e+01   1.0325178e+01
   3.4000000e+01   1.0325478e+01
   3.5000000e+01   1.0324988e+01
   3.6000000e+01   1.0325115e+01
   3.7000000e+01   1.0324976e+01
   3.8000000e+01   1.0324997e+01
   3.9000000e+01   1.0324885e+01
   4.0000000e+01   1.0324497e+01
   4.1000000e+01   1.0324755e+01
   4.2000000e+01   1.0324683e+01
   4.3000000e+01   1.0324443e+01
   4.4000000e+01   1.0324366e+01
   4.5000000e+01   1.0324233e+01
   4.6000000e+01   1.0324350e+01
   4.7000000e+01   1.0324292e+01
   4.8000000e+01   1.0324327e+01
   4.9000000e+01   1.0324366e+01
   5.0000000e+01   1.0324104e+01
   5.1000000e+01   1.0323998e+01
   5.2000000e+01   1.0323867e+01
   5.3000000e+01   1.0323706e+01
   5.4000000e+01   1.0324022e+01
   5.5000000e+01   1.0323897e+01
   5.6000000e+01   1.0324017e+01
   5.7000000e+01   1.0323635e+01
   5.8000000e+01   1.0323806e+01
   5.9000000e+01   1.0323374e+01
   6.0000000e+01   1.0323595e+01
   6.1000000e+01   1.0323508e+01
   6.2000000e+01   1.0323462e+01
   6.3000000e+01   1.0323359e+01
   6.4000000e+01   1.0323031e+01
   6.5000000e+01   1.0323283e+01
   6.6000000e+01   1.0323355e+01
   6.7000000e+01   1.0323146e+01
   6.8000000e+01   1.0323201e+01
   6.9000000e+01   1.0323021e+01
   7.0000000e+01   1.0323161e+01
   7.1000000e+01   1.0323118e+01
   7.2000000e+01   1.0323079e+01
   7.3000000e+01   1.0322960e+01
   7.4000000e+01   1.0322959e+01
   7.5000000e+01   1.0322894e+01
   7.6000000e+01   1.0323106e+01
   7.7000000e+01   1.0323005e+01
   7.8000000e+01   1.0323078e+01
   7.9000000e+01   1.0322815e+01
   8.0000000e+01   1.0322809e+01
   8.1000000e+01   1.0322767e+01
   8.2000000e+01   1.0322619e+01
   8.3000000e+01   1.0322735e+01
   8.4000000e+01   1.0322927e+01
   8.5000000e+01   1.0322692e+01
   8.6000000e+01   1.0322865e+01
   8.7000000e+01   1.0322816e+01
   8.8000000e+01   1.0322802e+01
   8.9000000e+01   1.0322643e+01
   9.0000000e+01   1.0322396e+01
   9.1000000e+01   1.0322379e+01
   9.2000000e+01   1.0322362e+01
   9.3000000e+01   1.0322694e+01
   9.4000000e+01   1.0322865e+01
   9.5000000e+01   1.0322805e+01
   9.6000000e+01   1.0322860e+01
   9.7000000e+01   1.0322505e+01
   9.8000000e+01   1.0322553e+01
   9.9000000e+01   1.0322512e+01
   1.0000000e+02   1.0322481e+01
   1.0100000e+02   1.0322268e+01
   1.0200000e+02   1.0322751e+01
   1.0300000e+02   1.0322993e+01
   1.0400000e+02   1.0322178e+01
   1.0500000e+02   1.0322390e+01
   1.0600000e+02   1.0322515e+01
   1.0700000e+02   1.0322384e+01
   1.0800000e+02   1.0322226e+01
   1.0900000e+02   1.0322544e+01
   1.1000000e+02   1.0322356e+01
   1.1100000e+02   1.0322135e+01
   1.1200000e+02   1.0322183e+01
   1.1300000e+02   1.0322077e+01
   1.1400000e+02   1.0322132e+01
   1.1500000e+02   1.0322156e+01
   1.1600000e+02   1.0322046e+01
   1.1700000e+02   1.0321924e+01
   1.1800000e+02   1.0321959e+01
   1.1900000e+02   1.0321566e+01
   1.2000000e+02   1.0321680e+01
   1.2100000e+02   1.0321566e+01
   1.2200000e+02   1.0321667e+01
   1.2300000e+02   1.0321673e+01
   1.2400000e+02   1.0321889e+01
   1.2500000e+02   1.0321633e+01
   1.2600000e+02   1.0321299e+01
   1.2700000e+02   1.0321406e+01
   1.2800000e+02   1.0321480e+01
   1.2900000e+02   1.0321459e+01
   1.3000000e+02   1.0321366e+01
   1.3100000e+02   1.0321533e+01
   1.3200000e+02   1.0321219e+01
   1.3300000e+02   1.0321273e+01
   1.3400000e+02   1.0321150e+01
   1.3500000e+02   1.0321358e+01
   1.3600000e+02   1.0321357e+01
   1.3700000e+02   1.0321196e+01
   1.3800000e+02   1.0321177e+01
   1.3900000e+02   1.0321323e+01
   1.4000000e+02   1.0321275e+01
   1.4100000e+02   1.0321323e+01
   1.4200000e+02   1.0320910e+01
   1.4300000e+02   1.0321120e+01
   1.4400000e+02   1.0321221e+01
   1.4500000e+02   1.0320823e+01
   1.4600000e+02   1.0320931e+01
   1.4700000e+02   1.0320854e+01
   1.4800000e+02   1.0320974e+01
   1.4900000e+02   1.0320732e+01
   1.5000000e+02   1.0320652e+01
   1.5100000e+02   1.0320768e+01
   1.5200000e+02   1.0320782e+01
   1.5300000e+02   1.0320556e+01
   1.5400000e+02   1.0320525e+01
   1.5500000e+02   1.0320617e+01
   1.5600000e+02   1.0320625e+01
   1.5700000e+02   1.0320263e+01
   1.5800000e+02   1.0320824e+01
   1.5900000e+02   1.0320460e+01
   1.6000000e+02   1.0320654e+01
   1.6100000e+02   1.0320356e+01
   1.6200000e+02   1.0320498e+01
   1.6300000e+02   1.0320630e+01
   1.6400000e+02   1.0320178e+01
   1.6500000e+02   1.0320412e+01
   1.6600000e+02   1.0319209e+01
   1.6700000e+02   1.0311522e+01
   1.6800000e+02   1.0291476e+01
   1.6900000e+02   1.0284207e+01
   1.7000000e+02   1.0293993e+01
   1.7100000e+02   1.0305182e+01
   1.7200000e+02   1.0310941e+01
   1.7300000e+02   1.0313135e+01
   1.7400000e+02   1.0314213e+01
   1.7500000e+02   1.0315159e+01
   1.7600000e+02   1.0315958e+01
   1.7700000e+02   1.0316588e+01
   1.7800000e+02   1.0312532e+01
   1.7900000e+02   1.0267583e+01
   1.8000000e+02   1.0234748e+01
   1.8100000e+02   1.0243679e+01
   1.8200000e+02   1.0251003e+01
   1.8300000e+02   1.0257590e+01
   1.8400000e+02   1.0265477e+01
   1.8500000e+02   1.0268575e+01
   1.8600000e+02   1.0268425e+01
   1.8700000e+02   1.0268749e+01
   1.8800000e+02   1.0273733e+01
   1.8900000e+02   1.0284388e+01
   1.9000000e+02   1.0294138e+01
   1.9100000e+02   1.0301488e+01
   1.9200000e+02   1.0306796e+01
   1.9300000e+02   1.0310015e+01
   1.9400000e+02   1.0312074e+01
   1.9500000e+02   1.0313348e+01
   1.9600000e+02   1.0314149e+01
   1.9700000e+02   1.0314718e+01
   1.9800000e+02   1.0315007e+01
   1.9900000e+02   1.0315935e+01
   2.0000000e+02   1.0316109e+01
   2.0100000e+02   1.0316461e+01
   2.0200000e+02   1.0316814e+01
   2.0300000e+02   1.0317147e+01
   2.0400000e+02   1.0317624e+01
   2.0500000e+02   1.0318255e+01
   2.0600000e+02   1.0318415e+01
   2.0700000e+02   1.0318607e+01
   2.0800000e+02   1.0318844e+01
   2.0900000e+02   1.0318856e+01
   2.1000000e+02   1.0318925e+01
   2.1100000e+02   1.0318932e+01
   2.1200000e+02   1.0319014e+01
   2.1300000e+02   1.0319155e+01
   2.1400000e+02   1.0319052e+01
   2.1500000e+02   1.0319178e+01
   2.1600000e+02   1.0319162e+01
   2.1700000e+02   1.0319081e+01
   2.1800000e+02   1.0318948e+01
   2.1900000e+02   1.0318968e+01
   2.2000000e+02   1.0318945e+01
   2.2100000e+02   1.0318898e+01
   2.2200000e+02   1.0318673e+01
   2.2300000e+02   1.0318940e+01
   2.2400000e+02   1.0318813e+01
   2.2500000e+02   1.0318762e+01
   2.2600000e+02   1.0318747e+01
   2.2700000e+02   1.0318715e+01
   2.2800000e+02   1.0318736e+01
   2.2900000e+02   1.0318813e+01
   2.3000000e+02   1.0318647e+01
   2.3100000e+02   1.0318718e+01
   2.3200000e+02   1.0318626e+01
   2.3300000e+02   1.0318851e+01
   2.3400000e+02   1.0318694e+01
   2.3500000e+02   1.0318594e+01
   2.3600000e+02   1.0318565e+01
   2.3700000e+02   1.0318469e+01
   2.3800000e+02   1.0318338e+01
   2.3900000e+02   1.0318650e+01
   2.4000000e+02   1.0318464e+01
   2.4100000e+02   1.0318123e+01
   2.4200000e+02   1.0318171e+01
   2.4300000e+02   1.0318297e+01
   2.4400000e+02   1.0318163e+01
   2.4500000e+02   1.0317777e+01
   2.4600000e+02   1.0317513e+01
   2.4700000e+02   1.0317165e+01
   2.4800000e+02   1.0316737e+01
   2.4900000e+02   1.0316527e+01
   2.5000000e+02   1.0316632e+01
   2.5100000e+02   1.0316678e+01
   2.5200000e+02   1.0316646e+01
   2.5300000e+02   1.0316724e+01
   2.5400000e+02   1.0316865e+01
   2.5500000e+02   1.0316624e+01
   2.5600000e+02   1.0316688e+01
   2.5700000e+02   1.0316648e+01
   2.5800000e+02   1.0316380e+01
   2.5900000e+02   1.0316370e+01
   2.6000000e+02   1.0316047e+01
   2.6100000e+02   1.0315864e+01
   2.6200000e+02   1.0315856e+01
   2.6300000e+02   1.0316040e+01
   2.6400000e+02   1.0315785e+01
   2.6500000e+02   1.0316026e+01
   2.6600000e+02   1.0316036e+01
   2.6700000e+02   1.0316363e+01
   2.6800000e+02   1.0316426e+01
   2.6900000e+02   1.0316462e+01
   2.7000000e+02   1.0316746e+01
   2.7100000e+02   1.0316595e+01
   2.7200000e+02   1.0316969e+01
   2.7300000e+02   1.0317058e+01
   2.7400000e+02   1.0316865e+01
   2.7500000e+02   1.0316884e+01
   2.7600000e+02   1.0317302e+01
   2.7700000e+02   1.0317045e+01
   2.7800000e+02   1.0316956e+01
   2.7900000e+02   1.0317126e+01
   2.8000000e+02   1.0317447e+01
   2.8100000e+02   1.0317145e+01
   2.8200000e+02   1.0317172e+01
   2.8300000e+02   1.0317354e+01
   2.8400000e+02   1.0317261e+01
   2.8500000e+02   1.0317138e+01
   2.8600000e+02   1.0317072e+01
   2.8700000e+02   1.0317301e+01
   2.8800000e+02   1.0317438e+01
   2.8900000e+02   1.0317271e+01
   2.9000000e+02   1.0317214e+01
   2.9100000e+02   1.0317431e+01
   2.9200000e+02   1.0317166e+01
   2.9300000e+02   1.0317376e+01
   2.9400000e+02   1.0317333e+01
   2.9500000e+02   1.0317299e+01
   2.9600000e+02   1.0317151e+01
   2.9700000e+02   1.0317056e+01
   2.9800000e+02   1.0317107e+01
   2.9900000e+02   1.0317208e+01
   3.0000000e+02   1.0316764e+01
   3.0100000e+02   1.0316179e+01
   3.0200000e+02   1.0315740e+01
   3.0300000e+02   1.0315146e+01
   3.0400000e+02   1.0314275e+01
   3.0500000e+02   1.0313045e+01
   3.0600000e+02   1.0311482e+01
   3.0700000e+02   1.0309442e+01
   3.0800000e+02   1.0307056e+01
   3.0900000e+02   1.0304975e+01
   3.1000000e+02   1.0303195e+01
   3.1100000e+02   1.0302332e+01
   3.1200000e+02   1.0301852e+01
   3.1300000e+02   1.0301219e+01
   3.1400000e+02   1.0300569e+01
   3.1500000e+02   1.0298988e+01
   3.1600000e+02   1.0296692e+01
   3.1700000e+02   1.0293647e+01
   3.1800000e+02   1.0290804e+01
   3.1900000e+02   1.0287754e+01
   3.2000000e+02   1.0285500e+01
   3.2100000e+02   1.0284318e+01
   3.2200000e+02   1.0283965e+01
   3.2300000e+02   1.0284452e+01
   3.2400000e+02   1.0285468e+01
   3.2500000e+02   1.0287217e+01
   3.2600000e+02   1.0289810e+01
   3.2700000e+02   1.0291921e+01
   3.2800000e+02   1.0294714e+01
   3.2900000e+02   1.0297536e+01
   3.3000000e+02   1.0299696e+01
   3.3100000e+02   1.0301578e+01
   3.3200000e+02   1.0302825e+01
   3.3300000e+02   1.0303757e+01
   3.3400000e+02   1.0303941e+01
   3.3500000e+02   1.0303855e+01
   3.3600000e+02   1.0303852e+01
   3.3700000e+02   1.0303867e+01
   3.3800000e+02   1.0303936e+01
   3.3900000e+02   1.0304524e+01
   3.4000000e+02   1.0305296e+01
   3.4100000e+02   1.0306422e+01
   3.4200000e+02   1.0307255e+01
   3.4300000e+02   1.0308521e+01
   3.4400000e+02   1.0309419e+01
   3.4500000e+02   1.0310180e+01
   3.4600000e+02   1.0311130e+01
   3.4700000e+02   1.0311882e+01
   3.4800000e+02   1.0312846e+01
   3.4900000e+02   1.0312725e+01
   3.5000000e+02   1.0313382e+01
   3.5100000e+02   1.0314406e+01
   3.5200000e+02   1.0314403e+01
   3.5300000e+02   1.0314689e+01
   3.5400000e+02   1.0315052e+01
   3.5500000e+02   1.0314749e+01
   3.5600000e+02   1.0314991e+01
   3.5700000e+02   1.0315009e+01
   3.5800000e+02   1.0314873e+01
   3.5900000e+02   1.0314381e+01
   3.6000000e+02   1.0314412e+01
   3.6100000e+02   1.0314369e+01
   3.6200000e+02   1.0314663e+01
   3.6300000e+02   1.0314319e+01
   3.6400000e+02   1.0314755e+01
   3.6500000e+02   1.0314821e+01
   3.6600000e+02   1.0315296e+01
   3.6700000e+02   1.0315031e+01
   3.6800000e+02   1.0315416e+01
   3.6900000e+02   1.0315544e+01
   3.7000000e+02   1.0315434e+01
   3.7100000e+02   1.0315268e+01
   3.7200000e+02   1.0315451e+01
   3.7300000e+02   1.0315530e+01
   3.7400000e+02   1.0316017e+01
   3.7500000e+02   1.0316007e+01
   3.7600000e+02   1.0315858e+01
   3.7700000e+02   1.0315763e+01
   3.7800000e+02   1.0315875e+01
   3.7900000e+02   1.0316271e+01
   3.8000000e+02   1.0315917e+01
   3.8100000e+02   1.0315906e+01
   3.8200000e+02   1.0315729e+01
   3.8300000e+02   1.0315590e+01
   3.8400000e+02   1.0315274e+01
   3.8500000e+02   1.0315187e+01
   3.8600000e+02   1.0314896e+01
   3.8700000e+02   1.0314966e+01
   3.8800000e+02   1.0314494e+01
   3.8900000e+02   1.0314896e+01
   3.9000000e+02   1.0314524e+01
   3.9100000e+02   1.0314735e+01
   3.9200000e+02   1.0314803e+01
   3.9300000e+02   1.0314263e+01
   3.9400000e+02   1.0314680e+01
   3.9500000e+02   1.0314661e+01
   3.9600000e+02   1.0314848e+01
   3.9700000e+02   1.0315516e+01
   3.9800000e+02   1.0315097e+01
   3.9900000e+02   1.0314830e+01
   4.0000000e+02   1.0315409e+01
   4.0100000e+02   1.0315113e+01
   4.0200000e+02   1.0315043e+01
   4.0300000e+02   1.0315051e+01
   4.0400000e+02   1.0315260e+01
   4.0500000e+02   1.0315636e+01
   4.0600000e+02   1.0315658e+01
   4.0700000e+02   1.0315622e+01
   4.0800000e+02   1.0315315e+01
   4.0900000e+02   1.0315876e+01
   4.1000000e+02   1.0315405e+01
   4.1100000e+02   1.0315742e+01
   4.1200000e+02   1.0315406e+01
   4.1300000e+02   1.0316114e+01
   4.1400000e+02   1.0315321e+01
   4.1500000e+02   1.0315735e+01
   4.1600000e+02   1.0315352e+01
   4.1700000e+02   1.0314981e+01
   4.1800000e+02   1.0315368e+01
   4.1900000e+02   1.0315631e+01
   4.2000000e+02   1.0315566e+01
   4.2100000e+02   1.0315183e+01
   4.2200000e+02   1.0315502e+01
   4.2300000e+02   1.0315335e+01
   4.2400000e+02   1.0315251e+01
   4.2500000e+02   1.0315335e+01
   4.2600000e+02   1.0315284e+01
   4.2700000e+02   1.0314951e+01
   4.2800000e+02   1.0315513e+01
   4.2900000e+02   1.0314970e+01
   4.3000000e+02   1.0315522e+01
   4.3100000e+02   1.0314869e+01
   4.3200000e+02   1.0314872e+01
   4.3300000e+02   1.0314832e+01
   4.3400000e+02   1.0314266e+01
   4.3500000e+02   1.0312927e+01
   4.3600000e+02   1.0311774e+01
   4.3700000e+02   1.0309127e+01
   4.3800000e+02   1.0305178e+01
   4.3900000e+02   1.0298957e+01
   4.4000000e+02   1.0291093e+01
   4.4100000e+02   1.0280968e+01
   4.4200000e+02   1.0268628e+01
   4.4300000e+02   1.0255406e+01
   4.4400000e+02   1.0242291e+01
   4.4500000e+02   1.0230083e+01
   4.4600000e+02   1.0221416e+01
   4.4700000e+02   1.0215539e+01
   4.4800000e+02   1.0213357e+01
   4.4900000e+02   1.0214533e+01
   4.5000000e+02   1.0219383e+01
   4.5100000e+02   1.0225650e+01
   4.5200000e+02   1.0233384e+01
   4.5300000e+02   1.0241681e+01
   4.5400000e+02   1.0250138e+01
   4.5500000e+02   1.0257424e+01
   4.5600000e+02   1.0264719e+01
   4.5700000e+02   1.0270899e+01
   4.5800000e+02   1.0276543e+01
   4.5900000e+02   1.0281314e+01
   4.6000000e+02   1.0286118e+01
   4.6100000e+02   1.0289694e+01
   4.6200000e+02   1.0293076e+01
   4.6300000e+02   1.0295788e+01
   4.6400000e+02   1.0298019e+01
   4.6500000e+02   1.0299975e+01
   4.6600000e+02   1.0301549e+01
   4.6700000e+02   1.0303101e+01
   4.6800000e+02   1.0304525e+01
   4.6900000e+02   1.0305907e+01
   4.7000000e+02   1.0306923e+01
   4.7100000e+02   1.0307723e+01
   4.7200000e+02   1.0308856e+01
   4.7300000e+02   1.0309994e+01
   4.7400000e+02   1.0310711e+01
   4.7500000e+02   1.0311285e+01
   4.7600000e+02   1.0312171e+01
   4.7700000e+02   1.0312562e+01
   4.7800000e+02   1.0313107e+01
   4.7900000e+02   1.0313421e+01
   4.8000000e+02   1.0313630e+01
   4.8100000e+02   1.0313796e+01
   4.8200000e+02   1.0314046e+01
   4.8300000e+02   1.0313896e+01
   4.8400000e+02   1.0314481e+01
   4.8500000e+02   1.0314438e+01
   4.8600000e+02   1.0314127e+01
   4.8700000e+02   1.0314492e+01
   4.8800000e+02   1.0314499e+01
   4.8900000e+02   1.0314381e+01
   4.9000000e+02   1.0314510e+01
   4.9100000e+02   1.0314451e+01
   4.9200000e+02   1.0314646e+01
   4.9300000e+02   1.0314463e+01
   4.9400000e+02   1.0314315e+01
   4.9500000e+02   1.0314724e+01
   4.9600000e+02   1.0314291e+01
   4.9700000e+02   1.0314518e+01
   4.9800000e+02   1.0314748e+01
   4.9900000e+02   1.0314475e+01
   5.0000000e+02   1.0314341e+01
   5.0100000e+02   1.0314373e+01
   5.0200000e+02   1.0314365e+01
   5.0300000e+02   1.0314354e+01
   5.0400000e+02   1.0314202e+01
   5.0500000e+02   1.0314788e+01
   5.0600000e+02   1.0314539e+01
   5.0700000e+02   1.0314700e+01
   5.0800000e+02   1.0314675e+01
   5.0900000e+02   1.0314445e+01
   5.1000000e+02   1.0314543e+01
   5.1100000e+02   1.0314360e+01
   5.1200000e+02   1.0314157e+01
   5.1300000e+02   1.0314347e+01
   5.1400000e+02   1.0314330e+01
   5.1500000e+02   1.0314415e+01
   5.1600000e+02   1.0314525e+01
   5.1700000e+02   1.0314081e+01
   5.1800000e+02   1.0314013e+01
   5.1900000e+02   1.0314288e+01
   5.2000000e+02   1.0314195e+01
   5.2100000e+02   1.0314312e+01
   5.2200000e+02   1.0314118e+01
   5.2300000e+02   1.0314112e+01
   5.2400000e+02   1.0314112e+01
   5.2500000e+02   1.0314135e+01
   5.2600000e+02   1.0314297e+01
   5.2700000e+02   1.0314215e+01
   5.2800000e+02   1.0314288e+01
   5.2900000e+02   1.0314230e+01
   5.3000000e+02   1.0314329e+01
   5.3100000e+02   1.0314095e+01
   5.3200000e+02   1.0314177e+01
   5.3300000e+02   1.0314150e+01
   5.3400000e+02   1.0314151e+01
   5.3500000e+02   1.0314174e+01
   5.3600000e+02   1.0314355e+01
   5.3700000e+02   1.0313996e+01
   5.3800000e+02   1.0314340e+01
   5.3900000e+02   1.0314088e+01
   5.4000000e+02   1.0314171e+01
   5.4100000e+02   1.0314196e+01
   5.4200000e+02   1.0314056e+01
   5.4300000e+02   1.0314001e+01
   5.4400000e+02   1.0314191e+01
   5.4500000e+02   1.0314174e+01
   5.4600000e+02   1.0314006e+01
   5.4700000e+02   1.0314117e+01
   5.4800000e+02   1.0313905e+01
   5.4900000e+02   1.0314089e+01
   5.5000000e+02   1.0313904e+01
   5.5100000e+02   1.0313957e+01
   5.5200000e+02   1.0313806e+01
   5.5300000e+02   1.0313996e+01
   5.5400000e+02   1.0314263e+01
   5.5500000e+02   1.0314055e+01
   5.5600000e+02   1.0313884e+01
   5.5700000e+02   1.0313991e+01
   5.5800000e+02   1.0313869e+01
   5.5900000e+02   1.0313770e+01
   5.6000000e+02   1.0313780e+01
   5.6100000e+02   1.0314067e+01
   5.6200000e+02   1.0313862e+01
   5.6300000e+02   1.0313997e+01
   5.6400000e+02   1.0313962e+01
   5.6500000e+02   1.0313963e+01
   5.6600000e+02   1.0313993e+01
   5.6700000e+02   1.0313587e+01
   5.6800000e+02   1.0313729e+01
   5.6900000e+02   1.0313587e+01
   5.7000000e+02   1.0313708e+01
   5.7100000e+02   1.0313567e+01
   5.7200000e+02   1.0313832e+01
   5.7300000e+02   1.0313810e+01
   5.7400000e+02   1.0313735e+01
   5.7500000e+02   1.0313770e+01
   5.7600000e+02   1.0313467e+01
   5.7700000e+02   1.0313470e+01
   5.7800000e+02   1.0313769e+01
   5.7900000e+02   1.0313481e+01
   5.8000000e+02   1.0313609e+01
   5.8100000e+02   1.0313388e+01
   5.8200000e+02   1.0313598e+01
   5.8300000e+02   1.0313409e+01
   5.8400000e+02   1.0313490e+01
   5.8500000e+02   1.0313618e+01
   5.8600000e+02   1.0313517e+01
   5.8700000e+02   1.0313561e+01
   5.8800000e+02   1.0313302e+01
   5.8900000e+02   1.0313478e+01
   5.9000000e+02   1.0313663e+01
   5.9100000e+02   1.0313643e+01
   5.9200000e+02   1.0313162e+01
   5.9300000e+02   1.0313544e+01
   5.9400000e+02   1.0313549e+01
   5.9500000e+02   1.0313387e+01
   5.9600000e+02   1.0313391e+01
   5.9700000e+02   1.0313583e+01
   5.9800000e+02   1.0313550e+01
   5.9900000e+02   1.0313408e+01
   6.0000000e+02   1.0313129e+01
   6.0100000e+02   1.0313252e+01
   6.0200000e+02   1.0313210e+01
   6.0300000e+02   1.0313542e+01
   6.0400000e+02   1.0313359e+01
   6.0500000e+02   1.0313529e+01
   6.0600000e+02   1.0313240e+01
   6.0700000e+02   1.0313312e+01
   6.0800000e+02   1.0313255e+01
   6.0900000e+02   1.0313338e+01
   6.1000000e+02   1.0313258e+01
   6.1100000e+02   1.0313116e+01
   6.1200000e+02   1.0313462e+01
   6.1300000e+02   1.0313360e+01
   6.1400000e+02   1.0313105e+01
   6.1500000e+02   1.0313287e+01
   6.1600000e+02   1.0313335e+01
   6.1700000e+02   1.0313349e+01
   6.1800000e+02   1.0313404e+01
   6.1900000e+02   1.0313357e+01
   6.2000000e+02   1.0313282e+01
   6.2100000e+02   1.0313258e+01
   6.2200000e+02   1.0313515e+01
   6.2300000e+02   1.0313377e+01
   6.2400000e+02   1.0313309e+01
   6.2500000e+02   1.0313269e+01
   6.2600000e+02   1.0313209e+01
   6.2700000e+02   1.0313150e+01
   6.2800000e+02   1.0313283e+01
   6.2900000e+02   1.0313278e+01
   6.3000000e+02   1.0313310e+01
   6.3100000e+02   1.0313231e+01
   6.3200000e+02   1.0313261e+01
   6.3300000e+02   1.0312847e+01
   6.3400000e+02   1.0313357e+01
   6.3500000e+02   1.0312736e+01
   6.3600000e+02   1.0313176e+01
   6.3700000e+02   1.0313100e+01
   6.3800000e+02   1.0312899e+01
   6.3900000e+02   1.0313053e+01
   6.4000000e+02   1.0312772e+01
   6.4100000e+02   1.0313132e+01
   6.4200000e+02   1.0312789e+01
   6.4300000e+02   1.0312812e+01
   6.4400000e+02   1.0312999e+01
   6.4500000e+02   1.0312784e+01
   6.4600000e+02   1.0312816e+01
   6.4700000e+02   1.0312896e+01
   6.4800000e+02   1.0312813e+01
   6.4900000e+02   1.0313104e+01
   6.5000000e+02   1.0313126e+01
   6.5100000e+02   1.0312908e+01
   6.5200000e+02   1.0312853e+01
   6.5300000e+02   1.0312807e+01
   6.5400000e+02   1.0313048e+01
   6.5500000e+02   1.0312836e+01
   6.5600000e+02   1.0312577e+01
   6.5700000e+02   1.0312788e+01
   6.5800000e+02   1.0312840e+01
   6.5900000e+02   1.0312773e+01
   6.6000000e+02   1.0313017e+01
   6.6100000e+02   1.0312882e+01
   6.6200000e+02   1.0312465e+01
   6.6300000e+02   1.0312679e+01
   6.6400000e+02   1.0312613e+01
   6.6500000e+02   1.0312315e+01
   6.6600000e+02   1.0312600e+01
   6.6700000e+02   1.0312047e+01
   6.6800000e+02   1.0312120e+01
   6.6900000e+02   1.0311560e+01
   6.7000000e+02   1.0311109e+01
   6.7100000e+02   1.0310415e+01
   6.7200000e+02   1.0309711e+01
   6.7300000e+02   1.0309076e+01
   6.7400000e+02   1.0307870e+01
   6.7500000e+02   1.0306806e+01
   6.7600000e+02   1.0305816e+01
   6.7700000e+02   1.0304819e+01
   6.7800000e+02   1.0303311e+01
   6.7900000e+02   1.0302069e+01
   6.8000000e+02   1.0301263e+01
   6.8100000e+02   1.0300287e+01
   6.8200000e+02   1.0299809e+01
   6.8300000e+02   1.0299596e+01
   6.8400000e+02   1.0299371e+01
   6.8500000e+02   1.0299468e+01
   6.8600000e+02   1.0300068e+01
   6.8700000e+02   1.0300473e+01
   6.8800000e+02   1.0300790e+01
   6.8900000e+02   1.0301740e+01
   6.9000000e+02   1.0302396e+01
   6.9100000e+02   1.0303287e+01
   6.9200000e+02   1.0303913e+01
   6.9300000e+02   1.0304708e+01
   6.9400000e+02   1.0305749e+01
   6.9500000e+02   1.0306219e+01
   6.9600000e+02   1.0306941e+01
   6.9700000e+02   1.0307860e+01
   6.9800000e+02   1.0308103e+01
   6.9900000e+02   1.0309107e+01
   7.0000000e+02   1.0308921e+01
   7.0100000e+02   1.0309812e+01
   7.0200000e+02   1.0310034e+01
   7.0300000e+02   1.0310031e+01
   7.0400000e+02   1.0310631e+01
   7.0500000e+02   1.0310540e+01
   7.0600000e+02   1.0310902e+01
   7.0700000e+02   1.0311097e+01
   7.0800000e+02   1.0311027e+01
   7.0900000e+02   1.0311606e+01
   7.1000000e+02   1.0311875e+01
   7.1100000e+02   1.0311656e+01
   7.1200000e+02   1.0311865e+01
   7.1300000e+02   1.0311366e+01
   7.1400000e+02   1.0311519e+01
   7.1500000e+02   1.0311729e+01
   7.1600000e+02   1.0312601e+01
   7.1700000e+02   1.0311914e+01
   7.1800000e+02   1.0312109e+01
   7.1900000e+02   1.0312078e+01
   7.2000000e+02   1.0312190e+01
   7.2100000e+02   1.0312325e+01
   7.2200000e+02   1.0312332e+01
   7.2300000e+02   1.0311930e+01
   7.2400000e+02   1.0312199e+01
   7.2500000e+02   1.0311922e+01
   7.2600000e+02   1.0311963e+01
   7.2700000e+02   1.0312188e+01
   7.2800000e+02   1.0312227e+01
   7.2900000e+02   1.0312037e+01
   7.3000000e+02   1.0312302e+01
   7.3100000e+02   1.0311722e+01
   7.3200000e+02   1.0312136e+01
   7.3300000e+02   1.0311939e+01
   7.3400000e+02   1.0312672e+01
   7.3500000e+02   1.0312156e+01
   7.3600000e+02   1.0311886e+01
   7.3700000e+02   1.0311697e+01
   7.3800000e+02   1.0311744e+01
   7.3900000e+02   1.0311485e+01
   7.4000000e+02   1.0311820e+01
   7.4100000e+02   1.0311699e+01
   7.4200000e+02   1.0312093e+01
   7.4300000e+02   1.0312338e+01
   7.4400000e+02   1.0312425e+01
   7.4500000e+02   1.0311930e+01
   7.4600000e+02   1.0311812e+01
   7.4700000e+02   1.0311686e+01
   7.4800000e+02   1.0312149e+01
   7.4900000e+02   1.0312312e+01
   7.5000000e+02   1.0312365e+01
   7.5100000e+02   1.0312304e+01
   7.5200000e+02   1.0312551e+01
   7.5300000e+02   1.0312397e+01
   7.5400000e+02   1.0312329e+01
   7.5500000e+02   1.0312221e+01
   7.5600000e+02   1.0312313e+01
   7.5700000e+02   1.0311985e+01
   7.5800000e+02   1.0312096e+01
   7.5900000e+02   1.0312317e+01
   7.6000000e+02   1.0312299e+01
   7.6100000e+02   1.0311691e+01
   7.6200000e+02   1.0311817e+01
   7.6300000e+02   1.0312099e+01
   7.6400000e+02   1.0311747e+01
   7.6500000e+02   1.0312052e+01
   7.6600000e+02   1.0311253e+01
   7.6700000e+02   1.0311913e+01
   7.6800000e+02   1.0312408e+01
   7.6900000e+02   1.0311418e+01
   7.7000000e+02   1.0311988e+01
   7.7100000e+02   1.0311753e+01
   7.7200000e+02   1.0311639e+01
   7.7300000e+02   1.0311977e+01
   7.7400000e+02   1.0311697e+01
   7.7500000e+02   1.0311794e+01
   7.7600000e+02   1.0311870e+01
   7.7700000e+02   1.0311554e+01
   7.7800000e+02   1.0311887e+01
   7.7900000e+02   1.0311793e+01
   7.8000000e+02   1.0311476e+01
