   0.0000000e+00   1.0341558e+01
   1.0000000e+00   1.0338541e+01
   2.0000000e+00   1.0337478e+01
   3.0000000e+00   1.0336937e+01
   4.0000000e+00   1.0336466e+01
   5.0000000e+00   1.0336531e+01
   6.0000000e+00   1.0336294e+01
   7.0000000e+00   1.0335847e+01
   8.0000000e+00   1.0335823e+01
   9.0000000e+00   1.0335458e+01
   1.0000000e+01   1.0335468e+01
   1.1000000e+01   1.0335251e+01
   1.2000000e+01   1.0335094e+01
   1.3000000e+01   1.0334614e+01
   1.4000000e+01   1.0334679e+01
   1.5000000e+01   1.0334513e+01
   1.6000000e+01   1.0334313e+01
   1.7000000e+01   1.0334414e+01
   1.8000000e+01   1.0334411e+01
   1.9000000e+01   1.0334162e+01
   2.0000000e+01   1.0334280e+01
   2.1000000e+01   1.0333846e+01
   2.2000000e+01   1.0333925e+01
   2.3000000e+01   1.0333866e+01
   2.4000000e+01   1.0333646e+01
   2.5000000e+01   1.0333417e+01
   2.6000000e+01   1.0333326e+01
   2.7000000e+01   1.0333503e+01
   2.8000000e+01   1.0333269e+01
   2.9000000e+01   1.0332954e+01
   3.0000000e+01   1.0333035e+01
   3.1000000e+01   1.0333078e+01
   3.2000000e+01   1.0332959e+01
   3.3000000e+01   1.0333027e+01
   3.4000000e+01   1.0333005e+01
   3.5000000e+01   1.0332699e+01
   3.6000000e+01   1.0332751e+01
   3.7000000e+01   1.0332606e+01
   3.8000000e+01   1.0332624e+01
   3.9000000e+01   1.0332543e+01
   4.0000000e+01   1.0332891e+01
   4.1000000e+01   1.0332329e+01
   4.2000000e+01   1.0332205e+01
   4.3000000e+01   1.0332325e+01
   4.4000000e+01   1.0332223e+01
   4.5000000e+01   1.0332407e+01
   4.6000000e+01   1.0332021e+01
   4.7000000e+01   1.0331838e+01
   4.8000000e+01   1.0332084e+01
   4.9000000e+01   1.0331924e+01
   5.0000000e+01   1.0331874e+01
   5.1000000e+01   1.0331770e+01
   5.2000000e+01   1.0331692e+01
   5.3000000e+01   1.0331807e+01
   5.4000000e+01   1.0331710e+01
   5.5000000e+01   1.0331936e+01
   5.6000000e+01   1.0331534e+01
   5.7000000e+01   1.0331922e+01
   5.8000000e+01   1.0331682e+01
   5.9000000e+01   1.0331559e+01
   6.0000000e+01   1.0331488e+01
   6.1000000e+01   1.0331314e+01
   6.2000000e+01   1.0331474e+01
   6.3000000e+01   1.0331457e+01
   6.4000000e+01   1.0331576e+01
   6.5000000e+01   1.0331487e+01
   6.6000000e+01   1.0331389e+01
   6.7000000e+01   1.0331201e+01
   6.8000000e+01   1.0331032e+01
   6.9000000e+01   1.0330995e+01
   7.0000000e+01   1.0330944e+01
   7.1000000e+01   1.0330916e+01
   7.2000000e+01   1.0331083e+01
   7.3000000e+01   1.0331120e+01
   7.4000000e+01   1.0330941e+01
   7.5000000e+01   1.0330695e+01
   7.6000000e+01   1.0330698e+01
   7.7000000e+01   1.0330881e+01
   7.8000000e+01   1.0330798e+01
   7.9000000e+01   1.0330648e+01
   8.0000000e+01   1.0330693e+01
   8.1000000e+01   1.0330766e+01
   8.2000000e+01   1.0330643e+01
   8.3000000e+01   1.0330457e+01
   8.4000000e+01   1.0330733e+01
   8.5000000e+01   1.0330497e+01
   8.6000000e+01   1.0330251e+01
   8.7000000e+01   1.0330207e+01
   8.8000000e+01   1.0330850e+01
   8.9000000e+01   1.0330648e+01
   9.0000000e+01   1.0330364e+01
   9.1000000e+01   1.0330364e+01
   9.2000000e+01   1.0330420e+01
   9.3000000e+01   1.0330196e+01
   9.4000000e+01   1.0330119e+01
   9.5000000e+01   1.0330379e+01
   9.6000000e+01   1.0330363e+01
   9.7000000e+01   1.0330176e+01
   9.8000000e+01   1.0330371e+01
   9.9000000e+01   1.0330396e+01
   1.0000000e+02   1.0329941e+01
   1.0100000e+02   1.0329994e+01
   1.0200000e+02   1.0329997e+01
   1.0300000e+02   1.0330264e+01
   1.0400000e+02   1.0330014e+01
   1.0500000e+02   1.0329912e+01
   1.0600000e+02   1.0329873e+01
   1.0700000e+02   1.0329882e+01
   1.0800000e+02   1.0329666e+01
   1.0900000e+02   1.0329805e+01
   1.1000000e+02   1.0329607e+01
   1.1100000e+02   1.0329719e+01
   1.1200000e+02   1.0329692e+01
   1.1300000e+02   1.0329889e+01
   1.1400000e+02   1.0329660e+01
   1.1500000e+02   1.0329824e+01
   1.1600000e+02   1.0329935e+01
   1.1700000e+02   1.0329561e+01
   1.1800000e+02   1.0329518e+01
   1.1900000e+02   1.0329713e+01
   1.2000000e+02   1.0329609e+01
   1.2100000e+02   1.0329488e+01
   1.2200000e+02   1.0329719e+01
   1.2300000e+02   1.0329684e+01
   1.2400000e+02   1.0329727e+01
   1.2500000e+02   1.0329721e+01
   1.2600000e+02   1.0329449e+01
   1.2700000e+02   1.0329504e+01
   1.2800000e+02   1.0329332e+01
   1.2900000e+02   1.0329245e+01
   1.3000000e+02   1.0329567e+01
   1.3100000e+02   1.0329534e+01
   1.3200000e+02   1.0329156e+01
   1.3300000e+02   1.0329479e+01
   1.3400000e+02   1.0329212e+01
   1.3500000e+02   1.0329066e+01
   1.3600000e+02   1.0329028e+01
   1.3700000e+02   1.0329169e+01
   1.3800000e+02   1.0329216e+01
   1.3900000e+02   1.0329066e+01
   1.4000000e+02   1.0328847e+01
   1.4100000e+02   1.0329216e+01
   1.4200000e+02   1.0329053e+01
   1.4300000e+02   1.0328762e+01
   1.4400000e+02   1.0328898e+01
   1.4500000e+02   1.0329138e+01
   1.4600000e+02   1.0328900e+01
   1.4700000e+02   1.0328909e+01
   1.4800000e+02   1.0328990e+01
   1.4900000e+02   1.0328806e+01
   1.5000000e+02   1.0328779e+01
   1.5100000e+02   1.0328679e+01
   1.5200000e+02   1.0328740e+01
   1.5300000e+02   1.0328856e+01
   1.5400000e+02   1.0328679e+01
   1.5500000e+02   1.0328770e+01
   1.5600000e+02   1.0328565e+01
   1.5700000e+02   1.0328599e+01
   1.5800000e+02   1.0328911e+01
   1.5900000e+02   1.0328612e+01
   1.6000000e+02   1.0328706e+01
   1.6100000e+02   1.0328529e+01
   1.6200000e+02   1.0328571e+01
   1.6300000e+02   1.0328533e+01
   1.6400000e+02   1.0328480e+01
   1.6500000e+02   1.0328367e+01
   1.6600000e+02   1.0327531e+01
   1.6700000e+02   1.0319487e+01
   1.6800000e+02   1.0300089e+01
   1.6900000e+02   1.0292504e+01
   1.7000000e+02   1.0301385e+01
   1.7100000e+02   1.0312058e+01
   1.7200000e+02   1.0318403e+01
   1.7300000e+02   1.0320943e+01
   1.7400000e+02   1.0322641e+01
   1.7500000e+02   1.0323272e+01
   1.7600000e+02   1.0324179e+01
   1.7700000e+02   1.0324671e+01
   1.7800000e+02   1.0320013e+01
   1.7900000e+02   1.0274099e+01
   1.8000000e+02   1.0244021e+01
   1.8100000e+02   1.0250143e+01
   1.8200000e+02   1.0257206e+01
   1.8300000e+02   1.0263766e+01
   1.8400000e+02   1.0273887e+01
   1.8500000e+02   1.0280138e+01
   1.8600000e+02   1.0283679e+01
   1.8700000e+02   1.0285634e+01
   1.8800000e+02   1.0287545e+01
   1.8900000e+02   1.0291958e+01
   1.9000000e+02   1.0297589e+01
   1.9100000e+02   1.0303739e+01
   1.9200000e+02   1.0311349e+01
   1.9300000e+02   1.0316543e+01
   1.9400000e+02   1.0319499e+01
   1.9500000e+02   1.0321349e+01
   1.9600000e+02   1.0322563e+01
   1.9700000e+02   1.0323738e+01
   1.9800000e+02   1.0324421e+01
   1.9900000e+02   1.0325321e+01
   2.0000000e+02   1.0325888e+01
   2.0100000e+02   1.0326451e+01
   2.0200000e+02   1.0327060e+01
   2.0300000e+02   1.0327057e+01
   2.0400000e+02   1.0327507e+01
   2.0500000e+02   1.0327246e+01
   2.0600000e+02   1.0327462e+01
   2.0700000e+02   1.0327503e+01
   2.0800000e+02   1.0327438e+01
   2.0900000e+02   1.0327741e+01
   2.1000000e+02   1.0327697e+01
   2.1100000e+02   1.0327622e+01
   2.1200000e+02   1.0327710e+01
   2.1300000e+02   1.0327633e+01
   2.1400000e+02   1.0327729e+01
   2.1500000e+02   1.0327810e+01
   2.1600000e+02   1.0327718e+01
   2.1700000e+02   1.0327331e+01
   2.1800000e+02   1.0327914e+01
   2.1900000e+02   1.0327488e+01
   2.2000000e+02   1.0327535e+01
   2.2100000e+02   1.0327578e+01
   2.2200000e+02   1.0327744e+01
   2.2300000e+02   1.0327567e+01
   2.2400000e+02   1.0327840e+01
   2.2500000e+02   1.0327544e+01
   2.2600000e+02   1.0327779e+01
   2.2700000e+02   1.0327418e+01
   2.2800000e+02   1.0327702e+01
   2.2900000e+02   1.0327451e+01
   2.3000000e+02   1.0327457e+01
   2.3100000e+02   1.0327976e+01
   2.3200000e+02   1.0327473e+01
   2.3300000e+02   1.0327493e+01
   2.3400000e+02   1.0327350e+01
   2.3500000e+02   1.0327532e+01
   2.3600000e+02   1.0327725e+01
   2.3700000e+02   1.0327216e+01
   2.3800000e+02   1.0327359e+01
   2.3900000e+02   1.0327347e+01
   2.4000000e+02   1.0327355e+01
   2.4100000e+02   1.0327512e+01
   2.4200000e+02   1.0327229e+01
   2.4300000e+02   1.0326917e+01
   2.4400000e+02   1.0326657e+01
   2.4500000e+02   1.0326963e+01
   2.4600000e+02   1.0326457e+01
   2.4700000e+02   1.0326215e+01
   2.4800000e+02   1.0326035e+01
   2.4900000e+02   1.0325706e+01
   2.5000000e+02   1.0325799e+01
   2.5100000e+02   1.0325851e+01
   2.5200000e+02   1.0325938e+01
   2.5300000e+02   1.0326183e+01
   2.5400000e+02   1.0325967e+01
   2.5500000e+02   1.0326448e+01
   2.5600000e+02   1.0325625e+01
   2.5700000e+02   1.0325569e+01
   2.5800000e+02   1.0326206e+01
   2.5900000e+02   1.0325437e+01
   2.6000000e+02   1.0325728e+01
   2.6100000e+02   1.0325583e+01
   2.6200000e+02   1.0325112e+01
   2.6300000e+02   1.0325573e+01
   2.6400000e+02   1.0325227e+01
   2.6500000e+02   1.0325390e+01
   2.6600000e+02   1.0325577e+01
   2.6700000e+02   1.0325530e+01
   2.6800000e+02   1.0325728e+01
   2.6900000e+02   1.0325754e+01
   2.7000000e+02   1.0325810e+01
   2.7100000e+02   1.0325607e+01
   2.7200000e+02   1.0326024e+01
   2.7300000e+02   1.0325719e+01
   2.7400000e+02   1.0326110e+01
   2.7500000e+02   1.0326122e+01
   2.7600000e+02   1.0326448e+01
   2.7700000e+02   1.0326247e+01
   2.7800000e+02   1.0326004e+01
   2.7900000e+02   1.0326146e+01
   2.8000000e+02   1.0326415e+01
   2.8100000e+02   1.0326132e+01
   2.8200000e+02   1.0326328e+01
   2.8300000e+02   1.0326232e+01
   2.8400000e+02   1.0326353e+01
   2.8500000e+02   1.0326484e+01
   2.8600000e+02   1.0326368e+01
   2.8700000e+02   1.0326505e+01
   2.8800000e+02   1.0326137e+01
   2.8900000e+02   1.0326221e+01
   2.9000000e+02   1.0326318e+01
   2.9100000e+02   1.0326049e+01
   2.9200000e+02   1.0326327e+01
   2.9300000e+02   1.0326356e+01
   2.9400000e+02   1.0326113e+01
   2.9500000e+02   1.0326795e+01
   2.9600000e+02   1.0326415e+01
   2.9700000e+02   1.0326027e+01
   2.9800000e+02   1.0326077e+01
   2.9900000e+02   1.0325914e+01
   3.0000000e+02   1.0325878e+01
   3.0100000e+02   1.0325425e+01
   3.0200000e+02   1.0324930e+01
   3.0300000e+02   1.0324308e+01
   3.0400000e+02   1.0323540e+01
   3.0500000e+02   1.0322273e+01
   3.0600000e+02   1.0320772e+01
   3.0700000e+02   1.0318954e+01
   3.0800000e+02   1.0316822e+01
   3.0900000e+02   1.0315276e+01
   3.1000000e+02   1.0313780e+01
   3.1100000e+02   1.0312715e+01
   3.1200000e+02   1.0312482e+01
   3.1300000e+02   1.0312012e+01
   3.1400000e+02   1.0311078e+01
   3.1500000e+02   1.0309912e+01
   3.1600000e+02   1.0307610e+01
   3.1700000e+02   1.0304994e+01
   3.1800000e+02   1.0302335e+01
   3.1900000e+02   1.0299986e+01
   3.2000000e+02   1.0298098e+01
   3.2100000e+02   1.0297103e+01
   3.2200000e+02   1.0297208e+01
   3.2300000e+02   1.0297573e+01
   3.2400000e+02   1.0298441e+01
   3.2500000e+02   1.0300316e+01
   3.2600000e+02   1.0302347e+01
   3.2700000e+02   1.0304995e+01
   3.2800000e+02   1.0307382e+01
   3.2900000e+02   1.0309544e+01
   3.3000000e+02   1.0311335e+01
   3.3100000e+02   1.0313048e+01
   3.3200000e+02   1.0313977e+01
   3.3300000e+02   1.0314514e+01
   3.3400000e+02   1.0314579e+01
   3.3500000e+02   1.0314510e+01
   3.3600000e+02   1.0314761e+01
   3.3700000e+02   1.0314825e+01
   3.3800000e+02   1.0315124e+01
   3.3900000e+02   1.0315769e+01
   3.4000000e+02   1.0316610e+01
   3.4100000e+02   1.0317583e+01
   3.4200000e+02   1.0318408e+01
   3.4300000e+02   1.0319706e+01
   3.4400000e+02   1.0320142e+01
   3.4500000e+02   1.0320888e+01
   3.4600000e+02   1.0321827e+01
   3.4700000e+02   1.0322402e+01
   3.4800000e+02   1.0322930e+01
   3.4900000e+02   1.0323017e+01
   3.5000000e+02   1.0323607e+01
   3.5100000e+02   1.0323911e+01
   3.5200000e+02   1.0324315e+01
   3.5300000e+02   1.0324317e+01
   3.5400000e+02   1.0324129e+01
   3.5500000e+02   1.0324142e+01
   3.5600000e+02   1.0324287e+01
   3.5700000e+02   1.0324126e+01
   3.5800000e+02   1.0324244e+01
   3.5900000e+02   1.0324248e+01
   3.6000000e+02   1.0324110e+01
   3.6100000e+02   1.0324140e+01
   3.6200000e+02   1.0323949e+01
   3.6300000e+02   1.0323958e+01
   3.6400000e+02   1.0324166e+01
   3.6500000e+02   1.0324183e+01
   3.6600000e+02   1.0324509e+01
   3.6700000e+02   1.0324788e+01
   3.6800000e+02   1.0324505e+01
   3.6900000e+02   1.0324910e+01
   3.7000000e+02   1.0325132e+01
   3.7100000e+02   1.0325080e+01
   3.7200000e+02   1.0324983e+01
   3.7300000e+02   1.0324707e+01
   3.7400000e+02   1.0325106e+01
   3.7500000e+02   1.0325275e+01
   3.7600000e+02   1.0325220e+01
   3.7700000e+02   1.0325171e+01
   3.7800000e+02   1.0324946e+01
   3.7900000e+02   1.0325058e+01
   3.8000000e+02   1.0325060e+01
   3.8100000e+02   1.0324960e+01
   3.8200000e+02   1.0324836e+01
   3.8300000e+02   1.0324548e+01
   3.8400000e+02   1.0324633e+01
   3.8500000e+02   1.0324381e+01
   3.8600000e+02   1.0324178e+01
   3.8700000e+02   1.0324162e+01
   3.8800000e+02   1.0324076e+01
   3.8900000e+02   1.0323938e+01
   3.9000000e+02   1.0324290e+01
   3.9100000e+02   1.0324115e+01
   3.9200000e+02   1.0323970e+01
   3.9300000e+02   1.0324272e+01
   3.9400000e+02   1.0324318e+01
   3.9500000e+02   1.0324431e+01
   3.9600000e+02   1.0324474e+01
   3.9700000e+02   1.0324543e+01
   3.9800000e+02   1.0324761e+01
   3.9900000e+02   1.0324728e+01
   4.0000000e+02   1.0324872e+01
   4.0100000e+02   1.0324924e+01
   4.0200000e+02   1.0324657e+01
   4.0300000e+02   1.0324683e+01
   4.0400000e+02   1.0324962e+01
   4.0500000e+02   1.0324993e+01
   4.0600000e+02   1.0324913e+01
   4.0700000e+02   1.0325051e+01
   4.0800000e+02   1.0325033e+01
   4.0900000e+02   1.0325165e+01
   4.1000000e+02   1.0325279e+01
   4.1100000e+02   1.0325155e+01
   4.1200000e+02   1.0325085e+01
   4.1300000e+02   1.0325025e+01
   4.1400000e+02   1.0324739e+01
   4.1500000e+02   1.0324900e+01
   4.1600000e+02   1.0324999e+01
   4.1700000e+02   1.0324935e+01
   4.1800000e+02   1.0324929e+01
   4.1900000e+02   1.0324900e+01
   4.2000000e+02   1.0324772e+01
   4.2100000e+02   1.0324781e+01
   4.2200000e+02   1.0324848e+01
   4.2300000e+02   1.0324715e+01
   4.2400000e+02   1.0324754e+01
   4.2500000e+02   1.0324975e+01
   4.2600000e+02   1.0325002e+01
   4.2700000e+02   1.0325075e+01
   4.2800000e+02   1.0324502e+01
   4.2900000e+02   1.0324810e+01
   4.3000000e+02   1.0324839e+01
   4.3100000e+02   1.0324697e+01
   4.3200000e+02   1.0324382e+01
   4.3300000e+02   1.0323693e+01
   4.3400000e+02   1.0322775e+01
   4.3500000e+02   1.0321350e+01
   4.3600000e+02   1.0318574e+01
   4.3700000e+02   1.0314113e+01
   4.3800000e+02   1.0307583e+01
   4.3900000e+02   1.0298665e+01
   4.4000000e+02   1.0287087e+01
   4.4100000e+02   1.0272988e+01
   4.4200000e+02   1.0257218e+01
   4.4300000e+02   1.0241411e+01
   4.4400000e+02   1.0226936e+01
   4.4500000e+02   1.0215470e+01
   4.4600000e+02   1.0207654e+01
   4.4700000e+02   1.0204363e+01
   4.4800000e+02   1.0205328e+01
   4.4900000e+02   1.0210037e+01
   4.5000000e+02   1.0217540e+01
   4.5100000e+02   1.0226426e+01
   4.5200000e+02   1.0236078e+01
   4.5300000e+02   1.0245815e+01
   4.5400000e+02   1.0255108e+01
   4.5500000e+02   1.0263270e+01
   4.5600000e+02   1.0270998e+01
   4.5700000e+02   1.0277716e+01
   4.5800000e+02   1.0283640e+01
   4.5900000e+02   1.0288942e+01
   4.6000000e+02   1.0293417e+01
   4.6100000e+02   1.0297267e+01
   4.6200000e+02   1.0301301e+01
   4.6300000e+02   1.0304789e+01
   4.6400000e+02   1.0307541e+01
   4.6500000e+02   1.0310247e+01
   4.6600000e+02   1.0312603e+01
   4.6700000e+02   1.0315117e+01
   4.6800000e+02   1.0316589e+01
   4.6900000e+02   1.0318054e+01
   4.7000000e+02   1.0319509e+01
   4.7100000e+02   1.0320839e+01
   4.7200000e+02   1.0321409e+01
   4.7300000e+02   1.0322273e+01
   4.7400000e+02   1.0322563e+01
   4.7500000e+02   1.0323105e+01
   4.7600000e+02   1.0323323e+01
   4.7700000e+02   1.0323724e+01
   4.7800000e+02   1.0323760e+01
   4.7900000e+02   1.0323679e+01
   4.8000000e+02   1.0324183e+01
   4.8100000e+02   1.0324113e+01
   4.8200000e+02   1.0323997e+01
   4.8300000e+02   1.0323870e+01
   4.8400000e+02   1.0324295e+01
   4.8500000e+02   1.0324243e+01
   4.8600000e+02   1.0323822e+01
   4.8700000e+02   1.0324072e+01
   4.8800000e+02   1.0324318e+01
   4.8900000e+02   1.0324043e+01
   4.9000000e+02   1.0324098e+01
   4.9100000e+02   1.0324256e+01
   4.9200000e+02   1.0324302e+01
   4.9300000e+02   1.0324137e+01
   4.9400000e+02   1.0324121e+01
   4.9500000e+02   1.0324126e+01
   4.9600000e+02   1.0323944e+01
   4.9700000e+02   1.0324203e+01
   4.9800000e+02   1.0323984e+01
   4.9900000e+02   1.0324239e+01
   5.0000000e+02   1.0324074e+01
   5.0100000e+02   1.0324113e+01
   5.0200000e+02   1.0324162e+01
   5.0300000e+02   1.0324085e+01
   5.0400000e+02   1.0323996e+01
   5.0500000e+02   1.0324004e+01
   5.0600000e+02   1.0324713e+01
   5.0700000e+02   1.0324024e+01
   5.0800000e+02   1.0323960e+01
   5.0900000e+02   1.0323854e+01
   5.1000000e+02   1.0324292e+01
   5.1100000e+02   1.0323696e+01
   5.1200000e+02   1.0324100e+01
   5.1300000e+02   1.0324338e+01
   5.1400000e+02   1.0323959e+01
   5.1500000e+02   1.0323972e+01
   5.1600000e+02   1.0324130e+01
   5.1700000e+02   1.0324221e+01
   5.1800000e+02   1.0324232e+01
   5.1900000e+02   1.0324071e+01
   5.2000000e+02   1.0324149e+01
   5.2100000e+02   1.0324074e+01
   5.2200000e+02   1.0324006e+01
   5.2300000e+02   1.0323832e+01
   5.2400000e+02   1.0323976e+01
   5.2500000e+02   1.0323846e+01
   5.2600000e+02   1.0323995e+01
   5.2700000e+02   1.0323734e+01
   5.2800000e+02   1.0324142e+01
   5.2900000e+02   1.0323841e+01
   5.3000000e+02   1.0323601e+01
   5.3100000e+02   1.0323950e+01
   5.3200000e+02   1.0324223e+01
   5.3300000e+02   1.0323540e+01
   5.3400000e+02   1.0323910e+01
   5.3500000e+02   1.0323966e+01
   5.3600000e+02   1.0323995e+01
   5.3700000e+02   1.0323783e+01
   5.3800000e+02   1.0323576e+01
   5.3900000e+02   1.0323874e+01
   5.4000000e+02   1.0323692e+01
   5.4100000e+02   1.0323982e+01
   5.4200000e+02   1.0323815e+01
   5.4300000e+02   1.0323861e+01
   5.4400000e+02   1.0323904e+01
   5.4500000e+02   1.0323628e+01
   5.4600000e+02   1.0323671e+01
   5.4700000e+02   1.0323992e+01
   5.4800000e+02   1.0323644e+01
   5.4900000e+02   1.0323810e+01
   5.5000000e+02   1.0323796e+01
   5.5100000e+02   1.0323973e+01
   5.5200000e+02   1.0323759e+01
   5.5300000e+02   1.0323754e+01
   5.5400000e+02   1.0323750e+01
   5.5500000e+02   1.0323967e+01
   5.5600000e+02   1.0323733e+01
   5.5700000e+02   1.0323768e+01
   5.5800000e+02   1.0324001e+01
   5.5900000e+02   1.0324022e+01
   5.6000000e+02   1.0323971e+01
   5.6100000e+02   1.0323923e+01
   5.6200000e+02   1.0323839e+01
   5.6300000e+02   1.0323758e+01
   5.6400000e+02   1.0323973e+01
   5.6500000e+02   1.0323762e+01
   5.6600000e+02   1.0323668e+01
   5.6700000e+02   1.0323733e+01
   5.6800000e+02   1.0323950e+01
   5.6900000e+02   1.0323673e+01
   5.7000000e+02   1.0323678e+01
   5.7100000e+02   1.0323681e+01
   5.7200000e+02   1.0323959e+01
   5.7300000e+02   1.0324030e+01
   5.7400000e+02   1.0324425e+01
   5.7500000e+02   1.0323731e+01
   5.7600000e+02   1.0323646e+01
   5.7700000e+02   1.0323564e+01
   5.7800000e+02   1.0323734e+01
   5.7900000e+02   1.0324036e+01
   5.8000000e+02   1.0323502e+01
   5.8100000e+02   1.0323427e+01
   5.8200000e+02   1.0323525e+01
   5.8300000e+02   1.0323752e+01
   5.8400000e+02   1.0323643e+01
   5.8500000e+02   1.0323518e+01
   5.8600000e+02   1.0323496e+01
   5.8700000e+02   1.0323577e+01
   5.8800000e+02   1.0323421e+01
   5.8900000e+02   1.0323514e+01
   5.9000000e+02   1.0323565e+01
   5.9100000e+02   1.0323530e+01
   5.9200000e+02   1.0323656e+01
   5.9300000e+02   1.0323309e+01
   5.9400000e+02   1.0323633e+01
   5.9500000e+02   1.0323547e+01
   5.9600000e+02   1.0323386e+01
   5.9700000e+02   1.0323516e+01
   5.9800000e+02   1.0323463e+01
   5.9900000e+02   1.0323381e+01
   6.0000000e+02   1.0323465e+01
   6.0100000e+02   1.0323331e+01
   6.0200000e+02   1.0323385e+01
   6.0300000e+02   1.0323371e+01
   6.0400000e+02   1.0323660e+01
   6.0500000e+02   1.0323509e+01
   6.0600000e+02   1.0323334e+01
   6.0700000e+02   1.0323472e+01
   6.0800000e+02   1.0323494e+01
   6.0900000e+02   1.0323274e+01
   6.1000000e+02   1.0323288e+01
   6.1100000e+02   1.0323462e+01
   6.1200000e+02   1.0323336e+01
   6.1300000e+02   1.0323370e+01
   6.1400000e+02   1.0323247e+01
   6.1500000e+02   1.0323203e+01
   6.1600000e+02   1.0323315e+01
   6.1700000e+02   1.0323192e+01
   6.1800000e+02   1.0323289e+01
   6.1900000e+02   1.0323224e+01
   6.2000000e+02   1.0323185e+01
   6.2100000e+02   1.0323239e+01
   6.2200000e+02   1.0323197e+01
   6.2300000e+02   1.0323222e+01
   6.2400000e+02   1.0323206e+01
   6.2500000e+02   1.0323347e+01
   6.2600000e+02   1.0323354e+01
   6.2700000e+02   1.0323031e+01
   6.2800000e+02   1.0323293e+01
   6.2900000e+02   1.0323227e+01
   6.3000000e+02   1.0323241e+01
   6.3100000e+02   1.0323233e+01
   6.3200000e+02   1.0322999e+01
   6.3300000e+02   1.0323082e+01
   6.3400000e+02   1.0323083e+01
   6.3500000e+02   1.0322930e+01
   6.3600000e+02   1.0323075e+01
   6.3700000e+02   1.0323120e+01
   6.3800000e+02   1.0323064e+01
   6.3900000e+02   1.0323196e+01
   6.4000000e+02   1.0323133e+01
   6.4100000e+02   1.0323071e+01
   6.4200000e+02   1.0323237e+01
   6.4300000e+02   1.0323137e+01
   6.4400000e+02   1.0323078e+01
   6.4500000e+02   1.0323431e+01
   6.4600000e+02   1.0323214e+01
   6.4700000e+02   1.0323187e+01
   6.4800000e+02   1.0323094e+01
   6.4900000e+02   1.0323553e+01
   6.5000000e+02   1.0323087e+01
   6.5100000e+02   1.0323133e+01
   6.5200000e+02   1.0323291e+01
   6.5300000e+02   1.0323233e+01
   6.5400000e+02   1.0323145e+01
   6.5500000e+02   1.0323116e+01
   6.5600000e+02   1.0322793e+01
   6.5700000e+02   1.0322935e+01
   6.5800000e+02   1.0322986e+01
   6.5900000e+02   1.0322835e+01
   6.6000000e+02   1.0322670e+01
   6.6100000e+02   1.0322706e+01
   6.6200000e+02   1.0322624e+01
   6.6300000e+02   1.0322351e+01
   6.6400000e+02   1.0322360e+01
   6.6500000e+02   1.0321721e+01
   6.6600000e+02   1.0321368e+01
   6.6700000e+02   1.0320743e+01
   6.6800000e+02   1.0320274e+01
   6.6900000e+02   1.0318922e+01
   6.7000000e+02   1.0317819e+01
   6.7100000e+02   1.0316211e+01
   6.7200000e+02   1.0314117e+01
   6.7300000e+02   1.0312496e+01
   6.7400000e+02   1.0310539e+01
   6.7500000e+02   1.0308079e+01
   6.7600000e+02   1.0305845e+01
   6.7700000e+02   1.0303888e+01
   6.7800000e+02   1.0302188e+01
   6.7900000e+02   1.0300515e+01
   6.8000000e+02   1.0299428e+01
   6.8100000e+02   1.0298496e+01
   6.8200000e+02   1.0298541e+01
   6.8300000e+02   1.0298404e+01
   6.8400000e+02   1.0299238e+01
   6.8500000e+02   1.0299816e+01
   6.8600000e+02   1.0300935e+01
   6.8700000e+02   1.0302449e+01
   6.8800000e+02   1.0303429e+01
   6.8900000e+02   1.0305722e+01
   6.9000000e+02   1.0307263e+01
   6.9100000e+02   1.0308346e+01
   6.9200000e+02   1.0310315e+01
   6.9300000e+02   1.0311485e+01
   6.9400000e+02   1.0312788e+01
   6.9500000e+02   1.0313790e+01
   6.9600000e+02   1.0314901e+01
   6.9700000e+02   1.0315636e+01
   6.9800000e+02   1.0316986e+01
   6.9900000e+02   1.0317607e+01
   7.0000000e+02   1.0318632e+01
   7.0100000e+02   1.0319310e+01
   7.0200000e+02   1.0319460e+01
   7.0300000e+02   1.0320205e+01
   7.0400000e+02   1.0320304e+01
   7.0500000e+02   1.0320633e+01
   7.0600000e+02   1.0321283e+01
   7.0700000e+02   1.0321859e+01
   7.0800000e+02   1.0321713e+01
   7.0900000e+02   1.0321679e+01
   7.1000000e+02   1.0321843e+01
   7.1100000e+02   1.0322197e+01
   7.1200000e+02   1.0321941e+01
   7.1300000e+02   1.0322247e+01
   7.1400000e+02   1.0322613e+01
   7.1500000e+02   1.0322678e+01
   7.1600000e+02   1.0322395e+01
   7.1700000e+02   1.0322691e+01
   7.1800000e+02   1.0322577e+01
   7.1900000e+02   1.0322673e+01
   7.2000000e+02   1.0322437e+01
   7.2100000e+02   1.0322347e+01
   7.2200000e+02   1.0322582e+01
   7.2300000e+02   1.0322665e+01
   7.2400000e+02   1.0322614e+01
   7.2500000e+02   1.0322545e+01
   7.2600000e+02   1.0322600e+01
   7.2700000e+02   1.0322493e+01
   7.2800000e+02   1.0322513e+01
   7.2900000e+02   1.0322649e+01
   7.3000000e+02   1.0322909e+01
   7.3100000e+02   1.0322539e+01
   7.3200000e+02   1.0322508e+01
   7.3300000e+02   1.0322600e+01
   7.3400000e+02   1.0322477e+01
   7.3500000e+02   1.0322378e+01
   7.3600000e+02   1.0322579e+01
   7.3700000e+02   1.0322469e+01
   7.3800000e+02   1.0322612e+01
   7.3900000e+02   1.0322574e+01
   7.4000000e+02   1.0322455e+01
   7.4100000e+02   1.0322474e+01
   7.4200000e+02   1.0322288e+01
   7.4300000e+02   1.0322372e+01
   7.4400000e+02   1.0322294e+01
   7.4500000e+02   1.0322319e+01
   7.4600000e+02   1.0322518e+01
   7.4700000e+02   1.0322436e+01
   7.4800000e+02   1.0322569e+01
   7.4900000e+02   1.0322442e+01
   7.5000000e+02   1.0322388e+01
   7.5100000e+02   1.0322565e+01
   7.5200000e+02   1.0322311e+01
   7.5300000e+02   1.0322401e+01
   7.5400000e+02   1.0322257e+01
   7.5500000e+02   1.0322140e+01
   7.5600000e+02   1.0322283e+01
   7.5700000e+02   1.0322139e+01
   7.5800000e+02   1.0322288e+01
   7.5900000e+02   1.0322213e+01
   7.6000000e+02   1.0322512e+01
   7.6100000e+02   1.0322029e+01
   7.6200000e+02   1.0322266e+01
   7.6300000e+02   1.0322292e+01
   7.6400000e+02   1.0322377e+01
   7.6500000e+02   1.0322084e+01
   7.6600000e+02   1.0322522e+01
   7.6700000e+02   1.0322266e+01
   7.6800000e+02   1.0322175e+01
   7.6900000e+02   1.0322178e+01
   7.7000000e+02   1.0322182e+01
   7.7100000e+02   1.0322408e+01
   7.7200000e+02   1.0322071e+01
   7.7300000e+02   1.0322202e+01
   7.7400000e+02   1.0322323e+01
   7.7500000e+02   1.0322208e+01
   7.7600000e+02   1.0322416e+01
   7.7700000e+02   1.0322308e+01
   7.7800000e+02   1.0322328e+01
   7.7900000e+02   1.0322125e+01
   7.8000000e+02   1.0322019e+01
