   0.0000000e+00   1.0312583e+01
   1.0000000e+00   1.0309316e+01
   2.0000000e+00   1.0308405e+01
   3.0000000e+00   1.0308064e+01
   4.0000000e+00   1.0307576e+01
   5.0000000e+00   1.0307384e+01
   6.0000000e+00   1.0306955e+01
   7.0000000e+00   1.0306836e+01
   8.0000000e+00   1.0306933e+01
   9.0000000e+00   1.0306613e+01
   1.0000000e+01   1.0306594e+01
   1.1000000e+01   1.0306472e+01
   1.2000000e+01   1.0306058e+01
   1.3000000e+01   1.0305963e+01
   1.4000000e+01   1.0305735e+01
   1.5000000e+01   1.0305878e+01
   1.6000000e+01   1.0305567e+01
   1.7000000e+01   1.0305379e+01
   1.8000000e+01   1.0305636e+01
   1.9000000e+01   1.0305403e+01
   2.0000000e+01   1.0305623e+01
   2.1000000e+01   1.0305202e+01
   2.2000000e+01   1.0305294e+01
   2.3000000e+01   1.0305102e+01
   2.4000000e+01   1.0305436e+01
   2.5000000e+01   1.0305103e+01
   2.6000000e+01   1.0305284e+01
   2.7000000e+01   1.0305493e+01
   2.8000000e+01   1.0305042e+01
   2.9000000e+01   1.0304815e+01
   3.0000000e+01   1.0304923e+01
   3.1000000e+01   1.0304954e+01
   3.2000000e+01   1.0304681e+01
   3.3000000e+01   1.0304669e+01
   3.4000000e+01   1.0304566e+01
   3.5000000e+01   1.0304506e+01
   3.6000000e+01   1.0304469e+01
   3.7000000e+01   1.0304439e+01
   3.8000000e+01   1.0304639e+01
   3.9000000e+01   1.0304320e+01
   4.0000000e+01   1.0304196e+01
   4.1000000e+01   1.0304325e+01
   4.2000000e+01   1.0304097e+01
   4.3000000e+01   1.0304057e+01
   4.4000000e+01   1.0304206e+01
   4.5000000e+01   1.0304289e+01
   4.6000000e+01   1.0303890e+01
   4.7000000e+01   1.0303845e+01
   4.8000000e+01   1.0303651e+01
   4.9000000e+01   1.0303907e+01
   5.0000000e+01   1.0303546e+01
   5.1000000e+01   1.0303870e+01
   5.2000000e+01   1.0303672e+01
   5.3000000e+01   1.0303469e+01
   5.4000000e+01   1.0303231e+01
   5.5000000e+01   1.0303381e+01
   5.6000000e+01   1.0303389e+01
   5.7000000e+01   1.0303293e+01
   5.8000000e+01   1.0303244e+01
   5.9000000e+01   1.0303599e+01
   6.0000000e+01   1.0303071e+01
   6.1000000e+01   1.0303048e+01
   6.2000000e+01   1.0303132e+01
   6.3000000e+01   1.0302951e+01
   6.4000000e+01   1.0303284e+01
   6.5000000e+01   1.0303298e+01
   6.6000000e+01   1.0303136e+01
   6.7000000e+01   1.0303134e+01
   6.8000000e+01   1.0303025e+01
   6.9000000e+01   1.0303228e+01
   7.0000000e+01   1.0303193e+01
   7.1000000e+01   1.0303228e+01
   7.2000000e+01   1.0303046e+01
   7.3000000e+01   1.0303257e+01
   7.4000000e+01   1.0302899e+01
   7.5000000e+01   1.0303060e+01
   7.6000000e+01   1.0302967e+01
   7.7000000e+01   1.0303157e+01
   7.8000000e+01   1.0302980e+01
   7.9000000e+01   1.0303072e+01
   8.0000000e+01   1.0302931e+01
   8.1000000e+01   1.0302881e+01
   8.2000000e+01   1.0302965e+01
   8.3000000e+01   1.0302667e+01
   8.4000000e+01   1.0302827e+01
   8.5000000e+01   1.0302854e+01
   8.6000000e+01   1.0302640e+01
   8.7000000e+01   1.0302681e+01
   8.8000000e+01   1.0302716e+01
   8.9000000e+01   1.0302487e+01
   9.0000000e+01   1.0302532e+01
   9.1000000e+01   1.0302289e+01
   9.2000000e+01   1.0302569e+01
   9.3000000e+01   1.0302640e+01
   9.4000000e+01   1.0302265e+01
   9.5000000e+01   1.0302137e+01
   9.6000000e+01   1.0302117e+01
   9.7000000e+01   1.0301634e+01
   9.8000000e+01   1.0302159e+01
   9.9000000e+01   1.0302038e+01
   1.0000000e+02   1.0301846e+01
   1.0100000e+02   1.0302026e+01
   1.0200000e+02   1.0301723e+01
   1.0300000e+02   1.0301733e+01
   1.0400000e+02   1.0301738e+01
   1.0500000e+02   1.0301886e+01
   1.0600000e+02   1.0301867e+01
   1.0700000e+02   1.0301543e+01
   1.0800000e+02   1.0301785e+01
   1.0900000e+02   1.0301809e+01
   1.1000000e+02   1.0301899e+01
   1.1100000e+02   1.0301570e+01
   1.1200000e+02   1.0301541e+01
   1.1300000e+02   1.0301492e+01
   1.1400000e+02   1.0301434e+01
   1.1500000e+02   1.0301422e+01
   1.1600000e+02   1.0301363e+01
   1.1700000e+02   1.0301204e+01
   1.1800000e+02   1.0301074e+01
   1.1900000e+02   1.0301083e+01
   1.2000000e+02   1.0301128e+01
   1.2100000e+02   1.0301335e+01
   1.2200000e+02   1.0300967e+01
   1.2300000e+02   1.0301298e+01
   1.2400000e+02   1.0301156e+01
   1.2500000e+02   1.0301024e+01
   1.2600000e+02   1.0301035e+01
   1.2700000e+02   1.0301273e+01
   1.2800000e+02   1.0301045e+01
   1.2900000e+02   1.0301217e+01
   1.3000000e+02   1.0300983e+01
   1.3100000e+02   1.0301016e+01
   1.3200000e+02   1.0300934e+01
   1.3300000e+02   1.0300876e+01
   1.3400000e+02   1.0300613e+01
   1.3500000e+02   1.0300744e+01
   1.3600000e+02   1.0300711e+01
   1.3700000e+02   1.0300412e+01
   1.3800000e+02   1.0300507e+01
   1.3900000e+02   1.0300632e+01
   1.4000000e+02   1.0300569e+01
   1.4100000e+02   1.0300762e+01
   1.4200000e+02   1.0300664e+01
   1.4300000e+02   1.0300803e+01
   1.4400000e+02   1.0300804e+01
   1.4500000e+02   1.0300851e+01
   1.4600000e+02   1.0300809e+01
   1.4700000e+02   1.0300794e+01
   1.4800000e+02   1.0300972e+01
   1.4900000e+02   1.0300714e+01
   1.5000000e+02   1.0300766e+01
   1.5100000e+02   1.0300578e+01
   1.5200000e+02   1.0300596e+01
   1.5300000e+02   1.0300441e+01
   1.5400000e+02   1.0300890e+01
   1.5500000e+02   1.0300794e+01
   1.5600000e+02   1.0300484e+01
   1.5700000e+02   1.0300799e+01
   1.5800000e+02   1.0300344e+01
   1.5900000e+02   1.0300553e+01
   1.6000000e+02   1.0300449e+01
   1.6100000e+02   1.0300396e+01
   1.6200000e+02   1.0300438e+01
   1.6300000e+02   1.0300527e+01
   1.6400000e+02   1.0300282e+01
   1.6500000e+02   1.0300012e+01
   1.6600000e+02   1.0299429e+01
   1.6700000e+02   1.0293515e+01
   1.6800000e+02   1.0274317e+01
   1.6900000e+02   1.0263359e+01
   1.7000000e+02   1.0271714e+01
   1.7100000e+02   1.0283343e+01
   1.7200000e+02   1.0290314e+01
   1.7300000e+02   1.0292608e+01
   1.7400000e+02   1.0293831e+01
   1.7500000e+02   1.0294606e+01
   1.7600000e+02   1.0295514e+01
   1.7700000e+02   1.0295990e+01
   1.7800000e+02   1.0294838e+01
   1.7900000e+02   1.0262797e+01
   1.8000000e+02   1.0215233e+01
   1.8100000e+02   1.0217845e+01
   1.8200000e+02   1.0228610e+01
   1.8300000e+02   1.0233676e+01
   1.8400000e+02   1.0243192e+01
   1.8500000e+02   1.0249324e+01
   1.8600000e+02   1.0252077e+01
   1.8700000e+02   1.0253386e+01
   1.8800000e+02   1.0255217e+01
   1.8900000e+02   1.0261849e+01
   1.9000000e+02   1.0271422e+01
   1.9100000e+02   1.0279006e+01
   1.9200000e+02   1.0285464e+01
   1.9300000e+02   1.0289262e+01
   1.9400000e+02   1.0291775e+01
   1.9500000e+02   1.0293205e+01
   1.9600000e+02   1.0293793e+01
   1.9700000e+02   1.0294697e+01
   1.9800000e+02   1.0295645e+01
   1.9900000e+02   1.0295364e+01
   2.0000000e+02   1.0296339e+01
   2.0100000e+02   1.0296751e+01
   2.0200000e+02   1.0296653e+01
   2.0300000e+02   1.0297356e+01
   2.0400000e+02   1.0297763e+01
   2.0500000e+02   1.0298048e+01
   2.0600000e+02   1.0298803e+01
   2.0700000e+02   1.0298565e+01
   2.0800000e+02   1.0298915e+01
   2.0900000e+02   1.0299155e+01
   2.1000000e+02   1.0299060e+01
   2.1100000e+02   1.0299339e+01
   2.1200000e+02   1.0299456e+01
   2.1300000e+02   1.0299345e+01
   2.1400000e+02   1.0299497e+01
   2.1500000e+02   1.0299579e+01
   2.1600000e+02   1.0299096e+01
   2.1700000e+02   1.0299446e+01
   2.1800000e+02   1.0299394e+01
   2.1900000e+02   1.0299303e+01
   2.2000000e+02   1.0299467e+01
   2.2100000e+02   1.0299560e+01
   2.2200000e+02   1.0299208e+01
   2.2300000e+02   1.0299453e+01
   2.2400000e+02   1.0299428e+01
   2.2500000e+02   1.0299157e+01
   2.2600000e+02   1.0298955e+01
   2.2700000e+02   1.0299409e+01
   2.2800000e+02   1.0298982e+01
   2.2900000e+02   1.0299189e+01
   2.3000000e+02   1.0299114e+01
   2.3100000e+02   1.0299003e+01
   2.3200000e+02   1.0299291e+01
   2.3300000e+02   1.0299103e+01
   2.3400000e+02   1.0299000e+01
   2.3500000e+02   1.0299028e+01
   2.3600000e+02   1.0298995e+01
   2.3700000e+02   1.0298957e+01
   2.3800000e+02   1.0299027e+01
   2.3900000e+02   1.0299044e+01
   2.4000000e+02   1.0299394e+01
   2.4100000e+02   1.0298945e+01
   2.4200000e+02   1.0299009e+01
   2.4300000e+02   1.0298691e+01
   2.4400000e+02   1.0298397e+01
   2.4500000e+02   1.0298010e+01
   2.4600000e+02   1.0296997e+01
   2.4700000e+02   1.0295974e+01
   2.4800000e+02   1.0295278e+01
   2.4900000e+02   1.0294592e+01
   2.5000000e+02   1.0294443e+01
   2.5100000e+02   1.0294619e+01
   2.5200000e+02   1.0294697e+01
   2.5300000e+02   1.0295175e+01
   2.5400000e+02   1.0295048e+01
   2.5500000e+02   1.0294959e+01
   2.5600000e+02   1.0294638e+01
   2.5700000e+02   1.0294546e+01
   2.5800000e+02   1.0294207e+01
   2.5900000e+02   1.0294040e+01
   2.6000000e+02   1.0293876e+01
   2.6100000e+02   1.0293654e+01
   2.6200000e+02   1.0293394e+01
   2.6300000e+02   1.0293435e+01
   2.6400000e+02   1.0293392e+01
   2.6500000e+02   1.0293435e+01
   2.6600000e+02   1.0293861e+01
   2.6700000e+02   1.0293778e+01
   2.6800000e+02   1.0294325e+01
   2.6900000e+02   1.0294453e+01
   2.7000000e+02   1.0295109e+01
   2.7100000e+02   1.0295210e+01
   2.7200000e+02   1.0295414e+01
   2.7300000e+02   1.0295795e+01
   2.7400000e+02   1.0295857e+01
   2.7500000e+02   1.0295903e+01
   2.7600000e+02   1.0295916e+01
   2.7700000e+02   1.0296285e+01
   2.7800000e+02   1.0296559e+01
   2.7900000e+02   1.0296624e+01
   2.8000000e+02   1.0296644e+01
   2.8100000e+02   1.0296734e+01
   2.8200000e+02   1.0297115e+01
   2.8300000e+02   1.0296973e+01
   2.8400000e+02   1.0297319e+01
   2.8500000e+02   1.0297025e+01
   2.8600000e+02   1.0297092e+01
   2.8700000e+02   1.0297285e+01
   2.8800000e+02   1.0297471e+01
   2.8900000e+02   1.0297181e+01
   2.9000000e+02   1.0297403e+01
   2.9100000e+02   1.0297394e+01
   2.9200000e+02   1.0297333e+01
   2.9300000e+02   1.0297348e+01
   2.9400000e+02   1.0297788e+01
   2.9500000e+02   1.0297623e+01
   2.9600000e+02   1.0297726e+01
   2.9700000e+02   1.0297695e+01
   2.9800000e+02   1.0297566e+01
   2.9900000e+02   1.0297358e+01
   3.0000000e+02   1.0297071e+01
   3.0100000e+02   1.0296709e+01
   3.0200000e+02   1.0296103e+01
   3.0300000e+02   1.0294691e+01
   3.0400000e+02   1.0293734e+01
   3.0500000e+02   1.0291701e+01
   3.0600000e+02   1.0289312e+01
   3.0700000e+02   1.0285961e+01
   3.0800000e+02   1.0282402e+01
   3.0900000e+02   1.0277972e+01
   3.1000000e+02   1.0274334e+01
   3.1100000e+02   1.0270922e+01
   3.1200000e+02   1.0269090e+01
   3.1300000e+02   1.0268233e+01
   3.1400000e+02   1.0267703e+01
   3.1500000e+02   1.0265975e+01
   3.1600000e+02   1.0263116e+01
   3.1700000e+02   1.0258587e+01
   3.1800000e+02   1.0253006e+01
   3.1900000e+02   1.0247168e+01
   3.2000000e+02   1.0242295e+01
   3.2100000e+02   1.0238669e+01
   3.2200000e+02   1.0236888e+01
   3.2300000e+02   1.0236286e+01
   3.2400000e+02   1.0237282e+01
   3.2500000e+02   1.0239536e+01
   3.2600000e+02   1.0242616e+01
   3.2700000e+02   1.0246512e+01
   3.2800000e+02   1.0251337e+01
   3.2900000e+02   1.0256045e+01
   3.3000000e+02   1.0260703e+01
   3.3100000e+02   1.0264789e+01
   3.3200000e+02   1.0268079e+01
   3.3300000e+02   1.0270595e+01
   3.3400000e+02   1.0272237e+01
   3.3500000e+02   1.0273041e+01
   3.3600000e+02   1.0273050e+01
   3.3700000e+02   1.0273080e+01
   3.3800000e+02   1.0273030e+01
   3.3900000e+02   1.0273062e+01
   3.4000000e+02   1.0274062e+01
   3.4100000e+02   1.0275002e+01
   3.4200000e+02   1.0277082e+01
   3.4300000e+02   1.0278430e+01
   3.4400000e+02   1.0280805e+01
   3.4500000e+02   1.0282828e+01
   3.4600000e+02   1.0283959e+01
   3.4700000e+02   1.0285965e+01
   3.4800000e+02   1.0287569e+01
   3.4900000e+02   1.0288349e+01
   3.5000000e+02   1.0290163e+01
   3.5100000e+02   1.0291021e+01
   3.5200000e+02   1.0291902e+01
   3.5300000e+02   1.0292598e+01
   3.5400000e+02   1.0293220e+01
   3.5500000e+02   1.0293538e+01
   3.5600000e+02   1.0293672e+01
   3.5700000e+02   1.0293709e+01
   3.5800000e+02   1.0293458e+01
   3.5900000e+02   1.0293436e+01
   3.6000000e+02   1.0293285e+01
   3.6100000e+02   1.0292984e+01
   3.6200000e+02   1.0292892e+01
   3.6300000e+02   1.0292689e+01
   3.6400000e+02   1.0293145e+01
   3.6500000e+02   1.0292801e+01
   3.6600000e+02   1.0293568e+01
   3.6700000e+02   1.0294170e+01
   3.6800000e+02   1.0294950e+01
   3.6900000e+02   1.0295106e+01
   3.7000000e+02   1.0295188e+01
   3.7100000e+02   1.0295295e+01
   3.7200000e+02   1.0295599e+01
   3.7300000e+02   1.0295995e+01
   3.7400000e+02   1.0296470e+01
   3.7500000e+02   1.0296389e+01
   3.7600000e+02   1.0296191e+01
   3.7700000e+02   1.0296756e+01
   3.7800000e+02   1.0296779e+01
   3.7900000e+02   1.0296801e+01
   3.8000000e+02   1.0296991e+01
   3.8100000e+02   1.0297022e+01
   3.8200000e+02   1.0296749e+01
   3.8300000e+02   1.0296479e+01
   3.8400000e+02   1.0296546e+01
   3.8500000e+02   1.0296013e+01
   3.8600000e+02   1.0295568e+01
   3.8700000e+02   1.0295228e+01
   3.8800000e+02   1.0294951e+01
   3.8900000e+02   1.0294970e+01
   3.9000000e+02   1.0294095e+01
   3.9100000e+02   1.0293622e+01
   3.9200000e+02   1.0293714e+01
   3.9300000e+02   1.0293799e+01
   3.9400000e+02   1.0294075e+01
   3.9500000e+02   1.0294394e+01
   3.9600000e+02   1.0294394e+01
   3.9700000e+02   1.0294567e+01
   3.9800000e+02   1.0294932e+01
   3.9900000e+02   1.0295156e+01
   4.0000000e+02   1.0295421e+01
   4.0100000e+02   1.0295552e+01
   4.0200000e+02   1.0295843e+01
   4.0300000e+02   1.0296259e+01
   4.0400000e+02   1.0296087e+01
   4.0500000e+02   1.0296038e+01
   4.0600000e+02   1.0296157e+01
   4.0700000e+02   1.0296178e+01
   4.0800000e+02   1.0296419e+01
   4.0900000e+02   1.0296500e+01
   4.1000000e+02   1.0296716e+01
   4.1100000e+02   1.0296793e+01
   4.1200000e+02   1.0296759e+01
   4.1300000e+02   1.0296332e+01
   4.1400000e+02   1.0296456e+01
   4.1500000e+02   1.0296462e+01
   4.1600000e+02   1.0296508e+01
   4.1700000e+02   1.0296301e+01
   4.1800000e+02   1.0296088e+01
   4.1900000e+02   1.0296290e+01
   4.2000000e+02   1.0296197e+01
   4.2100000e+02   1.0296407e+01
   4.2200000e+02   1.0296186e+01
   4.2300000e+02   1.0296449e+01
   4.2400000e+02   1.0296446e+01
   4.2500000e+02   1.0296248e+01
   4.2600000e+02   1.0296150e+01
   4.2700000e+02   1.0296002e+01
   4.2800000e+02   1.0296316e+01
   4.2900000e+02   1.0295853e+01
   4.3000000e+02   1.0296390e+01
   4.3100000e+02   1.0296505e+01
   4.3200000e+02   1.0295990e+01
   4.3300000e+02   1.0296343e+01
   4.3400000e+02   1.0295974e+01
   4.3500000e+02   1.0295736e+01
   4.3600000e+02   1.0294630e+01
   4.3700000e+02   1.0292868e+01
   4.3800000e+02   1.0290619e+01
   4.3900000e+02   1.0285986e+01
   4.4000000e+02   1.0279152e+01
   4.4100000e+02   1.0269350e+01
   4.4200000e+02   1.0255429e+01
   4.4300000e+02   1.0239321e+01
   4.4400000e+02   1.0219763e+01
   4.4500000e+02   1.0198908e+01
   4.4600000e+02   1.0178346e+01
   4.4700000e+02   1.0160190e+01
   4.4800000e+02   1.0146511e+01
   4.4900000e+02   1.0138584e+01
   4.5000000e+02   1.0136096e+01
   4.5100000e+02   1.0138297e+01
   4.5200000e+02   1.0145401e+01
   4.5300000e+02   1.0155261e+01
   4.5400000e+02   1.0167312e+01
   4.5500000e+02   1.0179434e+01
   4.5600000e+02   1.0191807e+01
   4.5700000e+02   1.0203740e+01
   4.5800000e+02   1.0215091e+01
   4.5900000e+02   1.0225044e+01
   4.6000000e+02   1.0233727e+01
   4.6100000e+02   1.0242071e+01
   4.6200000e+02   1.0249243e+01
   4.6300000e+02   1.0254999e+01
   4.6400000e+02   1.0259985e+01
   4.6500000e+02   1.0264543e+01
   4.6600000e+02   1.0267941e+01
   4.6700000e+02   1.0271185e+01
   4.6800000e+02   1.0273649e+01
   4.6900000e+02   1.0275815e+01
   4.7000000e+02   1.0277908e+01
   4.7100000e+02   1.0279898e+01
   4.7200000e+02   1.0281837e+01
   4.7300000e+02   1.0283171e+01
   4.7400000e+02   1.0285090e+01
   4.7500000e+02   1.0286742e+01
   4.7600000e+02   1.0288102e+01
   4.7700000e+02   1.0289230e+01
   4.7800000e+02   1.0290496e+01
   4.7900000e+02   1.0291740e+01
   4.8000000e+02   1.0292523e+01
   4.8100000e+02   1.0293427e+01
   4.8200000e+02   1.0293906e+01
   4.8300000e+02   1.0294311e+01
   4.8400000e+02   1.0294694e+01
   4.8500000e+02   1.0295039e+01
   4.8600000e+02   1.0295121e+01
   4.8700000e+02   1.0295579e+01
   4.8800000e+02   1.0295614e+01
   4.8900000e+02   1.0295767e+01
   4.9000000e+02   1.0295964e+01
   4.9100000e+02   1.0295850e+01
   4.9200000e+02   1.0295923e+01
   4.9300000e+02   1.0296231e+01
   4.9400000e+02   1.0295814e+01
   4.9500000e+02   1.0295760e+01
   4.9600000e+02   1.0295848e+01
   4.9700000e+02   1.0295629e+01
   4.9800000e+02   1.0295909e+01
   4.9900000e+02   1.0295872e+01
   5.0000000e+02   1.0295716e+01
   5.0100000e+02   1.0295484e+01
   5.0200000e+02   1.0296086e+01
   5.0300000e+02   1.0295825e+01
   5.0400000e+02   1.0295888e+01
   5.0500000e+02   1.0295570e+01
   5.0600000e+02   1.0295859e+01
   5.0700000e+02   1.0295618e+01
   5.0800000e+02   1.0295936e+01
   5.0900000e+02   1.0296007e+01
   5.1000000e+02   1.0295636e+01
   5.1100000e+02   1.0295990e+01
   5.1200000e+02   1.0295987e+01
   5.1300000e+02   1.0295975e+01
   5.1400000e+02   1.0295887e+01
   5.1500000e+02   1.0296128e+01
   5.1600000e+02   1.0295968e+01
   5.1700000e+02   1.0296174e+01
   5.1800000e+02   1.0295887e+01
   5.1900000e+02   1.0295990e+01
   5.2000000e+02   1.0295825e+01
   5.2100000e+02   1.0295943e+01
   5.2200000e+02   1.0295706e+01
   5.2300000e+02   1.0295940e+01
   5.2400000e+02   1.0295925e+01
   5.2500000e+02   1.0295943e+01
   5.2600000e+02   1.0296267e+01
   5.2700000e+02   1.0295780e+01
   5.2800000e+02   1.0295648e+01
   5.2900000e+02   1.0295970e+01
   5.3000000e+02   1.0296029e+01
   5.3100000e+02   1.0296181e+01
   5.3200000e+02   1.0296035e+01
   5.3300000e+02   1.0295890e+01
   5.3400000e+02   1.0295912e+01
   5.3500000e+02   1.0295974e+01
   5.3600000e+02   1.0295801e+01
   5.3700000e+02   1.0295903e+01
   5.3800000e+02   1.0296196e+01
   5.3900000e+02   1.0296071e+01
   5.4000000e+02   1.0295994e+01
   5.4100000e+02   1.0295980e+01
   5.4200000e+02   1.0296140e+01
   5.4300000e+02   1.0296006e+01
   5.4400000e+02   1.0295780e+01
   5.4500000e+02   1.0296084e+01
   5.4600000e+02   1.0295853e+01
   5.4700000e+02   1.0295720e+01
   5.4800000e+02   1.0295810e+01
   5.4900000e+02   1.0295715e+01
   5.5000000e+02   1.0295641e+01
   5.5100000e+02   1.0295627e+01
   5.5200000e+02   1.0295744e+01
   5.5300000e+02   1.0295704e+01
   5.5400000e+02   1.0295483e+01
   5.5500000e+02   1.0295603e+01
   5.5600000e+02   1.0295337e+01
   5.5700000e+02   1.0295326e+01
   5.5800000e+02   1.0295458e+01
   5.5900000e+02   1.0295644e+01
   5.6000000e+02   1.0295692e+01
   5.6100000e+02   1.0295608e+01
   5.6200000e+02   1.0295529e+01
   5.6300000e+02   1.0295587e+01
   5.6400000e+02   1.0295738e+01
   5.6500000e+02   1.0295588e+01
   5.6600000e+02   1.0295498e+01
   5.6700000e+02   1.0295188e+01
   5.6800000e+02   1.0295091e+01
   5.6900000e+02   1.0295166e+01
   5.7000000e+02   1.0295235e+01
   5.7100000e+02   1.0295523e+01
   5.7200000e+02   1.0295628e+01
   5.7300000e+02   1.0295505e+01
   5.7400000e+02   1.0295460e+01
   5.7500000e+02   1.0295468e+01
   5.7600000e+02   1.0295356e+01
   5.7700000e+02   1.0295220e+01
   5.7800000e+02   1.0295162e+01
   5.7900000e+02   1.0295086e+01
   5.8000000e+02   1.0295563e+01
   5.8100000e+02   1.0295324e+01
   5.8200000e+02   1.0295455e+01
   5.8300000e+02   1.0295201e+01
   5.8400000e+02   1.0295301e+01
   5.8500000e+02   1.0295735e+01
   5.8600000e+02   1.0295860e+01
   5.8700000e+02   1.0295602e+01
   5.8800000e+02   1.0295131e+01
   5.8900000e+02   1.0295098e+01
   5.9000000e+02   1.0295790e+01
   5.9100000e+02   1.0295336e+01
   5.9200000e+02   1.0295315e+01
   5.9300000e+02   1.0295362e+01
   5.9400000e+02   1.0295106e+01
   5.9500000e+02   1.0295414e+01
   5.9600000e+02   1.0295233e+01
   5.9700000e+02   1.0295403e+01
   5.9800000e+02   1.0295323e+01
   5.9900000e+02   1.0295292e+01
   6.0000000e+02   1.0295266e+01
   6.0100000e+02   1.0294888e+01
   6.0200000e+02   1.0295118e+01
   6.0300000e+02   1.0294924e+01
   6.0400000e+02   1.0294912e+01
   6.0500000e+02   1.0295119e+01
   6.0600000e+02   1.0295205e+01
   6.0700000e+02   1.0295390e+01
   6.0800000e+02   1.0295147e+01
   6.0900000e+02   1.0295535e+01
   6.1000000e+02   1.0295141e+01
   6.1100000e+02   1.0295290e+01
   6.1200000e+02   1.0294831e+01
   6.1300000e+02   1.0295349e+01
   6.1400000e+02   1.0295624e+01
   6.1500000e+02   1.0295351e+01
   6.1600000e+02   1.0295108e+01
   6.1700000e+02   1.0295232e+01
   6.1800000e+02   1.0295727e+01
   6.1900000e+02   1.0294901e+01
   6.2000000e+02   1.0295046e+01
   6.2100000e+02   1.0295366e+01
   6.2200000e+02   1.0295375e+01
   6.2300000e+02   1.0295245e+01
   6.2400000e+02   1.0295084e+01
   6.2500000e+02   1.0295351e+01
   6.2600000e+02   1.0295392e+01
   6.2700000e+02   1.0295223e+01
   6.2800000e+02   1.0295335e+01
   6.2900000e+02   1.0295437e+01
   6.3000000e+02   1.0295371e+01
   6.3100000e+02   1.0295206e+01
   6.3200000e+02   1.0295499e+01
   6.3300000e+02   1.0294964e+01
   6.3400000e+02   1.0295608e+01
   6.3500000e+02   1.0295690e+01
   6.3600000e+02   1.0295269e+01
   6.3700000e+02   1.0294715e+01
   6.3800000e+02   1.0294804e+01
   6.3900000e+02   1.0294950e+01
   6.4000000e+02   1.0294681e+01
   6.4100000e+02   1.0294987e+01
   6.4200000e+02   1.0294719e+01
   6.4300000e+02   1.0294689e+01
   6.4400000e+02   1.0295487e+01
   6.4500000e+02   1.0295146e+01
   6.4600000e+02   1.0294452e+01
   6.4700000e+02   1.0294749e+01
   6.4800000e+02   1.0294846e+01
   6.4900000e+02   1.0294816e+01
   6.5000000e+02   1.0294943e+01
   6.5100000e+02   1.0294795e+01
   6.5200000e+02   1.0294891e+01
   6.5300000e+02   1.0295038e+01
   6.5400000e+02   1.0294895e+01
   6.5500000e+02   1.0294567e+01
   6.5600000e+02   1.0294770e+01
   6.5700000e+02   1.0294406e+01
   6.5800000e+02   1.0294715e+01
   6.5900000e+02   1.0294510e+01
   6.6000000e+02   1.0294732e+01
   6.6100000e+02   1.0294229e+01
   6.6200000e+02   1.0294415e+01
   6.6300000e+02   1.0294520e+01
   6.6400000e+02   1.0294254e+01
   6.6500000e+02   1.0294280e+01
   6.6600000e+02   1.0294098e+01
   6.6700000e+02   1.0293967e+01
   6.6800000e+02   1.0294014e+01
   6.6900000e+02   1.0293863e+01
   6.7000000e+02   1.0293606e+01
   6.7100000e+02   1.0293084e+01
   6.7200000e+02   1.0292825e+01
   6.7300000e+02   1.0292040e+01
   6.7400000e+02   1.0291175e+01
   6.7500000e+02   1.0290292e+01
   6.7600000e+02   1.0289129e+01
   6.7700000e+02   1.0287730e+01
   6.7800000e+02   1.0286084e+01
   6.7900000e+02   1.0284358e+01
   6.8000000e+02   1.0282414e+01
   6.8100000e+02   1.0280749e+01
   6.8200000e+02   1.0279256e+01
   6.8300000e+02   1.0277325e+01
   6.8400000e+02   1.0276199e+01
   6.8500000e+02   1.0274842e+01
   6.8600000e+02   1.0274043e+01
   6.8700000e+02   1.0273705e+01
   6.8800000e+02   1.0273450e+01
   6.8900000e+02   1.0273622e+01
   6.9000000e+02   1.0274067e+01
   6.9100000e+02   1.0274904e+01
   6.9200000e+02   1.0276185e+01
   6.9300000e+02   1.0277373e+01
   6.9400000e+02   1.0278679e+01
   6.9500000e+02   1.0279896e+01
   6.9600000e+02   1.0281167e+01
   6.9700000e+02   1.0282642e+01
   6.9800000e+02   1.0283417e+01
   6.9900000e+02   1.0284783e+01
   7.0000000e+02   1.0285906e+01
   7.0100000e+02   1.0286955e+01
   7.0200000e+02   1.0287642e+01
   7.0300000e+02   1.0288518e+01
   7.0400000e+02   1.0289255e+01
   7.0500000e+02   1.0289407e+01
   7.0600000e+02   1.0290210e+01
   7.0700000e+02   1.0290744e+01
   7.0800000e+02   1.0291046e+01
   7.0900000e+02   1.0291191e+01
   7.1000000e+02   1.0291692e+01
   7.1100000e+02   1.0292006e+01
   7.1200000e+02   1.0292027e+01
   7.1300000e+02   1.0292596e+01
   7.1400000e+02   1.0292715e+01
   7.1500000e+02   1.0293098e+01
   7.1600000e+02   1.0293062e+01
   7.1700000e+02   1.0293610e+01
   7.1800000e+02   1.0293630e+01
   7.1900000e+02   1.0293616e+01
   7.2000000e+02   1.0293837e+01
   7.2100000e+02   1.0293951e+01
   7.2200000e+02   1.0294024e+01
   7.2300000e+02   1.0294246e+01
   7.2400000e+02   1.0293870e+01
   7.2500000e+02   1.0294232e+01
   7.2600000e+02   1.0294128e+01
   7.2700000e+02   1.0294141e+01
   7.2800000e+02   1.0294301e+01
   7.2900000e+02   1.0294449e+01
   7.3000000e+02   1.0294448e+01
   7.3100000e+02   1.0294342e+01
   7.3200000e+02   1.0294727e+01
   7.3300000e+02   1.0294269e+01
   7.3400000e+02   1.0294296e+01
   7.3500000e+02   1.0294291e+01
   7.3600000e+02   1.0294466e+01
   7.3700000e+02   1.0294147e+01
   7.3800000e+02   1.0294540e+01
   7.3900000e+02   1.0294270e+01
   7.4000000e+02   1.0294133e+01
   7.4100000e+02   1.0294451e+01
   7.4200000e+02   1.0294583e+01
   7.4300000e+02   1.0294670e+01
   7.4400000e+02   1.0294215e+01
   7.4500000e+02   1.0294096e+01
   7.4600000e+02   1.0294240e+01
   7.4700000e+02   1.0294163e+01
   7.4800000e+02   1.0294250e+01
   7.4900000e+02   1.0294137e+01
   7.5000000e+02   1.0294217e+01
   7.5100000e+02   1.0294403e+01
   7.5200000e+02   1.0293964e+01
   7.5300000e+02   1.0294057e+01
   7.5400000e+02   1.0294431e+01
   7.5500000e+02   1.0294296e+01
   7.5600000e+02   1.0294148e+01
   7.5700000e+02   1.0294189e+01
   7.5800000e+02   1.0294308e+01
   7.5900000e+02   1.0294414e+01
   7.6000000e+02   1.0294239e+01
   7.6100000e+02   1.0294153e+01
   7.6200000e+02   1.0294059e+01
   7.6300000e+02   1.0294047e+01
   7.6400000e+02   1.0293671e+01
   7.6500000e+02   1.0293894e+01
   7.6600000e+02   1.0293883e+01
   7.6700000e+02   1.0293671e+01
   7.6800000e+02   1.0293893e+01
   7.6900000e+02   1.0293708e+01
   7.7000000e+02   1.0293543e+01
   7.7100000e+02   1.0293575e+01
   7.7200000e+02   1.0293610e+01
   7.7300000e+02   1.0293792e+01
   7.7400000e+02   1.0293821e+01
   7.7500000e+02   1.0293781e+01
   7.7600000e+02   1.0293958e+01
   7.7700000e+02   1.0293873e+01
   7.7800000e+02   1.0293889e+01
   7.7900000e+02   1.0293990e+01
   7.8000000e+02   1.0294062e+01
