   0.0000000e+00   1.0337625e+01
   1.0000000e+00   1.0334444e+01
   2.0000000e+00   1.0333349e+01
   3.0000000e+00   1.0332972e+01
   4.0000000e+00   1.0332698e+01
   5.0000000e+00   1.0332307e+01
   6.0000000e+00   1.0331865e+01
   7.0000000e+00   1.0332019e+01
   8.0000000e+00   1.0331629e+01
   9.0000000e+00   1.0331539e+01
   1.0000000e+01   1.0331070e+01
   1.1000000e+01   1.0330728e+01
   1.2000000e+01   1.0330524e+01
   1.3000000e+01   1.0330507e+01
   1.4000000e+01   1.0330581e+01
   1.5000000e+01   1.0330456e+01
   1.6000000e+01   1.0330173e+01
   1.7000000e+01   1.0329884e+01
   1.8000000e+01   1.0329907e+01
   1.9000000e+01   1.0329947e+01
   2.0000000e+01   1.0329597e+01
   2.1000000e+01   1.0329343e+01
   2.2000000e+01   1.0329504e+01
   2.3000000e+01   1.0329141e+01
   2.4000000e+01   1.0329107e+01
   2.5000000e+01   1.0328922e+01
   2.6000000e+01   1.0328843e+01
   2.7000000e+01   1.0328874e+01
   2.8000000e+01   1.0328763e+01
   2.9000000e+01   1.0328735e+01
   3.0000000e+01   1.0328844e+01
   3.1000000e+01   1.0328564e+01
   3.2000000e+01   1.0328599e+01
   3.3000000e+01   1.0328610e+01
   3.4000000e+01   1.0328524e+01
   3.5000000e+01   1.0328196e+01
   3.6000000e+01   1.0328016e+01
   3.7000000e+01   1.0328295e+01
   3.8000000e+01   1.0327949e+01
   3.9000000e+01   1.0327735e+01
   4.0000000e+01   1.0328087e+01
   4.1000000e+01   1.0327703e+01
   4.2000000e+01   1.0327805e+01
   4.3000000e+01   1.0327670e+01
   4.4000000e+01   1.0327483e+01
   4.5000000e+01   1.0327590e+01
   4.6000000e+01   1.0327399e+01
   4.7000000e+01   1.0327307e+01
   4.8000000e+01   1.0327269e+01
   4.9000000e+01   1.0327433e+01
   5.0000000e+01   1.0327143e+01
   5.1000000e+01   1.0327244e+01
   5.2000000e+01   1.0327095e+01
   5.3000000e+01   1.0327015e+01
   5.4000000e+01   1.0326824e+01
   5.5000000e+01   1.0326864e+01
   5.6000000e+01   1.0326726e+01
   5.7000000e+01   1.0326815e+01
   5.8000000e+01   1.0326574e+01
   5.9000000e+01   1.0327041e+01
   6.0000000e+01   1.0326820e+01
   6.1000000e+01   1.0326686e+01
   6.2000000e+01   1.0326468e+01
   6.3000000e+01   1.0326486e+01
   6.4000000e+01   1.0326502e+01
   6.5000000e+01   1.0326371e+01
   6.6000000e+01   1.0326481e+01
   6.7000000e+01   1.0326387e+01
   6.8000000e+01   1.0326329e+01
   6.9000000e+01   1.0326258e+01
   7.0000000e+01   1.0326263e+01
   7.1000000e+01   1.0326092e+01
   7.2000000e+01   1.0326033e+01
   7.3000000e+01   1.0326078e+01
   7.4000000e+01   1.0326133e+01
   7.5000000e+01   1.0325689e+01
   7.6000000e+01   1.0325995e+01
   7.7000000e+01   1.0325809e+01
   7.8000000e+01   1.0325750e+01
   7.9000000e+01   1.0325708e+01
   8.0000000e+01   1.0325573e+01
   8.1000000e+01   1.0325774e+01
   8.2000000e+01   1.0325761e+01
   8.3000000e+01   1.0325671e+01
   8.4000000e+01   1.0325473e+01
   8.5000000e+01   1.0325334e+01
   8.6000000e+01   1.0325330e+01
   8.7000000e+01   1.0325484e+01
   8.8000000e+01   1.0325167e+01
   8.9000000e+01   1.0325190e+01
   9.0000000e+01   1.0325330e+01
   9.1000000e+01   1.0325375e+01
   9.2000000e+01   1.0325262e+01
   9.3000000e+01   1.0325146e+01
   9.4000000e+01   1.0325184e+01
   9.5000000e+01   1.0325138e+01
   9.6000000e+01   1.0325024e+01
   9.7000000e+01   1.0324827e+01
   9.8000000e+01   1.0324879e+01
   9.9000000e+01   1.0324721e+01
   1.0000000e+02   1.0324687e+01
   1.0100000e+02   1.0324720e+01
   1.0200000e+02   1.0324698e+01
   1.0300000e+02   1.0324651e+01
   1.0400000e+02   1.0324578e+01
   1.0500000e+02   1.0324718e+01
   1.0600000e+02   1.0324614e+01
   1.0700000e+02   1.0324335e+01
   1.0800000e+02   1.0324403e+01
   1.0900000e+02   1.0324331e+01
   1.1000000e+02   1.0324317e+01
   1.1100000e+02   1.0324571e+01
   1.1200000e+02   1.0324193e+01
   1.1300000e+02   1.0324309e+01
   1.1400000e+02   1.0324226e+01
   1.1500000e+02   1.0324124e+01
   1.1600000e+02   1.0324091e+01
   1.1700000e+02   1.0324100e+01
   1.1800000e+02   1.0324168e+01
   1.1900000e+02   1.0324221e+01
   1.2000000e+02   1.0324104e+01
   1.2100000e+02   1.0324155e+01
   1.2200000e+02   1.0323939e+01
   1.2300000e+02   1.0323900e+01
   1.2400000e+02   1.0324150e+01
   1.2500000e+02   1.0323850e+01
   1.2600000e+02   1.0324002e+01
   1.2700000e+02   1.0323704e+01
   1.2800000e+02   1.0323986e+01
   1.2900000e+02   1.0323994e+01
   1.3000000e+02   1.0323870e+01
   1.3100000e+02   1.0323858e+01
   1.3200000e+02   1.0323745e+01
   1.3300000e+02   1.0323633e+01
   1.3400000e+02   1.0323755e+01
   1.3500000e+02   1.0323523e+01
   1.3600000e+02   1.0323789e+01
   1.3700000e+02   1.0323674e+01
   1.3800000e+02   1.0323666e+01
   1.3900000e+02   1.0323855e+01
   1.4000000e+02   1.0323740e+01
   1.4100000e+02   1.0323784e+01
   1.4200000e+02   1.0323301e+01
   1.4300000e+02   1.0323017e+01
   1.4400000e+02   1.0323300e+01
   1.4500000e+02   1.0323267e+01
   1.4600000e+02   1.0323342e+01
   1.4700000e+02   1.0323014e+01
   1.4800000e+02   1.0323424e+01
   1.4900000e+02   1.0323229e+01
   1.5000000e+02   1.0323387e+01
   1.5100000e+02   1.0323167e+01
   1.5200000e+02   1.0323122e+01
   1.5300000e+02   1.0323153e+01
   1.5400000e+02   1.0322986e+01
   1.5500000e+02   1.0323110e+01
   1.5600000e+02   1.0323309e+01
   1.5700000e+02   1.0323134e+01
   1.5800000e+02   1.0323077e+01
   1.5900000e+02   1.0323056e+01
   1.6000000e+02   1.0322937e+01
   1.6100000e+02   1.0322999e+01
   1.6200000e+02   1.0322677e+01
   1.6300000e+02   1.0322810e+01
   1.6400000e+02   1.0322972e+01
   1.6500000e+02   1.0322784e+01
   1.6600000e+02   1.0321646e+01
   1.6700000e+02   1.0313288e+01
   1.6800000e+02   1.0293596e+01
   1.6900000e+02   1.0286947e+01
   1.7000000e+02   1.0296687e+01
   1.7100000e+02   1.0307174e+01
   1.7200000e+02   1.0313027e+01
   1.7300000e+02   1.0315581e+01
   1.7400000e+02   1.0316705e+01
   1.7500000e+02   1.0317400e+01
   1.7600000e+02   1.0318321e+01
   1.7700000e+02   1.0319130e+01
   1.7800000e+02   1.0313653e+01
   1.7900000e+02   1.0267452e+01
   1.8000000e+02   1.0241040e+01
   1.8100000e+02   1.0246753e+01
   1.8200000e+02   1.0251830e+01
   1.8300000e+02   1.0257257e+01
   1.8400000e+02   1.0266467e+01
   1.8500000e+02   1.0273195e+01
   1.8600000e+02   1.0276987e+01
   1.8700000e+02   1.0279367e+01
   1.8800000e+02   1.0282131e+01
   1.8900000e+02   1.0287063e+01
   1.9000000e+02   1.0292561e+01
   1.9100000e+02   1.0299967e+01
   1.9200000e+02   1.0307163e+01
   1.9300000e+02   1.0312176e+01
   1.9400000e+02   1.0314691e+01
   1.9500000e+02   1.0316119e+01
   1.9600000e+02   1.0317314e+01
   1.9700000e+02   1.0317732e+01
   1.9800000e+02   1.0318465e+01
   1.9900000e+02   1.0318876e+01
   2.0000000e+02   1.0319444e+01
   2.0100000e+02   1.0319852e+01
   2.0200000e+02   1.0320319e+01
   2.0300000e+02   1.0320798e+01
   2.0400000e+02   1.0321219e+01
   2.0500000e+02   1.0321231e+01
   2.0600000e+02   1.0321457e+01
   2.0700000e+02   1.0321869e+01
   2.0800000e+02   1.0321503e+01
   2.0900000e+02   1.0321620e+01
   2.1000000e+02   1.0321729e+01
   2.1100000e+02   1.0321710e+01
   2.1200000e+02   1.0321784e+01
   2.1300000e+02   1.0321814e+01
   2.1400000e+02   1.0321871e+01
   2.1500000e+02   1.0321597e+01
   2.1600000e+02   1.0321916e+01
   2.1700000e+02   1.0321807e+01
   2.1800000e+02   1.0321574e+01
   2.1900000e+02   1.0321340e+01
   2.2000000e+02   1.0321722e+01
   2.2100000e+02   1.0321470e+01
   2.2200000e+02   1.0321350e+01
   2.2300000e+02   1.0321437e+01
   2.2400000e+02   1.0321425e+01
   2.2500000e+02   1.0321231e+01
   2.2600000e+02   1.0321256e+01
   2.2700000e+02   1.0321237e+01
   2.2800000e+02   1.0321309e+01
   2.2900000e+02   1.0321166e+01
   2.3000000e+02   1.0321117e+01
   2.3100000e+02   1.0321367e+01
   2.3200000e+02   1.0321237e+01
   2.3300000e+02   1.0321234e+01
   2.3400000e+02   1.0321179e+01
   2.3500000e+02   1.0321226e+01
   2.3600000e+02   1.0321349e+01
   2.3700000e+02   1.0321337e+01
   2.3800000e+02   1.0321189e+01
   2.3900000e+02   1.0321297e+01
   2.4000000e+02   1.0321013e+01
   2.4100000e+02   1.0321207e+01
   2.4200000e+02   1.0320663e+01
   2.4300000e+02   1.0319827e+01
   2.4400000e+02   1.0319014e+01
   2.4500000e+02   1.0317516e+01
   2.4600000e+02   1.0315710e+01
   2.4700000e+02   1.0313598e+01
   2.4800000e+02   1.0312048e+01
   2.4900000e+02   1.0311392e+01
   2.5000000e+02   1.0311249e+01
   2.5100000e+02   1.0311514e+01
   2.5200000e+02   1.0312033e+01
   2.5300000e+02   1.0312703e+01
   2.5400000e+02   1.0312414e+01
   2.5500000e+02   1.0311966e+01
   2.5600000e+02   1.0311748e+01
   2.5700000e+02   1.0311089e+01
   2.5800000e+02   1.0310448e+01
   2.5900000e+02   1.0309729e+01
   2.6000000e+02   1.0309146e+01
   2.6100000e+02   1.0308740e+01
   2.6200000e+02   1.0308382e+01
   2.6300000e+02   1.0308113e+01
   2.6400000e+02   1.0308176e+01
   2.6500000e+02   1.0308968e+01
   2.6600000e+02   1.0309843e+01
   2.6700000e+02   1.0310580e+01
   2.6800000e+02   1.0311807e+01
   2.6900000e+02   1.0312519e+01
   2.7000000e+02   1.0313422e+01
   2.7100000e+02   1.0313871e+01
   2.7200000e+02   1.0314007e+01
   2.7300000e+02   1.0314542e+01
   2.7400000e+02   1.0314896e+01
   2.7500000e+02   1.0315238e+01
   2.7600000e+02   1.0315663e+01
   2.7700000e+02   1.0315865e+01
   2.7800000e+02   1.0316282e+01
   2.7900000e+02   1.0316525e+01
   2.8000000e+02   1.0316733e+01
   2.8100000e+02   1.0317109e+01
   2.8200000e+02   1.0317080e+01
   2.8300000e+02   1.0317621e+01
   2.8400000e+02   1.0317823e+01
   2.8500000e+02   1.0317694e+01
   2.8600000e+02   1.0318150e+01
   2.8700000e+02   1.0318206e+01
   2.8800000e+02   1.0318668e+01
   2.8900000e+02   1.0318678e+01
   2.9000000e+02   1.0318773e+01
   2.9100000e+02   1.0318826e+01
   2.9200000e+02   1.0319005e+01
   2.9300000e+02   1.0319022e+01
   2.9400000e+02   1.0319082e+01
   2.9500000e+02   1.0319369e+01
   2.9600000e+02   1.0319159e+01
   2.9700000e+02   1.0319241e+01
   2.9800000e+02   1.0319071e+01
   2.9900000e+02   1.0318789e+01
   3.0000000e+02   1.0318209e+01
   3.0100000e+02   1.0317008e+01
   3.0200000e+02   1.0315460e+01
   3.0300000e+02   1.0313076e+01
   3.0400000e+02   1.0310279e+01
   3.0500000e+02   1.0306777e+01
   3.0600000e+02   1.0302423e+01
   3.0700000e+02   1.0296648e+01
   3.0800000e+02   1.0290267e+01
   3.0900000e+02   1.0284128e+01
   3.1000000e+02   1.0279267e+01
   3.1100000e+02   1.0277412e+01
   3.1200000e+02   1.0275630e+01
   3.1300000e+02   1.0274252e+01
   3.1400000e+02   1.0272780e+01
   3.1500000e+02   1.0268611e+01
   3.1600000e+02   1.0262267e+01
   3.1700000e+02   1.0253686e+01
   3.1800000e+02   1.0245060e+01
   3.1900000e+02   1.0237595e+01
   3.2000000e+02   1.0233342e+01
   3.2100000e+02   1.0230016e+01
   3.2200000e+02   1.0230429e+01
   3.2300000e+02   1.0231975e+01
   3.2400000e+02   1.0236153e+01
   3.2500000e+02   1.0241217e+01
   3.2600000e+02   1.0248123e+01
   3.2700000e+02   1.0254729e+01
   3.2800000e+02   1.0262360e+01
   3.2900000e+02   1.0269208e+01
   3.3000000e+02   1.0275024e+01
   3.3100000e+02   1.0279472e+01
   3.3200000e+02   1.0282612e+01
   3.3300000e+02   1.0284307e+01
   3.3400000e+02   1.0285080e+01
   3.3500000e+02   1.0285166e+01
   3.3600000e+02   1.0284345e+01
   3.3700000e+02   1.0284255e+01
   3.3800000e+02   1.0285448e+01
   3.3900000e+02   1.0287318e+01
   3.4000000e+02   1.0289353e+01
   3.4100000e+02   1.0292249e+01
   3.4200000e+02   1.0295432e+01
   3.4300000e+02   1.0298623e+01
   3.4400000e+02   1.0301604e+01
   3.4500000e+02   1.0303938e+01
   3.4600000e+02   1.0306062e+01
   3.4700000e+02   1.0307941e+01
   3.4800000e+02   1.0309696e+01
   3.4900000e+02   1.0311107e+01
   3.5000000e+02   1.0312477e+01
   3.5100000e+02   1.0313473e+01
   3.5200000e+02   1.0313944e+01
   3.5300000e+02   1.0314448e+01
   3.5400000e+02   1.0314757e+01
   3.5500000e+02   1.0314825e+01
   3.5600000e+02   1.0314430e+01
   3.5700000e+02   1.0314052e+01
   3.5800000e+02   1.0313541e+01
   3.5900000e+02   1.0313062e+01
   3.6000000e+02   1.0312983e+01
   3.6100000e+02   1.0313005e+01
   3.6200000e+02   1.0313344e+01
   3.6300000e+02   1.0313576e+01
   3.6400000e+02   1.0314242e+01
   3.6500000e+02   1.0315044e+01
   3.6600000e+02   1.0315677e+01
   3.6700000e+02   1.0316169e+01
   3.6800000e+02   1.0316335e+01
   3.6900000e+02   1.0317332e+01
   3.7000000e+02   1.0317277e+01
   3.7100000e+02   1.0317936e+01
   3.7200000e+02   1.0318117e+01
   3.7300000e+02   1.0318274e+01
   3.7400000e+02   1.0318314e+01
   3.7500000e+02   1.0318596e+01
   3.7600000e+02   1.0318480e+01
   3.7700000e+02   1.0318665e+01
   3.7800000e+02   1.0318946e+01
   3.7900000e+02   1.0318830e+01
   3.8000000e+02   1.0318486e+01
   3.8100000e+02   1.0318094e+01
   3.8200000e+02   1.0317560e+01
   3.8300000e+02   1.0317224e+01
   3.8400000e+02   1.0316615e+01
   3.8500000e+02   1.0315960e+01
   3.8600000e+02   1.0315481e+01
   3.8700000e+02   1.0314695e+01
   3.8800000e+02   1.0314198e+01
   3.8900000e+02   1.0313990e+01
   3.9000000e+02   1.0314253e+01
   3.9100000e+02   1.0314696e+01
   3.9200000e+02   1.0314939e+01
   3.9300000e+02   1.0315175e+01
   3.9400000e+02   1.0315881e+01
   3.9500000e+02   1.0316236e+01
   3.9600000e+02   1.0316679e+01
   3.9700000e+02   1.0317012e+01
   3.9800000e+02   1.0317349e+01
   3.9900000e+02   1.0317867e+01
   4.0000000e+02   1.0318098e+01
   4.0100000e+02   1.0318250e+01
   4.0200000e+02   1.0318122e+01
   4.0300000e+02   1.0318553e+01
   4.0400000e+02   1.0318661e+01
   4.0500000e+02   1.0318658e+01
   4.0600000e+02   1.0319045e+01
   4.0700000e+02   1.0318816e+01
   4.0800000e+02   1.0318975e+01
   4.0900000e+02   1.0319059e+01
   4.1000000e+02   1.0319253e+01
   4.1100000e+02   1.0319133e+01
   4.1200000e+02   1.0319052e+01
   4.1300000e+02   1.0318961e+01
   4.1400000e+02   1.0319109e+01
   4.1500000e+02   1.0319212e+01
   4.1600000e+02   1.0318769e+01
   4.1700000e+02   1.0318931e+01
   4.1800000e+02   1.0318728e+01
   4.1900000e+02   1.0318896e+01
   4.2000000e+02   1.0318630e+01
   4.2100000e+02   1.0318857e+01
   4.2200000e+02   1.0318917e+01
   4.2300000e+02   1.0318910e+01
   4.2400000e+02   1.0318605e+01
   4.2500000e+02   1.0318856e+01
   4.2600000e+02   1.0318908e+01
   4.2700000e+02   1.0318597e+01
   4.2800000e+02   1.0318906e+01
   4.2900000e+02   1.0319002e+01
   4.3000000e+02   1.0319092e+01
   4.3100000e+02   1.0318779e+01
   4.3200000e+02   1.0318557e+01
   4.3300000e+02   1.0317950e+01
   4.3400000e+02   1.0317119e+01
   4.3500000e+02   1.0315739e+01
   4.3600000e+02   1.0312954e+01
   4.3700000e+02   1.0307961e+01
   4.3800000e+02   1.0301491e+01
   4.3900000e+02   1.0292039e+01
   4.4000000e+02   1.0279485e+01
   4.4100000e+02   1.0264008e+01
   4.4200000e+02   1.0247027e+01
   4.4300000e+02   1.0229370e+01
   4.4400000e+02   1.0212993e+01
   4.4500000e+02   1.0199882e+01
   4.4600000e+02   1.0190973e+01
   4.4700000e+02   1.0186829e+01
   4.4800000e+02   1.0187264e+01
   4.4900000e+02   1.0192219e+01
   4.5000000e+02   1.0200061e+01
   4.5100000e+02   1.0209723e+01
   4.5200000e+02   1.0220525e+01
   4.5300000e+02   1.0231147e+01
   4.5400000e+02   1.0241264e+01
   4.5500000e+02   1.0250868e+01
   4.5600000e+02   1.0259639e+01
   4.5700000e+02   1.0267303e+01
   4.5800000e+02   1.0274132e+01
   4.5900000e+02   1.0279921e+01
   4.6000000e+02   1.0284847e+01
   4.6100000e+02   1.0289243e+01
   4.6200000e+02   1.0292969e+01
   4.6300000e+02   1.0296180e+01
   4.6400000e+02   1.0299141e+01
   4.6500000e+02   1.0301541e+01
   4.6600000e+02   1.0303708e+01
   4.6700000e+02   1.0305604e+01
   4.6800000e+02   1.0307902e+01
   4.6900000e+02   1.0309542e+01
   4.7000000e+02   1.0311137e+01
   4.7100000e+02   1.0312271e+01
   4.7200000e+02   1.0313521e+01
   4.7300000e+02   1.0314565e+01
   4.7400000e+02   1.0315588e+01
   4.7500000e+02   1.0316332e+01
   4.7600000e+02   1.0316748e+01
   4.7700000e+02   1.0317223e+01
   4.7800000e+02   1.0317840e+01
   4.7900000e+02   1.0317899e+01
   4.8000000e+02   1.0318143e+01
   4.8100000e+02   1.0318459e+01
   4.8200000e+02   1.0318360e+01
   4.8300000e+02   1.0318331e+01
   4.8400000e+02   1.0318544e+01
   4.8500000e+02   1.0318352e+01
   4.8600000e+02   1.0318577e+01
   4.8700000e+02   1.0318476e+01
   4.8800000e+02   1.0318697e+01
   4.8900000e+02   1.0318383e+01
   4.9000000e+02   1.0318673e+01
   4.9100000e+02   1.0318679e+01
   4.9200000e+02   1.0318598e+01
   4.9300000e+02   1.0318699e+01
   4.9400000e+02   1.0318449e+01
   4.9500000e+02   1.0318655e+01
   4.9600000e+02   1.0318780e+01
   4.9700000e+02   1.0318784e+01
   4.9800000e+02   1.0318535e+01
   4.9900000e+02   1.0318721e+01
   5.0000000e+02   1.0318500e+01
   5.0100000e+02   1.0318665e+01
   5.0200000e+02   1.0318770e+01
   5.0300000e+02   1.0318768e+01
   5.0400000e+02   1.0319053e+01
   5.0500000e+02   1.0318554e+01
   5.0600000e+02   1.0318807e+01
   5.0700000e+02   1.0318606e+01
   5.0800000e+02   1.0318801e+01
   5.0900000e+02   1.0318541e+01
   5.1000000e+02   1.0318627e+01
   5.1100000e+02   1.0318417e+01
   5.1200000e+02   1.0318555e+01
   5.1300000e+02   1.0318342e+01
   5.1400000e+02   1.0318589e+01
   5.1500000e+02   1.0318625e+01
   5.1600000e+02   1.0318449e+01
   5.1700000e+02   1.0318571e+01
   5.1800000e+02   1.0318508e+01
   5.1900000e+02   1.0318793e+01
   5.2000000e+02   1.0318696e+01
   5.2100000e+02   1.0318437e+01
   5.2200000e+02   1.0318400e+01
   5.2300000e+02   1.0318606e+01
   5.2400000e+02   1.0318466e+01
   5.2500000e+02   1.0318529e+01
   5.2600000e+02   1.0318338e+01
   5.2700000e+02   1.0318513e+01
   5.2800000e+02   1.0318480e+01
   5.2900000e+02   1.0318657e+01
   5.3000000e+02   1.0318426e+01
   5.3100000e+02   1.0318492e+01
   5.3200000e+02   1.0318446e+01
   5.3300000e+02   1.0318410e+01
   5.3400000e+02   1.0318355e+01
   5.3500000e+02   1.0318406e+01
   5.3600000e+02   1.0318239e+01
   5.3700000e+02   1.0318356e+01
   5.3800000e+02   1.0318423e+01
   5.3900000e+02   1.0318258e+01
   5.4000000e+02   1.0318354e+01
   5.4100000e+02   1.0318414e+01
   5.4200000e+02   1.0318447e+01
   5.4300000e+02   1.0318316e+01
   5.4400000e+02   1.0318477e+01
   5.4500000e+02   1.0318706e+01
   5.4600000e+02   1.0318478e+01
   5.4700000e+02   1.0318414e+01
   5.4800000e+02   1.0318396e+01
   5.4900000e+02   1.0318194e+01
   5.5000000e+02   1.0318325e+01
   5.5100000e+02   1.0318284e+01
   5.5200000e+02   1.0318439e+01
   5.5300000e+02   1.0318329e+01
   5.5400000e+02   1.0318492e+01
   5.5500000e+02   1.0318065e+01
   5.5600000e+02   1.0318498e+01
   5.5700000e+02   1.0318116e+01
   5.5800000e+02   1.0318132e+01
   5.5900000e+02   1.0318055e+01
   5.6000000e+02   1.0318442e+01
   5.6100000e+02   1.0318109e+01
   5.6200000e+02   1.0318271e+01
   5.6300000e+02   1.0318242e+01
   5.6400000e+02   1.0318149e+01
   5.6500000e+02   1.0318444e+01
   5.6600000e+02   1.0318306e+01
   5.6700000e+02   1.0318119e+01
   5.6800000e+02   1.0318150e+01
   5.6900000e+02   1.0318073e+01
   5.7000000e+02   1.0317949e+01
   5.7100000e+02   1.0317996e+01
   5.7200000e+02   1.0318206e+01
   5.7300000e+02   1.0318041e+01
   5.7400000e+02   1.0318244e+01
   5.7500000e+02   1.0318183e+01
   5.7600000e+02   1.0318003e+01
   5.7700000e+02   1.0317737e+01
   5.7800000e+02   1.0318251e+01
   5.7900000e+02   1.0318253e+01
   5.8000000e+02   1.0317917e+01
   5.8100000e+02   1.0318101e+01
   5.8200000e+02   1.0318009e+01
   5.8300000e+02   1.0317660e+01
   5.8400000e+02   1.0318229e+01
   5.8500000e+02   1.0317955e+01
   5.8600000e+02   1.0318230e+01
   5.8700000e+02   1.0317797e+01
   5.8800000e+02   1.0317867e+01
   5.8900000e+02   1.0317957e+01
   5.9000000e+02   1.0317839e+01
   5.9100000e+02   1.0318230e+01
   5.9200000e+02   1.0318094e+01
   5.9300000e+02   1.0318168e+01
   5.9400000e+02   1.0318255e+01
   5.9500000e+02   1.0318376e+01
   5.9600000e+02   1.0318319e+01
   5.9700000e+02   1.0318102e+01
   5.9800000e+02   1.0317931e+01
   5.9900000e+02   1.0318213e+01
   6.0000000e+02   1.0317683e+01
   6.0100000e+02   1.0317670e+01
   6.0200000e+02   1.0317971e+01
   6.0300000e+02   1.0318192e+01
   6.0400000e+02   1.0317904e+01
   6.0500000e+02   1.0318183e+01
   6.0600000e+02   1.0318102e+01
   6.0700000e+02   1.0318073e+01
   6.0800000e+02   1.0318269e+01
   6.0900000e+02   1.0317921e+01
   6.1000000e+02   1.0317950e+01
   6.1100000e+02   1.0317947e+01
   6.1200000e+02   1.0317369e+01
   6.1300000e+02   1.0317874e+01
   6.1400000e+02   1.0318157e+01
   6.1500000e+02   1.0317918e+01
   6.1600000e+02   1.0317748e+01
   6.1700000e+02   1.0317779e+01
   6.1800000e+02   1.0317957e+01
   6.1900000e+02   1.0317846e+01
   6.2000000e+02   1.0318061e+01
   6.2100000e+02   1.0317904e+01
   6.2200000e+02   1.0317848e+01
   6.2300000e+02   1.0317956e+01
   6.2400000e+02   1.0317716e+01
   6.2500000e+02   1.0317775e+01
   6.2600000e+02   1.0317819e+01
   6.2700000e+02   1.0317901e+01
   6.2800000e+02   1.0318049e+01
   6.2900000e+02   1.0317774e+01
   6.3000000e+02   1.0317871e+01
   6.3100000e+02   1.0317642e+01
   6.3200000e+02   1.0317765e+01
   6.3300000e+02   1.0317849e+01
   6.3400000e+02   1.0318039e+01
   6.3500000e+02   1.0317824e+01
   6.3600000e+02   1.0317809e+01
   6.3700000e+02   1.0317908e+01
   6.3800000e+02   1.0317563e+01
   6.3900000e+02   1.0317759e+01
   6.4000000e+02   1.0317905e+01
   6.4100000e+02   1.0317668e+01
   6.4200000e+02   1.0317828e+01
   6.4300000e+02   1.0317725e+01
   6.4400000e+02   1.0317895e+01
   6.4500000e+02   1.0317543e+01
   6.4600000e+02   1.0317817e+01
   6.4700000e+02   1.0317927e+01
   6.4800000e+02   1.0317602e+01
   6.4900000e+02   1.0318082e+01
   6.5000000e+02   1.0317459e+01
   6.5100000e+02   1.0317606e+01
   6.5200000e+02   1.0317724e+01
   6.5300000e+02   1.0317505e+01
   6.5400000e+02   1.0317848e+01
   6.5500000e+02   1.0317709e+01
   6.5600000e+02   1.0317518e+01
   6.5700000e+02   1.0317565e+01
   6.5800000e+02   1.0317626e+01
   6.5900000e+02   1.0317325e+01
   6.6000000e+02   1.0317658e+01
   6.6100000e+02   1.0317323e+01
   6.6200000e+02   1.0317414e+01
   6.6300000e+02   1.0317465e+01
   6.6400000e+02   1.0317335e+01
   6.6500000e+02   1.0317154e+01
   6.6600000e+02   1.0317235e+01
   6.6700000e+02   1.0317103e+01
   6.6800000e+02   1.0316586e+01
   6.6900000e+02   1.0316480e+01
   6.7000000e+02   1.0316000e+01
   6.7100000e+02   1.0315796e+01
   6.7200000e+02   1.0315148e+01
   6.7300000e+02   1.0314346e+01
   6.7400000e+02   1.0313981e+01
   6.7500000e+02   1.0313041e+01
   6.7600000e+02   1.0312286e+01
   6.7700000e+02   1.0311858e+01
   6.7800000e+02   1.0311209e+01
   6.7900000e+02   1.0310633e+01
   6.8000000e+02   1.0310178e+01
   6.8100000e+02   1.0309799e+01
   6.8200000e+02   1.0309877e+01
   6.8300000e+02   1.0309800e+01
   6.8400000e+02   1.0310055e+01
   6.8500000e+02   1.0309903e+01
   6.8600000e+02   1.0310518e+01
   6.8700000e+02   1.0310851e+01
   6.8800000e+02   1.0311073e+01
   6.8900000e+02   1.0311458e+01
   6.9000000e+02   1.0312085e+01
   6.9100000e+02   1.0312591e+01
   6.9200000e+02   1.0312901e+01
   6.9300000e+02   1.0313205e+01
   6.9400000e+02   1.0313689e+01
   6.9500000e+02   1.0314385e+01
   6.9600000e+02   1.0314877e+01
   6.9700000e+02   1.0314891e+01
   6.9800000e+02   1.0315316e+01
   6.9900000e+02   1.0315508e+01
   7.0000000e+02   1.0315882e+01
   7.0100000e+02   1.0315949e+01
   7.0200000e+02   1.0316196e+01
   7.0300000e+02   1.0316484e+01
   7.0400000e+02   1.0316629e+01
   7.0500000e+02   1.0316764e+01
   7.0600000e+02   1.0317016e+01
   7.0700000e+02   1.0316865e+01
   7.0800000e+02   1.0317000e+01
   7.0900000e+02   1.0317274e+01
   7.1000000e+02   1.0317076e+01
   7.1100000e+02   1.0316960e+01
   7.1200000e+02   1.0317153e+01
   7.1300000e+02   1.0317177e+01
   7.1400000e+02   1.0317263e+01
   7.1500000e+02   1.0317268e+01
   7.1600000e+02   1.0317245e+01
   7.1700000e+02   1.0317288e+01
   7.1800000e+02   1.0317279e+01
   7.1900000e+02   1.0317566e+01
   7.2000000e+02   1.0317106e+01
   7.2100000e+02   1.0317276e+01
   7.2200000e+02   1.0317404e+01
   7.2300000e+02   1.0317462e+01
   7.2400000e+02   1.0317189e+01
   7.2500000e+02   1.0317324e+01
   7.2600000e+02   1.0317368e+01
   7.2700000e+02   1.0317136e+01
   7.2800000e+02   1.0317155e+01
   7.2900000e+02   1.0317346e+01
   7.3000000e+02   1.0317307e+01
   7.3100000e+02   1.0317051e+01
   7.3200000e+02   1.0317363e+01
   7.3300000e+02   1.0317579e+01
   7.3400000e+02   1.0317539e+01
   7.3500000e+02   1.0317210e+01
   7.3600000e+02   1.0317513e+01
   7.3700000e+02   1.0317140e+01
   7.3800000e+02   1.0317255e+01
   7.3900000e+02   1.0316874e+01
   7.4000000e+02   1.0317575e+01
   7.4100000e+02   1.0317296e+01
   7.4200000e+02   1.0317136e+01
   7.4300000e+02   1.0317261e+01
   7.4400000e+02   1.0317646e+01
   7.4500000e+02   1.0317107e+01
   7.4600000e+02   1.0317120e+01
   7.4700000e+02   1.0317552e+01
   7.4800000e+02   1.0317543e+01
   7.4900000e+02   1.0316923e+01
   7.5000000e+02   1.0316845e+01
   7.5100000e+02   1.0316674e+01
   7.5200000e+02   1.0316913e+01
   7.5300000e+02   1.0317014e+01
   7.5400000e+02   1.0317303e+01
   7.5500000e+02   1.0317137e+01
   7.5600000e+02   1.0317147e+01
   7.5700000e+02   1.0317072e+01
   7.5800000e+02   1.0317541e+01
   7.5900000e+02   1.0317529e+01
   7.6000000e+02   1.0317513e+01
   7.6100000e+02   1.0317139e+01
   7.6200000e+02   1.0317024e+01
   7.6300000e+02   1.0316790e+01
   7.6400000e+02   1.0317145e+01
   7.6500000e+02   1.0317343e+01
   7.6600000e+02   1.0316572e+01
   7.6700000e+02   1.0316769e+01
   7.6800000e+02   1.0316997e+01
   7.6900000e+02   1.0317054e+01
   7.7000000e+02   1.0316870e+01
   7.7100000e+02   1.0317032e+01
   7.7200000e+02   1.0317270e+01
   7.7300000e+02   1.0317334e+01
   7.7400000e+02   1.0316950e+01
   7.7500000e+02   1.0316985e+01
   7.7600000e+02   1.0317418e+01
   7.7700000e+02   1.0317210e+01
   7.7800000e+02   1.0316865e+01
   7.7900000e+02   1.0316804e+01
   7.8000000e+02   1.0316910e+01
