   0.0000000e+00   1.0303857e+01
   1.0000000e+00   1.0300510e+01
   2.0000000e+00   1.0299493e+01
   3.0000000e+00   1.0298959e+01
   4.0000000e+00   1.0298909e+01
   5.0000000e+00   1.0298566e+01
   6.0000000e+00   1.0298487e+01
   7.0000000e+00   1.0298490e+01
   8.0000000e+00   1.0297857e+01
   9.0000000e+00   1.0297786e+01
   1.0000000e+01   1.0297572e+01
   1.1000000e+01   1.0297511e+01
   1.2000000e+01   1.0297268e+01
   1.3000000e+01   1.0297180e+01
   1.4000000e+01   1.0296912e+01
   1.5000000e+01   1.0296971e+01
   1.6000000e+01   1.0296662e+01
   1.7000000e+01   1.0296487e+01
   1.8000000e+01   1.0296515e+01
   1.9000000e+01   1.0296298e+01
   2.0000000e+01   1.0296189e+01
   2.1000000e+01   1.0295972e+01
   2.2000000e+01   1.0295970e+01
   2.3000000e+01   1.0295999e+01
   2.4000000e+01   1.0295993e+01
   2.5000000e+01   1.0295582e+01
   2.6000000e+01   1.0295675e+01
   2.7000000e+01   1.0295946e+01
   2.8000000e+01   1.0295793e+01
   2.9000000e+01   1.0295402e+01
   3.0000000e+01   1.0295803e+01
   3.1000000e+01   1.0295553e+01
   3.2000000e+01   1.0295388e+01
   3.3000000e+01   1.0295729e+01
   3.4000000e+01   1.0295504e+01
   3.5000000e+01   1.0295461e+01
   3.6000000e+01   1.0295348e+01
   3.7000000e+01   1.0295388e+01
   3.8000000e+01   1.0295130e+01
   3.9000000e+01   1.0295377e+01
   4.0000000e+01   1.0295230e+01
   4.1000000e+01   1.0295186e+01
   4.2000000e+01   1.0295162e+01
   4.3000000e+01   1.0294928e+01
   4.4000000e+01   1.0295051e+01
   4.5000000e+01   1.0295125e+01
   4.6000000e+01   1.0294797e+01
   4.7000000e+01   1.0294748e+01
   4.8000000e+01   1.0294643e+01
   4.9000000e+01   1.0294860e+01
   5.0000000e+01   1.0294820e+01
   5.1000000e+01   1.0294849e+01
   5.2000000e+01   1.0294807e+01
   5.3000000e+01   1.0294588e+01
   5.4000000e+01   1.0294456e+01
   5.5000000e+01   1.0294747e+01
   5.6000000e+01   1.0294624e+01
   5.7000000e+01   1.0294678e+01
   5.8000000e+01   1.0294624e+01
   5.9000000e+01   1.0294572e+01
   6.0000000e+01   1.0294517e+01
   6.1000000e+01   1.0294284e+01
   6.2000000e+01   1.0294592e+01
   6.3000000e+01   1.0294255e+01
   6.4000000e+01   1.0294611e+01
   6.5000000e+01   1.0294273e+01
   6.6000000e+01   1.0294204e+01
   6.7000000e+01   1.0294182e+01
   6.8000000e+01   1.0294239e+01
   6.9000000e+01   1.0294097e+01
   7.0000000e+01   1.0294209e+01
   7.1000000e+01   1.0293823e+01
   7.2000000e+01   1.0293967e+01
   7.3000000e+01   1.0294003e+01
   7.4000000e+01   1.0293945e+01
   7.5000000e+01   1.0293770e+01
   7.6000000e+01   1.0293607e+01
   7.7000000e+01   1.0293416e+01
   7.8000000e+01   1.0293827e+01
   7.9000000e+01   1.0293346e+01
   8.0000000e+01   1.0293874e+01
   8.1000000e+01   1.0293009e+01
   8.2000000e+01   1.0293646e+01
   8.3000000e+01   1.0293338e+01
   8.4000000e+01   1.0293761e+01
   8.5000000e+01   1.0293443e+01
   8.6000000e+01   1.0293202e+01
   8.7000000e+01   1.0293662e+01
   8.8000000e+01   1.0293631e+01
   8.9000000e+01   1.0293569e+01
   9.0000000e+01   1.0293661e+01
   9.1000000e+01   1.0293417e+01
   9.2000000e+01   1.0293432e+01
   9.3000000e+01   1.0293270e+01
   9.4000000e+01   1.0293241e+01
   9.5000000e+01   1.0293207e+01
   9.6000000e+01   1.0292900e+01
   9.7000000e+01   1.0293229e+01
   9.8000000e+01   1.0293098e+01
   9.9000000e+01   1.0293384e+01
   1.0000000e+02   1.0293308e+01
   1.0100000e+02   1.0293278e+01
   1.0200000e+02   1.0293282e+01
   1.0300000e+02   1.0293345e+01
   1.0400000e+02   1.0292981e+01
   1.0500000e+02   1.0292929e+01
   1.0600000e+02   1.0293339e+01
   1.0700000e+02   1.0293200e+01
   1.0800000e+02   1.0293318e+01
   1.0900000e+02   1.0293003e+01
   1.1000000e+02   1.0293061e+01
   1.1100000e+02   1.0293089e+01
   1.1200000e+02   1.0293111e+01
   1.1300000e+02   1.0293045e+01
   1.1400000e+02   1.0293216e+01
   1.1500000e+02   1.0293209e+01
   1.1600000e+02   1.0293116e+01
   1.1700000e+02   1.0293140e+01
   1.1800000e+02   1.0292987e+01
   1.1900000e+02   1.0292891e+01
   1.2000000e+02   1.0292944e+01
   1.2100000e+02   1.0293021e+01
   1.2200000e+02   1.0292839e+01
   1.2300000e+02   1.0292889e+01
   1.2400000e+02   1.0292869e+01
   1.2500000e+02   1.0292825e+01
   1.2600000e+02   1.0292921e+01
   1.2700000e+02   1.0292924e+01
   1.2800000e+02   1.0292854e+01
   1.2900000e+02   1.0292346e+01
   1.3000000e+02   1.0292604e+01
   1.3100000e+02   1.0292336e+01
   1.3200000e+02   1.0292542e+01
   1.3300000e+02   1.0292277e+01
   1.3400000e+02   1.0292416e+01
   1.3500000e+02   1.0292505e+01
   1.3600000e+02   1.0292307e+01
   1.3700000e+02   1.0292359e+01
   1.3800000e+02   1.0292381e+01
   1.3900000e+02   1.0292374e+01
   1.4000000e+02   1.0292314e+01
   1.4100000e+02   1.0292428e+01
   1.4200000e+02   1.0292028e+01
   1.4300000e+02   1.0291965e+01
   1.4400000e+02   1.0292137e+01
   1.4500000e+02   1.0292334e+01
   1.4600000e+02   1.0292370e+01
   1.4700000e+02   1.0292169e+01
   1.4800000e+02   1.0292439e+01
   1.4900000e+02   1.0292314e+01
   1.5000000e+02   1.0292185e+01
   1.5100000e+02   1.0292062e+01
   1.5200000e+02   1.0292189e+01
   1.5300000e+02   1.0292071e+01
   1.5400000e+02   1.0291970e+01
   1.5500000e+02   1.0292059e+01
   1.5600000e+02   1.0292161e+01
   1.5700000e+02   1.0292239e+01
   1.5800000e+02   1.0292099e+01
   1.5900000e+02   1.0291998e+01
   1.6000000e+02   1.0291702e+01
   1.6100000e+02   1.0292153e+01
   1.6200000e+02   1.0291777e+01
   1.6300000e+02   1.0292058e+01
   1.6400000e+02   1.0291759e+01
   1.6500000e+02   1.0291584e+01
   1.6600000e+02   1.0291510e+01
   1.6700000e+02   1.0282360e+01
   1.6800000e+02   1.0260427e+01
   1.6900000e+02   1.0250669e+01
   1.7000000e+02   1.0260440e+01
   1.7100000e+02   1.0273059e+01
   1.7200000e+02   1.0280644e+01
   1.7300000e+02   1.0285477e+01
   1.7400000e+02   1.0286929e+01
   1.7500000e+02   1.0288295e+01
   1.7600000e+02   1.0288942e+01
   1.7700000e+02   1.0289194e+01
   1.7800000e+02   1.0286673e+01
   1.7900000e+02   1.0250274e+01
   1.8000000e+02   1.0208966e+01
   1.8100000e+02   1.0208251e+01
   1.8200000e+02   1.0220940e+01
   1.8300000e+02   1.0229481e+01
   1.8400000e+02   1.0240172e+01
   1.8500000e+02   1.0248056e+01
   1.8600000e+02   1.0252512e+01
   1.8700000e+02   1.0251926e+01
   1.8800000e+02   1.0249330e+01
   1.8900000e+02   1.0246573e+01
   1.9000000e+02   1.0249829e+01
   1.9100000e+02   1.0259960e+01
   1.9200000e+02   1.0270774e+01
   1.9300000e+02   1.0277022e+01
   1.9400000e+02   1.0281888e+01
   1.9500000e+02   1.0285407e+01
   1.9600000e+02   1.0287969e+01
   1.9700000e+02   1.0288694e+01
   1.9800000e+02   1.0289262e+01
   1.9900000e+02   1.0289723e+01
   2.0000000e+02   1.0290157e+01
   2.0100000e+02   1.0290290e+01
   2.0200000e+02   1.0290294e+01
   2.0300000e+02   1.0290591e+01
   2.0400000e+02   1.0290717e+01
   2.0500000e+02   1.0290538e+01
   2.0600000e+02   1.0290436e+01
   2.0700000e+02   1.0290572e+01
   2.0800000e+02   1.0290755e+01
   2.0900000e+02   1.0290678e+01
   2.1000000e+02   1.0290704e+01
   2.1100000e+02   1.0290875e+01
   2.1200000e+02   1.0290519e+01
   2.1300000e+02   1.0290939e+01
   2.1400000e+02   1.0290674e+01
   2.1500000e+02   1.0291018e+01
   2.1600000e+02   1.0290504e+01
   2.1700000e+02   1.0290768e+01
   2.1800000e+02   1.0290622e+01
   2.1900000e+02   1.0290953e+01
   2.2000000e+02   1.0290825e+01
   2.2100000e+02   1.0290749e+01
   2.2200000e+02   1.0290498e+01
   2.2300000e+02   1.0290943e+01
   2.2400000e+02   1.0290910e+01
   2.2500000e+02   1.0290733e+01
   2.2600000e+02   1.0290757e+01
   2.2700000e+02   1.0290681e+01
   2.2800000e+02   1.0290522e+01
   2.2900000e+02   1.0290487e+01
   2.3000000e+02   1.0290568e+01
   2.3100000e+02   1.0290763e+01
   2.3200000e+02   1.0290683e+01
   2.3300000e+02   1.0290805e+01
   2.3400000e+02   1.0290613e+01
   2.3500000e+02   1.0290735e+01
   2.3600000e+02   1.0290765e+01
   2.3700000e+02   1.0290690e+01
   2.3800000e+02   1.0290640e+01
   2.3900000e+02   1.0290723e+01
   2.4000000e+02   1.0290387e+01
   2.4100000e+02   1.0290674e+01
   2.4200000e+02   1.0290243e+01
   2.4300000e+02   1.0290430e+01
   2.4400000e+02   1.0289740e+01
   2.4500000e+02   1.0288981e+01
   2.4600000e+02   1.0288546e+01
   2.4700000e+02   1.0287801e+01
   2.4800000e+02   1.0287113e+01
   2.4900000e+02   1.0286456e+01
   2.5000000e+02   1.0286438e+01
   2.5100000e+02   1.0286422e+01
   2.5200000e+02   1.0286795e+01
   2.5300000e+02   1.0287039e+01
   2.5400000e+02   1.0286922e+01
   2.5500000e+02   1.0287064e+01
   2.5600000e+02   1.0286767e+01
   2.5700000e+02   1.0286727e+01
   2.5800000e+02   1.0286350e+01
   2.5900000e+02   1.0286223e+01
   2.6000000e+02   1.0285971e+01
   2.6100000e+02   1.0285845e+01
   2.6200000e+02   1.0285761e+01
   2.6300000e+02   1.0285843e+01
   2.6400000e+02   1.0285566e+01
   2.6500000e+02   1.0286006e+01
   2.6600000e+02   1.0286157e+01
   2.6700000e+02   1.0286184e+01
   2.6800000e+02   1.0286821e+01
   2.6900000e+02   1.0287399e+01
   2.7000000e+02   1.0287577e+01
   2.7100000e+02   1.0287704e+01
   2.7200000e+02   1.0288198e+01
   2.7300000e+02   1.0288333e+01
   2.7400000e+02   1.0288292e+01
   2.7500000e+02   1.0288559e+01
   2.7600000e+02   1.0288625e+01
   2.7700000e+02   1.0288625e+01
   2.7800000e+02   1.0288889e+01
   2.7900000e+02   1.0289098e+01
   2.8000000e+02   1.0288991e+01
   2.8100000e+02   1.0289275e+01
   2.8200000e+02   1.0289478e+01
   2.8300000e+02   1.0289253e+01
   2.8400000e+02   1.0289622e+01
   2.8500000e+02   1.0289539e+01
   2.8600000e+02   1.0289702e+01
   2.8700000e+02   1.0289458e+01
   2.8800000e+02   1.0289572e+01
   2.8900000e+02   1.0289598e+01
   2.9000000e+02   1.0289700e+01
   2.9100000e+02   1.0289325e+01
   2.9200000e+02   1.0289362e+01
   2.9300000e+02   1.0289388e+01
   2.9400000e+02   1.0290000e+01
   2.9500000e+02   1.0289824e+01
   2.9600000e+02   1.0289861e+01
   2.9700000e+02   1.0289511e+01
   2.9800000e+02   1.0289729e+01
   2.9900000e+02   1.0289427e+01
   3.0000000e+02   1.0288901e+01
   3.0100000e+02   1.0288768e+01
   3.0200000e+02   1.0287543e+01
   3.0300000e+02   1.0286588e+01
   3.0400000e+02   1.0285345e+01
   3.0500000e+02   1.0283366e+01
   3.0600000e+02   1.0281179e+01
   3.0700000e+02   1.0278107e+01
   3.0800000e+02   1.0274509e+01
   3.0900000e+02   1.0270936e+01
   3.1000000e+02   1.0267358e+01
   3.1100000e+02   1.0264738e+01
   3.1200000e+02   1.0263403e+01
   3.1300000e+02   1.0262300e+01
   3.1400000e+02   1.0261346e+01
   3.1500000e+02   1.0259871e+01
   3.1600000e+02   1.0257459e+01
   3.1700000e+02   1.0253570e+01
   3.1800000e+02   1.0249105e+01
   3.1900000e+02   1.0244615e+01
   3.2000000e+02   1.0240716e+01
   3.2100000e+02   1.0237545e+01
   3.2200000e+02   1.0235935e+01
   3.2300000e+02   1.0236114e+01
   3.2400000e+02   1.0237066e+01
   3.2500000e+02   1.0239615e+01
   3.2600000e+02   1.0243326e+01
   3.2700000e+02   1.0247836e+01
   3.2800000e+02   1.0252866e+01
   3.2900000e+02   1.0258245e+01
   3.3000000e+02   1.0263061e+01
   3.3100000e+02   1.0267188e+01
   3.3200000e+02   1.0270794e+01
   3.3300000e+02   1.0272810e+01
   3.3400000e+02   1.0274276e+01
   3.3500000e+02   1.0274754e+01
   3.3600000e+02   1.0274376e+01
   3.3700000e+02   1.0273567e+01
   3.3800000e+02   1.0273334e+01
   3.3900000e+02   1.0272778e+01
   3.4000000e+02   1.0273612e+01
   3.4100000e+02   1.0274305e+01
   3.4200000e+02   1.0275422e+01
   3.4300000e+02   1.0277071e+01
   3.4400000e+02   1.0279170e+01
   3.4500000e+02   1.0280629e+01
   3.4600000e+02   1.0282478e+01
   3.4700000e+02   1.0283701e+01
   3.4800000e+02   1.0284997e+01
   3.4900000e+02   1.0285652e+01
   3.5000000e+02   1.0286310e+01
   3.5100000e+02   1.0287323e+01
   3.5200000e+02   1.0287622e+01
   3.5300000e+02   1.0287634e+01
   3.5400000e+02   1.0288132e+01
   3.5500000e+02   1.0288006e+01
   3.5600000e+02   1.0287991e+01
   3.5700000e+02   1.0287876e+01
   3.5800000e+02   1.0287492e+01
   3.5900000e+02   1.0287334e+01
   3.6000000e+02   1.0287006e+01
   3.6100000e+02   1.0286712e+01
   3.6200000e+02   1.0286861e+01
   3.6300000e+02   1.0286679e+01
   3.6400000e+02   1.0286789e+01
   3.6500000e+02   1.0286726e+01
   3.6600000e+02   1.0286819e+01
   3.6700000e+02   1.0287166e+01
   3.6800000e+02   1.0287538e+01
   3.6900000e+02   1.0287719e+01
   3.7000000e+02   1.0287964e+01
   3.7100000e+02   1.0288301e+01
   3.7200000e+02   1.0288538e+01
   3.7300000e+02   1.0288652e+01
   3.7400000e+02   1.0288780e+01
   3.7500000e+02   1.0289023e+01
   3.7600000e+02   1.0289254e+01
   3.7700000e+02   1.0289029e+01
   3.7800000e+02   1.0289273e+01
   3.7900000e+02   1.0289207e+01
   3.8000000e+02   1.0289098e+01
   3.8100000e+02   1.0289016e+01
   3.8200000e+02   1.0288961e+01
   3.8300000e+02   1.0288764e+01
   3.8400000e+02   1.0288542e+01
   3.8500000e+02   1.0288217e+01
   3.8600000e+02   1.0287544e+01
   3.8700000e+02   1.0287550e+01
   3.8800000e+02   1.0287098e+01
   3.8900000e+02   1.0286671e+01
   3.9000000e+02   1.0286417e+01
   3.9100000e+02   1.0286611e+01
   3.9200000e+02   1.0286145e+01
   3.9300000e+02   1.0286484e+01
   3.9400000e+02   1.0286554e+01
   3.9500000e+02   1.0286943e+01
   3.9600000e+02   1.0286909e+01
   3.9700000e+02   1.0287572e+01
   3.9800000e+02   1.0287642e+01
   3.9900000e+02   1.0287759e+01
   4.0000000e+02   1.0288140e+01
   4.0100000e+02   1.0288390e+01
   4.0200000e+02   1.0288466e+01
   4.0300000e+02   1.0288576e+01
   4.0400000e+02   1.0288691e+01
   4.0500000e+02   1.0288729e+01
   4.0600000e+02   1.0288911e+01
   4.0700000e+02   1.0288574e+01
   4.0800000e+02   1.0288818e+01
   4.0900000e+02   1.0288805e+01
   4.1000000e+02   1.0288809e+01
   4.1100000e+02   1.0289016e+01
   4.1200000e+02   1.0288707e+01
   4.1300000e+02   1.0288906e+01
   4.1400000e+02   1.0288997e+01
   4.1500000e+02   1.0288857e+01
   4.1600000e+02   1.0289092e+01
   4.1700000e+02   1.0289105e+01
   4.1800000e+02   1.0289196e+01
   4.1900000e+02   1.0289070e+01
   4.2000000e+02   1.0288924e+01
   4.2100000e+02   1.0288816e+01
   4.2200000e+02   1.0288669e+01
   4.2300000e+02   1.0288684e+01
   4.2400000e+02   1.0288685e+01
   4.2500000e+02   1.0288801e+01
   4.2600000e+02   1.0288717e+01
   4.2700000e+02   1.0288412e+01
   4.2800000e+02   1.0288313e+01
   4.2900000e+02   1.0288612e+01
   4.3000000e+02   1.0288441e+01
   4.3100000e+02   1.0288433e+01
   4.3200000e+02   1.0288267e+01
   4.3300000e+02   1.0288215e+01
   4.3400000e+02   1.0287866e+01
   4.3500000e+02   1.0287142e+01
   4.3600000e+02   1.0286312e+01
   4.3700000e+02   1.0284574e+01
   4.3800000e+02   1.0281759e+01
   4.3900000e+02   1.0277520e+01
   4.4000000e+02   1.0271051e+01
   4.4100000e+02   1.0261664e+01
   4.4200000e+02   1.0249422e+01
   4.4300000e+02   1.0234454e+01
   4.4400000e+02   1.0216621e+01
   4.4500000e+02   1.0197966e+01
   4.4600000e+02   1.0179805e+01
   4.4700000e+02   1.0163868e+01
   4.4800000e+02   1.0152066e+01
   4.4900000e+02   1.0145420e+01
   4.5000000e+02   1.0143754e+01
   4.5100000e+02   1.0147475e+01
   4.5200000e+02   1.0155411e+01
   4.5300000e+02   1.0166129e+01
   4.5400000e+02   1.0179585e+01
   4.5500000e+02   1.0193417e+01
   4.5600000e+02   1.0207295e+01
   4.5700000e+02   1.0219893e+01
   4.5800000e+02   1.0232275e+01
   4.5900000e+02   1.0241688e+01
   4.6000000e+02   1.0250115e+01
   4.6100000e+02   1.0257485e+01
   4.6200000e+02   1.0263070e+01
   4.6300000e+02   1.0267757e+01
   4.6400000e+02   1.0271588e+01
   4.6500000e+02   1.0274148e+01
   4.6600000e+02   1.0276396e+01
   4.6700000e+02   1.0278742e+01
   4.6800000e+02   1.0279988e+01
   4.6900000e+02   1.0281743e+01
   4.7000000e+02   1.0283113e+01
   4.7100000e+02   1.0283831e+01
   4.7200000e+02   1.0285022e+01
   4.7300000e+02   1.0285589e+01
   4.7400000e+02   1.0286101e+01
   4.7500000e+02   1.0286867e+01
   4.7600000e+02   1.0287066e+01
   4.7700000e+02   1.0287108e+01
   4.7800000e+02   1.0287542e+01
   4.7900000e+02   1.0287428e+01
   4.8000000e+02   1.0287613e+01
   4.8100000e+02   1.0288106e+01
   4.8200000e+02   1.0288130e+01
   4.8300000e+02   1.0288226e+01
   4.8400000e+02   1.0288180e+01
   4.8500000e+02   1.0287705e+01
   4.8600000e+02   1.0287742e+01
   4.8700000e+02   1.0288138e+01
   4.8800000e+02   1.0288165e+01
   4.8900000e+02   1.0287944e+01
   4.9000000e+02   1.0288059e+01
   4.9100000e+02   1.0288089e+01
   4.9200000e+02   1.0287760e+01
   4.9300000e+02   1.0288312e+01
   4.9400000e+02   1.0287838e+01
   4.9500000e+02   1.0288109e+01
   4.9600000e+02   1.0287949e+01
   4.9700000e+02   1.0288099e+01
   4.9800000e+02   1.0288018e+01
   4.9900000e+02   1.0287957e+01
   5.0000000e+02   1.0288454e+01
   5.0100000e+02   1.0287863e+01
   5.0200000e+02   1.0287837e+01
   5.0300000e+02   1.0288629e+01
   5.0400000e+02   1.0287809e+01
   5.0500000e+02   1.0288211e+01
   5.0600000e+02   1.0288661e+01
   5.0700000e+02   1.0287704e+01
   5.0800000e+02   1.0288378e+01
   5.0900000e+02   1.0287831e+01
   5.1000000e+02   1.0288287e+01
   5.1100000e+02   1.0287712e+01
   5.1200000e+02   1.0288059e+01
   5.1300000e+02   1.0288208e+01
   5.1400000e+02   1.0287771e+01
   5.1500000e+02   1.0288163e+01
   5.1600000e+02   1.0288193e+01
   5.1700000e+02   1.0287713e+01
   5.1800000e+02   1.0288407e+01
   5.1900000e+02   1.0287701e+01
   5.2000000e+02   1.0288307e+01
   5.2100000e+02   1.0288243e+01
   5.2200000e+02   1.0287524e+01
   5.2300000e+02   1.0287776e+01
   5.2400000e+02   1.0288323e+01
   5.2500000e+02   1.0287781e+01
   5.2600000e+02   1.0287635e+01
   5.2700000e+02   1.0288454e+01
   5.2800000e+02   1.0288074e+01
   5.2900000e+02   1.0287730e+01
   5.3000000e+02   1.0288508e+01
   5.3100000e+02   1.0287669e+01
   5.3200000e+02   1.0288370e+01
   5.3300000e+02   1.0288160e+01
   5.3400000e+02   1.0288202e+01
   5.3500000e+02   1.0287977e+01
   5.3600000e+02   1.0287831e+01
   5.3700000e+02   1.0288526e+01
   5.3800000e+02   1.0288193e+01
   5.3900000e+02   1.0288313e+01
   5.4000000e+02   1.0287861e+01
   5.4100000e+02   1.0288477e+01
   5.4200000e+02   1.0288107e+01
   5.4300000e+02   1.0288149e+01
   5.4400000e+02   1.0287863e+01
   5.4500000e+02   1.0287933e+01
   5.4600000e+02   1.0288029e+01
   5.4700000e+02   1.0287852e+01
   5.4800000e+02   1.0287857e+01
   5.4900000e+02   1.0287814e+01
   5.5000000e+02   1.0288018e+01
   5.5100000e+02   1.0288154e+01
   5.5200000e+02   1.0287766e+01
   5.5300000e+02   1.0287728e+01
   5.5400000e+02   1.0287963e+01
   5.5500000e+02   1.0288004e+01
   5.5600000e+02   1.0287457e+01
   5.5700000e+02   1.0287932e+01
   5.5800000e+02   1.0287690e+01
   5.5900000e+02   1.0287879e+01
   5.6000000e+02   1.0287790e+01
   5.6100000e+02   1.0287771e+01
   5.6200000e+02   1.0288146e+01
   5.6300000e+02   1.0287510e+01
   5.6400000e+02   1.0288082e+01
   5.6500000e+02   1.0287972e+01
   5.6600000e+02   1.0287898e+01
   5.6700000e+02   1.0287711e+01
   5.6800000e+02   1.0287688e+01
   5.6900000e+02   1.0287755e+01
   5.7000000e+02   1.0287473e+01
   5.7100000e+02   1.0287660e+01
   5.7200000e+02   1.0287535e+01
   5.7300000e+02   1.0287640e+01
   5.7400000e+02   1.0287557e+01
   5.7500000e+02   1.0287426e+01
   5.7600000e+02   1.0287300e+01
   5.7700000e+02   1.0287467e+01
   5.7800000e+02   1.0287483e+01
   5.7900000e+02   1.0287440e+01
   5.8000000e+02   1.0287347e+01
   5.8100000e+02   1.0287479e+01
   5.8200000e+02   1.0287478e+01
   5.8300000e+02   1.0287614e+01
   5.8400000e+02   1.0287498e+01
   5.8500000e+02   1.0287694e+01
   5.8600000e+02   1.0287586e+01
   5.8700000e+02   1.0287503e+01
   5.8800000e+02   1.0287414e+01
   5.8900000e+02   1.0287444e+01
   5.9000000e+02   1.0287398e+01
   5.9100000e+02   1.0287433e+01
   5.9200000e+02   1.0287169e+01
   5.9300000e+02   1.0286764e+01
   5.9400000e+02   1.0287462e+01
   5.9500000e+02   1.0287313e+01
   5.9600000e+02   1.0287555e+01
   5.9700000e+02   1.0287253e+01
   5.9800000e+02   1.0287235e+01
   5.9900000e+02   1.0287581e+01
   6.0000000e+02   1.0287428e+01
   6.0100000e+02   1.0287533e+01
   6.0200000e+02   1.0287429e+01
   6.0300000e+02   1.0287287e+01
   6.0400000e+02   1.0287250e+01
   6.0500000e+02   1.0287400e+01
   6.0600000e+02   1.0287177e+01
   6.0700000e+02   1.0287673e+01
   6.0800000e+02   1.0287263e+01
   6.0900000e+02   1.0287076e+01
   6.1000000e+02   1.0287116e+01
   6.1100000e+02   1.0287331e+01
   6.1200000e+02   1.0287430e+01
   6.1300000e+02   1.0287147e+01
   6.1400000e+02   1.0287323e+01
   6.1500000e+02   1.0287335e+01
   6.1600000e+02   1.0287069e+01
   6.1700000e+02   1.0287280e+01
   6.1800000e+02   1.0287137e+01
   6.1900000e+02   1.0287355e+01
   6.2000000e+02   1.0287499e+01
   6.2100000e+02   1.0287863e+01
   6.2200000e+02   1.0287128e+01
   6.2300000e+02   1.0287264e+01
   6.2400000e+02   1.0287363e+01
   6.2500000e+02   1.0287240e+01
   6.2600000e+02   1.0287312e+01
   6.2700000e+02   1.0287437e+01
   6.2800000e+02   1.0287412e+01
   6.2900000e+02   1.0287216e+01
   6.3000000e+02   1.0287283e+01
   6.3100000e+02   1.0287118e+01
   6.3200000e+02   1.0287136e+01
   6.3300000e+02   1.0287400e+01
   6.3400000e+02   1.0287292e+01
   6.3500000e+02   1.0287058e+01
   6.3600000e+02   1.0287382e+01
   6.3700000e+02   1.0287424e+01
   6.3800000e+02   1.0287209e+01
   6.3900000e+02   1.0287092e+01
   6.4000000e+02   1.0287090e+01
   6.4100000e+02   1.0287355e+01
   6.4200000e+02   1.0287241e+01
   6.4300000e+02   1.0287070e+01
   6.4400000e+02   1.0287547e+01
   6.4500000e+02   1.0287007e+01
   6.4600000e+02   1.0286991e+01
   6.4700000e+02   1.0287259e+01
   6.4800000e+02   1.0286997e+01
   6.4900000e+02   1.0286989e+01
   6.5000000e+02   1.0287056e+01
   6.5100000e+02   1.0287264e+01
   6.5200000e+02   1.0287139e+01
   6.5300000e+02   1.0287020e+01
   6.5400000e+02   1.0286869e+01
   6.5500000e+02   1.0286873e+01
   6.5600000e+02   1.0287117e+01
   6.5700000e+02   1.0286977e+01
   6.5800000e+02   1.0286831e+01
   6.5900000e+02   1.0286911e+01
   6.6000000e+02   1.0286895e+01
   6.6100000e+02   1.0286893e+01
   6.6200000e+02   1.0286778e+01
   6.6300000e+02   1.0286963e+01
   6.6400000e+02   1.0286973e+01
   6.6500000e+02   1.0286648e+01
   6.6600000e+02   1.0286592e+01
   6.6700000e+02   1.0286935e+01
   6.6800000e+02   1.0286606e+01
   6.6900000e+02   1.0286747e+01
   6.7000000e+02   1.0286502e+01
   6.7100000e+02   1.0286181e+01
   6.7200000e+02   1.0285687e+01
   6.7300000e+02   1.0284952e+01
   6.7400000e+02   1.0284415e+01
   6.7500000e+02   1.0283948e+01
   6.7600000e+02   1.0282679e+01
   6.7700000e+02   1.0281596e+01
   6.7800000e+02   1.0280518e+01
   6.7900000e+02   1.0278857e+01
   6.8000000e+02   1.0277416e+01
   6.8100000e+02   1.0276073e+01
   6.8200000e+02   1.0274452e+01
   6.8300000e+02   1.0273141e+01
   6.8400000e+02   1.0272262e+01
   6.8500000e+02   1.0271043e+01
   6.8600000e+02   1.0270587e+01
   6.8700000e+02   1.0270410e+01
   6.8800000e+02   1.0270321e+01
   6.8900000e+02   1.0270656e+01
   6.9000000e+02   1.0270792e+01
   6.9100000e+02   1.0271949e+01
   6.9200000e+02   1.0272884e+01
   6.9300000e+02   1.0273796e+01
   6.9400000e+02   1.0275095e+01
   6.9500000e+02   1.0276019e+01
   6.9600000e+02   1.0277402e+01
   6.9700000e+02   1.0278421e+01
   6.9800000e+02   1.0279000e+01
   6.9900000e+02   1.0280624e+01
   7.0000000e+02   1.0281557e+01
   7.0100000e+02   1.0282050e+01
   7.0200000e+02   1.0283368e+01
   7.0300000e+02   1.0283429e+01
   7.0400000e+02   1.0284000e+01
   7.0500000e+02   1.0284392e+01
   7.0600000e+02   1.0284809e+01
   7.0700000e+02   1.0284996e+01
   7.0800000e+02   1.0285284e+01
   7.0900000e+02   1.0285207e+01
   7.1000000e+02   1.0285741e+01
   7.1100000e+02   1.0285568e+01
   7.1200000e+02   1.0285769e+01
   7.1300000e+02   1.0286352e+01
   7.1400000e+02   1.0286083e+01
   7.1500000e+02   1.0286257e+01
   7.1600000e+02   1.0286319e+01
   7.1700000e+02   1.0286170e+01
   7.1800000e+02   1.0285989e+01
   7.1900000e+02   1.0286529e+01
   7.2000000e+02   1.0286223e+01
   7.2100000e+02   1.0286262e+01
   7.2200000e+02   1.0286708e+01
   7.2300000e+02   1.0286167e+01
   7.2400000e+02   1.0286327e+01
   7.2500000e+02   1.0286500e+01
   7.2600000e+02   1.0285916e+01
   7.2700000e+02   1.0286566e+01
   7.2800000e+02   1.0286320e+01
   7.2900000e+02   1.0286163e+01
   7.3000000e+02   1.0286404e+01
   7.3100000e+02   1.0286304e+01
   7.3200000e+02   1.0286408e+01
   7.3300000e+02   1.0286413e+01
   7.3400000e+02   1.0286098e+01
   7.3500000e+02   1.0286368e+01
   7.3600000e+02   1.0286650e+01
   7.3700000e+02   1.0286166e+01
   7.3800000e+02   1.0286400e+01
   7.3900000e+02   1.0286323e+01
   7.4000000e+02   1.0286219e+01
   7.4100000e+02   1.0286641e+01
   7.4200000e+02   1.0286710e+01
   7.4300000e+02   1.0286367e+01
   7.4400000e+02   1.0285882e+01
   7.4500000e+02   1.0286203e+01
   7.4600000e+02   1.0286368e+01
   7.4700000e+02   1.0286534e+01
   7.4800000e+02   1.0286190e+01
   7.4900000e+02   1.0286149e+01
   7.5000000e+02   1.0286313e+01
   7.5100000e+02   1.0286240e+01
   7.5200000e+02   1.0285725e+01
   7.5300000e+02   1.0286486e+01
   7.5400000e+02   1.0286259e+01
   7.5500000e+02   1.0286326e+01
   7.5600000e+02   1.0286335e+01
   7.5700000e+02   1.0286298e+01
   7.5800000e+02   1.0286011e+01
   7.5900000e+02   1.0286248e+01
   7.6000000e+02   1.0286201e+01
   7.6100000e+02   1.0286134e+01
   7.6200000e+02   1.0286318e+01
   7.6300000e+02   1.0285988e+01
   7.6400000e+02   1.0286547e+01
   7.6500000e+02   1.0286317e+01
   7.6600000e+02   1.0286436e+01
   7.6700000e+02   1.0286419e+01
   7.6800000e+02   1.0286271e+01
   7.6900000e+02   1.0286342e+01
   7.7000000e+02   1.0286176e+01
   7.7100000e+02   1.0286258e+01
   7.7200000e+02   1.0286436e+01
   7.7300000e+02   1.0286291e+01
   7.7400000e+02   1.0286249e+01
   7.7500000e+02   1.0286093e+01
   7.7600000e+02   1.0286347e+01
   7.7700000e+02   1.0286356e+01
   7.7800000e+02   1.0286142e+01
   7.7900000e+02   1.0286218e+01
   7.8000000e+02   1.0286683e+01
