   0.0000000e+00   1.0318506e+01
   1.0000000e+00   1.0314467e+01
   2.0000000e+00   1.0314042e+01
   3.0000000e+00   1.0313163e+01
   4.0000000e+00   1.0312891e+01
   5.0000000e+00   1.0312572e+01
   6.0000000e+00   1.0312022e+01
   7.0000000e+00   1.0312284e+01
   8.0000000e+00   1.0312586e+01
   9.0000000e+00   1.0311977e+01
   1.0000000e+01   1.0312129e+01
   1.1000000e+01   1.0311554e+01
   1.2000000e+01   1.0311494e+01
   1.3000000e+01   1.0311097e+01
   1.4000000e+01   1.0311180e+01
   1.5000000e+01   1.0310986e+01
   1.6000000e+01   1.0311143e+01
   1.7000000e+01   1.0310901e+01
   1.8000000e+01   1.0310611e+01
   1.9000000e+01   1.0310768e+01
   2.0000000e+01   1.0310405e+01
   2.1000000e+01   1.0310551e+01
   2.2000000e+01   1.0310437e+01
   2.3000000e+01   1.0310530e+01
   2.4000000e+01   1.0310241e+01
   2.5000000e+01   1.0310041e+01
   2.6000000e+01   1.0310151e+01
   2.7000000e+01   1.0309920e+01
   2.8000000e+01   1.0309600e+01
   2.9000000e+01   1.0309673e+01
   3.0000000e+01   1.0309825e+01
   3.1000000e+01   1.0309418e+01
   3.2000000e+01   1.0309525e+01
   3.3000000e+01   1.0309312e+01
   3.4000000e+01   1.0309137e+01
   3.5000000e+01   1.0309510e+01
   3.6000000e+01   1.0308927e+01
   3.7000000e+01   1.0309306e+01
   3.8000000e+01   1.0309111e+01
   3.9000000e+01   1.0309074e+01
   4.0000000e+01   1.0309149e+01
   4.1000000e+01   1.0308579e+01
   4.2000000e+01   1.0309082e+01
   4.3000000e+01   1.0308919e+01
   4.4000000e+01   1.0308619e+01
   4.5000000e+01   1.0308500e+01
   4.6000000e+01   1.0308413e+01
   4.7000000e+01   1.0308558e+01
   4.8000000e+01   1.0308750e+01
   4.9000000e+01   1.0308672e+01
   5.0000000e+01   1.0308424e+01
   5.1000000e+01   1.0308430e+01
   5.2000000e+01   1.0308794e+01
   5.3000000e+01   1.0308576e+01
   5.4000000e+01   1.0308669e+01
   5.5000000e+01   1.0308130e+01
   5.6000000e+01   1.0307825e+01
   5.7000000e+01   1.0307894e+01
   5.8000000e+01   1.0308298e+01
   5.9000000e+01   1.0307965e+01
   6.0000000e+01   1.0307771e+01
   6.1000000e+01   1.0307574e+01
   6.2000000e+01   1.0307604e+01
   6.3000000e+01   1.0308003e+01
   6.4000000e+01   1.0307689e+01
   6.5000000e+01   1.0307342e+01
   6.6000000e+01   1.0307644e+01
   6.7000000e+01   1.0308020e+01
   6.8000000e+01   1.0308234e+01
   6.9000000e+01   1.0307732e+01
   7.0000000e+01   1.0307739e+01
   7.1000000e+01   1.0307665e+01
   7.2000000e+01   1.0307011e+01
   7.3000000e+01   1.0307618e+01
   7.4000000e+01   1.0307314e+01
   7.5000000e+01   1.0307220e+01
   7.6000000e+01   1.0307048e+01
   7.7000000e+01   1.0307090e+01
   7.8000000e+01   1.0306863e+01
   7.9000000e+01   1.0307541e+01
   8.0000000e+01   1.0307339e+01
   8.1000000e+01   1.0306671e+01
   8.2000000e+01   1.0306869e+01
   8.3000000e+01   1.0306873e+01
   8.4000000e+01   1.0306949e+01
   8.5000000e+01   1.0307092e+01
   8.6000000e+01   1.0307103e+01
   8.7000000e+01   1.0307210e+01
   8.8000000e+01   1.0306914e+01
   8.9000000e+01   1.0306524e+01
   9.0000000e+01   1.0306895e+01
   9.1000000e+01   1.0306829e+01
   9.2000000e+01   1.0306505e+01
   9.3000000e+01   1.0307297e+01
   9.4000000e+01   1.0306435e+01
   9.5000000e+01   1.0306986e+01
   9.6000000e+01   1.0306644e+01
   9.7000000e+01   1.0306632e+01
   9.8000000e+01   1.0306843e+01
   9.9000000e+01   1.0306446e+01
   1.0000000e+02   1.0307008e+01
   1.0100000e+02   1.0306117e+01
   1.0200000e+02   1.0306576e+01
   1.0300000e+02   1.0306278e+01
   1.0400000e+02   1.0306480e+01
   1.0500000e+02   1.0306779e+01
   1.0600000e+02   1.0306480e+01
   1.0700000e+02   1.0306273e+01
   1.0800000e+02   1.0306213e+01
   1.0900000e+02   1.0306423e+01
   1.1000000e+02   1.0306184e+01
   1.1100000e+02   1.0306386e+01
   1.1200000e+02   1.0306076e+01
   1.1300000e+02   1.0306194e+01
   1.1400000e+02   1.0306307e+01
   1.1500000e+02   1.0306065e+01
   1.1600000e+02   1.0306089e+01
   1.1700000e+02   1.0306046e+01
   1.1800000e+02   1.0306159e+01
   1.1900000e+02   1.0305962e+01
   1.2000000e+02   1.0306097e+01
   1.2100000e+02   1.0305611e+01
   1.2200000e+02   1.0305924e+01
   1.2300000e+02   1.0305578e+01
   1.2400000e+02   1.0305614e+01
   1.2500000e+02   1.0305681e+01
   1.2600000e+02   1.0305979e+01
   1.2700000e+02   1.0305728e+01
   1.2800000e+02   1.0305810e+01
   1.2900000e+02   1.0306194e+01
   1.3000000e+02   1.0305859e+01
   1.3100000e+02   1.0306018e+01
   1.3200000e+02   1.0305640e+01
   1.3300000e+02   1.0305661e+01
   1.3400000e+02   1.0305817e+01
   1.3500000e+02   1.0305784e+01
   1.3600000e+02   1.0305633e+01
   1.3700000e+02   1.0305875e+01
   1.3800000e+02   1.0305356e+01
   1.3900000e+02   1.0305361e+01
   1.4000000e+02   1.0305454e+01
   1.4100000e+02   1.0305499e+01
   1.4200000e+02   1.0305245e+01
   1.4300000e+02   1.0305381e+01
   1.4400000e+02   1.0305248e+01
   1.4500000e+02   1.0305313e+01
   1.4600000e+02   1.0305285e+01
   1.4700000e+02   1.0305294e+01
   1.4800000e+02   1.0305116e+01
   1.4900000e+02   1.0305117e+01
   1.5000000e+02   1.0305237e+01
   1.5100000e+02   1.0305066e+01
   1.5200000e+02   1.0305356e+01
   1.5300000e+02   1.0305413e+01
   1.5400000e+02   1.0304896e+01
   1.5500000e+02   1.0305530e+01
   1.5600000e+02   1.0304573e+01
   1.5700000e+02   1.0305187e+01
   1.5800000e+02   1.0305248e+01
   1.5900000e+02   1.0304582e+01
   1.6000000e+02   1.0305173e+01
   1.6100000e+02   1.0304978e+01
   1.6200000e+02   1.0305209e+01
   1.6300000e+02   1.0305131e+01
   1.6400000e+02   1.0304849e+01
   1.6500000e+02   1.0304921e+01
   1.6600000e+02   1.0303970e+01
   1.6700000e+02   1.0295616e+01
   1.6800000e+02   1.0276319e+01
   1.6900000e+02   1.0269835e+01
   1.7000000e+02   1.0279970e+01
   1.7100000e+02   1.0291281e+01
   1.7200000e+02   1.0296561e+01
   1.7300000e+02   1.0298471e+01
   1.7400000e+02   1.0298924e+01
   1.7500000e+02   1.0299921e+01
   1.7600000e+02   1.0300398e+01
   1.7700000e+02   1.0301141e+01
   1.7800000e+02   1.0297147e+01
   1.7900000e+02   1.0254934e+01
   1.8000000e+02   1.0224178e+01
   1.8100000e+02   1.0232922e+01
   1.8200000e+02   1.0237729e+01
   1.8300000e+02   1.0243268e+01
   1.8400000e+02   1.0250811e+01
   1.8500000e+02   1.0253762e+01
   1.8600000e+02   1.0253635e+01
   1.8700000e+02   1.0253190e+01
   1.8800000e+02   1.0258924e+01
   1.8900000e+02   1.0269405e+01
   1.9000000e+02   1.0279329e+01
   1.9100000e+02   1.0285827e+01
   1.9200000e+02   1.0290548e+01
   1.9300000e+02   1.0293674e+01
   1.9400000e+02   1.0295249e+01
   1.9500000e+02   1.0296673e+01
   1.9600000e+02   1.0298031e+01
   1.9700000e+02   1.0298768e+01
   1.9800000e+02   1.0299325e+01
   1.9900000e+02   1.0300183e+01
   2.0000000e+02   1.0300832e+01
   2.0100000e+02   1.0300968e+01
   2.0200000e+02   1.0301593e+01
   2.0300000e+02   1.0301864e+01
   2.0400000e+02   1.0302338e+01
   2.0500000e+02   1.0302629e+01
   2.0600000e+02   1.0303292e+01
   2.0700000e+02   1.0303746e+01
   2.0800000e+02   1.0303804e+01
   2.0900000e+02   1.0303402e+01
   2.1000000e+02   1.0303860e+01
   2.1100000e+02   1.0304028e+01
   2.1200000e+02   1.0304013e+01
   2.1300000e+02   1.0303846e+01
   2.1400000e+02   1.0304105e+01
   2.1500000e+02   1.0304043e+01
   2.1600000e+02   1.0304088e+01
   2.1700000e+02   1.0303926e+01
   2.1800000e+02   1.0303711e+01
   2.1900000e+02   1.0303908e+01
   2.2000000e+02   1.0304007e+01
   2.2100000e+02   1.0303962e+01
   2.2200000e+02   1.0303954e+01
   2.2300000e+02   1.0304022e+01
   2.2400000e+02   1.0303762e+01
   2.2500000e+02   1.0303981e+01
   2.2600000e+02   1.0303908e+01
   2.2700000e+02   1.0304005e+01
   2.2800000e+02   1.0303988e+01
   2.2900000e+02   1.0303758e+01
   2.3000000e+02   1.0303903e+01
   2.3100000e+02   1.0303800e+01
   2.3200000e+02   1.0303972e+01
   2.3300000e+02   1.0303919e+01
   2.3400000e+02   1.0303960e+01
   2.3500000e+02   1.0304015e+01
   2.3600000e+02   1.0303804e+01
   2.3700000e+02   1.0303672e+01
   2.3800000e+02   1.0303989e+01
   2.3900000e+02   1.0303876e+01
   2.4000000e+02   1.0303711e+01
   2.4100000e+02   1.0303667e+01
   2.4200000e+02   1.0303449e+01
   2.4300000e+02   1.0303172e+01
   2.4400000e+02   1.0302871e+01
   2.4500000e+02   1.0302350e+01
   2.4600000e+02   1.0301720e+01
   2.4700000e+02   1.0301058e+01
   2.4800000e+02   1.0300645e+01
   2.4900000e+02   1.0300392e+01
   2.5000000e+02   1.0300395e+01
   2.5100000e+02   1.0300448e+01
   2.5200000e+02   1.0300640e+01
   2.5300000e+02   1.0300997e+01
   2.5400000e+02   1.0300802e+01
   2.5500000e+02   1.0301011e+01
   2.5600000e+02   1.0300801e+01
   2.5700000e+02   1.0300437e+01
   2.5800000e+02   1.0300308e+01
   2.5900000e+02   1.0299877e+01
   2.6000000e+02   1.0299911e+01
   2.6100000e+02   1.0299660e+01
   2.6200000e+02   1.0299632e+01
   2.6300000e+02   1.0299571e+01
   2.6400000e+02   1.0299274e+01
   2.6500000e+02   1.0299495e+01
   2.6600000e+02   1.0299791e+01
   2.6700000e+02   1.0300290e+01
   2.6800000e+02   1.0300506e+01
   2.6900000e+02   1.0301086e+01
   2.7000000e+02   1.0300979e+01
   2.7100000e+02   1.0301080e+01
   2.7200000e+02   1.0301411e+01
   2.7300000e+02   1.0301012e+01
   2.7400000e+02   1.0301513e+01
   2.7500000e+02   1.0301458e+01
   2.7600000e+02   1.0301629e+01
   2.7700000e+02   1.0301816e+01
   2.7800000e+02   1.0301810e+01
   2.7900000e+02   1.0301697e+01
   2.8000000e+02   1.0302296e+01
   2.8100000e+02   1.0301777e+01
   2.8200000e+02   1.0302019e+01
   2.8300000e+02   1.0302062e+01
   2.8400000e+02   1.0302151e+01
   2.8500000e+02   1.0302167e+01
   2.8600000e+02   1.0302299e+01
   2.8700000e+02   1.0302200e+01
   2.8800000e+02   1.0302360e+01
   2.8900000e+02   1.0302431e+01
   2.9000000e+02   1.0302431e+01
   2.9100000e+02   1.0302328e+01
   2.9200000e+02   1.0302054e+01
   2.9300000e+02   1.0302556e+01
   2.9400000e+02   1.0302404e+01
   2.9500000e+02   1.0302480e+01
   2.9600000e+02   1.0302692e+01
   2.9700000e+02   1.0302613e+01
   2.9800000e+02   1.0302456e+01
   2.9900000e+02   1.0302205e+01
   3.0000000e+02   1.0302000e+01
   3.0100000e+02   1.0301662e+01
   3.0200000e+02   1.0300788e+01
   3.0300000e+02   1.0300050e+01
   3.0400000e+02   1.0298618e+01
   3.0500000e+02   1.0296843e+01
   3.0600000e+02   1.0294767e+01
   3.0700000e+02   1.0291989e+01
   3.0800000e+02   1.0288723e+01
   3.0900000e+02   1.0285797e+01
   3.1000000e+02   1.0283191e+01
   3.1100000e+02   1.0281365e+01
   3.1200000e+02   1.0280318e+01
   3.1300000e+02   1.0279883e+01
   3.1400000e+02   1.0279181e+01
   3.1500000e+02   1.0277065e+01
   3.1600000e+02   1.0274008e+01
   3.1700000e+02   1.0269892e+01
   3.1800000e+02   1.0264968e+01
   3.1900000e+02   1.0260492e+01
   3.2000000e+02   1.0257516e+01
   3.2100000e+02   1.0255700e+01
   3.2200000e+02   1.0255013e+01
   3.2300000e+02   1.0255604e+01
   3.2400000e+02   1.0256720e+01
   3.2500000e+02   1.0259728e+01
   3.2600000e+02   1.0262669e+01
   3.2700000e+02   1.0266049e+01
   3.2800000e+02   1.0269509e+01
   3.2900000e+02   1.0273251e+01
   3.3000000e+02   1.0276375e+01
   3.3100000e+02   1.0278841e+01
   3.3200000e+02   1.0280943e+01
   3.3300000e+02   1.0282267e+01
   3.3400000e+02   1.0282423e+01
   3.3500000e+02   1.0282963e+01
   3.3600000e+02   1.0282854e+01
   3.3700000e+02   1.0283019e+01
   3.3800000e+02   1.0283193e+01
   3.3900000e+02   1.0284044e+01
   3.4000000e+02   1.0285257e+01
   3.4100000e+02   1.0286762e+01
   3.4200000e+02   1.0288451e+01
   3.4300000e+02   1.0289848e+01
   3.4400000e+02   1.0291289e+01
   3.4500000e+02   1.0292902e+01
   3.4600000e+02   1.0294243e+01
   3.4700000e+02   1.0295111e+01
   3.4800000e+02   1.0295956e+01
   3.4900000e+02   1.0296981e+01
   3.5000000e+02   1.0297674e+01
   3.5100000e+02   1.0298188e+01
   3.5200000e+02   1.0298751e+01
   3.5300000e+02   1.0299318e+01
   3.5400000e+02   1.0299625e+01
   3.5500000e+02   1.0299757e+01
   3.5600000e+02   1.0299802e+01
   3.5700000e+02   1.0300011e+01
   3.5800000e+02   1.0299614e+01
   3.5900000e+02   1.0299393e+01
   3.6000000e+02   1.0299481e+01
   3.6100000e+02   1.0299446e+01
   3.6200000e+02   1.0299148e+01
   3.6300000e+02   1.0299411e+01
   3.6400000e+02   1.0299710e+01
   3.6500000e+02   1.0299891e+01
   3.6600000e+02   1.0300312e+01
   3.6700000e+02   1.0300623e+01
   3.6800000e+02   1.0300966e+01
   3.6900000e+02   1.0300944e+01
   3.7000000e+02   1.0300883e+01
   3.7100000e+02   1.0301269e+01
   3.7200000e+02   1.0301428e+01
   3.7300000e+02   1.0301165e+01
   3.7400000e+02   1.0301549e+01
   3.7500000e+02   1.0301811e+01
   3.7600000e+02   1.0301739e+01
   3.7700000e+02   1.0301598e+01
   3.7800000e+02   1.0301473e+01
   3.7900000e+02   1.0301750e+01
   3.8000000e+02   1.0301738e+01
   3.8100000e+02   1.0301566e+01
   3.8200000e+02   1.0301822e+01
   3.8300000e+02   1.0301291e+01
   3.8400000e+02   1.0301171e+01
   3.8500000e+02   1.0300857e+01
   3.8600000e+02   1.0300639e+01
   3.8700000e+02   1.0300375e+01
   3.8800000e+02   1.0300199e+01
   3.8900000e+02   1.0299955e+01
   3.9000000e+02   1.0300135e+01
   3.9100000e+02   1.0300067e+01
   3.9200000e+02   1.0299925e+01
   3.9300000e+02   1.0300205e+01
   3.9400000e+02   1.0300493e+01
   3.9500000e+02   1.0300690e+01
   3.9600000e+02   1.0300734e+01
   3.9700000e+02   1.0300615e+01
   3.9800000e+02   1.0300979e+01
   3.9900000e+02   1.0301144e+01
   4.0000000e+02   1.0301256e+01
   4.0100000e+02   1.0301333e+01
   4.0200000e+02   1.0301230e+01
   4.0300000e+02   1.0301467e+01
   4.0400000e+02   1.0301563e+01
   4.0500000e+02   1.0301657e+01
   4.0600000e+02   1.0301404e+01
   4.0700000e+02   1.0301849e+01
   4.0800000e+02   1.0301375e+01
   4.0900000e+02   1.0301753e+01
   4.1000000e+02   1.0301556e+01
   4.1100000e+02   1.0301722e+01
   4.1200000e+02   1.0301819e+01
   4.1300000e+02   1.0301944e+01
   4.1400000e+02   1.0301818e+01
   4.1500000e+02   1.0301814e+01
   4.1600000e+02   1.0301873e+01
   4.1700000e+02   1.0301724e+01
   4.1800000e+02   1.0301781e+01
   4.1900000e+02   1.0301696e+01
   4.2000000e+02   1.0301496e+01
   4.2100000e+02   1.0301714e+01
   4.2200000e+02   1.0301678e+01
   4.2300000e+02   1.0301428e+01
   4.2400000e+02   1.0301697e+01
   4.2500000e+02   1.0301740e+01
   4.2600000e+02   1.0301497e+01
   4.2700000e+02   1.0301858e+01
   4.2800000e+02   1.0301712e+01
   4.2900000e+02   1.0301767e+01
   4.3000000e+02   1.0301773e+01
   4.3100000e+02   1.0301819e+01
   4.3200000e+02   1.0301442e+01
   4.3300000e+02   1.0301123e+01
   4.3400000e+02   1.0300810e+01
   4.3500000e+02   1.0299955e+01
   4.3600000e+02   1.0298682e+01
   4.3700000e+02   1.0296092e+01
   4.3800000e+02   1.0292725e+01
   4.3900000e+02   1.0287326e+01
   4.4000000e+02   1.0279452e+01
   4.4100000e+02   1.0269501e+01
   4.4200000e+02   1.0257367e+01
   4.4300000e+02   1.0243532e+01
   4.4400000e+02   1.0229301e+01
   4.4500000e+02   1.0215933e+01
   4.4600000e+02   1.0204964e+01
   4.4700000e+02   1.0197574e+01
   4.4800000e+02   1.0193673e+01
   4.4900000e+02   1.0194173e+01
   4.5000000e+02   1.0197868e+01
   4.5100000e+02   1.0203840e+01
   4.5200000e+02   1.0211367e+01
   4.5300000e+02   1.0219570e+01
   4.5400000e+02   1.0227791e+01
   4.5500000e+02   1.0235669e+01
   4.5600000e+02   1.0242796e+01
   4.5700000e+02   1.0249380e+01
   4.5800000e+02   1.0255414e+01
   4.5900000e+02   1.0260665e+01
   4.6000000e+02   1.0265375e+01
   4.6100000e+02   1.0269558e+01
   4.6200000e+02   1.0273446e+01
   4.6300000e+02   1.0276544e+01
   4.6400000e+02   1.0279446e+01
   4.6500000e+02   1.0282225e+01
   4.6600000e+02   1.0284417e+01
   4.6700000e+02   1.0286198e+01
   4.6800000e+02   1.0287901e+01
   4.6900000e+02   1.0289990e+01
   4.7000000e+02   1.0291139e+01
   4.7100000e+02   1.0292802e+01
   4.7200000e+02   1.0294167e+01
   4.7300000e+02   1.0295204e+01
   4.7400000e+02   1.0296247e+01
   4.7500000e+02   1.0297249e+01
   4.7600000e+02   1.0297987e+01
   4.7700000e+02   1.0298677e+01
   4.7800000e+02   1.0299562e+01
   4.7900000e+02   1.0299899e+01
   4.8000000e+02   1.0300070e+01
   4.8100000e+02   1.0300640e+01
   4.8200000e+02   1.0300495e+01
   4.8300000e+02   1.0300868e+01
   4.8400000e+02   1.0300955e+01
   4.8500000e+02   1.0301060e+01
   4.8600000e+02   1.0301200e+01
   4.8700000e+02   1.0301169e+01
   4.8800000e+02   1.0301365e+01
   4.8900000e+02   1.0301375e+01
   4.9000000e+02   1.0301261e+01
   4.9100000e+02   1.0301225e+01
   4.9200000e+02   1.0301363e+01
   4.9300000e+02   1.0301360e+01
   4.9400000e+02   1.0301401e+01
   4.9500000e+02   1.0301265e+01
   4.9600000e+02   1.0301451e+01
   4.9700000e+02   1.0301411e+01
   4.9800000e+02   1.0301378e+01
   4.9900000e+02   1.0301430e+01
   5.0000000e+02   1.0301464e+01
   5.0100000e+02   1.0301484e+01
   5.0200000e+02   1.0301228e+01
   5.0300000e+02   1.0301271e+01
   5.0400000e+02   1.0301217e+01
   5.0500000e+02   1.0301251e+01
   5.0600000e+02   1.0301330e+01
   5.0700000e+02   1.0301312e+01
   5.0800000e+02   1.0301299e+01
   5.0900000e+02   1.0301285e+01
   5.1000000e+02   1.0301343e+01
   5.1100000e+02   1.0301192e+01
   5.1200000e+02   1.0301310e+01
   5.1300000e+02   1.0301294e+01
   5.1400000e+02   1.0301383e+01
   5.1500000e+02   1.0301086e+01
   5.1600000e+02   1.0301049e+01
   5.1700000e+02   1.0301179e+01
   5.1800000e+02   1.0301107e+01
   5.1900000e+02   1.0301153e+01
   5.2000000e+02   1.0301492e+01
   5.2100000e+02   1.0301038e+01
   5.2200000e+02   1.0301066e+01
   5.2300000e+02   1.0301271e+01
   5.2400000e+02   1.0301110e+01
   5.2500000e+02   1.0301135e+01
   5.2600000e+02   1.0301345e+01
   5.2700000e+02   1.0301240e+01
   5.2800000e+02   1.0301247e+01
   5.2900000e+02   1.0300984e+01
   5.3000000e+02   1.0300815e+01
   5.3100000e+02   1.0301231e+01
   5.3200000e+02   1.0301044e+01
   5.3300000e+02   1.0301068e+01
   5.3400000e+02   1.0301107e+01
   5.3500000e+02   1.0301018e+01
   5.3600000e+02   1.0300987e+01
   5.3700000e+02   1.0301149e+01
   5.3800000e+02   1.0301185e+01
   5.3900000e+02   1.0301022e+01
   5.4000000e+02   1.0301045e+01
   5.4100000e+02   1.0300836e+01
   5.4200000e+02   1.0300876e+01
   5.4300000e+02   1.0300904e+01
   5.4400000e+02   1.0300881e+01
   5.4500000e+02   1.0300941e+01
   5.4600000e+02   1.0300917e+01
   5.4700000e+02   1.0300782e+01
   5.4800000e+02   1.0300864e+01
   5.4900000e+02   1.0300889e+01
   5.5000000e+02   1.0300839e+01
   5.5100000e+02   1.0300852e+01
   5.5200000e+02   1.0301062e+01
   5.5300000e+02   1.0301000e+01
   5.5400000e+02   1.0300938e+01
   5.5500000e+02   1.0300710e+01
   5.5600000e+02   1.0300804e+01
   5.5700000e+02   1.0300685e+01
   5.5800000e+02   1.0300748e+01
   5.5900000e+02   1.0300565e+01
   5.6000000e+02   1.0301130e+01
   5.6100000e+02   1.0300865e+01
   5.6200000e+02   1.0300653e+01
   5.6300000e+02   1.0300987e+01
   5.6400000e+02   1.0300827e+01
   5.6500000e+02   1.0300819e+01
   5.6600000e+02   1.0300720e+01
   5.6700000e+02   1.0300834e+01
   5.6800000e+02   1.0300698e+01
   5.6900000e+02   1.0300700e+01
   5.7000000e+02   1.0300727e+01
   5.7100000e+02   1.0300622e+01
   5.7200000e+02   1.0301101e+01
   5.7300000e+02   1.0300503e+01
   5.7400000e+02   1.0300808e+01
   5.7500000e+02   1.0300542e+01
   5.7600000e+02   1.0300782e+01
   5.7700000e+02   1.0300717e+01
   5.7800000e+02   1.0300967e+01
   5.7900000e+02   1.0300481e+01
   5.8000000e+02   1.0300432e+01
   5.8100000e+02   1.0300785e+01
   5.8200000e+02   1.0300739e+01
   5.8300000e+02   1.0300362e+01
   5.8400000e+02   1.0300461e+01
   5.8500000e+02   1.0300408e+01
   5.8600000e+02   1.0300353e+01
   5.8700000e+02   1.0300511e+01
   5.8800000e+02   1.0300516e+01
   5.8900000e+02   1.0300877e+01
   5.9000000e+02   1.0300662e+01
   5.9100000e+02   1.0300509e+01
   5.9200000e+02   1.0300530e+01
   5.9300000e+02   1.0300623e+01
   5.9400000e+02   1.0300433e+01
   5.9500000e+02   1.0300235e+01
   5.9600000e+02   1.0300169e+01
   5.9700000e+02   1.0300668e+01
   5.9800000e+02   1.0300531e+01
   5.9900000e+02   1.0300715e+01
   6.0000000e+02   1.0300608e+01
   6.0100000e+02   1.0300488e+01
   6.0200000e+02   1.0300678e+01
   6.0300000e+02   1.0300628e+01
   6.0400000e+02   1.0300406e+01
   6.0500000e+02   1.0300426e+01
   6.0600000e+02   1.0300503e+01
   6.0700000e+02   1.0300564e+01
   6.0800000e+02   1.0300357e+01
   6.0900000e+02   1.0300222e+01
   6.1000000e+02   1.0300452e+01
   6.1100000e+02   1.0300584e+01
   6.1200000e+02   1.0300409e+01
   6.1300000e+02   1.0300859e+01
   6.1400000e+02   1.0300672e+01
   6.1500000e+02   1.0300543e+01
   6.1600000e+02   1.0300315e+01
   6.1700000e+02   1.0300298e+01
   6.1800000e+02   1.0300829e+01
   6.1900000e+02   1.0300459e+01
   6.2000000e+02   1.0300602e+01
   6.2100000e+02   1.0300443e+01
   6.2200000e+02   1.0300118e+01
   6.2300000e+02   1.0300201e+01
   6.2400000e+02   1.0300387e+01
   6.2500000e+02   1.0300479e+01
   6.2600000e+02   1.0300331e+01
   6.2700000e+02   1.0300601e+01
   6.2800000e+02   1.0300756e+01
   6.2900000e+02   1.0300012e+01
   6.3000000e+02   1.0300225e+01
   6.3100000e+02   1.0300314e+01
   6.3200000e+02   1.0300793e+01
   6.3300000e+02   1.0300181e+01
   6.3400000e+02   1.0300567e+01
   6.3500000e+02   1.0300561e+01
   6.3600000e+02   1.0300170e+01
   6.3700000e+02   1.0300605e+01
   6.3800000e+02   1.0300835e+01
   6.3900000e+02   1.0300665e+01
   6.4000000e+02   1.0300595e+01
   6.4100000e+02   1.0300415e+01
   6.4200000e+02   1.0300449e+01
   6.4300000e+02   1.0300650e+01
   6.4400000e+02   1.0300513e+01
   6.4500000e+02   1.0300297e+01
   6.4600000e+02   1.0300749e+01
   6.4700000e+02   1.0300598e+01
   6.4800000e+02   1.0300477e+01
   6.4900000e+02   1.0300507e+01
   6.5000000e+02   1.0300605e+01
   6.5100000e+02   1.0300169e+01
   6.5200000e+02   1.0300611e+01
   6.5300000e+02   1.0300651e+01
   6.5400000e+02   1.0300551e+01
   6.5500000e+02   1.0300476e+01
   6.5600000e+02   1.0300353e+01
   6.5700000e+02   1.0300564e+01
   6.5800000e+02   1.0300325e+01
   6.5900000e+02   1.0300419e+01
   6.6000000e+02   1.0300519e+01
   6.6100000e+02   1.0300390e+01
   6.6200000e+02   1.0300386e+01
   6.6300000e+02   1.0300432e+01
   6.6400000e+02   1.0300321e+01
   6.6500000e+02   1.0300235e+01
   6.6600000e+02   1.0300084e+01
   6.6700000e+02   1.0300129e+01
   6.6800000e+02   1.0300001e+01
   6.6900000e+02   1.0299879e+01
   6.7000000e+02   1.0299554e+01
   6.7100000e+02   1.0299183e+01
   6.7200000e+02   1.0298777e+01
   6.7300000e+02   1.0298034e+01
   6.7400000e+02   1.0297545e+01
   6.7500000e+02   1.0297023e+01
   6.7600000e+02   1.0296226e+01
   6.7700000e+02   1.0295316e+01
   6.7800000e+02   1.0294471e+01
   6.7900000e+02   1.0293699e+01
   6.8000000e+02   1.0292602e+01
   6.8100000e+02   1.0291824e+01
   6.8200000e+02   1.0291820e+01
   6.8300000e+02   1.0291354e+01
   6.8400000e+02   1.0290981e+01
   6.8500000e+02   1.0290806e+01
   6.8600000e+02   1.0291020e+01
   6.8700000e+02   1.0291432e+01
   6.8800000e+02   1.0291246e+01
   6.8900000e+02   1.0291737e+01
   6.9000000e+02   1.0292802e+01
   6.9100000e+02   1.0292892e+01
   6.9200000e+02   1.0293304e+01
   6.9300000e+02   1.0294143e+01
   6.9400000e+02   1.0294452e+01
   6.9500000e+02   1.0295104e+01
   6.9600000e+02   1.0295400e+01
   6.9700000e+02   1.0295875e+01
   6.9800000e+02   1.0296783e+01
   6.9900000e+02   1.0296700e+01
   7.0000000e+02   1.0297283e+01
   7.0100000e+02   1.0297559e+01
   7.0200000e+02   1.0297884e+01
   7.0300000e+02   1.0298195e+01
   7.0400000e+02   1.0298303e+01
   7.0500000e+02   1.0298469e+01
   7.0600000e+02   1.0298751e+01
   7.0700000e+02   1.0298955e+01
   7.0800000e+02   1.0299070e+01
   7.0900000e+02   1.0299072e+01
   7.1000000e+02   1.0299199e+01
   7.1100000e+02   1.0299442e+01
   7.1200000e+02   1.0299513e+01
   7.1300000e+02   1.0299579e+01
   7.1400000e+02   1.0299551e+01
   7.1500000e+02   1.0299814e+01
   7.1600000e+02   1.0299572e+01
   7.1700000e+02   1.0299966e+01
   7.1800000e+02   1.0299711e+01
   7.1900000e+02   1.0300126e+01
   7.2000000e+02   1.0299782e+01
   7.2100000e+02   1.0299893e+01
   7.2200000e+02   1.0299892e+01
   7.2300000e+02   1.0299756e+01
   7.2400000e+02   1.0300106e+01
   7.2500000e+02   1.0300000e+01
   7.2600000e+02   1.0300075e+01
   7.2700000e+02   1.0299762e+01
   7.2800000e+02   1.0299933e+01
   7.2900000e+02   1.0299988e+01
   7.3000000e+02   1.0299986e+01
   7.3100000e+02   1.0300147e+01
   7.3200000e+02   1.0299966e+01
   7.3300000e+02   1.0299982e+01
   7.3400000e+02   1.0299884e+01
   7.3500000e+02   1.0300081e+01
   7.3600000e+02   1.0300081e+01
   7.3700000e+02   1.0299803e+01
   7.3800000e+02   1.0300021e+01
   7.3900000e+02   1.0299956e+01
   7.4000000e+02   1.0300078e+01
   7.4100000e+02   1.0299904e+01
   7.4200000e+02   1.0299831e+01
   7.4300000e+02   1.0299932e+01
   7.4400000e+02   1.0299884e+01
   7.4500000e+02   1.0300024e+01
   7.4600000e+02   1.0299886e+01
   7.4700000e+02   1.0300153e+01
   7.4800000e+02   1.0299704e+01
   7.4900000e+02   1.0300010e+01
   7.5000000e+02   1.0299920e+01
   7.5100000e+02   1.0300034e+01
   7.5200000e+02   1.0299941e+01
   7.5300000e+02   1.0299665e+01
   7.5400000e+02   1.0299600e+01
   7.5500000e+02   1.0300096e+01
   7.5600000e+02   1.0299759e+01
   7.5700000e+02   1.0299763e+01
   7.5800000e+02   1.0299987e+01
   7.5900000e+02   1.0299973e+01
   7.6000000e+02   1.0299649e+01
   7.6100000e+02   1.0299720e+01
   7.6200000e+02   1.0299655e+01
   7.6300000e+02   1.0299684e+01
   7.6400000e+02   1.0299632e+01
   7.6500000e+02   1.0299907e+01
   7.6600000e+02   1.0299934e+01
   7.6700000e+02   1.0299767e+01
   7.6800000e+02   1.0299752e+01
   7.6900000e+02   1.0299767e+01
   7.7000000e+02   1.0299768e+01
   7.7100000e+02   1.0299563e+01
   7.7200000e+02   1.0299872e+01
   7.7300000e+02   1.0299648e+01
   7.7400000e+02   1.0299862e+01
   7.7500000e+02   1.0299629e+01
   7.7600000e+02   1.0299613e+01
   7.7700000e+02   1.0299640e+01
   7.7800000e+02   1.0299553e+01
   7.7900000e+02   1.0299688e+01
   7.8000000e+02   1.0299660e+01
