   0.0000000e+00   1.0374737e+01
   1.0000000e+00   1.0371409e+01
   2.0000000e+00   1.0370937e+01
   3.0000000e+00   1.0370282e+01
   4.0000000e+00   1.0370260e+01
   5.0000000e+00   1.0369290e+01
   6.0000000e+00   1.0369121e+01
   7.0000000e+00   1.0368805e+01
   8.0000000e+00   1.0368498e+01
   9.0000000e+00   1.0368243e+01
   1.0000000e+01   1.0368082e+01
   1.1000000e+01   1.0367638e+01
   1.2000000e+01   1.0367598e+01
   1.3000000e+01   1.0367231e+01
   1.4000000e+01   1.0367279e+01
   1.5000000e+01   1.0366873e+01
   1.6000000e+01   1.0366944e+01
   1.7000000e+01   1.0366932e+01
   1.8000000e+01   1.0366656e+01
   1.9000000e+01   1.0366446e+01
   2.0000000e+01   1.0366748e+01
   2.1000000e+01   1.0366230e+01
   2.2000000e+01   1.0366299e+01
   2.3000000e+01   1.0366319e+01
   2.4000000e+01   1.0366226e+01
   2.5000000e+01   1.0366135e+01
   2.6000000e+01   1.0366068e+01
   2.7000000e+01   1.0366065e+01
   2.8000000e+01   1.0365736e+01
   2.9000000e+01   1.0365907e+01
   3.0000000e+01   1.0365886e+01
   3.1000000e+01   1.0365664e+01
   3.2000000e+01   1.0365633e+01
   3.3000000e+01   1.0365403e+01
   3.4000000e+01   1.0365339e+01
   3.5000000e+01   1.0365374e+01
   3.6000000e+01   1.0365176e+01
   3.7000000e+01   1.0365242e+01
   3.8000000e+01   1.0365433e+01
   3.9000000e+01   1.0365116e+01
   4.0000000e+01   1.0365110e+01
   4.1000000e+01   1.0365102e+01
   4.2000000e+01   1.0364959e+01
   4.3000000e+01   1.0365024e+01
   4.4000000e+01   1.0364844e+01
   4.5000000e+01   1.0364930e+01
   4.6000000e+01   1.0364738e+01
   4.7000000e+01   1.0364614e+01
   4.8000000e+01   1.0364886e+01
   4.9000000e+01   1.0364705e+01
   5.0000000e+01   1.0364363e+01
   5.1000000e+01   1.0364424e+01
   5.2000000e+01   1.0364236e+01
   5.3000000e+01   1.0364106e+01
   5.4000000e+01   1.0364478e+01
   5.5000000e+01   1.0364118e+01
   5.6000000e+01   1.0363964e+01
   5.7000000e+01   1.0363779e+01
   5.8000000e+01   1.0363784e+01
   5.9000000e+01   1.0363777e+01
   6.0000000e+01   1.0363721e+01
   6.1000000e+01   1.0363762e+01
   6.2000000e+01   1.0363493e+01
   6.3000000e+01   1.0363646e+01
   6.4000000e+01   1.0363517e+01
   6.5000000e+01   1.0363454e+01
   6.6000000e+01   1.0363457e+01
   6.7000000e+01   1.0363298e+01
   6.8000000e+01   1.0363228e+01
   6.9000000e+01   1.0363058e+01
   7.0000000e+01   1.0362921e+01
   7.1000000e+01   1.0363177e+01
   7.2000000e+01   1.0363091e+01
   7.3000000e+01   1.0362868e+01
   7.4000000e+01   1.0362793e+01
   7.5000000e+01   1.0362518e+01
   7.6000000e+01   1.0362262e+01
   7.7000000e+01   1.0362301e+01
   7.8000000e+01   1.0362291e+01
   7.9000000e+01   1.0362572e+01
   8.0000000e+01   1.0362443e+01
   8.1000000e+01   1.0362412e+01
   8.2000000e+01   1.0362314e+01
   8.3000000e+01   1.0362278e+01
   8.4000000e+01   1.0362365e+01
   8.5000000e+01   1.0362582e+01
   8.6000000e+01   1.0362098e+01
   8.7000000e+01   1.0362426e+01
   8.8000000e+01   1.0361982e+01
   8.9000000e+01   1.0361986e+01
   9.0000000e+01   1.0362263e+01
   9.1000000e+01   1.0361666e+01
   9.2000000e+01   1.0361962e+01
   9.3000000e+01   1.0361801e+01
   9.4000000e+01   1.0361634e+01
   9.5000000e+01   1.0361739e+01
   9.6000000e+01   1.0361590e+01
   9.7000000e+01   1.0361719e+01
   9.8000000e+01   1.0361612e+01
   9.9000000e+01   1.0361486e+01
   1.0000000e+02   1.0361513e+01
   1.0100000e+02   1.0361310e+01
   1.0200000e+02   1.0361388e+01
   1.0300000e+02   1.0361317e+01
   1.0400000e+02   1.0361333e+01
   1.0500000e+02   1.0361340e+01
   1.0600000e+02   1.0360925e+01
   1.0700000e+02   1.0361043e+01
   1.0800000e+02   1.0360736e+01
   1.0900000e+02   1.0360715e+01
   1.1000000e+02   1.0360818e+01
   1.1100000e+02   1.0360708e+01
   1.1200000e+02   1.0360744e+01
   1.1300000e+02   1.0360652e+01
   1.1400000e+02   1.0360498e+01
   1.1500000e+02   1.0360217e+01
   1.1600000e+02   1.0360413e+01
   1.1700000e+02   1.0360632e+01
   1.1800000e+02   1.0360457e+01
   1.1900000e+02   1.0360422e+01
   1.2000000e+02   1.0360229e+01
   1.2100000e+02   1.0360431e+01
   1.2200000e+02   1.0360485e+01
   1.2300000e+02   1.0360534e+01
   1.2400000e+02   1.0360370e+01
   1.2500000e+02   1.0360209e+01
   1.2600000e+02   1.0360619e+01
   1.2700000e+02   1.0360428e+01
   1.2800000e+02   1.0360391e+01
   1.2900000e+02   1.0360497e+01
   1.3000000e+02   1.0360171e+01
   1.3100000e+02   1.0360193e+01
   1.3200000e+02   1.0360222e+01
   1.3300000e+02   1.0360156e+01
   1.3400000e+02   1.0360024e+01
   1.3500000e+02   1.0359806e+01
   1.3600000e+02   1.0359764e+01
   1.3700000e+02   1.0359888e+01
   1.3800000e+02   1.0359745e+01
   1.3900000e+02   1.0359606e+01
   1.4000000e+02   1.0359698e+01
   1.4100000e+02   1.0359380e+01
   1.4200000e+02   1.0359615e+01
   1.4300000e+02   1.0359288e+01
   1.4400000e+02   1.0359431e+01
   1.4500000e+02   1.0359284e+01
   1.4600000e+02   1.0359320e+01
   1.4700000e+02   1.0359491e+01
   1.4800000e+02   1.0359092e+01
   1.4900000e+02   1.0359352e+01
   1.5000000e+02   1.0359327e+01
   1.5100000e+02   1.0359345e+01
   1.5200000e+02   1.0359430e+01
   1.5300000e+02   1.0359172e+01
   1.5400000e+02   1.0359209e+01
   1.5500000e+02   1.0359194e+01
   1.5600000e+02   1.0359077e+01
   1.5700000e+02   1.0358873e+01
   1.5800000e+02   1.0359120e+01
   1.5900000e+02   1.0358920e+01
   1.6000000e+02   1.0358831e+01
   1.6100000e+02   1.0358898e+01
   1.6200000e+02   1.0358756e+01
   1.6300000e+02   1.0358585e+01
   1.6400000e+02   1.0358609e+01
   1.6500000e+02   1.0358749e+01
   1.6600000e+02   1.0357440e+01
   1.6700000e+02   1.0351722e+01
   1.6800000e+02   1.0333145e+01
   1.6900000e+02   1.0321749e+01
   1.7000000e+02   1.0329812e+01
   1.7100000e+02   1.0341619e+01
   1.7200000e+02   1.0348721e+01
   1.7300000e+02   1.0351356e+01
   1.7400000e+02   1.0352549e+01
   1.7500000e+02   1.0353454e+01
   1.7600000e+02   1.0354013e+01
   1.7700000e+02   1.0354680e+01
   1.7800000e+02   1.0352370e+01
   1.7900000e+02   1.0318858e+01
   1.8000000e+02   1.0277713e+01
   1.8100000e+02   1.0278616e+01
   1.8200000e+02   1.0289119e+01
   1.8300000e+02   1.0294417e+01
   1.8400000e+02   1.0302825e+01
   1.8500000e+02   1.0307974e+01
   1.8600000e+02   1.0311772e+01
   1.8700000e+02   1.0314384e+01
   1.8800000e+02   1.0317324e+01
   1.8900000e+02   1.0321014e+01
   1.9000000e+02   1.0328261e+01
   1.9100000e+02   1.0334997e+01
   1.9200000e+02   1.0341506e+01
   1.9300000e+02   1.0346263e+01
   1.9400000e+02   1.0349119e+01
   1.9500000e+02   1.0351485e+01
   1.9600000e+02   1.0351988e+01
   1.9700000e+02   1.0352525e+01
   1.9800000e+02   1.0353723e+01
   1.9900000e+02   1.0353509e+01
   2.0000000e+02   1.0354087e+01
   2.0100000e+02   1.0354706e+01
   2.0200000e+02   1.0355266e+01
   2.0300000e+02   1.0356010e+01
   2.0400000e+02   1.0355618e+01
   2.0500000e+02   1.0356345e+01
   2.0600000e+02   1.0356747e+01
   2.0700000e+02   1.0357292e+01
   2.0800000e+02   1.0357108e+01
   2.0900000e+02   1.0357356e+01
   2.1000000e+02   1.0357266e+01
   2.1100000e+02   1.0357729e+01
   2.1200000e+02   1.0357522e+01
   2.1300000e+02   1.0357380e+01
   2.1400000e+02   1.0357119e+01
   2.1500000e+02   1.0357399e+01
   2.1600000e+02   1.0357478e+01
   2.1700000e+02   1.0356939e+01
   2.1800000e+02   1.0356757e+01
   2.1900000e+02   1.0356846e+01
   2.2000000e+02   1.0356836e+01
   2.2100000e+02   1.0356894e+01
   2.2200000e+02   1.0356775e+01
   2.2300000e+02   1.0356826e+01
   2.2400000e+02   1.0356626e+01
   2.2500000e+02   1.0356532e+01
   2.2600000e+02   1.0357031e+01
   2.2700000e+02   1.0356657e+01
   2.2800000e+02   1.0356824e+01
   2.2900000e+02   1.0356427e+01
   2.3000000e+02   1.0356149e+01
   2.3100000e+02   1.0356334e+01
   2.3200000e+02   1.0356319e+01
   2.3300000e+02   1.0356430e+01
   2.3400000e+02   1.0356237e+01
   2.3500000e+02   1.0356535e+01
   2.3600000e+02   1.0356098e+01
   2.3700000e+02   1.0356143e+01
   2.3800000e+02   1.0356307e+01
   2.3900000e+02   1.0356256e+01
   2.4000000e+02   1.0356023e+01
   2.4100000e+02   1.0355916e+01
   2.4200000e+02   1.0356017e+01
   2.4300000e+02   1.0355830e+01
   2.4400000e+02   1.0356221e+01
   2.4500000e+02   1.0355888e+01
   2.4600000e+02   1.0355471e+01
   2.4700000e+02   1.0355210e+01
   2.4800000e+02   1.0355188e+01
   2.4900000e+02   1.0355125e+01
   2.5000000e+02   1.0355074e+01
   2.5100000e+02   1.0354984e+01
   2.5200000e+02   1.0355092e+01
   2.5300000e+02   1.0355168e+01
   2.5400000e+02   1.0355097e+01
   2.5500000e+02   1.0355208e+01
   2.5600000e+02   1.0355254e+01
   2.5700000e+02   1.0354926e+01
   2.5800000e+02   1.0355096e+01
   2.5900000e+02   1.0354911e+01
   2.6000000e+02   1.0354772e+01
   2.6100000e+02   1.0354926e+01
   2.6200000e+02   1.0354891e+01
   2.6300000e+02   1.0354704e+01
   2.6400000e+02   1.0354706e+01
   2.6500000e+02   1.0355186e+01
   2.6600000e+02   1.0355151e+01
   2.6700000e+02   1.0355216e+01
   2.6800000e+02   1.0355169e+01
   2.6900000e+02   1.0355219e+01
   2.7000000e+02   1.0355427e+01
   2.7100000e+02   1.0355326e+01
   2.7200000e+02   1.0355485e+01
   2.7300000e+02   1.0355424e+01
   2.7400000e+02   1.0355413e+01
   2.7500000e+02   1.0355384e+01
   2.7600000e+02   1.0355544e+01
   2.7700000e+02   1.0355497e+01
   2.7800000e+02   1.0355524e+01
   2.7900000e+02   1.0355262e+01
   2.8000000e+02   1.0355674e+01
   2.8100000e+02   1.0355394e+01
   2.8200000e+02   1.0355624e+01
   2.8300000e+02   1.0355374e+01
   2.8400000e+02   1.0355003e+01
   2.8500000e+02   1.0355387e+01
   2.8600000e+02   1.0355091e+01
   2.8700000e+02   1.0355102e+01
   2.8800000e+02   1.0355160e+01
   2.8900000e+02   1.0355119e+01
   2.9000000e+02   1.0355418e+01
   2.9100000e+02   1.0354946e+01
   2.9200000e+02   1.0354996e+01
   2.9300000e+02   1.0354943e+01
   2.9400000e+02   1.0355300e+01
   2.9500000e+02   1.0355063e+01
   2.9600000e+02   1.0355199e+01
   2.9700000e+02   1.0355309e+01
   2.9800000e+02   1.0355529e+01
   2.9900000e+02   1.0355238e+01
   3.0000000e+02   1.0354957e+01
   3.0100000e+02   1.0354724e+01
   3.0200000e+02   1.0354456e+01
   3.0300000e+02   1.0353826e+01
   3.0400000e+02   1.0353146e+01
   3.0500000e+02   1.0352230e+01
   3.0600000e+02   1.0350970e+01
   3.0700000e+02   1.0349517e+01
   3.0800000e+02   1.0347991e+01
   3.0900000e+02   1.0346518e+01
   3.1000000e+02   1.0344996e+01
   3.1100000e+02   1.0344194e+01
   3.1200000e+02   1.0343954e+01
   3.1300000e+02   1.0343414e+01
   3.1400000e+02   1.0342876e+01
   3.1500000e+02   1.0341707e+01
   3.1600000e+02   1.0340081e+01
   3.1700000e+02   1.0338064e+01
   3.1800000e+02   1.0335334e+01
   3.1900000e+02   1.0333025e+01
   3.2000000e+02   1.0331663e+01
   3.2100000e+02   1.0330739e+01
   3.2200000e+02   1.0330417e+01
   3.2300000e+02   1.0330791e+01
   3.2400000e+02   1.0331835e+01
   3.2500000e+02   1.0333091e+01
   3.2600000e+02   1.0334859e+01
   3.2700000e+02   1.0336650e+01
   3.2800000e+02   1.0338562e+01
   3.2900000e+02   1.0340222e+01
   3.3000000e+02   1.0341901e+01
   3.3100000e+02   1.0343384e+01
   3.3200000e+02   1.0344520e+01
   3.3300000e+02   1.0344801e+01
   3.3400000e+02   1.0344905e+01
   3.3500000e+02   1.0345229e+01
   3.3600000e+02   1.0344999e+01
   3.3700000e+02   1.0344976e+01
   3.3800000e+02   1.0345110e+01
   3.3900000e+02   1.0345688e+01
   3.4000000e+02   1.0346139e+01
   3.4100000e+02   1.0347045e+01
   3.4200000e+02   1.0347845e+01
   3.4300000e+02   1.0348370e+01
   3.4400000e+02   1.0349489e+01
   3.4500000e+02   1.0349820e+01
   3.4600000e+02   1.0350487e+01
   3.4700000e+02   1.0350906e+01
   3.4800000e+02   1.0351397e+01
   3.4900000e+02   1.0352162e+01
   3.5000000e+02   1.0352083e+01
   3.5100000e+02   1.0352538e+01
   3.5200000e+02   1.0352858e+01
   3.5300000e+02   1.0353048e+01
   3.5400000e+02   1.0353400e+01
   3.5500000e+02   1.0353268e+01
   3.5600000e+02   1.0353324e+01
   3.5700000e+02   1.0353620e+01
   3.5800000e+02   1.0352994e+01
   3.5900000e+02   1.0353365e+01
   3.6000000e+02   1.0352991e+01
   3.6100000e+02   1.0353347e+01
   3.6200000e+02   1.0352714e+01
   3.6300000e+02   1.0353176e+01
   3.6400000e+02   1.0353203e+01
   3.6500000e+02   1.0352790e+01
   3.6600000e+02   1.0353475e+01
   3.6700000e+02   1.0353931e+01
   3.6800000e+02   1.0353458e+01
   3.6900000e+02   1.0353212e+01
   3.7000000e+02   1.0353797e+01
   3.7100000e+02   1.0353867e+01
   3.7200000e+02   1.0353283e+01
   3.7300000e+02   1.0353764e+01
   3.7400000e+02   1.0353823e+01
   3.7500000e+02   1.0353806e+01
   3.7600000e+02   1.0354083e+01
   3.7700000e+02   1.0354039e+01
   3.7800000e+02   1.0353503e+01
   3.7900000e+02   1.0353516e+01
   3.8000000e+02   1.0353670e+01
   3.8100000e+02   1.0353586e+01
   3.8200000e+02   1.0353232e+01
   3.8300000e+02   1.0353323e+01
   3.8400000e+02   1.0353500e+01
   3.8500000e+02   1.0353145e+01
   3.8600000e+02   1.0352935e+01
   3.8700000e+02   1.0352921e+01
   3.8800000e+02   1.0352412e+01
   3.8900000e+02   1.0352358e+01
   3.9000000e+02   1.0352541e+01
   3.9100000e+02   1.0352804e+01
   3.9200000e+02   1.0352610e+01
   3.9300000e+02   1.0352528e+01
   3.9400000e+02   1.0353003e+01
   3.9500000e+02   1.0352730e+01
   3.9600000e+02   1.0353194e+01
   3.9700000e+02   1.0352797e+01
   3.9800000e+02   1.0353393e+01
   3.9900000e+02   1.0352496e+01
   4.0000000e+02   1.0353073e+01
   4.0100000e+02   1.0352805e+01
   4.0200000e+02   1.0353080e+01
   4.0300000e+02   1.0353373e+01
   4.0400000e+02   1.0352907e+01
   4.0500000e+02   1.0353389e+01
   4.0600000e+02   1.0353417e+01
   4.0700000e+02   1.0353263e+01
   4.0800000e+02   1.0353477e+01
   4.0900000e+02   1.0353379e+01
   4.1000000e+02   1.0353489e+01
   4.1100000e+02   1.0353374e+01
   4.1200000e+02   1.0353593e+01
   4.1300000e+02   1.0353524e+01
   4.1400000e+02   1.0353560e+01
   4.1500000e+02   1.0353465e+01
   4.1600000e+02   1.0353023e+01
   4.1700000e+02   1.0353684e+01
   4.1800000e+02   1.0353181e+01
   4.1900000e+02   1.0353100e+01
   4.2000000e+02   1.0353945e+01
   4.2100000e+02   1.0352975e+01
   4.2200000e+02   1.0353431e+01
   4.2300000e+02   1.0352664e+01
   4.2400000e+02   1.0353492e+01
   4.2500000e+02   1.0352825e+01
   4.2600000e+02   1.0352899e+01
   4.2700000e+02   1.0352766e+01
   4.2800000e+02   1.0352747e+01
   4.2900000e+02   1.0352836e+01
   4.3000000e+02   1.0352636e+01
   4.3100000e+02   1.0352575e+01
   4.3200000e+02   1.0352290e+01
   4.3300000e+02   1.0351733e+01
   4.3400000e+02   1.0350891e+01
   4.3500000e+02   1.0349575e+01
   4.3600000e+02   1.0347025e+01
   4.3700000e+02   1.0343119e+01
   4.3800000e+02   1.0337269e+01
   4.3900000e+02   1.0328702e+01
   4.4000000e+02   1.0317482e+01
   4.4100000e+02   1.0303114e+01
   4.4200000e+02   1.0287110e+01
   4.4300000e+02   1.0270105e+01
   4.4400000e+02   1.0253947e+01
   4.4500000e+02   1.0240643e+01
   4.4600000e+02   1.0230852e+01
   4.4700000e+02   1.0225807e+01
   4.4800000e+02   1.0225966e+01
   4.4900000e+02   1.0229749e+01
   4.5000000e+02   1.0236680e+01
   4.5100000e+02   1.0245687e+01
   4.5200000e+02   1.0255904e+01
   4.5300000e+02   1.0265794e+01
   4.5400000e+02   1.0275287e+01
   4.5500000e+02   1.0284748e+01
   4.5600000e+02   1.0293027e+01
   4.5700000e+02   1.0300255e+01
   4.5800000e+02   1.0306564e+01
   4.5900000e+02   1.0312062e+01
   4.6000000e+02   1.0316987e+01
   4.6100000e+02   1.0321287e+01
   4.6200000e+02   1.0324836e+01
   4.6300000e+02   1.0328083e+01
   4.6400000e+02   1.0330463e+01
   4.6500000e+02   1.0332861e+01
   4.6600000e+02   1.0335103e+01
   4.6700000e+02   1.0336868e+01
   4.6800000e+02   1.0338695e+01
   4.6900000e+02   1.0339980e+01
   4.7000000e+02   1.0341713e+01
   4.7100000e+02   1.0342963e+01
   4.7200000e+02   1.0344802e+01
   4.7300000e+02   1.0345853e+01
   4.7400000e+02   1.0347039e+01
   4.7500000e+02   1.0347663e+01
   4.7600000e+02   1.0348430e+01
   4.7700000e+02   1.0349162e+01
   4.7800000e+02   1.0350063e+01
   4.7900000e+02   1.0350201e+01
   4.8000000e+02   1.0350530e+01
   4.8100000e+02   1.0350623e+01
   4.8200000e+02   1.0350779e+01
   4.8300000e+02   1.0351188e+01
   4.8400000e+02   1.0351327e+01
   4.8500000e+02   1.0351107e+01
   4.8600000e+02   1.0351445e+01
   4.8700000e+02   1.0351299e+01
   4.8800000e+02   1.0351369e+01
   4.8900000e+02   1.0351436e+01
   4.9000000e+02   1.0351410e+01
   4.9100000e+02   1.0351534e+01
   4.9200000e+02   1.0351594e+01
   4.9300000e+02   1.0351991e+01
   4.9400000e+02   1.0351328e+01
   4.9500000e+02   1.0351855e+01
   4.9600000e+02   1.0351115e+01
   4.9700000e+02   1.0351825e+01
   4.9800000e+02   1.0351438e+01
   4.9900000e+02   1.0351757e+01
   5.0000000e+02   1.0351202e+01
   5.0100000e+02   1.0351135e+01
   5.0200000e+02   1.0351177e+01
   5.0300000e+02   1.0351177e+01
   5.0400000e+02   1.0351031e+01
   5.0500000e+02   1.0351237e+01
   5.0600000e+02   1.0351127e+01
   5.0700000e+02   1.0351151e+01
   5.0800000e+02   1.0351021e+01
   5.0900000e+02   1.0350969e+01
   5.1000000e+02   1.0350874e+01
   5.1100000e+02   1.0351050e+01
   5.1200000e+02   1.0351076e+01
   5.1300000e+02   1.0351071e+01
   5.1400000e+02   1.0350980e+01
   5.1500000e+02   1.0351139e+01
   5.1600000e+02   1.0350802e+01
   5.1700000e+02   1.0350768e+01
   5.1800000e+02   1.0351225e+01
   5.1900000e+02   1.0350843e+01
   5.2000000e+02   1.0350848e+01
   5.2100000e+02   1.0351079e+01
   5.2200000e+02   1.0350894e+01
   5.2300000e+02   1.0351036e+01
   5.2400000e+02   1.0350693e+01
   5.2500000e+02   1.0350993e+01
   5.2600000e+02   1.0350771e+01
   5.2700000e+02   1.0350589e+01
   5.2800000e+02   1.0350707e+01
   5.2900000e+02   1.0350887e+01
   5.3000000e+02   1.0350692e+01
   5.3100000e+02   1.0350563e+01
   5.3200000e+02   1.0350373e+01
   5.3300000e+02   1.0350311e+01
   5.3400000e+02   1.0350335e+01
   5.3500000e+02   1.0350337e+01
   5.3600000e+02   1.0350283e+01
   5.3700000e+02   1.0350126e+01
   5.3800000e+02   1.0350273e+01
   5.3900000e+02   1.0350292e+01
   5.4000000e+02   1.0350243e+01
   5.4100000e+02   1.0350241e+01
   5.4200000e+02   1.0350333e+01
   5.4300000e+02   1.0350226e+01
   5.4400000e+02   1.0350248e+01
   5.4500000e+02   1.0350129e+01
   5.4600000e+02   1.0349893e+01
   5.4700000e+02   1.0349984e+01
   5.4800000e+02   1.0349902e+01
   5.4900000e+02   1.0350039e+01
   5.5000000e+02   1.0349877e+01
   5.5100000e+02   1.0349837e+01
   5.5200000e+02   1.0349853e+01
   5.5300000e+02   1.0350017e+01
   5.5400000e+02   1.0349990e+01
   5.5500000e+02   1.0350116e+01
   5.5600000e+02   1.0349854e+01
   5.5700000e+02   1.0349968e+01
   5.5800000e+02   1.0350254e+01
   5.5900000e+02   1.0349997e+01
   5.6000000e+02   1.0349995e+01
   5.6100000e+02   1.0350054e+01
   5.6200000e+02   1.0349966e+01
   5.6300000e+02   1.0350167e+01
   5.6400000e+02   1.0349849e+01
   5.6500000e+02   1.0350200e+01
   5.6600000e+02   1.0349803e+01
   5.6700000e+02   1.0349947e+01
   5.6800000e+02   1.0349983e+01
   5.6900000e+02   1.0349846e+01
   5.7000000e+02   1.0350066e+01
   5.7100000e+02   1.0349862e+01
   5.7200000e+02   1.0349894e+01
   5.7300000e+02   1.0350127e+01
   5.7400000e+02   1.0349560e+01
   5.7500000e+02   1.0350294e+01
   5.7600000e+02   1.0349939e+01
   5.7700000e+02   1.0349963e+01
   5.7800000e+02   1.0349538e+01
   5.7900000e+02   1.0349961e+01
   5.8000000e+02   1.0349836e+01
   5.8100000e+02   1.0350119e+01
   5.8200000e+02   1.0349750e+01
   5.8300000e+02   1.0349324e+01
   5.8400000e+02   1.0349684e+01
   5.8500000e+02   1.0349419e+01
   5.8600000e+02   1.0349228e+01
   5.8700000e+02   1.0349614e+01
   5.8800000e+02   1.0349166e+01
   5.8900000e+02   1.0349699e+01
   5.9000000e+02   1.0349532e+01
   5.9100000e+02   1.0349542e+01
   5.9200000e+02   1.0349383e+01
   5.9300000e+02   1.0349842e+01
   5.9400000e+02   1.0349706e+01
   5.9500000e+02   1.0349461e+01
   5.9600000e+02   1.0349144e+01
   5.9700000e+02   1.0348867e+01
   5.9800000e+02   1.0349052e+01
   5.9900000e+02   1.0349504e+01
   6.0000000e+02   1.0349914e+01
   6.0100000e+02   1.0349693e+01
   6.0200000e+02   1.0349493e+01
   6.0300000e+02   1.0349727e+01
   6.0400000e+02   1.0349350e+01
   6.0500000e+02   1.0349059e+01
   6.0600000e+02   1.0349605e+01
   6.0700000e+02   1.0349703e+01
   6.0800000e+02   1.0349371e+01
   6.0900000e+02   1.0349036e+01
   6.1000000e+02   1.0349193e+01
   6.1100000e+02   1.0349533e+01
   6.1200000e+02   1.0349412e+01
   6.1300000e+02   1.0348928e+01
   6.1400000e+02   1.0349201e+01
   6.1500000e+02   1.0348627e+01
   6.1600000e+02   1.0348826e+01
   6.1700000e+02   1.0349420e+01
   6.1800000e+02   1.0349690e+01
   6.1900000e+02   1.0350069e+01
   6.2000000e+02   1.0349669e+01
   6.2100000e+02   1.0349592e+01
   6.2200000e+02   1.0349738e+01
   6.2300000e+02   1.0349399e+01
   6.2400000e+02   1.0349361e+01
   6.2500000e+02   1.0348765e+01
   6.2600000e+02   1.0348695e+01
   6.2700000e+02   1.0348773e+01
   6.2800000e+02   1.0348874e+01
   6.2900000e+02   1.0349164e+01
   6.3000000e+02   1.0349174e+01
   6.3100000e+02   1.0348907e+01
   6.3200000e+02   1.0348669e+01
   6.3300000e+02   1.0348619e+01
   6.3400000e+02   1.0348346e+01
   6.3500000e+02   1.0348636e+01
   6.3600000e+02   1.0349035e+01
   6.3700000e+02   1.0348993e+01
   6.3800000e+02   1.0349070e+01
   6.3900000e+02   1.0348710e+01
   6.4000000e+02   1.0348621e+01
   6.4100000e+02   1.0348695e+01
   6.4200000e+02   1.0348418e+01
   6.4300000e+02   1.0348700e+01
   6.4400000e+02   1.0349067e+01
   6.4500000e+02   1.0349169e+01
   6.4600000e+02   1.0348382e+01
   6.4700000e+02   1.0348895e+01
   6.4800000e+02   1.0348773e+01
   6.4900000e+02   1.0348880e+01
   6.5000000e+02   1.0349005e+01
   6.5100000e+02   1.0348484e+01
   6.5200000e+02   1.0348504e+01
   6.5300000e+02   1.0349037e+01
   6.5400000e+02   1.0348738e+01
   6.5500000e+02   1.0348607e+01
   6.5600000e+02   1.0348776e+01
   6.5700000e+02   1.0348746e+01
   6.5800000e+02   1.0348618e+01
   6.5900000e+02   1.0348525e+01
   6.6000000e+02   1.0348959e+01
   6.6100000e+02   1.0348332e+01
   6.6200000e+02   1.0348129e+01
   6.6300000e+02   1.0347989e+01
   6.6400000e+02   1.0348218e+01
   6.6500000e+02   1.0347082e+01
   6.6600000e+02   1.0347185e+01
   6.6700000e+02   1.0346251e+01
   6.6800000e+02   1.0345094e+01
   6.6900000e+02   1.0343641e+01
   6.7000000e+02   1.0342256e+01
   6.7100000e+02   1.0340167e+01
   6.7200000e+02   1.0337365e+01
   6.7300000e+02   1.0335160e+01
   6.7400000e+02   1.0332085e+01
   6.7500000e+02   1.0328593e+01
   6.7600000e+02   1.0325955e+01
   6.7700000e+02   1.0322708e+01
   6.7800000e+02   1.0319765e+01
   6.7900000e+02   1.0317780e+01
   6.8000000e+02   1.0315362e+01
   6.8100000e+02   1.0314609e+01
   6.8200000e+02   1.0313978e+01
   6.8300000e+02   1.0313788e+01
   6.8400000e+02   1.0314634e+01
   6.8500000e+02   1.0315839e+01
   6.8600000e+02   1.0316827e+01
   6.8700000e+02   1.0318528e+01
   6.8800000e+02   1.0320910e+01
   6.8900000e+02   1.0323049e+01
   6.9000000e+02   1.0324964e+01
   6.9100000e+02   1.0326786e+01
   6.9200000e+02   1.0328893e+01
   6.9300000e+02   1.0331272e+01
   6.9400000e+02   1.0332738e+01
   6.9500000e+02   1.0334319e+01
   6.9600000e+02   1.0335830e+01
   6.9700000e+02   1.0336862e+01
   6.9800000e+02   1.0338382e+01
   6.9900000e+02   1.0339163e+01
   7.0000000e+02   1.0340449e+01
   7.0100000e+02   1.0341140e+01
   7.0200000e+02   1.0341962e+01
   7.0300000e+02   1.0342671e+01
   7.0400000e+02   1.0343223e+01
   7.0500000e+02   1.0343684e+01
   7.0600000e+02   1.0344562e+01
   7.0700000e+02   1.0344526e+01
   7.0800000e+02   1.0345187e+01
   7.0900000e+02   1.0345453e+01
   7.1000000e+02   1.0346072e+01
   7.1100000e+02   1.0346223e+01
   7.1200000e+02   1.0346588e+01
   7.1300000e+02   1.0346639e+01
   7.1400000e+02   1.0346855e+01
   7.1500000e+02   1.0346554e+01
   7.1600000e+02   1.0347047e+01
   7.1700000e+02   1.0347542e+01
   7.1800000e+02   1.0347272e+01
   7.1900000e+02   1.0347159e+01
   7.2000000e+02   1.0347323e+01
   7.2100000e+02   1.0347135e+01
   7.2200000e+02   1.0347499e+01
   7.2300000e+02   1.0347953e+01
   7.2400000e+02   1.0347398e+01
   7.2500000e+02   1.0347510e+01
   7.2600000e+02   1.0347728e+01
   7.2700000e+02   1.0347960e+01
   7.2800000e+02   1.0347549e+01
   7.2900000e+02   1.0347677e+01
   7.3000000e+02   1.0347711e+01
   7.3100000e+02   1.0347487e+01
   7.3200000e+02   1.0347980e+01
   7.3300000e+02   1.0347690e+01
   7.3400000e+02   1.0347770e+01
   7.3500000e+02   1.0347569e+01
   7.3600000e+02   1.0347572e+01
   7.3700000e+02   1.0347722e+01
   7.3800000e+02   1.0347432e+01
   7.3900000e+02   1.0347703e+01
   7.4000000e+02   1.0347321e+01
   7.4100000e+02   1.0347382e+01
   7.4200000e+02   1.0347356e+01
   7.4300000e+02   1.0347605e+01
   7.4400000e+02   1.0347619e+01
   7.4500000e+02   1.0347375e+01
   7.4600000e+02   1.0347458e+01
   7.4700000e+02   1.0347562e+01
   7.4800000e+02   1.0347589e+01
   7.4900000e+02   1.0347480e+01
   7.5000000e+02   1.0347323e+01
   7.5100000e+02   1.0347551e+01
   7.5200000e+02   1.0347435e+01
   7.5300000e+02   1.0347715e+01
   7.5400000e+02   1.0347106e+01
   7.5500000e+02   1.0347536e+01
   7.5600000e+02   1.0347542e+01
   7.5700000e+02   1.0347434e+01
   7.5800000e+02   1.0347172e+01
   7.5900000e+02   1.0346750e+01
   7.6000000e+02   1.0347397e+01
   7.6100000e+02   1.0347083e+01
   7.6200000e+02   1.0347273e+01
   7.6300000e+02   1.0346378e+01
   7.6400000e+02   1.0346955e+01
   7.6500000e+02   1.0347256e+01
   7.6600000e+02   1.0347083e+01
   7.6700000e+02   1.0346874e+01
   7.6800000e+02   1.0346693e+01
   7.6900000e+02   1.0346730e+01
   7.7000000e+02   1.0346274e+01
   7.7100000e+02   1.0346643e+01
   7.7200000e+02   1.0346419e+01
   7.7300000e+02   1.0346402e+01
   7.7400000e+02   1.0346036e+01
   7.7500000e+02   1.0346090e+01
   7.7600000e+02   1.0346066e+01
   7.7700000e+02   1.0346666e+01
   7.7800000e+02   1.0346634e+01
   7.7900000e+02   1.0346203e+01
   7.8000000e+02   1.0346020e+01
