   0.0000000e+00   1.0376696e+01
   1.0000000e+00   1.0373119e+01
   2.0000000e+00   1.0372046e+01
   3.0000000e+00   1.0371928e+01
   4.0000000e+00   1.0371194e+01
   5.0000000e+00   1.0370900e+01
   6.0000000e+00   1.0370729e+01
   7.0000000e+00   1.0370385e+01
   8.0000000e+00   1.0370219e+01
   9.0000000e+00   1.0370305e+01
   1.0000000e+01   1.0369669e+01
   1.1000000e+01   1.0369495e+01
   1.2000000e+01   1.0369465e+01
   1.3000000e+01   1.0369193e+01
   1.4000000e+01   1.0369395e+01
   1.5000000e+01   1.0368832e+01
   1.6000000e+01   1.0368910e+01
   1.7000000e+01   1.0368708e+01
   1.8000000e+01   1.0368417e+01
   1.9000000e+01   1.0368510e+01
   2.0000000e+01   1.0368278e+01
   2.1000000e+01   1.0368362e+01
   2.2000000e+01   1.0368168e+01
   2.3000000e+01   1.0368170e+01
   2.4000000e+01   1.0367902e+01
   2.5000000e+01   1.0367845e+01
   2.6000000e+01   1.0368036e+01
   2.7000000e+01   1.0367639e+01
   2.8000000e+01   1.0367589e+01
   2.9000000e+01   1.0367373e+01
   3.0000000e+01   1.0367449e+01
   3.1000000e+01   1.0367345e+01
   3.2000000e+01   1.0366772e+01
   3.3000000e+01   1.0366978e+01
   3.4000000e+01   1.0367183e+01
   3.5000000e+01   1.0366849e+01
   3.6000000e+01   1.0366974e+01
   3.7000000e+01   1.0366895e+01
   3.8000000e+01   1.0367142e+01
   3.9000000e+01   1.0366797e+01
   4.0000000e+01   1.0366919e+01
   4.1000000e+01   1.0366585e+01
   4.2000000e+01   1.0366504e+01
   4.3000000e+01   1.0366248e+01
   4.4000000e+01   1.0366279e+01
   4.5000000e+01   1.0366030e+01
   4.6000000e+01   1.0366037e+01
   4.7000000e+01   1.0365863e+01
   4.8000000e+01   1.0366000e+01
   4.9000000e+01   1.0366038e+01
   5.0000000e+01   1.0366148e+01
   5.1000000e+01   1.0366351e+01
   5.2000000e+01   1.0366226e+01
   5.3000000e+01   1.0365854e+01
   5.4000000e+01   1.0365322e+01
   5.5000000e+01   1.0365628e+01
   5.6000000e+01   1.0365614e+01
   5.7000000e+01   1.0365870e+01
   5.8000000e+01   1.0365379e+01
   5.9000000e+01   1.0365181e+01
   6.0000000e+01   1.0365157e+01
   6.1000000e+01   1.0365166e+01
   6.2000000e+01   1.0365037e+01
   6.3000000e+01   1.0365137e+01
   6.4000000e+01   1.0364861e+01
   6.5000000e+01   1.0365146e+01
   6.6000000e+01   1.0365073e+01
   6.7000000e+01   1.0364742e+01
   6.8000000e+01   1.0365003e+01
   6.9000000e+01   1.0364568e+01
   7.0000000e+01   1.0364610e+01
   7.1000000e+01   1.0365028e+01
   7.2000000e+01   1.0364515e+01
   7.3000000e+01   1.0364833e+01
   7.4000000e+01   1.0364555e+01
   7.5000000e+01   1.0364387e+01
   7.6000000e+01   1.0364598e+01
   7.7000000e+01   1.0364421e+01
   7.8000000e+01   1.0364478e+01
   7.9000000e+01   1.0364399e+01
   8.0000000e+01   1.0364093e+01
   8.1000000e+01   1.0364507e+01
   8.2000000e+01   1.0364349e+01
   8.3000000e+01   1.0364702e+01
   8.4000000e+01   1.0363879e+01
   8.5000000e+01   1.0364468e+01
   8.6000000e+01   1.0363955e+01
   8.7000000e+01   1.0363999e+01
   8.8000000e+01   1.0364259e+01
   8.9000000e+01   1.0363734e+01
   9.0000000e+01   1.0364195e+01
   9.1000000e+01   1.0363947e+01
   9.2000000e+01   1.0363754e+01
   9.3000000e+01   1.0363802e+01
   9.4000000e+01   1.0363726e+01
   9.5000000e+01   1.0363734e+01
   9.6000000e+01   1.0363619e+01
   9.7000000e+01   1.0363420e+01
   9.8000000e+01   1.0363553e+01
   9.9000000e+01   1.0363596e+01
   1.0000000e+02   1.0363631e+01
   1.0100000e+02   1.0363583e+01
   1.0200000e+02   1.0363588e+01
   1.0300000e+02   1.0363373e+01
   1.0400000e+02   1.0363384e+01
   1.0500000e+02   1.0363101e+01
   1.0600000e+02   1.0363168e+01
   1.0700000e+02   1.0363531e+01
   1.0800000e+02   1.0363207e+01
   1.0900000e+02   1.0363592e+01
   1.1000000e+02   1.0363060e+01
   1.1100000e+02   1.0363314e+01
   1.1200000e+02   1.0363147e+01
   1.1300000e+02   1.0363181e+01
   1.1400000e+02   1.0363104e+01
   1.1500000e+02   1.0363141e+01
   1.1600000e+02   1.0363008e+01
   1.1700000e+02   1.0362741e+01
   1.1800000e+02   1.0362804e+01
   1.1900000e+02   1.0362614e+01
   1.2000000e+02   1.0362777e+01
   1.2100000e+02   1.0362510e+01
   1.2200000e+02   1.0362609e+01
   1.2300000e+02   1.0362607e+01
   1.2400000e+02   1.0362956e+01
   1.2500000e+02   1.0362596e+01
   1.2600000e+02   1.0362367e+01
   1.2700000e+02   1.0362436e+01
   1.2800000e+02   1.0362294e+01
   1.2900000e+02   1.0362654e+01
   1.3000000e+02   1.0362163e+01
   1.3100000e+02   1.0362379e+01
   1.3200000e+02   1.0362638e+01
   1.3300000e+02   1.0362711e+01
   1.3400000e+02   1.0362381e+01
   1.3500000e+02   1.0362220e+01
   1.3600000e+02   1.0362224e+01
   1.3700000e+02   1.0362063e+01
   1.3800000e+02   1.0362059e+01
   1.3900000e+02   1.0362156e+01
   1.4000000e+02   1.0362528e+01
   1.4100000e+02   1.0362421e+01
   1.4200000e+02   1.0362199e+01
   1.4300000e+02   1.0362193e+01
   1.4400000e+02   1.0361727e+01
   1.4500000e+02   1.0361702e+01
   1.4600000e+02   1.0361945e+01
   1.4700000e+02   1.0361931e+01
   1.4800000e+02   1.0361678e+01
   1.4900000e+02   1.0362026e+01
   1.5000000e+02   1.0361873e+01
   1.5100000e+02   1.0361742e+01
   1.5200000e+02   1.0361702e+01
   1.5300000e+02   1.0362046e+01
   1.5400000e+02   1.0362065e+01
   1.5500000e+02   1.0361849e+01
   1.5600000e+02   1.0361623e+01
   1.5700000e+02   1.0361326e+01
   1.5800000e+02   1.0361854e+01
   1.5900000e+02   1.0362057e+01
   1.6000000e+02   1.0361221e+01
   1.6100000e+02   1.0361926e+01
   1.6200000e+02   1.0361961e+01
   1.6300000e+02   1.0361521e+01
   1.6400000e+02   1.0361648e+01
   1.6500000e+02   1.0361298e+01
   1.6600000e+02   1.0360425e+01
   1.6700000e+02   1.0352173e+01
   1.6800000e+02   1.0332902e+01
   1.6900000e+02   1.0327107e+01
   1.7000000e+02   1.0337209e+01
   1.7100000e+02   1.0347244e+01
   1.7200000e+02   1.0353015e+01
   1.7300000e+02   1.0354412e+01
   1.7400000e+02   1.0355624e+01
   1.7500000e+02   1.0355483e+01
   1.7600000e+02   1.0356427e+01
   1.7700000e+02   1.0356745e+01
   1.7800000e+02   1.0352340e+01
   1.7900000e+02   1.0311367e+01
   1.8000000e+02   1.0290318e+01
   1.8100000e+02   1.0292802e+01
   1.8200000e+02   1.0294566e+01
   1.8300000e+02   1.0297658e+01
   1.8400000e+02   1.0304712e+01
   1.8500000e+02   1.0311378e+01
   1.8600000e+02   1.0315976e+01
   1.8700000e+02   1.0317761e+01
   1.8800000e+02   1.0319241e+01
   1.8900000e+02   1.0323267e+01
   1.9000000e+02   1.0329173e+01
   1.9100000e+02   1.0336798e+01
   1.9200000e+02   1.0343440e+01
   1.9300000e+02   1.0348222e+01
   1.9400000e+02   1.0350905e+01
   1.9500000e+02   1.0352918e+01
   1.9600000e+02   1.0354091e+01
   1.9700000e+02   1.0354700e+01
   1.9800000e+02   1.0355613e+01
   1.9900000e+02   1.0355826e+01
   2.0000000e+02   1.0356504e+01
   2.0100000e+02   1.0356808e+01
   2.0200000e+02   1.0357269e+01
   2.0300000e+02   1.0357942e+01
   2.0400000e+02   1.0358405e+01
   2.0500000e+02   1.0358916e+01
   2.0600000e+02   1.0359325e+01
   2.0700000e+02   1.0359897e+01
   2.0800000e+02   1.0359954e+01
   2.0900000e+02   1.0360073e+01
   2.1000000e+02   1.0360025e+01
   2.1100000e+02   1.0360291e+01
   2.1200000e+02   1.0360194e+01
   2.1300000e+02   1.0360228e+01
   2.1400000e+02   1.0360221e+01
   2.1500000e+02   1.0360049e+01
   2.1600000e+02   1.0360071e+01
   2.1700000e+02   1.0360148e+01
   2.1800000e+02   1.0360129e+01
   2.1900000e+02   1.0360258e+01
   2.2000000e+02   1.0360224e+01
   2.2100000e+02   1.0360237e+01
   2.2200000e+02   1.0360098e+01
   2.2300000e+02   1.0360180e+01
   2.2400000e+02   1.0360100e+01
   2.2500000e+02   1.0359848e+01
   2.2600000e+02   1.0360056e+01
   2.2700000e+02   1.0359937e+01
   2.2800000e+02   1.0360155e+01
   2.2900000e+02   1.0360085e+01
   2.3000000e+02   1.0360036e+01
   2.3100000e+02   1.0359924e+01
   2.3200000e+02   1.0360023e+01
   2.3300000e+02   1.0359715e+01
   2.3400000e+02   1.0359672e+01
   2.3500000e+02   1.0359872e+01
   2.3600000e+02   1.0359915e+01
   2.3700000e+02   1.0360064e+01
   2.3800000e+02   1.0359821e+01
   2.3900000e+02   1.0359844e+01
   2.4000000e+02   1.0359710e+01
   2.4100000e+02   1.0359457e+01
   2.4200000e+02   1.0359685e+01
   2.4300000e+02   1.0359384e+01
   2.4400000e+02   1.0359119e+01
   2.4500000e+02   1.0359193e+01
   2.4600000e+02   1.0358740e+01
   2.4700000e+02   1.0357983e+01
   2.4800000e+02   1.0357968e+01
   2.4900000e+02   1.0357714e+01
   2.5000000e+02   1.0357987e+01
   2.5100000e+02   1.0357775e+01
   2.5200000e+02   1.0357880e+01
   2.5300000e+02   1.0358152e+01
   2.5400000e+02   1.0357966e+01
   2.5500000e+02   1.0357693e+01
   2.5600000e+02   1.0357653e+01
   2.5700000e+02   1.0357651e+01
   2.5800000e+02   1.0357640e+01
   2.5900000e+02   1.0357353e+01
   2.6000000e+02   1.0357060e+01
   2.6100000e+02   1.0357240e+01
   2.6200000e+02   1.0357063e+01
   2.6300000e+02   1.0357155e+01
   2.6400000e+02   1.0357102e+01
   2.6500000e+02   1.0357085e+01
   2.6600000e+02   1.0357563e+01
   2.6700000e+02   1.0357286e+01
   2.6800000e+02   1.0357605e+01
   2.6900000e+02   1.0357899e+01
   2.7000000e+02   1.0357981e+01
   2.7100000e+02   1.0357788e+01
   2.7200000e+02   1.0357838e+01
   2.7300000e+02   1.0357891e+01
   2.7400000e+02   1.0357889e+01
   2.7500000e+02   1.0358010e+01
   2.7600000e+02   1.0358299e+01
   2.7700000e+02   1.0358153e+01
   2.7800000e+02   1.0358306e+01
   2.7900000e+02   1.0358271e+01
   2.8000000e+02   1.0358390e+01
   2.8100000e+02   1.0358296e+01
   2.8200000e+02   1.0358260e+01
   2.8300000e+02   1.0358244e+01
   2.8400000e+02   1.0358251e+01
   2.8500000e+02   1.0358344e+01
   2.8600000e+02   1.0358495e+01
   2.8700000e+02   1.0358363e+01
   2.8800000e+02   1.0358234e+01
   2.8900000e+02   1.0358330e+01
   2.9000000e+02   1.0358491e+01
   2.9100000e+02   1.0358343e+01
   2.9200000e+02   1.0358294e+01
   2.9300000e+02   1.0358328e+01
   2.9400000e+02   1.0358378e+01
   2.9500000e+02   1.0358224e+01
   2.9600000e+02   1.0358464e+01
   2.9700000e+02   1.0358329e+01
   2.9800000e+02   1.0358124e+01
   2.9900000e+02   1.0358040e+01
   3.0000000e+02   1.0357716e+01
   3.0100000e+02   1.0357342e+01
   3.0200000e+02   1.0356856e+01
   3.0300000e+02   1.0355420e+01
   3.0400000e+02   1.0354389e+01
   3.0500000e+02   1.0352754e+01
   3.0600000e+02   1.0350863e+01
   3.0700000e+02   1.0348426e+01
   3.0800000e+02   1.0346528e+01
   3.0900000e+02   1.0344082e+01
   3.1000000e+02   1.0343122e+01
   3.1100000e+02   1.0342180e+01
   3.1200000e+02   1.0341957e+01
   3.1300000e+02   1.0341568e+01
   3.1400000e+02   1.0340220e+01
   3.1500000e+02   1.0337844e+01
   3.1600000e+02   1.0334540e+01
   3.1700000e+02   1.0330882e+01
   3.1800000e+02   1.0327711e+01
   3.1900000e+02   1.0325117e+01
   3.2000000e+02   1.0323473e+01
   3.2100000e+02   1.0322803e+01
   3.2200000e+02   1.0323703e+01
   3.2300000e+02   1.0324934e+01
   3.2400000e+02   1.0327087e+01
   3.2500000e+02   1.0329407e+01
   3.2600000e+02   1.0331996e+01
   3.2700000e+02   1.0334542e+01
   3.2800000e+02   1.0336732e+01
   3.2900000e+02   1.0338900e+01
   3.3000000e+02   1.0340332e+01
   3.3100000e+02   1.0341336e+01
   3.3200000e+02   1.0341897e+01
   3.3300000e+02   1.0341886e+01
   3.3400000e+02   1.0342161e+01
   3.3500000e+02   1.0342280e+01
   3.3600000e+02   1.0342175e+01
   3.3700000e+02   1.0342817e+01
   3.3800000e+02   1.0343661e+01
   3.3900000e+02   1.0344685e+01
   3.4000000e+02   1.0345897e+01
   3.4100000e+02   1.0347311e+01
   3.4200000e+02   1.0348496e+01
   3.4300000e+02   1.0349592e+01
   3.4400000e+02   1.0350559e+01
   3.4500000e+02   1.0351171e+01
   3.4600000e+02   1.0352278e+01
   3.4700000e+02   1.0352761e+01
   3.4800000e+02   1.0353431e+01
   3.4900000e+02   1.0353985e+01
   3.5000000e+02   1.0354366e+01
   3.5100000e+02   1.0354841e+01
   3.5200000e+02   1.0355058e+01
   3.5300000e+02   1.0355100e+01
   3.5400000e+02   1.0355156e+01
   3.5500000e+02   1.0355342e+01
   3.5600000e+02   1.0355505e+01
   3.5700000e+02   1.0355186e+01
   3.5800000e+02   1.0355169e+01
   3.5900000e+02   1.0354889e+01
   3.6000000e+02   1.0355122e+01
   3.6100000e+02   1.0355268e+01
   3.6200000e+02   1.0355360e+01
   3.6300000e+02   1.0355659e+01
   3.6400000e+02   1.0355930e+01
   3.6500000e+02   1.0356386e+01
   3.6600000e+02   1.0356395e+01
   3.6700000e+02   1.0356374e+01
   3.6800000e+02   1.0356569e+01
   3.6900000e+02   1.0356551e+01
   3.7000000e+02   1.0356949e+01
   3.7100000e+02   1.0356863e+01
   3.7200000e+02   1.0357172e+01
   3.7300000e+02   1.0356885e+01
   3.7400000e+02   1.0356857e+01
   3.7500000e+02   1.0357047e+01
   3.7600000e+02   1.0356830e+01
   3.7700000e+02   1.0356996e+01
   3.7800000e+02   1.0356694e+01
   3.7900000e+02   1.0356874e+01
   3.8000000e+02   1.0356530e+01
   3.8100000e+02   1.0356897e+01
   3.8200000e+02   1.0356563e+01
   3.8300000e+02   1.0356343e+01
   3.8400000e+02   1.0356071e+01
   3.8500000e+02   1.0355888e+01
   3.8600000e+02   1.0355574e+01
   3.8700000e+02   1.0355741e+01
   3.8800000e+02   1.0355593e+01
   3.8900000e+02   1.0355950e+01
   3.9000000e+02   1.0355900e+01
   3.9100000e+02   1.0356196e+01
   3.9200000e+02   1.0355863e+01
   3.9300000e+02   1.0356058e+01
   3.9400000e+02   1.0356319e+01
   3.9500000e+02   1.0356426e+01
   3.9600000e+02   1.0356317e+01
   3.9700000e+02   1.0356539e+01
   3.9800000e+02   1.0356566e+01
   3.9900000e+02   1.0356564e+01
   4.0000000e+02   1.0356410e+01
   4.0100000e+02   1.0356575e+01
   4.0200000e+02   1.0356739e+01
   4.0300000e+02   1.0356684e+01
   4.0400000e+02   1.0356507e+01
   4.0500000e+02   1.0356718e+01
   4.0600000e+02   1.0356772e+01
   4.0700000e+02   1.0356970e+01
   4.0800000e+02   1.0356606e+01
   4.0900000e+02   1.0356742e+01
   4.1000000e+02   1.0356752e+01
   4.1100000e+02   1.0356939e+01
   4.1200000e+02   1.0356528e+01
   4.1300000e+02   1.0356644e+01
   4.1400000e+02   1.0356527e+01
   4.1500000e+02   1.0356894e+01
   4.1600000e+02   1.0356516e+01
   4.1700000e+02   1.0356657e+01
   4.1800000e+02   1.0356545e+01
   4.1900000e+02   1.0356773e+01
   4.2000000e+02   1.0356917e+01
   4.2100000e+02   1.0356757e+01
   4.2200000e+02   1.0356804e+01
   4.2300000e+02   1.0356508e+01
   4.2400000e+02   1.0356433e+01
   4.2500000e+02   1.0356622e+01
   4.2600000e+02   1.0356442e+01
   4.2700000e+02   1.0356569e+01
   4.2800000e+02   1.0356528e+01
   4.2900000e+02   1.0356560e+01
   4.3000000e+02   1.0356390e+01
   4.3100000e+02   1.0355837e+01
   4.3200000e+02   1.0355304e+01
   4.3300000e+02   1.0354115e+01
   4.3400000e+02   1.0351894e+01
   4.3500000e+02   1.0348771e+01
   4.3600000e+02   1.0343777e+01
   4.3700000e+02   1.0336158e+01
   4.3800000e+02   1.0325630e+01
   4.3900000e+02   1.0312613e+01
   4.4000000e+02   1.0297625e+01
   4.4100000e+02   1.0281443e+01
   4.4200000e+02   1.0266328e+01
   4.4300000e+02   1.0253321e+01
   4.4400000e+02   1.0243836e+01
   4.4500000e+02   1.0238954e+01
   4.4600000e+02   1.0238695e+01
   4.4700000e+02   1.0242277e+01
   4.4800000e+02   1.0248797e+01
   4.4900000e+02   1.0257286e+01
   4.5000000e+02   1.0266097e+01
   4.5100000e+02   1.0275169e+01
   4.5200000e+02   1.0283255e+01
   4.5300000e+02   1.0290853e+01
   4.5400000e+02   1.0297513e+01
   4.5500000e+02   1.0303307e+01
   4.5600000e+02   1.0308660e+01
   4.5700000e+02   1.0313323e+01
   4.5800000e+02   1.0317733e+01
   4.5900000e+02   1.0321761e+01
   4.6000000e+02   1.0325455e+01
   4.6100000e+02   1.0328528e+01
   4.6200000e+02   1.0331292e+01
   4.6300000e+02   1.0333844e+01
   4.6400000e+02   1.0335760e+01
   4.6500000e+02   1.0337924e+01
   4.6600000e+02   1.0339869e+01
   4.6700000e+02   1.0341760e+01
   4.6800000e+02   1.0343678e+01
   4.6900000e+02   1.0345145e+01
   4.7000000e+02   1.0346812e+01
   4.7100000e+02   1.0348019e+01
   4.7200000e+02   1.0349687e+01
   4.7300000e+02   1.0351089e+01
   4.7400000e+02   1.0352249e+01
   4.7500000e+02   1.0352888e+01
   4.7600000e+02   1.0353955e+01
   4.7700000e+02   1.0354020e+01
   4.7800000e+02   1.0354411e+01
   4.7900000e+02   1.0355187e+01
   4.8000000e+02   1.0355260e+01
   4.8100000e+02   1.0355502e+01
   4.8200000e+02   1.0355588e+01
   4.8300000e+02   1.0355590e+01
   4.8400000e+02   1.0355820e+01
   4.8500000e+02   1.0355631e+01
   4.8600000e+02   1.0355678e+01
   4.8700000e+02   1.0355710e+01
   4.8800000e+02   1.0355862e+01
   4.8900000e+02   1.0355778e+01
   4.9000000e+02   1.0355888e+01
   4.9100000e+02   1.0355811e+01
   4.9200000e+02   1.0355867e+01
   4.9300000e+02   1.0355509e+01
   4.9400000e+02   1.0355830e+01
   4.9500000e+02   1.0355743e+01
   4.9600000e+02   1.0355822e+01
   4.9700000e+02   1.0355867e+01
   4.9800000e+02   1.0355877e+01
   4.9900000e+02   1.0355907e+01
   5.0000000e+02   1.0355992e+01
   5.0100000e+02   1.0355714e+01
   5.0200000e+02   1.0355657e+01
   5.0300000e+02   1.0356014e+01
   5.0400000e+02   1.0355936e+01
   5.0500000e+02   1.0355857e+01
   5.0600000e+02   1.0356017e+01
   5.0700000e+02   1.0355923e+01
   5.0800000e+02   1.0355664e+01
   5.0900000e+02   1.0355715e+01
   5.1000000e+02   1.0355752e+01
   5.1100000e+02   1.0355675e+01
   5.1200000e+02   1.0355827e+01
   5.1300000e+02   1.0355616e+01
   5.1400000e+02   1.0355490e+01
   5.1500000e+02   1.0355740e+01
   5.1600000e+02   1.0355538e+01
   5.1700000e+02   1.0355575e+01
   5.1800000e+02   1.0355350e+01
   5.1900000e+02   1.0355558e+01
   5.2000000e+02   1.0355498e+01
   5.2100000e+02   1.0355822e+01
   5.2200000e+02   1.0355636e+01
   5.2300000e+02   1.0355497e+01
   5.2400000e+02   1.0355402e+01
   5.2500000e+02   1.0355673e+01
   5.2600000e+02   1.0355544e+01
   5.2700000e+02   1.0355540e+01
   5.2800000e+02   1.0355309e+01
   5.2900000e+02   1.0355332e+01
   5.3000000e+02   1.0355530e+01
   5.3100000e+02   1.0355254e+01
   5.3200000e+02   1.0355257e+01
   5.3300000e+02   1.0355502e+01
   5.3400000e+02   1.0355499e+01
   5.3500000e+02   1.0355661e+01
   5.3600000e+02   1.0355458e+01
   5.3700000e+02   1.0355490e+01
   5.3800000e+02   1.0355266e+01
   5.3900000e+02   1.0355468e+01
   5.4000000e+02   1.0355375e+01
   5.4100000e+02   1.0355365e+01
   5.4200000e+02   1.0355463e+01
   5.4300000e+02   1.0355265e+01
   5.4400000e+02   1.0355263e+01
   5.4500000e+02   1.0355332e+01
   5.4600000e+02   1.0355262e+01
   5.4700000e+02   1.0355279e+01
   5.4800000e+02   1.0355087e+01
   5.4900000e+02   1.0355154e+01
   5.5000000e+02   1.0355390e+01
   5.5100000e+02   1.0355356e+01
   5.5200000e+02   1.0355076e+01
   5.5300000e+02   1.0355220e+01
   5.5400000e+02   1.0355096e+01
   5.5500000e+02   1.0354877e+01
   5.5600000e+02   1.0355011e+01
   5.5700000e+02   1.0355071e+01
   5.5800000e+02   1.0355150e+01
   5.5900000e+02   1.0355043e+01
   5.6000000e+02   1.0355178e+01
   5.6100000e+02   1.0355299e+01
   5.6200000e+02   1.0355022e+01
   5.6300000e+02   1.0354784e+01
   5.6400000e+02   1.0354573e+01
   5.6500000e+02   1.0355438e+01
   5.6600000e+02   1.0354799e+01
   5.6700000e+02   1.0355164e+01
   5.6800000e+02   1.0355136e+01
   5.6900000e+02   1.0354938e+01
   5.7000000e+02   1.0355050e+01
   5.7100000e+02   1.0354739e+01
   5.7200000e+02   1.0354765e+01
   5.7300000e+02   1.0354807e+01
   5.7400000e+02   1.0355218e+01
   5.7500000e+02   1.0354972e+01
   5.7600000e+02   1.0354928e+01
   5.7700000e+02   1.0355244e+01
   5.7800000e+02   1.0354708e+01
   5.7900000e+02   1.0354812e+01
   5.8000000e+02   1.0354655e+01
   5.8100000e+02   1.0354898e+01
   5.8200000e+02   1.0354780e+01
   5.8300000e+02   1.0354967e+01
   5.8400000e+02   1.0354724e+01
   5.8500000e+02   1.0354928e+01
   5.8600000e+02   1.0354889e+01
   5.8700000e+02   1.0354591e+01
   5.8800000e+02   1.0354743e+01
   5.8900000e+02   1.0354782e+01
   5.9000000e+02   1.0354661e+01
   5.9100000e+02   1.0354805e+01
   5.9200000e+02   1.0354599e+01
   5.9300000e+02   1.0354644e+01
   5.9400000e+02   1.0354880e+01
   5.9500000e+02   1.0354737e+01
   5.9600000e+02   1.0354813e+01
   5.9700000e+02   1.0354541e+01
   5.9800000e+02   1.0354588e+01
   5.9900000e+02   1.0354685e+01
   6.0000000e+02   1.0354610e+01
   6.0100000e+02   1.0354544e+01
   6.0200000e+02   1.0354740e+01
   6.0300000e+02   1.0354559e+01
   6.0400000e+02   1.0354711e+01
   6.0500000e+02   1.0354238e+01
   6.0600000e+02   1.0354505e+01
   6.0700000e+02   1.0354439e+01
   6.0800000e+02   1.0354547e+01
   6.0900000e+02   1.0354341e+01
   6.1000000e+02   1.0354485e+01
   6.1100000e+02   1.0354349e+01
   6.1200000e+02   1.0354521e+01
   6.1300000e+02   1.0354382e+01
   6.1400000e+02   1.0354422e+01
   6.1500000e+02   1.0354387e+01
   6.1600000e+02   1.0354726e+01
   6.1700000e+02   1.0354644e+01
   6.1800000e+02   1.0354548e+01
   6.1900000e+02   1.0354394e+01
   6.2000000e+02   1.0354387e+01
   6.2100000e+02   1.0354442e+01
   6.2200000e+02   1.0354429e+01
   6.2300000e+02   1.0354367e+01
   6.2400000e+02   1.0354362e+01
   6.2500000e+02   1.0354475e+01
   6.2600000e+02   1.0354413e+01
   6.2700000e+02   1.0354195e+01
   6.2800000e+02   1.0354189e+01
   6.2900000e+02   1.0354324e+01
   6.3000000e+02   1.0354138e+01
   6.3100000e+02   1.0354415e+01
   6.3200000e+02   1.0354229e+01
   6.3300000e+02   1.0354407e+01
   6.3400000e+02   1.0354347e+01
   6.3500000e+02   1.0354408e+01
   6.3600000e+02   1.0354418e+01
   6.3700000e+02   1.0354435e+01
   6.3800000e+02   1.0354155e+01
   6.3900000e+02   1.0354163e+01
   6.4000000e+02   1.0354008e+01
   6.4100000e+02   1.0354247e+01
   6.4200000e+02   1.0353980e+01
   6.4300000e+02   1.0354122e+01
   6.4400000e+02   1.0353956e+01
   6.4500000e+02   1.0354123e+01
   6.4600000e+02   1.0354060e+01
   6.4700000e+02   1.0353795e+01
   6.4800000e+02   1.0353917e+01
   6.4900000e+02   1.0353802e+01
   6.5000000e+02   1.0353924e+01
   6.5100000e+02   1.0353872e+01
   6.5200000e+02   1.0353882e+01
   6.5300000e+02   1.0354069e+01
   6.5400000e+02   1.0354007e+01
   6.5500000e+02   1.0353982e+01
   6.5600000e+02   1.0353738e+01
   6.5700000e+02   1.0354003e+01
   6.5800000e+02   1.0353849e+01
   6.5900000e+02   1.0353587e+01
   6.6000000e+02   1.0353469e+01
   6.6100000e+02   1.0353342e+01
   6.6200000e+02   1.0353417e+01
   6.6300000e+02   1.0352781e+01
   6.6400000e+02   1.0352333e+01
   6.6500000e+02   1.0351859e+01
   6.6600000e+02   1.0350999e+01
   6.6700000e+02   1.0350062e+01
   6.6800000e+02   1.0349029e+01
   6.6900000e+02   1.0347598e+01
   6.7000000e+02   1.0346062e+01
   6.7100000e+02   1.0344579e+01
   6.7200000e+02   1.0342830e+01
   6.7300000e+02   1.0341400e+01
   6.7400000e+02   1.0339506e+01
   6.7500000e+02   1.0337991e+01
   6.7600000e+02   1.0337156e+01
   6.7700000e+02   1.0336142e+01
   6.7800000e+02   1.0335567e+01
   6.7900000e+02   1.0335299e+01
   6.8000000e+02   1.0335126e+01
   6.8100000e+02   1.0335747e+01
   6.8200000e+02   1.0336268e+01
   6.8300000e+02   1.0337255e+01
   6.8400000e+02   1.0338096e+01
   6.8500000e+02   1.0339168e+01
   6.8600000e+02   1.0340135e+01
   6.8700000e+02   1.0341088e+01
   6.8800000e+02   1.0341981e+01
   6.8900000e+02   1.0343148e+01
   6.9000000e+02   1.0343976e+01
   6.9100000e+02   1.0345006e+01
   6.9200000e+02   1.0345944e+01
   6.9300000e+02   1.0346676e+01
   6.9400000e+02   1.0347311e+01
   6.9500000e+02   1.0347891e+01
   6.9600000e+02   1.0348224e+01
   6.9700000e+02   1.0349149e+01
   6.9800000e+02   1.0349497e+01
   6.9900000e+02   1.0349962e+01
   7.0000000e+02   1.0350402e+01
   7.0100000e+02   1.0350908e+01
   7.0200000e+02   1.0351243e+01
   7.0300000e+02   1.0351471e+01
   7.0400000e+02   1.0351589e+01
   7.0500000e+02   1.0351972e+01
   7.0600000e+02   1.0352013e+01
   7.0700000e+02   1.0352380e+01
   7.0800000e+02   1.0352521e+01
   7.0900000e+02   1.0352723e+01
   7.1000000e+02   1.0352880e+01
   7.1100000e+02   1.0353092e+01
   7.1200000e+02   1.0353336e+01
   7.1300000e+02   1.0352894e+01
   7.1400000e+02   1.0352850e+01
   7.1500000e+02   1.0353195e+01
   7.1600000e+02   1.0353299e+01
   7.1700000e+02   1.0353434e+01
   7.1800000e+02   1.0353329e+01
   7.1900000e+02   1.0353257e+01
   7.2000000e+02   1.0353507e+01
   7.2100000e+02   1.0353341e+01
   7.2200000e+02   1.0353397e+01
   7.2300000e+02   1.0353157e+01
   7.2400000e+02   1.0353204e+01
   7.2500000e+02   1.0353372e+01
   7.2600000e+02   1.0353383e+01
   7.2700000e+02   1.0353376e+01
   7.2800000e+02   1.0353335e+01
   7.2900000e+02   1.0353176e+01
   7.3000000e+02   1.0353317e+01
   7.3100000e+02   1.0353270e+01
   7.3200000e+02   1.0353221e+01
   7.3300000e+02   1.0353228e+01
   7.3400000e+02   1.0353243e+01
   7.3500000e+02   1.0353253e+01
   7.3600000e+02   1.0353171e+01
   7.3700000e+02   1.0353260e+01
   7.3800000e+02   1.0353283e+01
   7.3900000e+02   1.0353087e+01
   7.4000000e+02   1.0353095e+01
   7.4100000e+02   1.0353263e+01
   7.4200000e+02   1.0353287e+01
   7.4300000e+02   1.0353185e+01
   7.4400000e+02   1.0353303e+01
   7.4500000e+02   1.0353134e+01
   7.4600000e+02   1.0353469e+01
   7.4700000e+02   1.0353048e+01
   7.4800000e+02   1.0352929e+01
   7.4900000e+02   1.0352928e+01
   7.5000000e+02   1.0353062e+01
   7.5100000e+02   1.0353023e+01
   7.5200000e+02   1.0352981e+01
   7.5300000e+02   1.0353016e+01
   7.5400000e+02   1.0353179e+01
   7.5500000e+02   1.0352974e+01
   7.5600000e+02   1.0352735e+01
   7.5700000e+02   1.0352863e+01
   7.5800000e+02   1.0352981e+01
   7.5900000e+02   1.0353133e+01
   7.6000000e+02   1.0352785e+01
   7.6100000e+02   1.0352539e+01
   7.6200000e+02   1.0352938e+01
   7.6300000e+02   1.0352823e+01
   7.6400000e+02   1.0352797e+01
   7.6500000e+02   1.0352787e+01
   7.6600000e+02   1.0352970e+01
   7.6700000e+02   1.0352978e+01
   7.6800000e+02   1.0352826e+01
   7.6900000e+02   1.0353172e+01
   7.7000000e+02   1.0353119e+01
   7.7100000e+02   1.0352776e+01
   7.7200000e+02   1.0352958e+01
   7.7300000e+02   1.0352991e+01
   7.7400000e+02   1.0352800e+01
   7.7500000e+02   1.0352901e+01
   7.7600000e+02   1.0352783e+01
   7.7700000e+02   1.0352835e+01
   7.7800000e+02   1.0352813e+01
   7.7900000e+02   1.0352660e+01
   7.8000000e+02   1.0352855e+01
