   0.0000000e+00   1.0339264e+01
   1.0000000e+00   1.0335785e+01
   2.0000000e+00   1.0335265e+01
   3.0000000e+00   1.0334728e+01
   4.0000000e+00   1.0334422e+01
   5.0000000e+00   1.0333892e+01
   6.0000000e+00   1.0333413e+01
   7.0000000e+00   1.0333193e+01
   8.0000000e+00   1.0332928e+01
   9.0000000e+00   1.0332629e+01
   1.0000000e+01   1.0332601e+01
   1.1000000e+01   1.0332459e+01
   1.2000000e+01   1.0332251e+01
   1.3000000e+01   1.0332162e+01
   1.4000000e+01   1.0331962e+01
   1.5000000e+01   1.0331979e+01
   1.6000000e+01   1.0331811e+01
   1.7000000e+01   1.0332093e+01
   1.8000000e+01   1.0331651e+01
   1.9000000e+01   1.0331519e+01
   2.0000000e+01   1.0331510e+01
   2.1000000e+01   1.0331173e+01
   2.2000000e+01   1.0331025e+01
   2.3000000e+01   1.0331195e+01
   2.4000000e+01   1.0330712e+01
   2.5000000e+01   1.0330815e+01
   2.6000000e+01   1.0330546e+01
   2.7000000e+01   1.0330636e+01
   2.8000000e+01   1.0330747e+01
   2.9000000e+01   1.0330570e+01
   3.0000000e+01   1.0330513e+01
   3.1000000e+01   1.0330458e+01
   3.2000000e+01   1.0330218e+01
   3.3000000e+01   1.0330369e+01
   3.4000000e+01   1.0330219e+01
   3.5000000e+01   1.0330131e+01
   3.6000000e+01   1.0330106e+01
   3.7000000e+01   1.0329929e+01
   3.8000000e+01   1.0330487e+01
   3.9000000e+01   1.0330366e+01
   4.0000000e+01   1.0330251e+01
   4.1000000e+01   1.0329712e+01
   4.2000000e+01   1.0329856e+01
   4.3000000e+01   1.0329676e+01
   4.4000000e+01   1.0330046e+01
   4.5000000e+01   1.0330003e+01
   4.6000000e+01   1.0329771e+01
   4.7000000e+01   1.0329812e+01
   4.8000000e+01   1.0329924e+01
   4.9000000e+01   1.0329684e+01
   5.0000000e+01   1.0329790e+01
   5.1000000e+01   1.0329538e+01
   5.2000000e+01   1.0329488e+01
   5.3000000e+01   1.0329474e+01
   5.4000000e+01   1.0329221e+01
   5.5000000e+01   1.0329254e+01
   5.6000000e+01   1.0329256e+01
   5.7000000e+01   1.0329305e+01
   5.8000000e+01   1.0329251e+01
   5.9000000e+01   1.0329396e+01
   6.0000000e+01   1.0328997e+01
   6.1000000e+01   1.0328863e+01
   6.2000000e+01   1.0329118e+01
   6.3000000e+01   1.0328946e+01
   6.4000000e+01   1.0328826e+01
   6.5000000e+01   1.0329293e+01
   6.6000000e+01   1.0329177e+01
   6.7000000e+01   1.0328608e+01
   6.8000000e+01   1.0328812e+01
   6.9000000e+01   1.0328909e+01
   7.0000000e+01   1.0329129e+01
   7.1000000e+01   1.0328957e+01
   7.2000000e+01   1.0328830e+01
   7.3000000e+01   1.0328966e+01
   7.4000000e+01   1.0328702e+01
   7.5000000e+01   1.0328908e+01
   7.6000000e+01   1.0328771e+01
   7.7000000e+01   1.0328640e+01
   7.8000000e+01   1.0328809e+01
   7.9000000e+01   1.0329051e+01
   8.0000000e+01   1.0328833e+01
   8.1000000e+01   1.0328439e+01
   8.2000000e+01   1.0328616e+01
   8.3000000e+01   1.0328705e+01
   8.4000000e+01   1.0328735e+01
   8.5000000e+01   1.0328769e+01
   8.6000000e+01   1.0328735e+01
   8.7000000e+01   1.0328446e+01
   8.8000000e+01   1.0328869e+01
   8.9000000e+01   1.0328978e+01
   9.0000000e+01   1.0328359e+01
   9.1000000e+01   1.0328580e+01
   9.2000000e+01   1.0328518e+01
   9.3000000e+01   1.0328641e+01
   9.4000000e+01   1.0328227e+01
   9.5000000e+01   1.0328587e+01
   9.6000000e+01   1.0328558e+01
   9.7000000e+01   1.0328449e+01
   9.8000000e+01   1.0328280e+01
   9.9000000e+01   1.0328029e+01
   1.0000000e+02   1.0327664e+01
   1.0100000e+02   1.0328167e+01
   1.0200000e+02   1.0327876e+01
   1.0300000e+02   1.0328441e+01
   1.0400000e+02   1.0328191e+01
   1.0500000e+02   1.0327828e+01
   1.0600000e+02   1.0328260e+01
   1.0700000e+02   1.0327820e+01
   1.0800000e+02   1.0328538e+01
   1.0900000e+02   1.0328281e+01
   1.1000000e+02   1.0327757e+01
   1.1100000e+02   1.0327772e+01
   1.1200000e+02   1.0327771e+01
   1.1300000e+02   1.0327937e+01
   1.1400000e+02   1.0327962e+01
   1.1500000e+02   1.0328123e+01
   1.1600000e+02   1.0327932e+01
   1.1700000e+02   1.0327819e+01
   1.1800000e+02   1.0327798e+01
   1.1900000e+02   1.0327662e+01
   1.2000000e+02   1.0327852e+01
   1.2100000e+02   1.0327815e+01
   1.2200000e+02   1.0327449e+01
   1.2300000e+02   1.0327736e+01
   1.2400000e+02   1.0327642e+01
   1.2500000e+02   1.0327680e+01
   1.2600000e+02   1.0327746e+01
   1.2700000e+02   1.0327309e+01
   1.2800000e+02   1.0327609e+01
   1.2900000e+02   1.0327667e+01
   1.3000000e+02   1.0327599e+01
   1.3100000e+02   1.0327523e+01
   1.3200000e+02   1.0327697e+01
   1.3300000e+02   1.0327718e+01
   1.3400000e+02   1.0327403e+01
   1.3500000e+02   1.0327651e+01
   1.3600000e+02   1.0327383e+01
   1.3700000e+02   1.0327565e+01
   1.3800000e+02   1.0327315e+01
   1.3900000e+02   1.0327474e+01
   1.4000000e+02   1.0327487e+01
   1.4100000e+02   1.0327274e+01
   1.4200000e+02   1.0327415e+01
   1.4300000e+02   1.0327193e+01
   1.4400000e+02   1.0327248e+01
   1.4500000e+02   1.0327069e+01
   1.4600000e+02   1.0327395e+01
   1.4700000e+02   1.0327332e+01
   1.4800000e+02   1.0327503e+01
   1.4900000e+02   1.0327342e+01
   1.5000000e+02   1.0327375e+01
   1.5100000e+02   1.0327208e+01
   1.5200000e+02   1.0327420e+01
   1.5300000e+02   1.0327346e+01
   1.5400000e+02   1.0327347e+01
   1.5500000e+02   1.0327174e+01
   1.5600000e+02   1.0327211e+01
   1.5700000e+02   1.0326933e+01
   1.5800000e+02   1.0327278e+01
   1.5900000e+02   1.0327341e+01
   1.6000000e+02   1.0327254e+01
   1.6100000e+02   1.0327174e+01
   1.6200000e+02   1.0327152e+01
   1.6300000e+02   1.0327169e+01
   1.6400000e+02   1.0327141e+01
   1.6500000e+02   1.0327133e+01
   1.6600000e+02   1.0326482e+01
   1.6700000e+02   1.0318512e+01
   1.6800000e+02   1.0298186e+01
   1.6900000e+02   1.0290464e+01
   1.7000000e+02   1.0300577e+01
   1.7100000e+02   1.0311496e+01
   1.7200000e+02   1.0318108e+01
   1.7300000e+02   1.0320163e+01
   1.7400000e+02   1.0320951e+01
   1.7500000e+02   1.0321984e+01
   1.7600000e+02   1.0322985e+01
   1.7700000e+02   1.0323581e+01
   1.7800000e+02   1.0319837e+01
   1.7900000e+02   1.0272344e+01
   1.8000000e+02   1.0244750e+01
   1.8100000e+02   1.0254196e+01
   1.8200000e+02   1.0258251e+01
   1.8300000e+02   1.0261919e+01
   1.8400000e+02   1.0269915e+01
   1.8500000e+02   1.0277824e+01
   1.8600000e+02   1.0282498e+01
   1.8700000e+02   1.0284190e+01
   1.8800000e+02   1.0286373e+01
   1.8900000e+02   1.0290638e+01
   1.9000000e+02   1.0297029e+01
   1.9100000e+02   1.0304281e+01
   1.9200000e+02   1.0311055e+01
   1.9300000e+02   1.0315790e+01
   1.9400000e+02   1.0318534e+01
   1.9500000e+02   1.0319949e+01
   1.9600000e+02   1.0320724e+01
   1.9700000e+02   1.0322005e+01
   1.9800000e+02   1.0322675e+01
   1.9900000e+02   1.0323002e+01
   2.0000000e+02   1.0323705e+01
   2.0100000e+02   1.0324364e+01
   2.0200000e+02   1.0324517e+01
   2.0300000e+02   1.0325183e+01
   2.0400000e+02   1.0325596e+01
   2.0500000e+02   1.0325973e+01
   2.0600000e+02   1.0325887e+01
   2.0700000e+02   1.0326253e+01
   2.0800000e+02   1.0326314e+01
   2.0900000e+02   1.0326360e+01
   2.1000000e+02   1.0325891e+01
   2.1100000e+02   1.0326323e+01
   2.1200000e+02   1.0326354e+01
   2.1300000e+02   1.0326267e+01
   2.1400000e+02   1.0326228e+01
   2.1500000e+02   1.0326106e+01
   2.1600000e+02   1.0326555e+01
   2.1700000e+02   1.0326666e+01
   2.1800000e+02   1.0326163e+01
   2.1900000e+02   1.0326150e+01
   2.2000000e+02   1.0326534e+01
   2.2100000e+02   1.0326327e+01
   2.2200000e+02   1.0326105e+01
   2.2300000e+02   1.0326134e+01
   2.2400000e+02   1.0326519e+01
   2.2500000e+02   1.0326459e+01
   2.2600000e+02   1.0326050e+01
   2.2700000e+02   1.0326092e+01
   2.2800000e+02   1.0326282e+01
   2.2900000e+02   1.0325728e+01
   2.3000000e+02   1.0326189e+01
   2.3100000e+02   1.0325947e+01
   2.3200000e+02   1.0326174e+01
   2.3300000e+02   1.0326116e+01
   2.3400000e+02   1.0325927e+01
   2.3500000e+02   1.0326069e+01
   2.3600000e+02   1.0325791e+01
   2.3700000e+02   1.0326188e+01
   2.3800000e+02   1.0326075e+01
   2.3900000e+02   1.0326328e+01
   2.4000000e+02   1.0326246e+01
   2.4100000e+02   1.0325904e+01
   2.4200000e+02   1.0325942e+01
   2.4300000e+02   1.0326424e+01
   2.4400000e+02   1.0325804e+01
   2.4500000e+02   1.0325644e+01
   2.4600000e+02   1.0325507e+01
   2.4700000e+02   1.0325060e+01
   2.4800000e+02   1.0325123e+01
   2.4900000e+02   1.0325060e+01
   2.5000000e+02   1.0324820e+01
   2.5100000e+02   1.0324736e+01
   2.5200000e+02   1.0325036e+01
   2.5300000e+02   1.0325097e+01
   2.5400000e+02   1.0325105e+01
   2.5500000e+02   1.0324844e+01
   2.5600000e+02   1.0324721e+01
   2.5700000e+02   1.0324937e+01
   2.5800000e+02   1.0324758e+01
   2.5900000e+02   1.0324695e+01
   2.6000000e+02   1.0324575e+01
   2.6100000e+02   1.0324283e+01
   2.6200000e+02   1.0324340e+01
   2.6300000e+02   1.0324475e+01
   2.6400000e+02   1.0324207e+01
   2.6500000e+02   1.0324264e+01
   2.6600000e+02   1.0324565e+01
   2.6700000e+02   1.0324657e+01
   2.6800000e+02   1.0324722e+01
   2.6900000e+02   1.0324694e+01
   2.7000000e+02   1.0324767e+01
   2.7100000e+02   1.0324841e+01
   2.7200000e+02   1.0324837e+01
   2.7300000e+02   1.0324759e+01
   2.7400000e+02   1.0324939e+01
   2.7500000e+02   1.0324888e+01
   2.7600000e+02   1.0324891e+01
   2.7700000e+02   1.0324940e+01
   2.7800000e+02   1.0324906e+01
   2.7900000e+02   1.0324807e+01
   2.8000000e+02   1.0324987e+01
   2.8100000e+02   1.0324926e+01
   2.8200000e+02   1.0325006e+01
   2.8300000e+02   1.0325128e+01
   2.8400000e+02   1.0325095e+01
   2.8500000e+02   1.0325035e+01
   2.8600000e+02   1.0325149e+01
   2.8700000e+02   1.0324972e+01
   2.8800000e+02   1.0325149e+01
   2.8900000e+02   1.0324894e+01
   2.9000000e+02   1.0325124e+01
   2.9100000e+02   1.0324966e+01
   2.9200000e+02   1.0324922e+01
   2.9300000e+02   1.0325021e+01
   2.9400000e+02   1.0324830e+01
   2.9500000e+02   1.0325143e+01
   2.9600000e+02   1.0324812e+01
   2.9700000e+02   1.0324713e+01
   2.9800000e+02   1.0324881e+01
   2.9900000e+02   1.0324756e+01
   3.0000000e+02   1.0324296e+01
   3.0100000e+02   1.0323971e+01
   3.0200000e+02   1.0323468e+01
   3.0300000e+02   1.0323057e+01
   3.0400000e+02   1.0322035e+01
   3.0500000e+02   1.0320693e+01
   3.0600000e+02   1.0319228e+01
   3.0700000e+02   1.0317170e+01
   3.0800000e+02   1.0315181e+01
   3.0900000e+02   1.0313219e+01
   3.1000000e+02   1.0311812e+01
   3.1100000e+02   1.0310864e+01
   3.1200000e+02   1.0310403e+01
   3.1300000e+02   1.0309956e+01
   3.1400000e+02   1.0309164e+01
   3.1500000e+02   1.0307881e+01
   3.1600000e+02   1.0305284e+01
   3.1700000e+02   1.0302264e+01
   3.1800000e+02   1.0299290e+01
   3.1900000e+02   1.0296589e+01
   3.2000000e+02   1.0294951e+01
   3.2100000e+02   1.0294135e+01
   3.2200000e+02   1.0294019e+01
   3.2300000e+02   1.0294674e+01
   3.2400000e+02   1.0295964e+01
   3.2500000e+02   1.0297905e+01
   3.2600000e+02   1.0300097e+01
   3.2700000e+02   1.0302716e+01
   3.2800000e+02   1.0305347e+01
   3.2900000e+02   1.0307326e+01
   3.3000000e+02   1.0309507e+01
   3.3100000e+02   1.0311015e+01
   3.3200000e+02   1.0312199e+01
   3.3300000e+02   1.0312814e+01
   3.3400000e+02   1.0312921e+01
   3.3500000e+02   1.0312683e+01
   3.3600000e+02   1.0312811e+01
   3.3700000e+02   1.0312939e+01
   3.3800000e+02   1.0313477e+01
   3.3900000e+02   1.0313872e+01
   3.4000000e+02   1.0314740e+01
   3.4100000e+02   1.0315638e+01
   3.4200000e+02   1.0316795e+01
   3.4300000e+02   1.0317880e+01
   3.4400000e+02   1.0318583e+01
   3.4500000e+02   1.0319761e+01
   3.4600000e+02   1.0320380e+01
   3.4700000e+02   1.0320888e+01
   3.4800000e+02   1.0321740e+01
   3.4900000e+02   1.0322120e+01
   3.5000000e+02   1.0322680e+01
   3.5100000e+02   1.0323185e+01
   3.5200000e+02   1.0323050e+01
   3.5300000e+02   1.0323379e+01
   3.5400000e+02   1.0323500e+01
   3.5500000e+02   1.0323614e+01
   3.5600000e+02   1.0323719e+01
   3.5700000e+02   1.0323364e+01
   3.5800000e+02   1.0323462e+01
   3.5900000e+02   1.0323005e+01
   3.6000000e+02   1.0322930e+01
   3.6100000e+02   1.0323049e+01
   3.6200000e+02   1.0323555e+01
   3.6300000e+02   1.0323621e+01
   3.6400000e+02   1.0323685e+01
   3.6500000e+02   1.0323665e+01
   3.6600000e+02   1.0323893e+01
   3.6700000e+02   1.0323952e+01
   3.6800000e+02   1.0323985e+01
   3.6900000e+02   1.0324139e+01
   3.7000000e+02   1.0324273e+01
   3.7100000e+02   1.0324179e+01
   3.7200000e+02   1.0324067e+01
   3.7300000e+02   1.0324390e+01
   3.7400000e+02   1.0324194e+01
   3.7500000e+02   1.0324093e+01
   3.7600000e+02   1.0324035e+01
   3.7700000e+02   1.0324117e+01
   3.7800000e+02   1.0323835e+01
   3.7900000e+02   1.0323767e+01
   3.8000000e+02   1.0323881e+01
   3.8100000e+02   1.0323776e+01
   3.8200000e+02   1.0323835e+01
   3.8300000e+02   1.0323530e+01
   3.8400000e+02   1.0323176e+01
   3.8500000e+02   1.0323251e+01
   3.8600000e+02   1.0322988e+01
   3.8700000e+02   1.0322528e+01
   3.8800000e+02   1.0322863e+01
   3.8900000e+02   1.0322529e+01
   3.9000000e+02   1.0322520e+01
   3.9100000e+02   1.0322643e+01
   3.9200000e+02   1.0323200e+01
   3.9300000e+02   1.0322821e+01
   3.9400000e+02   1.0323013e+01
   3.9500000e+02   1.0323120e+01
   3.9600000e+02   1.0323302e+01
   3.9700000e+02   1.0323272e+01
   3.9800000e+02   1.0323712e+01
   3.9900000e+02   1.0323584e+01
   4.0000000e+02   1.0323782e+01
   4.0100000e+02   1.0323685e+01
   4.0200000e+02   1.0323635e+01
   4.0300000e+02   1.0323672e+01
   4.0400000e+02   1.0323751e+01
   4.0500000e+02   1.0323805e+01
   4.0600000e+02   1.0323865e+01
   4.0700000e+02   1.0323662e+01
   4.0800000e+02   1.0323628e+01
   4.0900000e+02   1.0323954e+01
   4.1000000e+02   1.0323862e+01
   4.1100000e+02   1.0323891e+01
   4.1200000e+02   1.0324090e+01
   4.1300000e+02   1.0323913e+01
   4.1400000e+02   1.0323914e+01
   4.1500000e+02   1.0323728e+01
   4.1600000e+02   1.0323666e+01
   4.1700000e+02   1.0323691e+01
   4.1800000e+02   1.0323713e+01
   4.1900000e+02   1.0323930e+01
   4.2000000e+02   1.0323668e+01
   4.2100000e+02   1.0323888e+01
   4.2200000e+02   1.0323706e+01
   4.2300000e+02   1.0323744e+01
   4.2400000e+02   1.0323743e+01
   4.2500000e+02   1.0323856e+01
   4.2600000e+02   1.0323678e+01
   4.2700000e+02   1.0323698e+01
   4.2800000e+02   1.0323674e+01
   4.2900000e+02   1.0323499e+01
   4.3000000e+02   1.0323615e+01
   4.3100000e+02   1.0323401e+01
   4.3200000e+02   1.0323218e+01
   4.3300000e+02   1.0322700e+01
   4.3400000e+02   1.0321675e+01
   4.3500000e+02   1.0320251e+01
   4.3600000e+02   1.0317370e+01
   4.3700000e+02   1.0313100e+01
   4.3800000e+02   1.0307098e+01
   4.3900000e+02   1.0298123e+01
   4.4000000e+02   1.0286561e+01
   4.4100000e+02   1.0272857e+01
   4.4200000e+02   1.0257549e+01
   4.4300000e+02   1.0241645e+01
   4.4400000e+02   1.0227296e+01
   4.4500000e+02   1.0215867e+01
   4.4600000e+02   1.0208623e+01
   4.4700000e+02   1.0205171e+01
   4.4800000e+02   1.0206757e+01
   4.4900000e+02   1.0211157e+01
   4.5000000e+02   1.0218495e+01
   4.5100000e+02   1.0227774e+01
   4.5200000e+02   1.0237100e+01
   4.5300000e+02   1.0246765e+01
   4.5400000e+02   1.0255714e+01
   4.5500000e+02   1.0264398e+01
   4.5600000e+02   1.0271503e+01
   4.5700000e+02   1.0277864e+01
   4.5800000e+02   1.0283839e+01
   4.5900000e+02   1.0288934e+01
   4.6000000e+02   1.0293266e+01
   4.6100000e+02   1.0296809e+01
   4.6200000e+02   1.0300099e+01
   4.6300000e+02   1.0302741e+01
   4.6400000e+02   1.0305177e+01
   4.6500000e+02   1.0307271e+01
   4.6600000e+02   1.0309245e+01
   4.6700000e+02   1.0311414e+01
   4.6800000e+02   1.0312898e+01
   4.6900000e+02   1.0314390e+01
   4.7000000e+02   1.0315731e+01
   4.7100000e+02   1.0317206e+01
   4.7200000e+02   1.0318649e+01
   4.7300000e+02   1.0319309e+01
   4.7400000e+02   1.0319820e+01
   4.7500000e+02   1.0320829e+01
   4.7600000e+02   1.0321604e+01
   4.7700000e+02   1.0321476e+01
   4.7800000e+02   1.0321992e+01
   4.7900000e+02   1.0322301e+01
   4.8000000e+02   1.0322813e+01
   4.8100000e+02   1.0322787e+01
   4.8200000e+02   1.0322787e+01
   4.8300000e+02   1.0323131e+01
   4.8400000e+02   1.0322810e+01
   4.8500000e+02   1.0323229e+01
   4.8600000e+02   1.0323288e+01
   4.8700000e+02   1.0323167e+01
   4.8800000e+02   1.0323040e+01
   4.8900000e+02   1.0323400e+01
   4.9000000e+02   1.0323377e+01
   4.9100000e+02   1.0323484e+01
   4.9200000e+02   1.0323245e+01
   4.9300000e+02   1.0323633e+01
   4.9400000e+02   1.0323422e+01
   4.9500000e+02   1.0323256e+01
   4.9600000e+02   1.0323698e+01
   4.9700000e+02   1.0323368e+01
   4.9800000e+02   1.0323353e+01
   4.9900000e+02   1.0323380e+01
   5.0000000e+02   1.0323347e+01
   5.0100000e+02   1.0323298e+01
   5.0200000e+02   1.0323338e+01
   5.0300000e+02   1.0323164e+01
   5.0400000e+02   1.0323389e+01
   5.0500000e+02   1.0323276e+01
   5.0600000e+02   1.0323505e+01
   5.0700000e+02   1.0323211e+01
   5.0800000e+02   1.0323097e+01
   5.0900000e+02   1.0323266e+01
   5.1000000e+02   1.0323169e+01
   5.1100000e+02   1.0322956e+01
   5.1200000e+02   1.0323069e+01
   5.1300000e+02   1.0322950e+01
   5.1400000e+02   1.0323163e+01
   5.1500000e+02   1.0323301e+01
   5.1600000e+02   1.0323236e+01
   5.1700000e+02   1.0323187e+01
   5.1800000e+02   1.0323271e+01
   5.1900000e+02   1.0323071e+01
   5.2000000e+02   1.0323593e+01
   5.2100000e+02   1.0323371e+01
   5.2200000e+02   1.0323640e+01
   5.2300000e+02   1.0323581e+01
   5.2400000e+02   1.0323622e+01
   5.2500000e+02   1.0323613e+01
   5.2600000e+02   1.0323177e+01
   5.2700000e+02   1.0323527e+01
   5.2800000e+02   1.0323402e+01
   5.2900000e+02   1.0323313e+01
   5.3000000e+02   1.0323485e+01
   5.3100000e+02   1.0323458e+01
   5.3200000e+02   1.0323291e+01
   5.3300000e+02   1.0323580e+01
   5.3400000e+02   1.0323474e+01
   5.3500000e+02   1.0323447e+01
   5.3600000e+02   1.0323618e+01
   5.3700000e+02   1.0323507e+01
   5.3800000e+02   1.0323100e+01
   5.3900000e+02   1.0323396e+01
   5.4000000e+02   1.0323576e+01
   5.4100000e+02   1.0323319e+01
   5.4200000e+02   1.0323222e+01
   5.4300000e+02   1.0323331e+01
   5.4400000e+02   1.0323251e+01
   5.4500000e+02   1.0323391e+01
   5.4600000e+02   1.0323201e+01
   5.4700000e+02   1.0323280e+01
   5.4800000e+02   1.0323429e+01
   5.4900000e+02   1.0323315e+01
   5.5000000e+02   1.0323682e+01
   5.5100000e+02   1.0323470e+01
   5.5200000e+02   1.0323396e+01
   5.5300000e+02   1.0323602e+01
   5.5400000e+02   1.0323453e+01
   5.5500000e+02   1.0323409e+01
   5.5600000e+02   1.0323379e+01
   5.5700000e+02   1.0323477e+01
   5.5800000e+02   1.0323246e+01
   5.5900000e+02   1.0323073e+01
   5.6000000e+02   1.0323269e+01
   5.6100000e+02   1.0323204e+01
   5.6200000e+02   1.0323384e+01
   5.6300000e+02   1.0323447e+01
   5.6400000e+02   1.0323502e+01
   5.6500000e+02   1.0323263e+01
   5.6600000e+02   1.0323229e+01
   5.6700000e+02   1.0322872e+01
   5.6800000e+02   1.0323044e+01
   5.6900000e+02   1.0323186e+01
   5.7000000e+02   1.0322899e+01
   5.7100000e+02   1.0323022e+01
   5.7200000e+02   1.0323158e+01
   5.7300000e+02   1.0322900e+01
   5.7400000e+02   1.0323036e+01
   5.7500000e+02   1.0323079e+01
   5.7600000e+02   1.0322970e+01
   5.7700000e+02   1.0323172e+01
   5.7800000e+02   1.0322854e+01
   5.7900000e+02   1.0322886e+01
   5.8000000e+02   1.0323330e+01
   5.8100000e+02   1.0323037e+01
   5.8200000e+02   1.0323090e+01
   5.8300000e+02   1.0322943e+01
   5.8400000e+02   1.0322995e+01
   5.8500000e+02   1.0322806e+01
   5.8600000e+02   1.0323035e+01
   5.8700000e+02   1.0322829e+01
   5.8800000e+02   1.0322660e+01
   5.8900000e+02   1.0322728e+01
   5.9000000e+02   1.0322671e+01
   5.9100000e+02   1.0322448e+01
   5.9200000e+02   1.0322832e+01
   5.9300000e+02   1.0323075e+01
   5.9400000e+02   1.0323198e+01
   5.9500000e+02   1.0322883e+01
   5.9600000e+02   1.0323024e+01
   5.9700000e+02   1.0322952e+01
   5.9800000e+02   1.0322856e+01
   5.9900000e+02   1.0322758e+01
   6.0000000e+02   1.0322709e+01
   6.0100000e+02   1.0322819e+01
   6.0200000e+02   1.0322973e+01
   6.0300000e+02   1.0322732e+01
   6.0400000e+02   1.0322878e+01
   6.0500000e+02   1.0322706e+01
   6.0600000e+02   1.0322792e+01
   6.0700000e+02   1.0322915e+01
   6.0800000e+02   1.0322987e+01
   6.0900000e+02   1.0322747e+01
   6.1000000e+02   1.0322821e+01
   6.1100000e+02   1.0323015e+01
   6.1200000e+02   1.0322865e+01
   6.1300000e+02   1.0322820e+01
   6.1400000e+02   1.0323095e+01
   6.1500000e+02   1.0322891e+01
   6.1600000e+02   1.0322912e+01
   6.1700000e+02   1.0323036e+01
   6.1800000e+02   1.0322942e+01
   6.1900000e+02   1.0322990e+01
   6.2000000e+02   1.0323146e+01
   6.2100000e+02   1.0323044e+01
   6.2200000e+02   1.0323040e+01
   6.2300000e+02   1.0322791e+01
   6.2400000e+02   1.0322718e+01
   6.2500000e+02   1.0323096e+01
   6.2600000e+02   1.0322878e+01
   6.2700000e+02   1.0322679e+01
   6.2800000e+02   1.0322955e+01
   6.2900000e+02   1.0322852e+01
   6.3000000e+02   1.0322818e+01
   6.3100000e+02   1.0323109e+01
   6.3200000e+02   1.0322780e+01
   6.3300000e+02   1.0323132e+01
   6.3400000e+02   1.0323040e+01
   6.3500000e+02   1.0322956e+01
   6.3600000e+02   1.0322985e+01
   6.3700000e+02   1.0322778e+01
   6.3800000e+02   1.0322955e+01
   6.3900000e+02   1.0322810e+01
   6.4000000e+02   1.0323016e+01
   6.4100000e+02   1.0322943e+01
   6.4200000e+02   1.0322794e+01
   6.4300000e+02   1.0322922e+01
   6.4400000e+02   1.0322745e+01
   6.4500000e+02   1.0322820e+01
   6.4600000e+02   1.0322630e+01
   6.4700000e+02   1.0322698e+01
   6.4800000e+02   1.0322831e+01
   6.4900000e+02   1.0322689e+01
   6.5000000e+02   1.0322672e+01
   6.5100000e+02   1.0322516e+01
   6.5200000e+02   1.0322598e+01
   6.5300000e+02   1.0322536e+01
   6.5400000e+02   1.0322688e+01
   6.5500000e+02   1.0322651e+01
   6.5600000e+02   1.0322781e+01
   6.5700000e+02   1.0322599e+01
   6.5800000e+02   1.0322487e+01
   6.5900000e+02   1.0322518e+01
   6.6000000e+02   1.0322468e+01
   6.6100000e+02   1.0322729e+01
   6.6200000e+02   1.0322231e+01
   6.6300000e+02   1.0322116e+01
   6.6400000e+02   1.0321954e+01
   6.6500000e+02   1.0321900e+01
   6.6600000e+02   1.0321084e+01
   6.6700000e+02   1.0320888e+01
   6.6800000e+02   1.0319995e+01
   6.6900000e+02   1.0318879e+01
   6.7000000e+02   1.0318100e+01
   6.7100000e+02   1.0316627e+01
   6.7200000e+02   1.0315135e+01
   6.7300000e+02   1.0313337e+01
   6.7400000e+02   1.0311358e+01
   6.7500000e+02   1.0309458e+01
   6.7600000e+02   1.0307639e+01
   6.7700000e+02   1.0305386e+01
   6.7800000e+02   1.0304009e+01
   6.7900000e+02   1.0302578e+01
   6.8000000e+02   1.0301266e+01
   6.8100000e+02   1.0300521e+01
   6.8200000e+02   1.0300341e+01
   6.8300000e+02   1.0300339e+01
   6.8400000e+02   1.0300667e+01
   6.8500000e+02   1.0301669e+01
   6.8600000e+02   1.0302729e+01
   6.8700000e+02   1.0303861e+01
   6.8800000e+02   1.0305071e+01
   6.8900000e+02   1.0306518e+01
   6.9000000e+02   1.0307741e+01
   6.9100000e+02   1.0309059e+01
   6.9200000e+02   1.0310451e+01
   6.9300000e+02   1.0311592e+01
   6.9400000e+02   1.0312591e+01
   6.9500000e+02   1.0313699e+01
   6.9600000e+02   1.0314609e+01
   6.9700000e+02   1.0315282e+01
   6.9800000e+02   1.0315963e+01
   6.9900000e+02   1.0317026e+01
   7.0000000e+02   1.0317574e+01
   7.0100000e+02   1.0318142e+01
   7.0200000e+02   1.0318603e+01
   7.0300000e+02   1.0318939e+01
   7.0400000e+02   1.0319352e+01
   7.0500000e+02   1.0319527e+01
   7.0600000e+02   1.0320116e+01
   7.0700000e+02   1.0320387e+01
   7.0800000e+02   1.0320602e+01
   7.0900000e+02   1.0320623e+01
   7.1000000e+02   1.0320926e+01
   7.1100000e+02   1.0321129e+01
   7.1200000e+02   1.0320997e+01
   7.1300000e+02   1.0321291e+01
   7.1400000e+02   1.0321272e+01
   7.1500000e+02   1.0321207e+01
   7.1600000e+02   1.0321477e+01
   7.1700000e+02   1.0321290e+01
   7.1800000e+02   1.0321625e+01
   7.1900000e+02   1.0321563e+01
   7.2000000e+02   1.0321299e+01
   7.2100000e+02   1.0321195e+01
   7.2200000e+02   1.0321343e+01
   7.2300000e+02   1.0321452e+01
   7.2400000e+02   1.0321410e+01
   7.2500000e+02   1.0321391e+01
   7.2600000e+02   1.0321423e+01
   7.2700000e+02   1.0321442e+01
   7.2800000e+02   1.0321437e+01
   7.2900000e+02   1.0321399e+01
   7.3000000e+02   1.0321572e+01
   7.3100000e+02   1.0321423e+01
   7.3200000e+02   1.0321435e+01
   7.3300000e+02   1.0321497e+01
   7.3400000e+02   1.0321286e+01
   7.3500000e+02   1.0321483e+01
   7.3600000e+02   1.0321340e+01
   7.3700000e+02   1.0321223e+01
   7.3800000e+02   1.0321319e+01
   7.3900000e+02   1.0321259e+01
   7.4000000e+02   1.0321370e+01
   7.4100000e+02   1.0321341e+01
   7.4200000e+02   1.0321368e+01
   7.4300000e+02   1.0321306e+01
   7.4400000e+02   1.0321458e+01
   7.4500000e+02   1.0321351e+01
   7.4600000e+02   1.0321687e+01
   7.4700000e+02   1.0321341e+01
   7.4800000e+02   1.0321908e+01
   7.4900000e+02   1.0321535e+01
   7.5000000e+02   1.0321409e+01
   7.5100000e+02   1.0321707e+01
   7.5200000e+02   1.0321636e+01
   7.5300000e+02   1.0321578e+01
   7.5400000e+02   1.0321515e+01
   7.5500000e+02   1.0321617e+01
   7.5600000e+02   1.0321772e+01
   7.5700000e+02   1.0321754e+01
   7.5800000e+02   1.0321916e+01
   7.5900000e+02   1.0321535e+01
   7.6000000e+02   1.0321727e+01
   7.6100000e+02   1.0321826e+01
   7.6200000e+02   1.0321658e+01
   7.6300000e+02   1.0321607e+01
   7.6400000e+02   1.0321766e+01
   7.6500000e+02   1.0321491e+01
   7.6600000e+02   1.0321344e+01
   7.6700000e+02   1.0321334e+01
   7.6800000e+02   1.0321620e+01
   7.6900000e+02   1.0321759e+01
   7.7000000e+02   1.0321407e+01
   7.7100000e+02   1.0321745e+01
   7.7200000e+02   1.0321419e+01
   7.7300000e+02   1.0321791e+01
   7.7400000e+02   1.0321581e+01
   7.7500000e+02   1.0321941e+01
   7.7600000e+02   1.0321869e+01
   7.7700000e+02   1.0321537e+01
   7.7800000e+02   1.0321768e+01
   7.7900000e+02   1.0321484e+01
   7.8000000e+02   1.0321412e+01
