   0.0000000e+00   1.0314063e+01
   1.0000000e+00   1.0310578e+01
   2.0000000e+00   1.0309994e+01
   3.0000000e+00   1.0309307e+01
   4.0000000e+00   1.0309026e+01
   5.0000000e+00   1.0308815e+01
   6.0000000e+00   1.0309048e+01
   7.0000000e+00   1.0308451e+01
   8.0000000e+00   1.0308234e+01
   9.0000000e+00   1.0308199e+01
   1.0000000e+01   1.0308131e+01
   1.1000000e+01   1.0308212e+01
   1.2000000e+01   1.0307836e+01
   1.3000000e+01   1.0307875e+01
   1.4000000e+01   1.0307670e+01
   1.5000000e+01   1.0307547e+01
   1.6000000e+01   1.0307256e+01
   1.7000000e+01   1.0307279e+01
   1.8000000e+01   1.0307061e+01
   1.9000000e+01   1.0307296e+01
   2.0000000e+01   1.0307095e+01
   2.1000000e+01   1.0306744e+01
   2.2000000e+01   1.0306592e+01
   2.3000000e+01   1.0306378e+01
   2.4000000e+01   1.0306386e+01
   2.5000000e+01   1.0306603e+01
   2.6000000e+01   1.0306301e+01
   2.7000000e+01   1.0306289e+01
   2.8000000e+01   1.0306142e+01
   2.9000000e+01   1.0306117e+01
   3.0000000e+01   1.0305866e+01
   3.1000000e+01   1.0305949e+01
   3.2000000e+01   1.0305695e+01
   3.3000000e+01   1.0305657e+01
   3.4000000e+01   1.0305818e+01
   3.5000000e+01   1.0305605e+01
   3.6000000e+01   1.0305651e+01
   3.7000000e+01   1.0305240e+01
   3.8000000e+01   1.0305465e+01
   3.9000000e+01   1.0305489e+01
   4.0000000e+01   1.0305324e+01
   4.1000000e+01   1.0305263e+01
   4.2000000e+01   1.0305088e+01
   4.3000000e+01   1.0305038e+01
   4.4000000e+01   1.0305030e+01
   4.5000000e+01   1.0304673e+01
   4.6000000e+01   1.0304499e+01
   4.7000000e+01   1.0304860e+01
   4.8000000e+01   1.0304668e+01
   4.9000000e+01   1.0304472e+01
   5.0000000e+01   1.0304349e+01
   5.1000000e+01   1.0304154e+01
   5.2000000e+01   1.0304348e+01
   5.3000000e+01   1.0304317e+01
   5.4000000e+01   1.0304089e+01
   5.5000000e+01   1.0303964e+01
   5.6000000e+01   1.0303839e+01
   5.7000000e+01   1.0303729e+01
   5.8000000e+01   1.0303751e+01
   5.9000000e+01   1.0303797e+01
   6.0000000e+01   1.0303396e+01
   6.1000000e+01   1.0303768e+01
   6.2000000e+01   1.0303597e+01
   6.3000000e+01   1.0303620e+01
   6.4000000e+01   1.0303507e+01
   6.5000000e+01   1.0303526e+01
   6.6000000e+01   1.0303246e+01
   6.7000000e+01   1.0303328e+01
   6.8000000e+01   1.0303466e+01
   6.9000000e+01   1.0303216e+01
   7.0000000e+01   1.0303080e+01
   7.1000000e+01   1.0303226e+01
   7.2000000e+01   1.0303155e+01
   7.3000000e+01   1.0303077e+01
   7.4000000e+01   1.0303004e+01
   7.5000000e+01   1.0302771e+01
   7.6000000e+01   1.0302654e+01
   7.7000000e+01   1.0302712e+01
   7.8000000e+01   1.0302889e+01
   7.9000000e+01   1.0302887e+01
   8.0000000e+01   1.0302664e+01
   8.1000000e+01   1.0302566e+01
   8.2000000e+01   1.0302677e+01
   8.3000000e+01   1.0302516e+01
   8.4000000e+01   1.0302564e+01
   8.5000000e+01   1.0302666e+01
   8.6000000e+01   1.0302309e+01
   8.7000000e+01   1.0302507e+01
   8.8000000e+01   1.0302649e+01
   8.9000000e+01   1.0302685e+01
   9.0000000e+01   1.0302732e+01
   9.1000000e+01   1.0302680e+01
   9.2000000e+01   1.0302420e+01
   9.3000000e+01   1.0302415e+01
   9.4000000e+01   1.0302528e+01
   9.5000000e+01   1.0302326e+01
   9.6000000e+01   1.0302442e+01
   9.7000000e+01   1.0302582e+01
   9.8000000e+01   1.0302265e+01
   9.9000000e+01   1.0302266e+01
   1.0000000e+02   1.0302162e+01
   1.0100000e+02   1.0302205e+01
   1.0200000e+02   1.0302186e+01
   1.0300000e+02   1.0302156e+01
   1.0400000e+02   1.0301996e+01
   1.0500000e+02   1.0302192e+01
   1.0600000e+02   1.0302091e+01
   1.0700000e+02   1.0301863e+01
   1.0800000e+02   1.0302098e+01
   1.0900000e+02   1.0302084e+01
   1.1000000e+02   1.0302106e+01
   1.1100000e+02   1.0302055e+01
   1.1200000e+02   1.0302152e+01
   1.1300000e+02   1.0302123e+01
   1.1400000e+02   1.0301768e+01
   1.1500000e+02   1.0301916e+01
   1.1600000e+02   1.0301642e+01
   1.1700000e+02   1.0301577e+01
   1.1800000e+02   1.0301916e+01
   1.1900000e+02   1.0301843e+01
   1.2000000e+02   1.0301524e+01
   1.2100000e+02   1.0301923e+01
   1.2200000e+02   1.0301676e+01
   1.2300000e+02   1.0301481e+01
   1.2400000e+02   1.0301538e+01
   1.2500000e+02   1.0301530e+01
   1.2600000e+02   1.0301523e+01
   1.2700000e+02   1.0301379e+01
   1.2800000e+02   1.0301719e+01
   1.2900000e+02   1.0301563e+01
   1.3000000e+02   1.0301405e+01
   1.3100000e+02   1.0301287e+01
   1.3200000e+02   1.0301125e+01
   1.3300000e+02   1.0301101e+01
   1.3400000e+02   1.0301136e+01
   1.3500000e+02   1.0300953e+01
   1.3600000e+02   1.0301129e+01
   1.3700000e+02   1.0300896e+01
   1.3800000e+02   1.0300759e+01
   1.3900000e+02   1.0301085e+01
   1.4000000e+02   1.0300872e+01
   1.4100000e+02   1.0300554e+01
   1.4200000e+02   1.0301126e+01
   1.4300000e+02   1.0300912e+01
   1.4400000e+02   1.0300947e+01
   1.4500000e+02   1.0300933e+01
   1.4600000e+02   1.0300832e+01
   1.4700000e+02   1.0301239e+01
   1.4800000e+02   1.0300910e+01
   1.4900000e+02   1.0300946e+01
   1.5000000e+02   1.0300982e+01
   1.5100000e+02   1.0300877e+01
   1.5200000e+02   1.0301155e+01
   1.5300000e+02   1.0301073e+01
   1.5400000e+02   1.0301022e+01
   1.5500000e+02   1.0301237e+01
   1.5600000e+02   1.0301117e+01
   1.5700000e+02   1.0300956e+01
   1.5800000e+02   1.0300729e+01
   1.5900000e+02   1.0301150e+01
   1.6000000e+02   1.0300830e+01
   1.6100000e+02   1.0300677e+01
   1.6200000e+02   1.0300631e+01
   1.6300000e+02   1.0300755e+01
   1.6400000e+02   1.0300441e+01
   1.6500000e+02   1.0300494e+01
   1.6600000e+02   1.0299481e+01
   1.6700000e+02   1.0292342e+01
   1.6800000e+02   1.0273603e+01
   1.6900000e+02   1.0265562e+01
   1.7000000e+02   1.0275169e+01
   1.7100000e+02   1.0286506e+01
   1.7200000e+02   1.0292789e+01
   1.7300000e+02   1.0294970e+01
   1.7400000e+02   1.0295151e+01
   1.7500000e+02   1.0295535e+01
   1.7600000e+02   1.0296214e+01
   1.7700000e+02   1.0296300e+01
   1.7800000e+02   1.0294127e+01
   1.7900000e+02   1.0260458e+01
   1.8000000e+02   1.0228619e+01
   1.8100000e+02   1.0232405e+01
   1.8200000e+02   1.0235568e+01
   1.8300000e+02   1.0238455e+01
   1.8400000e+02   1.0244738e+01
   1.8500000e+02   1.0251698e+01
   1.8600000e+02   1.0255944e+01
   1.8700000e+02   1.0258052e+01
   1.8800000e+02   1.0259539e+01
   1.8900000e+02   1.0263003e+01
   1.9000000e+02   1.0268545e+01
   1.9100000e+02   1.0275614e+01
   1.9200000e+02   1.0282688e+01
   1.9300000e+02   1.0286978e+01
   1.9400000e+02   1.0289584e+01
   1.9500000e+02   1.0291415e+01
   1.9600000e+02   1.0292338e+01
   1.9700000e+02   1.0293656e+01
   1.9800000e+02   1.0294326e+01
   1.9900000e+02   1.0295030e+01
   2.0000000e+02   1.0295565e+01
   2.0100000e+02   1.0296233e+01
   2.0200000e+02   1.0296912e+01
   2.0300000e+02   1.0297376e+01
   2.0400000e+02   1.0297590e+01
   2.0500000e+02   1.0297877e+01
   2.0600000e+02   1.0298023e+01
   2.0700000e+02   1.0298338e+01
   2.0800000e+02   1.0298670e+01
   2.0900000e+02   1.0298831e+01
   2.1000000e+02   1.0298996e+01
   2.1100000e+02   1.0298891e+01
   2.1200000e+02   1.0298736e+01
   2.1300000e+02   1.0298926e+01
   2.1400000e+02   1.0298962e+01
   2.1500000e+02   1.0299000e+01
   2.1600000e+02   1.0298709e+01
   2.1700000e+02   1.0298955e+01
   2.1800000e+02   1.0298726e+01
   2.1900000e+02   1.0298804e+01
   2.2000000e+02   1.0298598e+01
   2.2100000e+02   1.0298335e+01
   2.2200000e+02   1.0298312e+01
   2.2300000e+02   1.0297862e+01
   2.2400000e+02   1.0297703e+01
   2.2500000e+02   1.0297366e+01
   2.2600000e+02   1.0297217e+01
   2.2700000e+02   1.0296933e+01
   2.2800000e+02   1.0297326e+01
   2.2900000e+02   1.0297337e+01
   2.3000000e+02   1.0297615e+01
   2.3100000e+02   1.0297705e+01
   2.3200000e+02   1.0297873e+01
   2.3300000e+02   1.0298196e+01
   2.3400000e+02   1.0297883e+01
   2.3500000e+02   1.0298182e+01
   2.3600000e+02   1.0298247e+01
   2.3700000e+02   1.0298313e+01
   2.3800000e+02   1.0298004e+01
   2.3900000e+02   1.0297916e+01
   2.4000000e+02   1.0297703e+01
   2.4100000e+02   1.0297744e+01
   2.4200000e+02   1.0297311e+01
   2.4300000e+02   1.0296167e+01
   2.4400000e+02   1.0294380e+01
   2.4500000e+02   1.0291733e+01
   2.4600000e+02   1.0288196e+01
   2.4700000e+02   1.0284464e+01
   2.4800000e+02   1.0281278e+01
   2.4900000e+02   1.0279515e+01
   2.5000000e+02   1.0279196e+01
   2.5100000e+02   1.0280199e+01
   2.5200000e+02   1.0281311e+01
   2.5300000e+02   1.0282430e+01
   2.5400000e+02   1.0282680e+01
   2.5500000e+02   1.0282272e+01
   2.5600000e+02   1.0281189e+01
   2.5700000e+02   1.0279621e+01
   2.5800000e+02   1.0278423e+01
   2.5900000e+02   1.0277108e+01
   2.6000000e+02   1.0275679e+01
   2.6100000e+02   1.0274486e+01
   2.6200000e+02   1.0273800e+01
   2.6300000e+02   1.0273096e+01
   2.6400000e+02   1.0273208e+01
   2.6500000e+02   1.0274416e+01
   2.6600000e+02   1.0275931e+01
   2.6700000e+02   1.0277997e+01
   2.6800000e+02   1.0279904e+01
   2.6900000e+02   1.0281605e+01
   2.7000000e+02   1.0282881e+01
   2.7100000e+02   1.0283573e+01
   2.7200000e+02   1.0284221e+01
   2.7300000e+02   1.0284315e+01
   2.7400000e+02   1.0284691e+01
   2.7500000e+02   1.0285442e+01
   2.7600000e+02   1.0286131e+01
   2.7700000e+02   1.0286896e+01
   2.7800000e+02   1.0287453e+01
   2.7900000e+02   1.0288247e+01
   2.8000000e+02   1.0288888e+01
   2.8100000e+02   1.0289276e+01
   2.8200000e+02   1.0289612e+01
   2.8300000e+02   1.0289972e+01
   2.8400000e+02   1.0290618e+01
   2.8500000e+02   1.0291134e+01
   2.8600000e+02   1.0291429e+01
   2.8700000e+02   1.0291851e+01
   2.8800000e+02   1.0292463e+01
   2.8900000e+02   1.0292693e+01
   2.9000000e+02   1.0293325e+01
   2.9100000e+02   1.0293199e+01
   2.9200000e+02   1.0293531e+01
   2.9300000e+02   1.0293934e+01
   2.9400000e+02   1.0294414e+01
   2.9500000e+02   1.0294546e+01
   2.9600000e+02   1.0294853e+01
   2.9700000e+02   1.0295050e+01
   2.9800000e+02   1.0294931e+01
   2.9900000e+02   1.0294863e+01
   3.0000000e+02   1.0294504e+01
   3.0100000e+02   1.0293659e+01
   3.0200000e+02   1.0291909e+01
   3.0300000e+02   1.0290418e+01
   3.0400000e+02   1.0288301e+01
   3.0500000e+02   1.0285103e+01
   3.0600000e+02   1.0281020e+01
   3.0700000e+02   1.0275775e+01
   3.0800000e+02   1.0269789e+01
   3.0900000e+02   1.0263546e+01
   3.1000000e+02   1.0257709e+01
   3.1100000e+02   1.0253134e+01
   3.1200000e+02   1.0251109e+01
   3.1300000e+02   1.0250469e+01
   3.1400000e+02   1.0249655e+01
   3.1500000e+02   1.0247249e+01
   3.1600000e+02   1.0242531e+01
   3.1700000e+02   1.0235352e+01
   3.1800000e+02   1.0226234e+01
   3.1900000e+02   1.0217174e+01
   3.2000000e+02   1.0209664e+01
   3.2100000e+02   1.0204734e+01
   3.2200000e+02   1.0202539e+01
   3.2300000e+02   1.0202957e+01
   3.2400000e+02   1.0205305e+01
   3.2500000e+02   1.0209617e+01
   3.2600000e+02   1.0215295e+01
   3.2700000e+02   1.0221814e+01
   3.2800000e+02   1.0228966e+01
   3.2900000e+02   1.0235957e+01
   3.3000000e+02   1.0241954e+01
   3.3100000e+02   1.0247080e+01
   3.3200000e+02   1.0251152e+01
   3.3300000e+02   1.0253781e+01
   3.3400000e+02   1.0254663e+01
   3.3500000e+02   1.0255163e+01
   3.3600000e+02   1.0254672e+01
   3.3700000e+02   1.0253921e+01
   3.3800000e+02   1.0254226e+01
   3.3900000e+02   1.0254949e+01
   3.4000000e+02   1.0257195e+01
   3.4100000e+02   1.0259933e+01
   3.4200000e+02   1.0263455e+01
   3.4300000e+02   1.0267078e+01
   3.4400000e+02   1.0270593e+01
   3.4500000e+02   1.0273923e+01
   3.4600000e+02   1.0276459e+01
   3.4700000e+02   1.0278981e+01
   3.4800000e+02   1.0280893e+01
   3.4900000e+02   1.0282572e+01
   3.5000000e+02   1.0284185e+01
   3.5100000e+02   1.0285489e+01
   3.5200000e+02   1.0286713e+01
   3.5300000e+02   1.0287727e+01
   3.5400000e+02   1.0288531e+01
   3.5500000e+02   1.0288884e+01
   3.5600000e+02   1.0289390e+01
   3.5700000e+02   1.0289580e+01
   3.5800000e+02   1.0289307e+01
   3.5900000e+02   1.0289133e+01
   3.6000000e+02   1.0288931e+01
   3.6100000e+02   1.0288697e+01
   3.6200000e+02   1.0288823e+01
   3.6300000e+02   1.0289268e+01
   3.6400000e+02   1.0289471e+01
   3.6500000e+02   1.0290110e+01
   3.6600000e+02   1.0290575e+01
   3.6700000e+02   1.0291283e+01
   3.6800000e+02   1.0291808e+01
   3.6900000e+02   1.0292472e+01
   3.7000000e+02   1.0292890e+01
   3.7100000e+02   1.0293458e+01
   3.7200000e+02   1.0293798e+01
   3.7300000e+02   1.0294072e+01
   3.7400000e+02   1.0294223e+01
   3.7500000e+02   1.0294431e+01
   3.7600000e+02   1.0294686e+01
   3.7700000e+02   1.0294973e+01
   3.7800000e+02   1.0294704e+01
   3.7900000e+02   1.0294996e+01
   3.8000000e+02   1.0295240e+01
   3.8100000e+02   1.0294873e+01
   3.8200000e+02   1.0294712e+01
   3.8300000e+02   1.0294758e+01
   3.8400000e+02   1.0294241e+01
   3.8500000e+02   1.0293749e+01
   3.8600000e+02   1.0293190e+01
   3.8700000e+02   1.0292607e+01
   3.8800000e+02   1.0292139e+01
   3.8900000e+02   1.0291538e+01
   3.9000000e+02   1.0291039e+01
   3.9100000e+02   1.0291007e+01
   3.9200000e+02   1.0291313e+01
   3.9300000e+02   1.0291381e+01
   3.9400000e+02   1.0291533e+01
   3.9500000e+02   1.0292269e+01
   3.9600000e+02   1.0292534e+01
   3.9700000e+02   1.0293060e+01
   3.9800000e+02   1.0293178e+01
   3.9900000e+02   1.0293450e+01
   4.0000000e+02   1.0293790e+01
   4.0100000e+02   1.0294032e+01
   4.0200000e+02   1.0294336e+01
   4.0300000e+02   1.0294114e+01
   4.0400000e+02   1.0294600e+01
   4.0500000e+02   1.0294739e+01
   4.0600000e+02   1.0295025e+01
   4.0700000e+02   1.0295180e+01
   4.0800000e+02   1.0295367e+01
   4.0900000e+02   1.0295200e+01
   4.1000000e+02   1.0295164e+01
   4.1100000e+02   1.0295376e+01
   4.1200000e+02   1.0295561e+01
   4.1300000e+02   1.0295542e+01
   4.1400000e+02   1.0295618e+01
   4.1500000e+02   1.0295715e+01
   4.1600000e+02   1.0295383e+01
   4.1700000e+02   1.0295616e+01
   4.1800000e+02   1.0295323e+01
   4.1900000e+02   1.0295601e+01
   4.2000000e+02   1.0296203e+01
   4.2100000e+02   1.0295307e+01
   4.2200000e+02   1.0295567e+01
   4.2300000e+02   1.0295505e+01
   4.2400000e+02   1.0295724e+01
   4.2500000e+02   1.0295595e+01
   4.2600000e+02   1.0295468e+01
   4.2700000e+02   1.0295835e+01
   4.2800000e+02   1.0295407e+01
   4.2900000e+02   1.0295783e+01
   4.3000000e+02   1.0295403e+01
   4.3100000e+02   1.0295520e+01
   4.3200000e+02   1.0295899e+01
   4.3300000e+02   1.0295785e+01
   4.3400000e+02   1.0295645e+01
   4.3500000e+02   1.0295459e+01
   4.3600000e+02   1.0295017e+01
   4.3700000e+02   1.0293910e+01
   4.3800000e+02   1.0292518e+01
   4.3900000e+02   1.0290359e+01
   4.4000000e+02   1.0287335e+01
   4.4100000e+02   1.0282908e+01
   4.4200000e+02   1.0277015e+01
   4.4300000e+02   1.0269249e+01
   4.4400000e+02   1.0260553e+01
   4.4500000e+02   1.0251847e+01
   4.4600000e+02   1.0243090e+01
   4.4700000e+02   1.0235956e+01
   4.4800000e+02   1.0230759e+01
   4.4900000e+02   1.0228044e+01
   4.5000000e+02   1.0227756e+01
   4.5100000e+02   1.0229809e+01
   4.5200000e+02   1.0233850e+01
   4.5300000e+02   1.0238305e+01
   4.5400000e+02   1.0243330e+01
   4.5500000e+02   1.0248633e+01
   4.5600000e+02   1.0253610e+01
   4.5700000e+02   1.0257635e+01
   4.5800000e+02   1.0261369e+01
   4.5900000e+02   1.0265245e+01
   4.6000000e+02   1.0268029e+01
   4.6100000e+02   1.0270388e+01
   4.6200000e+02   1.0272716e+01
   4.6300000e+02   1.0274681e+01
   4.6400000e+02   1.0276880e+01
   4.6500000e+02   1.0278870e+01
   4.6600000e+02   1.0280730e+01
   4.6700000e+02   1.0281934e+01
   4.6800000e+02   1.0283597e+01
   4.6900000e+02   1.0285000e+01
   4.7000000e+02   1.0286151e+01
   4.7100000e+02   1.0287539e+01
   4.7200000e+02   1.0288552e+01
   4.7300000e+02   1.0289689e+01
   4.7400000e+02   1.0290457e+01
   4.7500000e+02   1.0291134e+01
   4.7600000e+02   1.0292018e+01
   4.7700000e+02   1.0292605e+01
   4.7800000e+02   1.0292647e+01
   4.7900000e+02   1.0293335e+01
   4.8000000e+02   1.0293954e+01
   4.8100000e+02   1.0294478e+01
   4.8200000e+02   1.0294374e+01
   4.8300000e+02   1.0294969e+01
   4.8400000e+02   1.0294845e+01
   4.8500000e+02   1.0295165e+01
   4.8600000e+02   1.0295362e+01
   4.8700000e+02   1.0295270e+01
   4.8800000e+02   1.0295290e+01
   4.8900000e+02   1.0295171e+01
   4.9000000e+02   1.0295342e+01
   4.9100000e+02   1.0295150e+01
   4.9200000e+02   1.0295467e+01
   4.9300000e+02   1.0295335e+01
   4.9400000e+02   1.0295239e+01
   4.9500000e+02   1.0295230e+01
   4.9600000e+02   1.0295187e+01
   4.9700000e+02   1.0295518e+01
   4.9800000e+02   1.0295387e+01
   4.9900000e+02   1.0295571e+01
   5.0000000e+02   1.0295290e+01
   5.0100000e+02   1.0295754e+01
   5.0200000e+02   1.0295287e+01
   5.0300000e+02   1.0295297e+01
   5.0400000e+02   1.0294902e+01
   5.0500000e+02   1.0295315e+01
   5.0600000e+02   1.0295009e+01
   5.0700000e+02   1.0295107e+01
   5.0800000e+02   1.0295232e+01
   5.0900000e+02   1.0295187e+01
   5.1000000e+02   1.0295200e+01
   5.1100000e+02   1.0295520e+01
   5.1200000e+02   1.0295034e+01
   5.1300000e+02   1.0295372e+01
   5.1400000e+02   1.0295018e+01
   5.1500000e+02   1.0295342e+01
   5.1600000e+02   1.0295074e+01
   5.1700000e+02   1.0295039e+01
   5.1800000e+02   1.0295107e+01
   5.1900000e+02   1.0295121e+01
   5.2000000e+02   1.0295282e+01
   5.2100000e+02   1.0295174e+01
   5.2200000e+02   1.0295144e+01
   5.2300000e+02   1.0295169e+01
   5.2400000e+02   1.0294948e+01
   5.2500000e+02   1.0295184e+01
   5.2600000e+02   1.0295374e+01
   5.2700000e+02   1.0295119e+01
   5.2800000e+02   1.0295192e+01
   5.2900000e+02   1.0295192e+01
   5.3000000e+02   1.0295170e+01
   5.3100000e+02   1.0295164e+01
   5.3200000e+02   1.0295054e+01
   5.3300000e+02   1.0294952e+01
   5.3400000e+02   1.0295189e+01
   5.3500000e+02   1.0295121e+01
   5.3600000e+02   1.0295288e+01
   5.3700000e+02   1.0295266e+01
   5.3800000e+02   1.0295273e+01
   5.3900000e+02   1.0294770e+01
   5.4000000e+02   1.0294850e+01
   5.4100000e+02   1.0295143e+01
   5.4200000e+02   1.0294820e+01
   5.4300000e+02   1.0295107e+01
   5.4400000e+02   1.0294967e+01
   5.4500000e+02   1.0295048e+01
   5.4600000e+02   1.0294900e+01
   5.4700000e+02   1.0294964e+01
   5.4800000e+02   1.0294805e+01
   5.4900000e+02   1.0294797e+01
   5.5000000e+02   1.0294764e+01
   5.5100000e+02   1.0294792e+01
   5.5200000e+02   1.0294785e+01
   5.5300000e+02   1.0294789e+01
   5.5400000e+02   1.0294627e+01
   5.5500000e+02   1.0294898e+01
   5.5600000e+02   1.0294501e+01
   5.5700000e+02   1.0294517e+01
   5.5800000e+02   1.0294594e+01
   5.5900000e+02   1.0294784e+01
   5.6000000e+02   1.0294782e+01
   5.6100000e+02   1.0294690e+01
   5.6200000e+02   1.0294871e+01
   5.6300000e+02   1.0294700e+01
   5.6400000e+02   1.0294787e+01
   5.6500000e+02   1.0294698e+01
   5.6600000e+02   1.0294683e+01
   5.6700000e+02   1.0294740e+01
   5.6800000e+02   1.0295084e+01
   5.6900000e+02   1.0294664e+01
   5.7000000e+02   1.0294645e+01
   5.7100000e+02   1.0294963e+01
   5.7200000e+02   1.0294759e+01
   5.7300000e+02   1.0294769e+01
   5.7400000e+02   1.0294759e+01
   5.7500000e+02   1.0294871e+01
   5.7600000e+02   1.0295105e+01
   5.7700000e+02   1.0294590e+01
   5.7800000e+02   1.0294912e+01
   5.7900000e+02   1.0294551e+01
   5.8000000e+02   1.0294701e+01
   5.8100000e+02   1.0294612e+01
   5.8200000e+02   1.0294700e+01
   5.8300000e+02   1.0294844e+01
   5.8400000e+02   1.0294580e+01
   5.8500000e+02   1.0294791e+01
   5.8600000e+02   1.0294866e+01
   5.8700000e+02   1.0294877e+01
   5.8800000e+02   1.0294908e+01
   5.8900000e+02   1.0294648e+01
   5.9000000e+02   1.0294680e+01
   5.9100000e+02   1.0294888e+01
   5.9200000e+02   1.0294521e+01
   5.9300000e+02   1.0294647e+01
   5.9400000e+02   1.0294408e+01
   5.9500000e+02   1.0294637e+01
   5.9600000e+02   1.0294660e+01
   5.9700000e+02   1.0294174e+01
   5.9800000e+02   1.0294800e+01
   5.9900000e+02   1.0294772e+01
   6.0000000e+02   1.0294127e+01
   6.0100000e+02   1.0294396e+01
   6.0200000e+02   1.0294259e+01
   6.0300000e+02   1.0294627e+01
   6.0400000e+02   1.0293967e+01
   6.0500000e+02   1.0294599e+01
   6.0600000e+02   1.0294388e+01
   6.0700000e+02   1.0294666e+01
   6.0800000e+02   1.0294375e+01
   6.0900000e+02   1.0294541e+01
   6.1000000e+02   1.0294717e+01
   6.1100000e+02   1.0294210e+01
   6.1200000e+02   1.0294892e+01
   6.1300000e+02   1.0294339e+01
   6.1400000e+02   1.0294537e+01
   6.1500000e+02   1.0294772e+01
   6.1600000e+02   1.0293923e+01
   6.1700000e+02   1.0294794e+01
   6.1800000e+02   1.0294974e+01
   6.1900000e+02   1.0294728e+01
   6.2000000e+02   1.0294562e+01
   6.2100000e+02   1.0294358e+01
   6.2200000e+02   1.0294300e+01
   6.2300000e+02   1.0294014e+01
   6.2400000e+02   1.0293914e+01
   6.2500000e+02   1.0293800e+01
   6.2600000e+02   1.0294451e+01
   6.2700000e+02   1.0294736e+01
   6.2800000e+02   1.0294689e+01
   6.2900000e+02   1.0294041e+01
   6.3000000e+02   1.0294200e+01
   6.3100000e+02   1.0294518e+01
   6.3200000e+02   1.0294425e+01
   6.3300000e+02   1.0294146e+01
   6.3400000e+02   1.0294259e+01
   6.3500000e+02   1.0294467e+01
   6.3600000e+02   1.0294002e+01
   6.3700000e+02   1.0294438e+01
   6.3800000e+02   1.0293907e+01
   6.3900000e+02   1.0294268e+01
   6.4000000e+02   1.0294478e+01
   6.4100000e+02   1.0293762e+01
   6.4200000e+02   1.0294296e+01
   6.4300000e+02   1.0293549e+01
   6.4400000e+02   1.0293731e+01
   6.4500000e+02   1.0294052e+01
   6.4600000e+02   1.0294211e+01
   6.4700000e+02   1.0293753e+01
   6.4800000e+02   1.0294179e+01
   6.4900000e+02   1.0293853e+01
   6.5000000e+02   1.0294116e+01
   6.5100000e+02   1.0293875e+01
   6.5200000e+02   1.0293585e+01
   6.5300000e+02   1.0294164e+01
   6.5400000e+02   1.0294105e+01
   6.5500000e+02   1.0294106e+01
   6.5600000e+02   1.0294109e+01
   6.5700000e+02   1.0293603e+01
   6.5800000e+02   1.0293938e+01
   6.5900000e+02   1.0294314e+01
   6.6000000e+02   1.0294474e+01
   6.6100000e+02   1.0294733e+01
   6.6200000e+02   1.0294033e+01
   6.6300000e+02   1.0293708e+01
   6.6400000e+02   1.0293904e+01
   6.6500000e+02   1.0294307e+01
   6.6600000e+02   1.0294340e+01
   6.6700000e+02   1.0294734e+01
   6.6800000e+02   1.0294310e+01
   6.6900000e+02   1.0294377e+01
   6.7000000e+02   1.0294325e+01
   6.7100000e+02   1.0294369e+01
   6.7200000e+02   1.0294335e+01
   6.7300000e+02   1.0294318e+01
   6.7400000e+02   1.0294149e+01
   6.7500000e+02   1.0293863e+01
   6.7600000e+02   1.0293568e+01
   6.7700000e+02   1.0294207e+01
   6.7800000e+02   1.0293262e+01
   6.7900000e+02   1.0293421e+01
   6.8000000e+02   1.0293376e+01
   6.8100000e+02   1.0293029e+01
   6.8200000e+02   1.0293028e+01
   6.8300000e+02   1.0292621e+01
   6.8400000e+02   1.0292537e+01
   6.8500000e+02   1.0292381e+01
   6.8600000e+02   1.0292227e+01
   6.8700000e+02   1.0292412e+01
   6.8800000e+02   1.0292114e+01
   6.8900000e+02   1.0292245e+01
   6.9000000e+02   1.0292067e+01
   6.9100000e+02   1.0292401e+01
   6.9200000e+02   1.0292292e+01
   6.9300000e+02   1.0292495e+01
   6.9400000e+02   1.0292637e+01
   6.9500000e+02   1.0292736e+01
   6.9600000e+02   1.0292722e+01
   6.9700000e+02   1.0293232e+01
   6.9800000e+02   1.0292728e+01
   6.9900000e+02   1.0292862e+01
   7.0000000e+02   1.0293460e+01
   7.0100000e+02   1.0293324e+01
   7.0200000e+02   1.0293476e+01
   7.0300000e+02   1.0293351e+01
   7.0400000e+02   1.0293196e+01
   7.0500000e+02   1.0293447e+01
   7.0600000e+02   1.0293420e+01
   7.0700000e+02   1.0293381e+01
   7.0800000e+02   1.0293055e+01
   7.0900000e+02   1.0293244e+01
   7.1000000e+02   1.0293496e+01
   7.1100000e+02   1.0293793e+01
   7.1200000e+02   1.0293908e+01
   7.1300000e+02   1.0293903e+01
   7.1400000e+02   1.0293434e+01
   7.1500000e+02   1.0293166e+01
   7.1600000e+02   1.0293716e+01
   7.1700000e+02   1.0293446e+01
   7.1800000e+02   1.0293467e+01
   7.1900000e+02   1.0293774e+01
   7.2000000e+02   1.0293532e+01
   7.2100000e+02   1.0293970e+01
   7.2200000e+02   1.0293512e+01
   7.2300000e+02   1.0293649e+01
   7.2400000e+02   1.0293467e+01
   7.2500000e+02   1.0293750e+01
   7.2600000e+02   1.0293493e+01
   7.2700000e+02   1.0293750e+01
   7.2800000e+02   1.0293541e+01
   7.2900000e+02   1.0293750e+01
   7.3000000e+02   1.0293427e+01
   7.3100000e+02   1.0293507e+01
   7.3200000e+02   1.0293699e+01
   7.3300000e+02   1.0293246e+01
   7.3400000e+02   1.0293489e+01
   7.3500000e+02   1.0293263e+01
   7.3600000e+02   1.0293153e+01
   7.3700000e+02   1.0293582e+01
   7.3800000e+02   1.0293029e+01
   7.3900000e+02   1.0293326e+01
   7.4000000e+02   1.0293406e+01
   7.4100000e+02   1.0293100e+01
   7.4200000e+02   1.0293059e+01
   7.4300000e+02   1.0292926e+01
   7.4400000e+02   1.0293264e+01
   7.4500000e+02   1.0293307e+01
   7.4600000e+02   1.0293088e+01
   7.4700000e+02   1.0293127e+01
   7.4800000e+02   1.0293017e+01
   7.4900000e+02   1.0293042e+01
   7.5000000e+02   1.0293301e+01
   7.5100000e+02   1.0293379e+01
   7.5200000e+02   1.0293279e+01
   7.5300000e+02   1.0293203e+01
   7.5400000e+02   1.0293041e+01
   7.5500000e+02   1.0293332e+01
   7.5600000e+02   1.0293234e+01
   7.5700000e+02   1.0293351e+01
   7.5800000e+02   1.0293333e+01
   7.5900000e+02   1.0293172e+01
   7.6000000e+02   1.0293514e+01
   7.6100000e+02   1.0293383e+01
   7.6200000e+02   1.0293275e+01
   7.6300000e+02   1.0293282e+01
   7.6400000e+02   1.0293346e+01
   7.6500000e+02   1.0292986e+01
   7.6600000e+02   1.0293409e+01
   7.6700000e+02   1.0293671e+01
   7.6800000e+02   1.0293463e+01
   7.6900000e+02   1.0292994e+01
   7.7000000e+02   1.0293246e+01
   7.7100000e+02   1.0293224e+01
   7.7200000e+02   1.0292964e+01
   7.7300000e+02   1.0293133e+01
   7.7400000e+02   1.0293172e+01
   7.7500000e+02   1.0292993e+01
   7.7600000e+02   1.0293259e+01
   7.7700000e+02   1.0292887e+01
   7.7800000e+02   1.0293285e+01
   7.7900000e+02   1.0293092e+01
   7.8000000e+02   1.0293055e+01
