   0.0000000e+00   1.0301443e+01
   1.0000000e+00   1.0298342e+01
   2.0000000e+00   1.0297403e+01
   3.0000000e+00   1.0297100e+01
   4.0000000e+00   1.0296731e+01
   5.0000000e+00   1.0296723e+01
   6.0000000e+00   1.0296215e+01
   7.0000000e+00   1.0296142e+01
   8.0000000e+00   1.0295974e+01
   9.0000000e+00   1.0295807e+01
   1.0000000e+01   1.0295785e+01
   1.1000000e+01   1.0295530e+01
   1.2000000e+01   1.0295774e+01
   1.3000000e+01   1.0295579e+01
   1.4000000e+01   1.0295404e+01
   1.5000000e+01   1.0295196e+01
   1.6000000e+01   1.0295354e+01
   1.7000000e+01   1.0295089e+01
   1.8000000e+01   1.0294628e+01
   1.9000000e+01   1.0295209e+01
   2.0000000e+01   1.0295092e+01
   2.1000000e+01   1.0294940e+01
   2.2000000e+01   1.0294841e+01
   2.3000000e+01   1.0295266e+01
   2.4000000e+01   1.0294331e+01
   2.5000000e+01   1.0294713e+01
   2.6000000e+01   1.0294609e+01
   2.7000000e+01   1.0294384e+01
   2.8000000e+01   1.0294419e+01
   2.9000000e+01   1.0294385e+01
   3.0000000e+01   1.0294425e+01
   3.1000000e+01   1.0294301e+01
   3.2000000e+01   1.0294145e+01
   3.3000000e+01   1.0294259e+01
   3.4000000e+01   1.0294540e+01
   3.5000000e+01   1.0294671e+01
   3.6000000e+01   1.0294215e+01
   3.7000000e+01   1.0294290e+01
   3.8000000e+01   1.0294223e+01
   3.9000000e+01   1.0293874e+01
   4.0000000e+01   1.0293710e+01
   4.1000000e+01   1.0293723e+01
   4.2000000e+01   1.0293513e+01
   4.3000000e+01   1.0294142e+01
   4.4000000e+01   1.0294083e+01
   4.5000000e+01   1.0293967e+01
   4.6000000e+01   1.0293514e+01
   4.7000000e+01   1.0294117e+01
   4.8000000e+01   1.0293807e+01
   4.9000000e+01   1.0294057e+01
   5.0000000e+01   1.0293774e+01
   5.1000000e+01   1.0293660e+01
   5.2000000e+01   1.0293712e+01
   5.3000000e+01   1.0293683e+01
   5.4000000e+01   1.0293423e+01
   5.5000000e+01   1.0293920e+01
   5.6000000e+01   1.0293856e+01
   5.7000000e+01   1.0293887e+01
   5.8000000e+01   1.0293646e+01
   5.9000000e+01   1.0293784e+01
   6.0000000e+01   1.0293811e+01
   6.1000000e+01   1.0293359e+01
   6.2000000e+01   1.0293859e+01
   6.3000000e+01   1.0293840e+01
   6.4000000e+01   1.0293871e+01
   6.5000000e+01   1.0293680e+01
   6.6000000e+01   1.0293295e+01
   6.7000000e+01   1.0293811e+01
   6.8000000e+01   1.0293500e+01
   6.9000000e+01   1.0293503e+01
   7.0000000e+01   1.0293626e+01
   7.1000000e+01   1.0293584e+01
   7.2000000e+01   1.0293501e+01
   7.3000000e+01   1.0293237e+01
   7.4000000e+01   1.0293501e+01
   7.5000000e+01   1.0293211e+01
   7.6000000e+01   1.0293428e+01
   7.7000000e+01   1.0293369e+01
   7.8000000e+01   1.0293481e+01
   7.9000000e+01   1.0293349e+01
   8.0000000e+01   1.0293249e+01
   8.1000000e+01   1.0293292e+01
   8.2000000e+01   1.0293361e+01
   8.3000000e+01   1.0293321e+01
   8.4000000e+01   1.0292958e+01
   8.5000000e+01   1.0292955e+01
   8.6000000e+01   1.0293149e+01
   8.7000000e+01   1.0292727e+01
   8.8000000e+01   1.0292823e+01
   8.9000000e+01   1.0293058e+01
   9.0000000e+01   1.0292821e+01
   9.1000000e+01   1.0292821e+01
   9.2000000e+01   1.0292901e+01
   9.3000000e+01   1.0292914e+01
   9.4000000e+01   1.0292843e+01
   9.5000000e+01   1.0293109e+01
   9.6000000e+01   1.0292665e+01
   9.7000000e+01   1.0292930e+01
   9.8000000e+01   1.0293333e+01
   9.9000000e+01   1.0292584e+01
   1.0000000e+02   1.0293080e+01
   1.0100000e+02   1.0293068e+01
   1.0200000e+02   1.0292537e+01
   1.0300000e+02   1.0292994e+01
   1.0400000e+02   1.0292884e+01
   1.0500000e+02   1.0292914e+01
   1.0600000e+02   1.0292838e+01
   1.0700000e+02   1.0293042e+01
   1.0800000e+02   1.0292815e+01
   1.0900000e+02   1.0293161e+01
   1.1000000e+02   1.0292808e+01
   1.1100000e+02   1.0292819e+01
   1.1200000e+02   1.0292979e+01
   1.1300000e+02   1.0292886e+01
   1.1400000e+02   1.0292610e+01
   1.1500000e+02   1.0292711e+01
   1.1600000e+02   1.0292908e+01
   1.1700000e+02   1.0292720e+01
   1.1800000e+02   1.0292807e+01
   1.1900000e+02   1.0292887e+01
   1.2000000e+02   1.0292962e+01
   1.2100000e+02   1.0292771e+01
   1.2200000e+02   1.0292695e+01
   1.2300000e+02   1.0292738e+01
   1.2400000e+02   1.0292960e+01
   1.2500000e+02   1.0292800e+01
   1.2600000e+02   1.0292711e+01
   1.2700000e+02   1.0292834e+01
   1.2800000e+02   1.0292904e+01
   1.2900000e+02   1.0292848e+01
   1.3000000e+02   1.0292613e+01
   1.3100000e+02   1.0292541e+01
   1.3200000e+02   1.0292900e+01
   1.3300000e+02   1.0292595e+01
   1.3400000e+02   1.0292846e+01
   1.3500000e+02   1.0292866e+01
   1.3600000e+02   1.0292838e+01
   1.3700000e+02   1.0292536e+01
   1.3800000e+02   1.0292669e+01
   1.3900000e+02   1.0292732e+01
   1.4000000e+02   1.0292576e+01
   1.4100000e+02   1.0292632e+01
   1.4200000e+02   1.0292777e+01
   1.4300000e+02   1.0292809e+01
   1.4400000e+02   1.0292423e+01
   1.4500000e+02   1.0292785e+01
   1.4600000e+02   1.0292401e+01
   1.4700000e+02   1.0292244e+01
   1.4800000e+02   1.0292480e+01
   1.4900000e+02   1.0292270e+01
   1.5000000e+02   1.0292319e+01
   1.5100000e+02   1.0292666e+01
   1.5200000e+02   1.0292657e+01
   1.5300000e+02   1.0292433e+01
   1.5400000e+02   1.0292347e+01
   1.5500000e+02   1.0291892e+01
   1.5600000e+02   1.0292236e+01
   1.5700000e+02   1.0292375e+01
   1.5800000e+02   1.0292181e+01
   1.5900000e+02   1.0292234e+01
   1.6000000e+02   1.0292370e+01
   1.6100000e+02   1.0292386e+01
   1.6200000e+02   1.0292297e+01
   1.6300000e+02   1.0292208e+01
   1.6400000e+02   1.0292339e+01
   1.6500000e+02   1.0292329e+01
   1.6600000e+02   1.0291727e+01
   1.6700000e+02   1.0285777e+01
   1.6800000e+02   1.0268021e+01
   1.6900000e+02   1.0256337e+01
   1.7000000e+02   1.0262624e+01
   1.7100000e+02   1.0274176e+01
   1.7200000e+02   1.0281819e+01
   1.7300000e+02   1.0285025e+01
   1.7400000e+02   1.0286638e+01
   1.7500000e+02   1.0287622e+01
   1.7600000e+02   1.0288647e+01
   1.7700000e+02   1.0288854e+01
   1.7800000e+02   1.0287689e+01
   1.7900000e+02   1.0257141e+01
   1.8000000e+02   1.0213302e+01
   1.8100000e+02   1.0212617e+01
   1.8200000e+02   1.0222869e+01
   1.8300000e+02   1.0228254e+01
   1.8400000e+02   1.0237079e+01
   1.8500000e+02   1.0242414e+01
   1.8600000e+02   1.0246139e+01
   1.8700000e+02   1.0248953e+01
   1.8800000e+02   1.0251262e+01
   1.8900000e+02   1.0254227e+01
   1.9000000e+02   1.0259761e+01
   1.9100000e+02   1.0267239e+01
   1.9200000e+02   1.0275409e+01
   1.9300000e+02   1.0280868e+01
   1.9400000e+02   1.0284109e+01
   1.9500000e+02   1.0285747e+01
   1.9600000e+02   1.0286771e+01
   1.9700000e+02   1.0287229e+01
   1.9800000e+02   1.0287896e+01
   1.9900000e+02   1.0288329e+01
   2.0000000e+02   1.0288379e+01
   2.0100000e+02   1.0289067e+01
   2.0200000e+02   1.0289432e+01
   2.0300000e+02   1.0290070e+01
   2.0400000e+02   1.0290493e+01
   2.0500000e+02   1.0290650e+01
   2.0600000e+02   1.0290866e+01
   2.0700000e+02   1.0291088e+01
   2.0800000e+02   1.0291491e+01
   2.0900000e+02   1.0291546e+01
   2.1000000e+02   1.0291527e+01
   2.1100000e+02   1.0291192e+01
   2.1200000e+02   1.0291395e+01
   2.1300000e+02   1.0291440e+01
   2.1400000e+02   1.0291239e+01
   2.1500000e+02   1.0291408e+01
   2.1600000e+02   1.0291202e+01
   2.1700000e+02   1.0291434e+01
   2.1800000e+02   1.0291629e+01
   2.1900000e+02   1.0291343e+01
   2.2000000e+02   1.0291549e+01
   2.2100000e+02   1.0291310e+01
   2.2200000e+02   1.0291698e+01
   2.2300000e+02   1.0291545e+01
   2.2400000e+02   1.0291377e+01
   2.2500000e+02   1.0291648e+01
   2.2600000e+02   1.0291569e+01
   2.2700000e+02   1.0291435e+01
   2.2800000e+02   1.0291575e+01
   2.2900000e+02   1.0291331e+01
   2.3000000e+02   1.0291547e+01
   2.3100000e+02   1.0291586e+01
   2.3200000e+02   1.0291446e+01
   2.3300000e+02   1.0291468e+01
   2.3400000e+02   1.0291492e+01
   2.3500000e+02   1.0291497e+01
   2.3600000e+02   1.0291251e+01
   2.3700000e+02   1.0291408e+01
   2.3800000e+02   1.0291195e+01
   2.3900000e+02   1.0291652e+01
   2.4000000e+02   1.0291234e+01
   2.4100000e+02   1.0291104e+01
   2.4200000e+02   1.0291426e+01
   2.4300000e+02   1.0290997e+01
   2.4400000e+02   1.0290701e+01
   2.4500000e+02   1.0290436e+01
   2.4600000e+02   1.0289573e+01
   2.4700000e+02   1.0288853e+01
   2.4800000e+02   1.0288248e+01
   2.4900000e+02   1.0288023e+01
   2.5000000e+02   1.0287511e+01
   2.5100000e+02   1.0287831e+01
   2.5200000e+02   1.0287841e+01
   2.5300000e+02   1.0287963e+01
   2.5400000e+02   1.0288179e+01
   2.5500000e+02   1.0287854e+01
   2.5600000e+02   1.0287624e+01
   2.5700000e+02   1.0287830e+01
   2.5800000e+02   1.0287603e+01
   2.5900000e+02   1.0287564e+01
   2.6000000e+02   1.0287246e+01
   2.6100000e+02   1.0287182e+01
   2.6200000e+02   1.0286977e+01
   2.6300000e+02   1.0286842e+01
   2.6400000e+02   1.0286810e+01
   2.6500000e+02   1.0286860e+01
   2.6600000e+02   1.0286932e+01
   2.6700000e+02   1.0287497e+01
   2.6800000e+02   1.0287958e+01
   2.6900000e+02   1.0288003e+01
   2.7000000e+02   1.0288239e+01
   2.7100000e+02   1.0288659e+01
   2.7200000e+02   1.0288804e+01
   2.7300000e+02   1.0289251e+01
   2.7400000e+02   1.0288887e+01
   2.7500000e+02   1.0289244e+01
   2.7600000e+02   1.0289592e+01
   2.7700000e+02   1.0289744e+01
   2.7800000e+02   1.0289471e+01
   2.7900000e+02   1.0289946e+01
   2.8000000e+02   1.0289883e+01
   2.8100000e+02   1.0289965e+01
   2.8200000e+02   1.0290171e+01
   2.8300000e+02   1.0290208e+01
   2.8400000e+02   1.0290268e+01
   2.8500000e+02   1.0290117e+01
   2.8600000e+02   1.0290505e+01
   2.8700000e+02   1.0290408e+01
   2.8800000e+02   1.0290557e+01
   2.8900000e+02   1.0290373e+01
   2.9000000e+02   1.0290703e+01
   2.9100000e+02   1.0290872e+01
   2.9200000e+02   1.0290663e+01
   2.9300000e+02   1.0290661e+01
   2.9400000e+02   1.0291077e+01
   2.9500000e+02   1.0291104e+01
   2.9600000e+02   1.0291016e+01
   2.9700000e+02   1.0290684e+01
   2.9800000e+02   1.0290607e+01
   2.9900000e+02   1.0290588e+01
   3.0000000e+02   1.0290592e+01
   3.0100000e+02   1.0290347e+01
   3.0200000e+02   1.0289562e+01
   3.0300000e+02   1.0288922e+01
   3.0400000e+02   1.0287942e+01
   3.0500000e+02   1.0286401e+01
   3.0600000e+02   1.0284553e+01
   3.0700000e+02   1.0282356e+01
   3.0800000e+02   1.0279682e+01
   3.0900000e+02   1.0276469e+01
   3.1000000e+02   1.0273506e+01
   3.1100000e+02   1.0271159e+01
   3.1200000e+02   1.0269353e+01
   3.1300000e+02   1.0268616e+01
   3.1400000e+02   1.0267712e+01
   3.1500000e+02   1.0266835e+01
   3.1600000e+02   1.0264821e+01
   3.1700000e+02   1.0261750e+01
   3.1800000e+02   1.0257793e+01
   3.1900000e+02   1.0253595e+01
   3.2000000e+02   1.0249947e+01
   3.2100000e+02   1.0246635e+01
   3.2200000e+02   1.0245156e+01
   3.2300000e+02   1.0244454e+01
   3.2400000e+02   1.0244969e+01
   3.2500000e+02   1.0246703e+01
   3.2600000e+02   1.0249023e+01
   3.2700000e+02   1.0251986e+01
   3.2800000e+02   1.0255953e+01
   3.2900000e+02   1.0259549e+01
   3.3000000e+02   1.0263260e+01
   3.3100000e+02   1.0267007e+01
   3.3200000e+02   1.0269658e+01
   3.3300000e+02   1.0271823e+01
   3.3400000e+02   1.0273133e+01
   3.3500000e+02   1.0274023e+01
   3.3600000e+02   1.0273787e+01
   3.3700000e+02   1.0273984e+01
   3.3800000e+02   1.0273725e+01
   3.3900000e+02   1.0273652e+01
   3.4000000e+02   1.0274044e+01
   3.4100000e+02   1.0275000e+01
   3.4200000e+02   1.0276366e+01
   3.4300000e+02   1.0277832e+01
   3.4400000e+02   1.0279241e+01
   3.4500000e+02   1.0280824e+01
   3.4600000e+02   1.0281946e+01
   3.4700000e+02   1.0283313e+01
   3.4800000e+02   1.0284495e+01
   3.4900000e+02   1.0285521e+01
   3.5000000e+02   1.0286339e+01
   3.5100000e+02   1.0286959e+01
   3.5200000e+02   1.0287514e+01
   3.5300000e+02   1.0288100e+01
   3.5400000e+02   1.0288475e+01
   3.5500000e+02   1.0288541e+01
   3.5600000e+02   1.0288563e+01
   3.5700000e+02   1.0288819e+01
   3.5800000e+02   1.0288559e+01
   3.5900000e+02   1.0288638e+01
   3.6000000e+02   1.0288248e+01
   3.6100000e+02   1.0288085e+01
   3.6200000e+02   1.0287776e+01
   3.6300000e+02   1.0287703e+01
   3.6400000e+02   1.0288072e+01
   3.6500000e+02   1.0288159e+01
   3.6600000e+02   1.0288133e+01
   3.6700000e+02   1.0288436e+01
   3.6800000e+02   1.0288787e+01
   3.6900000e+02   1.0288934e+01
   3.7000000e+02   1.0289222e+01
   3.7100000e+02   1.0289601e+01
   3.7200000e+02   1.0289865e+01
   3.7300000e+02   1.0289678e+01
   3.7400000e+02   1.0290186e+01
   3.7500000e+02   1.0290012e+01
   3.7600000e+02   1.0290386e+01
   3.7700000e+02   1.0290060e+01
   3.7800000e+02   1.0290187e+01
   3.7900000e+02   1.0290438e+01
   3.8000000e+02   1.0290167e+01
   3.8100000e+02   1.0290208e+01
   3.8200000e+02   1.0289986e+01
   3.8300000e+02   1.0290041e+01
   3.8400000e+02   1.0289909e+01
   3.8500000e+02   1.0289595e+01
   3.8600000e+02   1.0289099e+01
   3.8700000e+02   1.0288975e+01
   3.8800000e+02   1.0288897e+01
   3.8900000e+02   1.0288354e+01
   3.9000000e+02   1.0288498e+01
   3.9100000e+02   1.0288383e+01
   3.9200000e+02   1.0288038e+01
   3.9300000e+02   1.0287728e+01
   3.9400000e+02   1.0287857e+01
   3.9500000e+02   1.0287896e+01
   3.9600000e+02   1.0288502e+01
   3.9700000e+02   1.0288616e+01
   3.9800000e+02   1.0289073e+01
   3.9900000e+02   1.0288972e+01
   4.0000000e+02   1.0288997e+01
   4.0100000e+02   1.0289077e+01
   4.0200000e+02   1.0289181e+01
   4.0300000e+02   1.0289237e+01
   4.0400000e+02   1.0289502e+01
   4.0500000e+02   1.0289304e+01
   4.0600000e+02   1.0289484e+01
   4.0700000e+02   1.0289596e+01
   4.0800000e+02   1.0289321e+01
   4.0900000e+02   1.0289485e+01
   4.1000000e+02   1.0289631e+01
   4.1100000e+02   1.0289486e+01
   4.1200000e+02   1.0289740e+01
   4.1300000e+02   1.0289268e+01
   4.1400000e+02   1.0289829e+01
   4.1500000e+02   1.0289926e+01
   4.1600000e+02   1.0289721e+01
   4.1700000e+02   1.0289921e+01
   4.1800000e+02   1.0289848e+01
   4.1900000e+02   1.0289940e+01
   4.2000000e+02   1.0289832e+01
   4.2100000e+02   1.0289784e+01
   4.2200000e+02   1.0289674e+01
   4.2300000e+02   1.0290149e+01
   4.2400000e+02   1.0289474e+01
   4.2500000e+02   1.0289110e+01
   4.2600000e+02   1.0289827e+01
   4.2700000e+02   1.0290197e+01
   4.2800000e+02   1.0290372e+01
   4.2900000e+02   1.0290457e+01
   4.3000000e+02   1.0290502e+01
   4.3100000e+02   1.0290416e+01
   4.3200000e+02   1.0290129e+01
   4.3300000e+02   1.0289916e+01
   4.3400000e+02   1.0289692e+01
   4.3500000e+02   1.0289469e+01
   4.3600000e+02   1.0289080e+01
   4.3700000e+02   1.0288152e+01
   4.3800000e+02   1.0286466e+01
   4.3900000e+02   1.0284650e+01
   4.4000000e+02   1.0281443e+01
   4.4100000e+02   1.0275880e+01
   4.4200000e+02   1.0268775e+01
   4.4300000e+02   1.0259526e+01
   4.4400000e+02   1.0248475e+01
   4.4500000e+02   1.0236540e+01
   4.4600000e+02   1.0223952e+01
   4.4700000e+02   1.0212830e+01
   4.4800000e+02   1.0203705e+01
   4.4900000e+02   1.0197584e+01
   4.5000000e+02   1.0194549e+01
   4.5100000e+02   1.0195244e+01
   4.5200000e+02   1.0198599e+01
   4.5300000e+02   1.0203663e+01
   4.5400000e+02   1.0210853e+01
   4.5500000e+02   1.0219074e+01
   4.5600000e+02   1.0227621e+01
   4.5700000e+02   1.0234946e+01
   4.5800000e+02   1.0241780e+01
   4.5900000e+02   1.0248504e+01
   4.6000000e+02   1.0254562e+01
   4.6100000e+02   1.0259536e+01
   4.6200000e+02   1.0263076e+01
   4.6300000e+02   1.0267117e+01
   4.6400000e+02   1.0270598e+01
   4.6500000e+02   1.0273105e+01
   4.6600000e+02   1.0275208e+01
   4.6700000e+02   1.0276818e+01
   4.6800000e+02   1.0278436e+01
   4.6900000e+02   1.0279266e+01
   4.7000000e+02   1.0280718e+01
   4.7100000e+02   1.0282034e+01
   4.7200000e+02   1.0282924e+01
   4.7300000e+02   1.0284086e+01
   4.7400000e+02   1.0284747e+01
   4.7500000e+02   1.0285829e+01
   4.7600000e+02   1.0286034e+01
   4.7700000e+02   1.0287110e+01
   4.7800000e+02   1.0287036e+01
   4.7900000e+02   1.0288095e+01
   4.8000000e+02   1.0288025e+01
   4.8100000e+02   1.0288493e+01
   4.8200000e+02   1.0289132e+01
   4.8300000e+02   1.0288918e+01
   4.8400000e+02   1.0289216e+01
   4.8500000e+02   1.0289186e+01
   4.8600000e+02   1.0289278e+01
   4.8700000e+02   1.0288970e+01
   4.8800000e+02   1.0288878e+01
   4.8900000e+02   1.0288952e+01
   4.9000000e+02   1.0288801e+01
   4.9100000e+02   1.0288951e+01
   4.9200000e+02   1.0289111e+01
   4.9300000e+02   1.0289025e+01
   4.9400000e+02   1.0288879e+01
   4.9500000e+02   1.0288862e+01
   4.9600000e+02   1.0289447e+01
   4.9700000e+02   1.0289286e+01
   4.9800000e+02   1.0288948e+01
   4.9900000e+02   1.0289201e+01
   5.0000000e+02   1.0289479e+01
   5.0100000e+02   1.0289398e+01
   5.0200000e+02   1.0289649e+01
   5.0300000e+02   1.0289105e+01
   5.0400000e+02   1.0289307e+01
   5.0500000e+02   1.0289267e+01
   5.0600000e+02   1.0289267e+01
   5.0700000e+02   1.0289604e+01
   5.0800000e+02   1.0289500e+01
   5.0900000e+02   1.0289104e+01
   5.1000000e+02   1.0289473e+01
   5.1100000e+02   1.0289638e+01
   5.1200000e+02   1.0288974e+01
   5.1300000e+02   1.0289192e+01
   5.1400000e+02   1.0289424e+01
   5.1500000e+02   1.0289526e+01
   5.1600000e+02   1.0289463e+01
   5.1700000e+02   1.0289244e+01
   5.1800000e+02   1.0289251e+01
   5.1900000e+02   1.0289640e+01
   5.2000000e+02   1.0289427e+01
   5.2100000e+02   1.0289337e+01
   5.2200000e+02   1.0289517e+01
   5.2300000e+02   1.0289571e+01
   5.2400000e+02   1.0289508e+01
   5.2500000e+02   1.0289532e+01
   5.2600000e+02   1.0289211e+01
   5.2700000e+02   1.0289544e+01
   5.2800000e+02   1.0289415e+01
   5.2900000e+02   1.0289111e+01
   5.3000000e+02   1.0289294e+01
   5.3100000e+02   1.0289052e+01
   5.3200000e+02   1.0289099e+01
   5.3300000e+02   1.0289093e+01
   5.3400000e+02   1.0289251e+01
   5.3500000e+02   1.0289122e+01
   5.3600000e+02   1.0288575e+01
   5.3700000e+02   1.0289381e+01
   5.3800000e+02   1.0288728e+01
   5.3900000e+02   1.0289181e+01
   5.4000000e+02   1.0289249e+01
   5.4100000e+02   1.0288911e+01
   5.4200000e+02   1.0289303e+01
   5.4300000e+02   1.0288972e+01
   5.4400000e+02   1.0289055e+01
   5.4500000e+02   1.0288995e+01
   5.4600000e+02   1.0288878e+01
   5.4700000e+02   1.0289038e+01
   5.4800000e+02   1.0289092e+01
   5.4900000e+02   1.0288769e+01
   5.5000000e+02   1.0289206e+01
   5.5100000e+02   1.0288793e+01
   5.5200000e+02   1.0289033e+01
   5.5300000e+02   1.0289336e+01
   5.5400000e+02   1.0288712e+01
   5.5500000e+02   1.0288910e+01
   5.5600000e+02   1.0288803e+01
   5.5700000e+02   1.0288503e+01
   5.5800000e+02   1.0288505e+01
   5.5900000e+02   1.0288874e+01
   5.6000000e+02   1.0288804e+01
   5.6100000e+02   1.0288290e+01
   5.6200000e+02   1.0289057e+01
   5.6300000e+02   1.0288432e+01
   5.6400000e+02   1.0288462e+01
   5.6500000e+02   1.0288554e+01
   5.6600000e+02   1.0288641e+01
   5.6700000e+02   1.0288643e+01
   5.6800000e+02   1.0288886e+01
   5.6900000e+02   1.0288738e+01
   5.7000000e+02   1.0288614e+01
   5.7100000e+02   1.0288569e+01
   5.7200000e+02   1.0288996e+01
   5.7300000e+02   1.0288835e+01
   5.7400000e+02   1.0288980e+01
   5.7500000e+02   1.0289135e+01
   5.7600000e+02   1.0288887e+01
   5.7700000e+02   1.0288834e+01
   5.7800000e+02   1.0288862e+01
   5.7900000e+02   1.0288996e+01
   5.8000000e+02   1.0288622e+01
   5.8100000e+02   1.0288885e+01
   5.8200000e+02   1.0288933e+01
   5.8300000e+02   1.0288954e+01
   5.8400000e+02   1.0288962e+01
   5.8500000e+02   1.0289111e+01
   5.8600000e+02   1.0289120e+01
   5.8700000e+02   1.0288953e+01
   5.8800000e+02   1.0288765e+01
   5.8900000e+02   1.0288448e+01
   5.9000000e+02   1.0288942e+01
   5.9100000e+02   1.0288768e+01
   5.9200000e+02   1.0288883e+01
   5.9300000e+02   1.0288909e+01
   5.9400000e+02   1.0288822e+01
   5.9500000e+02   1.0288558e+01
   5.9600000e+02   1.0288638e+01
   5.9700000e+02   1.0288443e+01
   5.9800000e+02   1.0288617e+01
   5.9900000e+02   1.0288805e+01
   6.0000000e+02   1.0288521e+01
   6.0100000e+02   1.0288824e+01
   6.0200000e+02   1.0288893e+01
   6.0300000e+02   1.0288556e+01
   6.0400000e+02   1.0289096e+01
   6.0500000e+02   1.0288576e+01
   6.0600000e+02   1.0288371e+01
   6.0700000e+02   1.0288877e+01
   6.0800000e+02   1.0288850e+01
   6.0900000e+02   1.0288949e+01
   6.1000000e+02   1.0288666e+01
   6.1100000e+02   1.0288817e+01
   6.1200000e+02   1.0288780e+01
   6.1300000e+02   1.0288908e+01
   6.1400000e+02   1.0288630e+01
   6.1500000e+02   1.0288668e+01
   6.1600000e+02   1.0288657e+01
   6.1700000e+02   1.0288590e+01
   6.1800000e+02   1.0288383e+01
   6.1900000e+02   1.0288518e+01
   6.2000000e+02   1.0288362e+01
   6.2100000e+02   1.0288573e+01
   6.2200000e+02   1.0288362e+01
   6.2300000e+02   1.0288728e+01
   6.2400000e+02   1.0288509e+01
   6.2500000e+02   1.0288562e+01
   6.2600000e+02   1.0288244e+01
   6.2700000e+02   1.0288359e+01
   6.2800000e+02   1.0288615e+01
   6.2900000e+02   1.0288504e+01
   6.3000000e+02   1.0288352e+01
   6.3100000e+02   1.0288541e+01
   6.3200000e+02   1.0288293e+01
   6.3300000e+02   1.0288533e+01
   6.3400000e+02   1.0288476e+01
   6.3500000e+02   1.0288265e+01
   6.3600000e+02   1.0288311e+01
   6.3700000e+02   1.0288569e+01
   6.3800000e+02   1.0288386e+01
   6.3900000e+02   1.0288720e+01
   6.4000000e+02   1.0288201e+01
   6.4100000e+02   1.0288526e+01
   6.4200000e+02   1.0288825e+01
   6.4300000e+02   1.0288787e+01
   6.4400000e+02   1.0288533e+01
   6.4500000e+02   1.0288520e+01
   6.4600000e+02   1.0288546e+01
   6.4700000e+02   1.0288669e+01
   6.4800000e+02   1.0288634e+01
   6.4900000e+02   1.0288729e+01
   6.5000000e+02   1.0288683e+01
   6.5100000e+02   1.0288764e+01
   6.5200000e+02   1.0288492e+01
   6.5300000e+02   1.0288857e+01
   6.5400000e+02   1.0288726e+01
   6.5500000e+02   1.0288680e+01
   6.5600000e+02   1.0288794e+01
   6.5700000e+02   1.0289108e+01
   6.5800000e+02   1.0288725e+01
   6.5900000e+02   1.0288915e+01
   6.6000000e+02   1.0288657e+01
   6.6100000e+02   1.0288426e+01
   6.6200000e+02   1.0288899e+01
   6.6300000e+02   1.0288336e+01
   6.6400000e+02   1.0288257e+01
   6.6500000e+02   1.0288488e+01
   6.6600000e+02   1.0288346e+01
   6.6700000e+02   1.0288416e+01
   6.6800000e+02   1.0288036e+01
   6.6900000e+02   1.0288372e+01
   6.7000000e+02   1.0288156e+01
   6.7100000e+02   1.0287972e+01
   6.7200000e+02   1.0287882e+01
   6.7300000e+02   1.0288043e+01
   6.7400000e+02   1.0287610e+01
   6.7500000e+02   1.0287420e+01
   6.7600000e+02   1.0286848e+01
   6.7700000e+02   1.0286252e+01
   6.7800000e+02   1.0285634e+01
   6.7900000e+02   1.0285036e+01
   6.8000000e+02   1.0284324e+01
   6.8100000e+02   1.0283704e+01
   6.8200000e+02   1.0283055e+01
   6.8300000e+02   1.0282357e+01
   6.8400000e+02   1.0281612e+01
   6.8500000e+02   1.0281108e+01
   6.8600000e+02   1.0280494e+01
   6.8700000e+02   1.0280305e+01
   6.8800000e+02   1.0280089e+01
   6.8900000e+02   1.0280089e+01
   6.9000000e+02   1.0280572e+01
   6.9100000e+02   1.0280289e+01
   6.9200000e+02   1.0281332e+01
   6.9300000e+02   1.0281748e+01
   6.9400000e+02   1.0282159e+01
   6.9500000e+02   1.0282743e+01
   6.9600000e+02   1.0283272e+01
   6.9700000e+02   1.0283649e+01
   6.9800000e+02   1.0284382e+01
   6.9900000e+02   1.0284822e+01
   7.0000000e+02   1.0285196e+01
   7.0100000e+02   1.0285611e+01
   7.0200000e+02   1.0286272e+01
   7.0300000e+02   1.0286214e+01
   7.0400000e+02   1.0286587e+01
   7.0500000e+02   1.0286995e+01
   7.0600000e+02   1.0287097e+01
   7.0700000e+02   1.0287239e+01
   7.0800000e+02   1.0287354e+01
   7.0900000e+02   1.0287343e+01
   7.1000000e+02   1.0287348e+01
   7.1100000e+02   1.0287624e+01
   7.1200000e+02   1.0287709e+01
   7.1300000e+02   1.0287886e+01
   7.1400000e+02   1.0287793e+01
   7.1500000e+02   1.0288014e+01
   7.1600000e+02   1.0288020e+01
   7.1700000e+02   1.0288274e+01
   7.1800000e+02   1.0288286e+01
   7.1900000e+02   1.0288172e+01
   7.2000000e+02   1.0288081e+01
   7.2100000e+02   1.0287945e+01
   7.2200000e+02   1.0288620e+01
   7.2300000e+02   1.0288064e+01
   7.2400000e+02   1.0288139e+01
   7.2500000e+02   1.0288615e+01
   7.2600000e+02   1.0288090e+01
   7.2700000e+02   1.0288284e+01
   7.2800000e+02   1.0288474e+01
   7.2900000e+02   1.0287987e+01
   7.3000000e+02   1.0288590e+01
   7.3100000e+02   1.0288086e+01
   7.3200000e+02   1.0288146e+01
   7.3300000e+02   1.0288314e+01
   7.3400000e+02   1.0288336e+01
   7.3500000e+02   1.0288179e+01
   7.3600000e+02   1.0288314e+01
   7.3700000e+02   1.0288116e+01
   7.3800000e+02   1.0288424e+01
   7.3900000e+02   1.0288479e+01
   7.4000000e+02   1.0288029e+01
   7.4100000e+02   1.0288055e+01
   7.4200000e+02   1.0287927e+01
   7.4300000e+02   1.0288119e+01
   7.4400000e+02   1.0288018e+01
   7.4500000e+02   1.0288389e+01
   7.4600000e+02   1.0288269e+01
   7.4700000e+02   1.0287983e+01
   7.4800000e+02   1.0287935e+01
   7.4900000e+02   1.0287889e+01
   7.5000000e+02   1.0288403e+01
   7.5100000e+02   1.0288281e+01
   7.5200000e+02   1.0288326e+01
   7.5300000e+02   1.0288184e+01
   7.5400000e+02   1.0288327e+01
   7.5500000e+02   1.0288269e+01
   7.5600000e+02   1.0288024e+01
   7.5700000e+02   1.0288429e+01
   7.5800000e+02   1.0287973e+01
   7.5900000e+02   1.0287983e+01
   7.6000000e+02   1.0288074e+01
   7.6100000e+02   1.0287944e+01
   7.6200000e+02   1.0287707e+01
   7.6300000e+02   1.0287789e+01
   7.6400000e+02   1.0287855e+01
   7.6500000e+02   1.0287729e+01
   7.6600000e+02   1.0287841e+01
   7.6700000e+02   1.0287715e+01
   7.6800000e+02   1.0287764e+01
   7.6900000e+02   1.0287822e+01
   7.7000000e+02   1.0287894e+01
   7.7100000e+02   1.0287745e+01
   7.7200000e+02   1.0287761e+01
   7.7300000e+02   1.0287887e+01
   7.7400000e+02   1.0288098e+01
   7.7500000e+02   1.0287575e+01
   7.7600000e+02   1.0288238e+01
   7.7700000e+02   1.0288127e+01
   7.7800000e+02   1.0287785e+01
   7.7900000e+02   1.0288072e+01
   7.8000000e+02   1.0287763e+01
