   0.0000000e+00   1.0298397e+01
   1.0000000e+00   1.0295330e+01
   2.0000000e+00   1.0294474e+01
   3.0000000e+00   1.0294035e+01
   4.0000000e+00   1.0293755e+01
   5.0000000e+00   1.0293637e+01
   6.0000000e+00   1.0293609e+01
   7.0000000e+00   1.0293682e+01
   8.0000000e+00   1.0293202e+01
   9.0000000e+00   1.0293295e+01
   1.0000000e+01   1.0293528e+01
   1.1000000e+01   1.0292985e+01
   1.2000000e+01   1.0293225e+01
   1.3000000e+01   1.0292787e+01
   1.4000000e+01   1.0292731e+01
   1.5000000e+01   1.0292577e+01
   1.6000000e+01   1.0292639e+01
   1.7000000e+01   1.0292446e+01
   1.8000000e+01   1.0292543e+01
   1.9000000e+01   1.0292151e+01
   2.0000000e+01   1.0292072e+01
   2.1000000e+01   1.0292421e+01
   2.2000000e+01   1.0292011e+01
   2.3000000e+01   1.0291995e+01
   2.4000000e+01   1.0292059e+01
   2.5000000e+01   1.0291925e+01
   2.6000000e+01   1.0291844e+01
   2.7000000e+01   1.0291977e+01
   2.8000000e+01   1.0291957e+01
   2.9000000e+01   1.0291608e+01
   3.0000000e+01   1.0291715e+01
   3.1000000e+01   1.0291819e+01
   3.2000000e+01   1.0291484e+01
   3.3000000e+01   1.0291616e+01
   3.4000000e+01   1.0291605e+01
   3.5000000e+01   1.0291531e+01
   3.6000000e+01   1.0291737e+01
   3.7000000e+01   1.0291266e+01
   3.8000000e+01   1.0291390e+01
   3.9000000e+01   1.0291715e+01
   4.0000000e+01   1.0291567e+01
   4.1000000e+01   1.0291758e+01
   4.2000000e+01   1.0291559e+01
   4.3000000e+01   1.0291572e+01
   4.4000000e+01   1.0291549e+01
   4.5000000e+01   1.0291535e+01
   4.6000000e+01   1.0291375e+01
   4.7000000e+01   1.0291498e+01
   4.8000000e+01   1.0291561e+01
   4.9000000e+01   1.0291494e+01
   5.0000000e+01   1.0291796e+01
   5.1000000e+01   1.0291730e+01
   5.2000000e+01   1.0291661e+01
   5.3000000e+01   1.0291623e+01
   5.4000000e+01   1.0291757e+01
   5.5000000e+01   1.0291609e+01
   5.6000000e+01   1.0291478e+01
   5.7000000e+01   1.0291493e+01
   5.8000000e+01   1.0291513e+01
   5.9000000e+01   1.0291191e+01
   6.0000000e+01   1.0291148e+01
   6.1000000e+01   1.0291093e+01
   6.2000000e+01   1.0290905e+01
   6.3000000e+01   1.0291105e+01
   6.4000000e+01   1.0291358e+01
   6.5000000e+01   1.0290982e+01
   6.6000000e+01   1.0291227e+01
   6.7000000e+01   1.0291087e+01
   6.8000000e+01   1.0291295e+01
   6.9000000e+01   1.0291232e+01
   7.0000000e+01   1.0291349e+01
   7.1000000e+01   1.0291133e+01
   7.2000000e+01   1.0291261e+01
   7.3000000e+01   1.0291183e+01
   7.4000000e+01   1.0290954e+01
   7.5000000e+01   1.0291180e+01
   7.6000000e+01   1.0290992e+01
   7.7000000e+01   1.0291289e+01
   7.8000000e+01   1.0291138e+01
   7.9000000e+01   1.0290792e+01
   8.0000000e+01   1.0290994e+01
   8.1000000e+01   1.0290835e+01
   8.2000000e+01   1.0291160e+01
   8.3000000e+01   1.0291048e+01
   8.4000000e+01   1.0290880e+01
   8.5000000e+01   1.0290842e+01
   8.6000000e+01   1.0290814e+01
   8.7000000e+01   1.0290915e+01
   8.8000000e+01   1.0290815e+01
   8.9000000e+01   1.0290951e+01
   9.0000000e+01   1.0291044e+01
   9.1000000e+01   1.0290663e+01
   9.2000000e+01   1.0290795e+01
   9.3000000e+01   1.0290726e+01
   9.4000000e+01   1.0290905e+01
   9.5000000e+01   1.0290883e+01
   9.6000000e+01   1.0290665e+01
   9.7000000e+01   1.0290802e+01
   9.8000000e+01   1.0290663e+01
   9.9000000e+01   1.0290810e+01
   1.0000000e+02   1.0290729e+01
   1.0100000e+02   1.0290565e+01
   1.0200000e+02   1.0290523e+01
   1.0300000e+02   1.0290340e+01
   1.0400000e+02   1.0290528e+01
   1.0500000e+02   1.0290440e+01
   1.0600000e+02   1.0290529e+01
   1.0700000e+02   1.0290608e+01
   1.0800000e+02   1.0290686e+01
   1.0900000e+02   1.0290428e+01
   1.1000000e+02   1.0290851e+01
   1.1100000e+02   1.0290608e+01
   1.1200000e+02   1.0290447e+01
   1.1300000e+02   1.0290436e+01
   1.1400000e+02   1.0290304e+01
   1.1500000e+02   1.0290389e+01
   1.1600000e+02   1.0290181e+01
   1.1700000e+02   1.0290183e+01
   1.1800000e+02   1.0290342e+01
   1.1900000e+02   1.0290419e+01
   1.2000000e+02   1.0290635e+01
   1.2100000e+02   1.0290289e+01
   1.2200000e+02   1.0290513e+01
   1.2300000e+02   1.0290221e+01
   1.2400000e+02   1.0290389e+01
   1.2500000e+02   1.0290258e+01
   1.2600000e+02   1.0290277e+01
   1.2700000e+02   1.0290124e+01
   1.2800000e+02   1.0290167e+01
   1.2900000e+02   1.0289919e+01
   1.3000000e+02   1.0290600e+01
   1.3100000e+02   1.0290352e+01
   1.3200000e+02   1.0290440e+01
   1.3300000e+02   1.0290143e+01
   1.3400000e+02   1.0290230e+01
   1.3500000e+02   1.0290337e+01
   1.3600000e+02   1.0290243e+01
   1.3700000e+02   1.0290227e+01
   1.3800000e+02   1.0290186e+01
   1.3900000e+02   1.0290290e+01
   1.4000000e+02   1.0289998e+01
   1.4100000e+02   1.0289990e+01
   1.4200000e+02   1.0290086e+01
   1.4300000e+02   1.0289927e+01
   1.4400000e+02   1.0289927e+01
   1.4500000e+02   1.0290030e+01
   1.4600000e+02   1.0289845e+01
   1.4700000e+02   1.0290103e+01
   1.4800000e+02   1.0289761e+01
   1.4900000e+02   1.0289813e+01
   1.5000000e+02   1.0290071e+01
   1.5100000e+02   1.0289942e+01
   1.5200000e+02   1.0290004e+01
   1.5300000e+02   1.0289857e+01
   1.5400000e+02   1.0289742e+01
   1.5500000e+02   1.0290021e+01
   1.5600000e+02   1.0289722e+01
   1.5700000e+02   1.0290042e+01
   1.5800000e+02   1.0289913e+01
   1.5900000e+02   1.0289859e+01
   1.6000000e+02   1.0290052e+01
   1.6100000e+02   1.0289936e+01
   1.6200000e+02   1.0289855e+01
   1.6300000e+02   1.0289729e+01
   1.6400000e+02   1.0289811e+01
   1.6500000e+02   1.0289537e+01
   1.6600000e+02   1.0288737e+01
   1.6700000e+02   1.0282428e+01
   1.6800000e+02   1.0263958e+01
   1.6900000e+02   1.0253510e+01
   1.7000000e+02   1.0261165e+01
   1.7100000e+02   1.0272862e+01
   1.7200000e+02   1.0280034e+01
   1.7300000e+02   1.0283056e+01
   1.7400000e+02   1.0284151e+01
   1.7500000e+02   1.0284810e+01
   1.7600000e+02   1.0285328e+01
   1.7700000e+02   1.0286159e+01
   1.7800000e+02   1.0283985e+01
   1.7900000e+02   1.0252045e+01
   1.8000000e+02   1.0213282e+01
   1.8100000e+02   1.0211711e+01
   1.8200000e+02   1.0221240e+01
   1.8300000e+02   1.0227773e+01
   1.8400000e+02   1.0237504e+01
   1.8500000e+02   1.0242883e+01
   1.8600000e+02   1.0245450e+01
   1.8700000e+02   1.0246944e+01
   1.8800000e+02   1.0248587e+01
   1.8900000e+02   1.0251137e+01
   1.9000000e+02   1.0256814e+01
   1.9100000e+02   1.0263626e+01
   1.9200000e+02   1.0271503e+01
   1.9300000e+02   1.0277151e+01
   1.9400000e+02   1.0280702e+01
   1.9500000e+02   1.0282682e+01
   1.9600000e+02   1.0283672e+01
   1.9700000e+02   1.0284627e+01
   1.9800000e+02   1.0285302e+01
   1.9900000e+02   1.0286028e+01
   2.0000000e+02   1.0286405e+01
   2.0100000e+02   1.0286876e+01
   2.0200000e+02   1.0287042e+01
   2.0300000e+02   1.0287384e+01
   2.0400000e+02   1.0287524e+01
   2.0500000e+02   1.0288019e+01
   2.0600000e+02   1.0288371e+01
   2.0700000e+02   1.0288795e+01
   2.0800000e+02   1.0288794e+01
   2.0900000e+02   1.0288871e+01
   2.1000000e+02   1.0289234e+01
   2.1100000e+02   1.0289422e+01
   2.1200000e+02   1.0289583e+01
   2.1300000e+02   1.0289440e+01
   2.1400000e+02   1.0289478e+01
   2.1500000e+02   1.0289619e+01
   2.1600000e+02   1.0289782e+01
   2.1700000e+02   1.0289855e+01
   2.1800000e+02   1.0289969e+01
   2.1900000e+02   1.0289970e+01
   2.2000000e+02   1.0289801e+01
   2.2100000e+02   1.0289669e+01
   2.2200000e+02   1.0289773e+01
   2.2300000e+02   1.0289787e+01
   2.2400000e+02   1.0289556e+01
   2.2500000e+02   1.0289798e+01
   2.2600000e+02   1.0289670e+01
   2.2700000e+02   1.0289927e+01
   2.2800000e+02   1.0289657e+01
   2.2900000e+02   1.0289591e+01
   2.3000000e+02   1.0289787e+01
   2.3100000e+02   1.0289393e+01
   2.3200000e+02   1.0289564e+01
   2.3300000e+02   1.0289318e+01
   2.3400000e+02   1.0289279e+01
   2.3500000e+02   1.0289374e+01
   2.3600000e+02   1.0289132e+01
   2.3700000e+02   1.0289378e+01
   2.3800000e+02   1.0288831e+01
   2.3900000e+02   1.0289328e+01
   2.4000000e+02   1.0288960e+01
   2.4100000e+02   1.0288879e+01
   2.4200000e+02   1.0288867e+01
   2.4300000e+02   1.0288965e+01
   2.4400000e+02   1.0288759e+01
   2.4500000e+02   1.0288621e+01
   2.4600000e+02   1.0288572e+01
   2.4700000e+02   1.0288557e+01
   2.4800000e+02   1.0288543e+01
   2.4900000e+02   1.0288189e+01
   2.5000000e+02   1.0288274e+01
   2.5100000e+02   1.0288085e+01
   2.5200000e+02   1.0288460e+01
   2.5300000e+02   1.0288258e+01
   2.5400000e+02   1.0288273e+01
   2.5500000e+02   1.0288486e+01
   2.5600000e+02   1.0288291e+01
   2.5700000e+02   1.0288249e+01
   2.5800000e+02   1.0288439e+01
   2.5900000e+02   1.0288133e+01
   2.6000000e+02   1.0288383e+01
   2.6100000e+02   1.0288440e+01
   2.6200000e+02   1.0288135e+01
   2.6300000e+02   1.0288370e+01
   2.6400000e+02   1.0288217e+01
   2.6500000e+02   1.0288391e+01
   2.6600000e+02   1.0288392e+01
   2.6700000e+02   1.0288388e+01
   2.6800000e+02   1.0288479e+01
   2.6900000e+02   1.0288437e+01
   2.7000000e+02   1.0288160e+01
   2.7100000e+02   1.0288854e+01
   2.7200000e+02   1.0288395e+01
   2.7300000e+02   1.0288440e+01
   2.7400000e+02   1.0288508e+01
   2.7500000e+02   1.0288628e+01
   2.7600000e+02   1.0288831e+01
   2.7700000e+02   1.0288512e+01
   2.7800000e+02   1.0288583e+01
   2.7900000e+02   1.0288519e+01
   2.8000000e+02   1.0288903e+01
   2.8100000e+02   1.0288789e+01
   2.8200000e+02   1.0288730e+01
   2.8300000e+02   1.0288823e+01
   2.8400000e+02   1.0288836e+01
   2.8500000e+02   1.0288949e+01
   2.8600000e+02   1.0288967e+01
   2.8700000e+02   1.0288754e+01
   2.8800000e+02   1.0288914e+01
   2.8900000e+02   1.0288471e+01
   2.9000000e+02   1.0288703e+01
   2.9100000e+02   1.0288793e+01
   2.9200000e+02   1.0288773e+01
   2.9300000e+02   1.0288820e+01
   2.9400000e+02   1.0289045e+01
   2.9500000e+02   1.0289108e+01
   2.9600000e+02   1.0288810e+01
   2.9700000e+02   1.0288968e+01
   2.9800000e+02   1.0289030e+01
   2.9900000e+02   1.0288673e+01
   3.0000000e+02   1.0288876e+01
   3.0100000e+02   1.0288703e+01
   3.0200000e+02   1.0288280e+01
   3.0300000e+02   1.0287710e+01
   3.0400000e+02   1.0287325e+01
   3.0500000e+02   1.0286818e+01
   3.0600000e+02   1.0285859e+01
   3.0700000e+02   1.0284551e+01
   3.0800000e+02   1.0283121e+01
   3.0900000e+02   1.0281908e+01
   3.1000000e+02   1.0280435e+01
   3.1100000e+02   1.0279285e+01
   3.1200000e+02   1.0278572e+01
   3.1300000e+02   1.0278030e+01
   3.1400000e+02   1.0277665e+01
   3.1500000e+02   1.0277049e+01
   3.1600000e+02   1.0276063e+01
   3.1700000e+02   1.0274541e+01
   3.1800000e+02   1.0272707e+01
   3.1900000e+02   1.0270286e+01
   3.2000000e+02   1.0268511e+01
   3.2100000e+02   1.0267226e+01
   3.2200000e+02   1.0266504e+01
   3.2300000e+02   1.0266138e+01
   3.2400000e+02   1.0266435e+01
   3.2500000e+02   1.0267307e+01
   3.2600000e+02   1.0268706e+01
   3.2700000e+02   1.0269911e+01
   3.2800000e+02   1.0271500e+01
   3.2900000e+02   1.0273593e+01
   3.3000000e+02   1.0275454e+01
   3.3100000e+02   1.0276891e+01
   3.3200000e+02   1.0278203e+01
   3.3300000e+02   1.0279095e+01
   3.3400000e+02   1.0279526e+01
   3.3500000e+02   1.0279749e+01
   3.3600000e+02   1.0279980e+01
   3.3700000e+02   1.0279589e+01
   3.3800000e+02   1.0279564e+01
   3.3900000e+02   1.0279697e+01
   3.4000000e+02   1.0280095e+01
   3.4100000e+02   1.0280394e+01
   3.4200000e+02   1.0281028e+01
   3.4300000e+02   1.0281634e+01
   3.4400000e+02   1.0282824e+01
   3.4500000e+02   1.0283294e+01
   3.4600000e+02   1.0283705e+01
   3.4700000e+02   1.0284283e+01
   3.4800000e+02   1.0284520e+01
   3.4900000e+02   1.0285319e+01
   3.5000000e+02   1.0285778e+01
   3.5100000e+02   1.0285902e+01
   3.5200000e+02   1.0286655e+01
   3.5300000e+02   1.0286574e+01
   3.5400000e+02   1.0286922e+01
   3.5500000e+02   1.0287092e+01
   3.5600000e+02   1.0287298e+01
   3.5700000e+02   1.0287383e+01
   3.5800000e+02   1.0287363e+01
   3.5900000e+02   1.0287201e+01
   3.6000000e+02   1.0287029e+01
   3.6100000e+02   1.0287230e+01
   3.6200000e+02   1.0286999e+01
   3.6300000e+02   1.0287069e+01
   3.6400000e+02   1.0286878e+01
   3.6500000e+02   1.0287431e+01
   3.6600000e+02   1.0287335e+01
   3.6700000e+02   1.0287391e+01
   3.6800000e+02   1.0287689e+01
   3.6900000e+02   1.0287932e+01
   3.7000000e+02   1.0287641e+01
   3.7100000e+02   1.0287984e+01
   3.7200000e+02   1.0287680e+01
   3.7300000e+02   1.0287999e+01
   3.7400000e+02   1.0288381e+01
   3.7500000e+02   1.0288202e+01
   3.7600000e+02   1.0288266e+01
   3.7700000e+02   1.0288178e+01
   3.7800000e+02   1.0287995e+01
   3.7900000e+02   1.0288134e+01
   3.8000000e+02   1.0288176e+01
   3.8100000e+02   1.0288054e+01
   3.8200000e+02   1.0288077e+01
   3.8300000e+02   1.0287914e+01
   3.8400000e+02   1.0287848e+01
   3.8500000e+02   1.0287834e+01
   3.8600000e+02   1.0288054e+01
   3.8700000e+02   1.0287530e+01
   3.8800000e+02   1.0287657e+01
   3.8900000e+02   1.0287454e+01
   3.9000000e+02   1.0287037e+01
   3.9100000e+02   1.0287188e+01
   3.9200000e+02   1.0287145e+01
   3.9300000e+02   1.0287234e+01
   3.9400000e+02   1.0287144e+01
   3.9500000e+02   1.0287367e+01
   3.9600000e+02   1.0287445e+01
   3.9700000e+02   1.0287658e+01
   3.9800000e+02   1.0287399e+01
   3.9900000e+02   1.0287647e+01
   4.0000000e+02   1.0288101e+01
   4.0100000e+02   1.0287861e+01
   4.0200000e+02   1.0287960e+01
   4.0300000e+02   1.0287844e+01
   4.0400000e+02   1.0287717e+01
   4.0500000e+02   1.0287609e+01
   4.0600000e+02   1.0287601e+01
   4.0700000e+02   1.0287811e+01
   4.0800000e+02   1.0287600e+01
   4.0900000e+02   1.0287662e+01
   4.1000000e+02   1.0287830e+01
   4.1100000e+02   1.0287913e+01
   4.1200000e+02   1.0287789e+01
   4.1300000e+02   1.0287923e+01
   4.1400000e+02   1.0287428e+01
   4.1500000e+02   1.0287456e+01
   4.1600000e+02   1.0287530e+01
   4.1700000e+02   1.0287482e+01
   4.1800000e+02   1.0287587e+01
   4.1900000e+02   1.0287657e+01
   4.2000000e+02   1.0287396e+01
   4.2100000e+02   1.0287275e+01
   4.2200000e+02   1.0287644e+01
   4.2300000e+02   1.0287635e+01
   4.2400000e+02   1.0287748e+01
   4.2500000e+02   1.0287588e+01
   4.2600000e+02   1.0287878e+01
   4.2700000e+02   1.0287645e+01
   4.2800000e+02   1.0287690e+01
   4.2900000e+02   1.0287539e+01
   4.3000000e+02   1.0287722e+01
   4.3100000e+02   1.0287626e+01
   4.3200000e+02   1.0287559e+01
   4.3300000e+02   1.0287432e+01
   4.3400000e+02   1.0287256e+01
   4.3500000e+02   1.0286925e+01
   4.3600000e+02   1.0286197e+01
   4.3700000e+02   1.0284704e+01
   4.3800000e+02   1.0282547e+01
   4.3900000e+02   1.0278418e+01
   4.4000000e+02   1.0272522e+01
   4.4100000e+02   1.0263938e+01
   4.4200000e+02   1.0251624e+01
   4.4300000e+02   1.0236367e+01
   4.4400000e+02   1.0217774e+01
   4.4500000e+02   1.0197720e+01
   4.4600000e+02   1.0177929e+01
   4.4700000e+02   1.0160334e+01
   4.4800000e+02   1.0146115e+01
   4.4900000e+02   1.0137219e+01
   4.5000000e+02   1.0133878e+01
   4.5100000e+02   1.0135879e+01
   4.5200000e+02   1.0142177e+01
   4.5300000e+02   1.0152072e+01
   4.5400000e+02   1.0163777e+01
   4.5500000e+02   1.0176293e+01
   4.5600000e+02   1.0189001e+01
   4.5700000e+02   1.0200797e+01
   4.5800000e+02   1.0211725e+01
   4.5900000e+02   1.0221553e+01
   4.6000000e+02   1.0230176e+01
   4.6100000e+02   1.0237845e+01
   4.6200000e+02   1.0244432e+01
   4.6300000e+02   1.0249874e+01
   4.6400000e+02   1.0254865e+01
   4.6500000e+02   1.0259015e+01
   4.6600000e+02   1.0262318e+01
   4.6700000e+02   1.0265554e+01
   4.6800000e+02   1.0268056e+01
   4.6900000e+02   1.0270015e+01
   4.7000000e+02   1.0272005e+01
   4.7100000e+02   1.0273568e+01
   4.7200000e+02   1.0274810e+01
   4.7300000e+02   1.0276131e+01
   4.7400000e+02   1.0277685e+01
   4.7500000e+02   1.0279013e+01
   4.7600000e+02   1.0279944e+01
   4.7700000e+02   1.0281124e+01
   4.7800000e+02   1.0282162e+01
   4.7900000e+02   1.0282962e+01
   4.8000000e+02   1.0283626e+01
   4.8100000e+02   1.0284199e+01
   4.8200000e+02   1.0284993e+01
   4.8300000e+02   1.0285548e+01
   4.8400000e+02   1.0285844e+01
   4.8500000e+02   1.0286214e+01
   4.8600000e+02   1.0286351e+01
   4.8700000e+02   1.0286501e+01
   4.8800000e+02   1.0286743e+01
   4.8900000e+02   1.0286957e+01
   4.9000000e+02   1.0286774e+01
   4.9100000e+02   1.0287086e+01
   4.9200000e+02   1.0286930e+01
   4.9300000e+02   1.0286791e+01
   4.9400000e+02   1.0286971e+01
   4.9500000e+02   1.0287172e+01
   4.9600000e+02   1.0286814e+01
   4.9700000e+02   1.0286960e+01
   4.9800000e+02   1.0287137e+01
   4.9900000e+02   1.0286986e+01
   5.0000000e+02   1.0286927e+01
   5.0100000e+02   1.0287241e+01
   5.0200000e+02   1.0287491e+01
   5.0300000e+02   1.0287677e+01
   5.0400000e+02   1.0287416e+01
   5.0500000e+02   1.0287650e+01
   5.0600000e+02   1.0287236e+01
   5.0700000e+02   1.0287384e+01
   5.0800000e+02   1.0287385e+01
   5.0900000e+02   1.0287409e+01
   5.1000000e+02   1.0287476e+01
   5.1100000e+02   1.0287713e+01
   5.1200000e+02   1.0287734e+01
   5.1300000e+02   1.0287502e+01
   5.1400000e+02   1.0287655e+01
   5.1500000e+02   1.0287561e+01
   5.1600000e+02   1.0287446e+01
   5.1700000e+02   1.0287423e+01
   5.1800000e+02   1.0287283e+01
   5.1900000e+02   1.0287467e+01
   5.2000000e+02   1.0287585e+01
   5.2100000e+02   1.0287276e+01
   5.2200000e+02   1.0287360e+01
   5.2300000e+02   1.0287332e+01
   5.2400000e+02   1.0287278e+01
   5.2500000e+02   1.0287121e+01
   5.2600000e+02   1.0287392e+01
   5.2700000e+02   1.0287309e+01
   5.2800000e+02   1.0287225e+01
   5.2900000e+02   1.0287388e+01
   5.3000000e+02   1.0287483e+01
   5.3100000e+02   1.0287525e+01
   5.3200000e+02   1.0287353e+01
   5.3300000e+02   1.0287455e+01
   5.3400000e+02   1.0287460e+01
   5.3500000e+02   1.0287436e+01
   5.3600000e+02   1.0287396e+01
   5.3700000e+02   1.0287476e+01
   5.3800000e+02   1.0287419e+01
   5.3900000e+02   1.0287313e+01
   5.4000000e+02   1.0287400e+01
   5.4100000e+02   1.0287282e+01
   5.4200000e+02   1.0287234e+01
   5.4300000e+02   1.0287191e+01
   5.4400000e+02   1.0287211e+01
   5.4500000e+02   1.0287004e+01
   5.4600000e+02   1.0287059e+01
   5.4700000e+02   1.0287035e+01
   5.4800000e+02   1.0286881e+01
   5.4900000e+02   1.0287300e+01
   5.5000000e+02   1.0287230e+01
   5.5100000e+02   1.0287045e+01
   5.5200000e+02   1.0287169e+01
   5.5300000e+02   1.0287167e+01
   5.5400000e+02   1.0287118e+01
   5.5500000e+02   1.0287234e+01
   5.5600000e+02   1.0287273e+01
   5.5700000e+02   1.0287231e+01
   5.5800000e+02   1.0287129e+01
   5.5900000e+02   1.0287168e+01
   5.6000000e+02   1.0286958e+01
   5.6100000e+02   1.0287034e+01
   5.6200000e+02   1.0287007e+01
   5.6300000e+02   1.0287001e+01
   5.6400000e+02   1.0287072e+01
   5.6500000e+02   1.0286974e+01
   5.6600000e+02   1.0287263e+01
   5.6700000e+02   1.0287196e+01
   5.6800000e+02   1.0287243e+01
   5.6900000e+02   1.0287239e+01
   5.7000000e+02   1.0287030e+01
   5.7100000e+02   1.0287158e+01
   5.7200000e+02   1.0287435e+01
   5.7300000e+02   1.0287394e+01
   5.7400000e+02   1.0287305e+01
   5.7500000e+02   1.0287340e+01
   5.7600000e+02   1.0287196e+01
   5.7700000e+02   1.0287538e+01
   5.7800000e+02   1.0287403e+01
   5.7900000e+02   1.0287549e+01
   5.8000000e+02   1.0287220e+01
   5.8100000e+02   1.0287334e+01
   5.8200000e+02   1.0287405e+01
   5.8300000e+02   1.0287432e+01
   5.8400000e+02   1.0286902e+01
   5.8500000e+02   1.0287410e+01
   5.8600000e+02   1.0287073e+01
   5.8700000e+02   1.0287129e+01
   5.8800000e+02   1.0287373e+01
   5.8900000e+02   1.0287032e+01
   5.9000000e+02   1.0287189e+01
   5.9100000e+02   1.0287031e+01
   5.9200000e+02   1.0287157e+01
   5.9300000e+02   1.0286963e+01
   5.9400000e+02   1.0287189e+01
   5.9500000e+02   1.0287192e+01
   5.9600000e+02   1.0287546e+01
   5.9700000e+02   1.0287458e+01
   5.9800000e+02   1.0287003e+01
   5.9900000e+02   1.0286967e+01
   6.0000000e+02   1.0287126e+01
   6.0100000e+02   1.0286979e+01
   6.0200000e+02   1.0287334e+01
   6.0300000e+02   1.0287048e+01
   6.0400000e+02   1.0286837e+01
   6.0500000e+02   1.0287045e+01
   6.0600000e+02   1.0286822e+01
   6.0700000e+02   1.0286811e+01
   6.0800000e+02   1.0286780e+01
   6.0900000e+02   1.0286791e+01
   6.1000000e+02   1.0286880e+01
   6.1100000e+02   1.0286821e+01
   6.1200000e+02   1.0286915e+01
   6.1300000e+02   1.0286813e+01
   6.1400000e+02   1.0287206e+01
   6.1500000e+02   1.0287037e+01
   6.1600000e+02   1.0287017e+01
   6.1700000e+02   1.0287018e+01
   6.1800000e+02   1.0286995e+01
   6.1900000e+02   1.0287126e+01
   6.2000000e+02   1.0286993e+01
   6.2100000e+02   1.0287083e+01
   6.2200000e+02   1.0286793e+01
   6.2300000e+02   1.0287079e+01
   6.2400000e+02   1.0286905e+01
   6.2500000e+02   1.0286552e+01
   6.2600000e+02   1.0286950e+01
   6.2700000e+02   1.0286864e+01
   6.2800000e+02   1.0286673e+01
   6.2900000e+02   1.0286572e+01
   6.3000000e+02   1.0286592e+01
   6.3100000e+02   1.0286633e+01
   6.3200000e+02   1.0286629e+01
   6.3300000e+02   1.0286424e+01
   6.3400000e+02   1.0286369e+01
   6.3500000e+02   1.0286426e+01
   6.3600000e+02   1.0286378e+01
   6.3700000e+02   1.0286338e+01
   6.3800000e+02   1.0286415e+01
   6.3900000e+02   1.0286371e+01
   6.4000000e+02   1.0286303e+01
   6.4100000e+02   1.0286356e+01
   6.4200000e+02   1.0286478e+01
   6.4300000e+02   1.0286598e+01
   6.4400000e+02   1.0286446e+01
   6.4500000e+02   1.0286386e+01
   6.4600000e+02   1.0286545e+01
   6.4700000e+02   1.0286604e+01
   6.4800000e+02   1.0286353e+01
   6.4900000e+02   1.0286463e+01
   6.5000000e+02   1.0286449e+01
   6.5100000e+02   1.0286493e+01
   6.5200000e+02   1.0286578e+01
   6.5300000e+02   1.0286562e+01
   6.5400000e+02   1.0286690e+01
   6.5500000e+02   1.0286464e+01
   6.5600000e+02   1.0286236e+01
   6.5700000e+02   1.0286769e+01
   6.5800000e+02   1.0286600e+01
   6.5900000e+02   1.0286502e+01
   6.6000000e+02   1.0286835e+01
   6.6100000e+02   1.0286623e+01
   6.6200000e+02   1.0286402e+01
   6.6300000e+02   1.0286633e+01
   6.6400000e+02   1.0286299e+01
   6.6500000e+02   1.0286444e+01
   6.6600000e+02   1.0285877e+01
   6.6700000e+02   1.0285571e+01
   6.6800000e+02   1.0284961e+01
   6.6900000e+02   1.0284683e+01
   6.7000000e+02   1.0284248e+01
   6.7100000e+02   1.0282957e+01
   6.7200000e+02   1.0281345e+01
   6.7300000e+02   1.0279553e+01
   6.7400000e+02   1.0276958e+01
   6.7500000e+02   1.0273641e+01
   6.7600000e+02   1.0269917e+01
   6.7700000e+02   1.0265297e+01
   6.7800000e+02   1.0260305e+01
   6.7900000e+02   1.0254822e+01
   6.8000000e+02   1.0248995e+01
   6.8100000e+02   1.0243354e+01
   6.8200000e+02   1.0237870e+01
   6.8300000e+02   1.0233234e+01
   6.8400000e+02   1.0229161e+01
   6.8500000e+02   1.0226458e+01
   6.8600000e+02   1.0224731e+01
   6.8700000e+02   1.0223779e+01
   6.8800000e+02   1.0224288e+01
   6.8900000e+02   1.0225649e+01
   6.9000000e+02   1.0227782e+01
   6.9100000e+02   1.0230290e+01
   6.9200000e+02   1.0233497e+01
   6.9300000e+02   1.0237090e+01
   6.9400000e+02   1.0240801e+01
   6.9500000e+02   1.0244557e+01
   6.9600000e+02   1.0248220e+01
   6.9700000e+02   1.0252003e+01
   6.9800000e+02   1.0255067e+01
   6.9900000e+02   1.0258362e+01
   7.0000000e+02   1.0261593e+01
   7.0100000e+02   1.0264047e+01
   7.0200000e+02   1.0266735e+01
   7.0300000e+02   1.0268645e+01
   7.0400000e+02   1.0270925e+01
   7.0500000e+02   1.0272513e+01
   7.0600000e+02   1.0274040e+01
   7.0700000e+02   1.0275109e+01
   7.0800000e+02   1.0276436e+01
   7.0900000e+02   1.0277762e+01
   7.1000000e+02   1.0278623e+01
   7.1100000e+02   1.0279078e+01
   7.1200000e+02   1.0280195e+01
   7.1300000e+02   1.0281053e+01
   7.1400000e+02   1.0281551e+01
   7.1500000e+02   1.0281997e+01
   7.1600000e+02   1.0282551e+01
   7.1700000e+02   1.0283023e+01
   7.1800000e+02   1.0283525e+01
   7.1900000e+02   1.0283985e+01
   7.2000000e+02   1.0284497e+01
   7.2100000e+02   1.0284714e+01
   7.2200000e+02   1.0284681e+01
   7.2300000e+02   1.0285136e+01
   7.2400000e+02   1.0285392e+01
   7.2500000e+02   1.0285340e+01
   7.2600000e+02   1.0285507e+01
   7.2700000e+02   1.0285714e+01
   7.2800000e+02   1.0285504e+01
   7.2900000e+02   1.0285562e+01
   7.3000000e+02   1.0285810e+01
   7.3100000e+02   1.0285749e+01
   7.3200000e+02   1.0285919e+01
   7.3300000e+02   1.0285982e+01
   7.3400000e+02   1.0286065e+01
   7.3500000e+02   1.0285955e+01
   7.3600000e+02   1.0286255e+01
   7.3700000e+02   1.0286127e+01
   7.3800000e+02   1.0286254e+01
   7.3900000e+02   1.0286148e+01
   7.4000000e+02   1.0286133e+01
   7.4100000e+02   1.0286087e+01
   7.4200000e+02   1.0286019e+01
   7.4300000e+02   1.0286018e+01
   7.4400000e+02   1.0285833e+01
   7.4500000e+02   1.0285884e+01
   7.4600000e+02   1.0285925e+01
   7.4700000e+02   1.0286054e+01
   7.4800000e+02   1.0285719e+01
   7.4900000e+02   1.0285866e+01
   7.5000000e+02   1.0285982e+01
   7.5100000e+02   1.0286028e+01
   7.5200000e+02   1.0285941e+01
   7.5300000e+02   1.0285859e+01
   7.5400000e+02   1.0286082e+01
   7.5500000e+02   1.0285854e+01
   7.5600000e+02   1.0286379e+01
   7.5700000e+02   1.0285975e+01
   7.5800000e+02   1.0286116e+01
   7.5900000e+02   1.0285983e+01
   7.6000000e+02   1.0286101e+01
   7.6100000e+02   1.0285928e+01
   7.6200000e+02   1.0285506e+01
   7.6300000e+02   1.0285854e+01
   7.6400000e+02   1.0285844e+01
   7.6500000e+02   1.0285765e+01
   7.6600000e+02   1.0286049e+01
   7.6700000e+02   1.0286000e+01
   7.6800000e+02   1.0285777e+01
   7.6900000e+02   1.0285918e+01
   7.7000000e+02   1.0285808e+01
   7.7100000e+02   1.0286106e+01
   7.7200000e+02   1.0286112e+01
   7.7300000e+02   1.0285881e+01
   7.7400000e+02   1.0285999e+01
   7.7500000e+02   1.0286103e+01
   7.7600000e+02   1.0285793e+01
   7.7700000e+02   1.0285737e+01
   7.7800000e+02   1.0285954e+01
   7.7900000e+02   1.0285503e+01
   7.8000000e+02   1.0285601e+01
