   0.0000000e+00   1.0399680e+01
   1.0000000e+00   1.0396623e+01
   2.0000000e+00   1.0395321e+01
   3.0000000e+00   1.0395291e+01
   4.0000000e+00   1.0394594e+01
   5.0000000e+00   1.0394145e+01
   6.0000000e+00   1.0393665e+01
   7.0000000e+00   1.0393877e+01
   8.0000000e+00   1.0393352e+01
   9.0000000e+00   1.0392829e+01
   1.0000000e+01   1.0393271e+01
   1.1000000e+01   1.0392936e+01
   1.2000000e+01   1.0392585e+01
   1.3000000e+01   1.0392660e+01
   1.4000000e+01   1.0392509e+01
   1.5000000e+01   1.0392048e+01
   1.6000000e+01   1.0391834e+01
   1.7000000e+01   1.0391615e+01
   1.8000000e+01   1.0391491e+01
   1.9000000e+01   1.0391642e+01
   2.0000000e+01   1.0391498e+01
   2.1000000e+01   1.0391302e+01
   2.2000000e+01   1.0391158e+01
   2.3000000e+01   1.0390828e+01
   2.4000000e+01   1.0391059e+01
   2.5000000e+01   1.0390841e+01
   2.6000000e+01   1.0390477e+01
   2.7000000e+01   1.0390885e+01
   2.8000000e+01   1.0390577e+01
   2.9000000e+01   1.0390398e+01
   3.0000000e+01   1.0390113e+01
   3.1000000e+01   1.0390359e+01
   3.2000000e+01   1.0390112e+01
   3.3000000e+01   1.0389796e+01
   3.4000000e+01   1.0389989e+01
   3.5000000e+01   1.0389878e+01
   3.6000000e+01   1.0389929e+01
   3.7000000e+01   1.0389552e+01
   3.8000000e+01   1.0389546e+01
   3.9000000e+01   1.0389459e+01
   4.0000000e+01   1.0389319e+01
   4.1000000e+01   1.0389384e+01
   4.2000000e+01   1.0389328e+01
   4.3000000e+01   1.0388890e+01
   4.4000000e+01   1.0388960e+01
   4.5000000e+01   1.0388808e+01
   4.6000000e+01   1.0388724e+01
   4.7000000e+01   1.0388882e+01
   4.8000000e+01   1.0388916e+01
   4.9000000e+01   1.0388812e+01
   5.0000000e+01   1.0388534e+01
   5.1000000e+01   1.0388540e+01
   5.2000000e+01   1.0388485e+01
   5.3000000e+01   1.0388333e+01
   5.4000000e+01   1.0388215e+01
   5.5000000e+01   1.0388027e+01
   5.6000000e+01   1.0388026e+01
   5.7000000e+01   1.0388070e+01
   5.8000000e+01   1.0387968e+01
   5.9000000e+01   1.0387669e+01
   6.0000000e+01   1.0387565e+01
   6.1000000e+01   1.0387740e+01
   6.2000000e+01   1.0387595e+01
   6.3000000e+01   1.0387537e+01
   6.4000000e+01   1.0387146e+01
   6.5000000e+01   1.0387224e+01
   6.6000000e+01   1.0387178e+01
   6.7000000e+01   1.0387279e+01
   6.8000000e+01   1.0387054e+01
   6.9000000e+01   1.0386964e+01
   7.0000000e+01   1.0387024e+01
   7.1000000e+01   1.0386664e+01
   7.2000000e+01   1.0387014e+01
   7.3000000e+01   1.0386838e+01
   7.4000000e+01   1.0386635e+01
   7.5000000e+01   1.0386510e+01
   7.6000000e+01   1.0386368e+01
   7.7000000e+01   1.0386544e+01
   7.8000000e+01   1.0386521e+01
   7.9000000e+01   1.0386347e+01
   8.0000000e+01   1.0386416e+01
   8.1000000e+01   1.0386165e+01
   8.2000000e+01   1.0385964e+01
   8.3000000e+01   1.0386140e+01
   8.4000000e+01   1.0386139e+01
   8.5000000e+01   1.0386181e+01
   8.6000000e+01   1.0385803e+01
   8.7000000e+01   1.0385875e+01
   8.8000000e+01   1.0385907e+01
   8.9000000e+01   1.0385647e+01
   9.0000000e+01   1.0385823e+01
   9.1000000e+01   1.0385674e+01
   9.2000000e+01   1.0385935e+01
   9.3000000e+01   1.0385468e+01
   9.4000000e+01   1.0385417e+01
   9.5000000e+01   1.0385279e+01
   9.6000000e+01   1.0385436e+01
   9.7000000e+01   1.0385295e+01
   9.8000000e+01   1.0385256e+01
   9.9000000e+01   1.0385030e+01
   1.0000000e+02   1.0385094e+01
   1.0100000e+02   1.0385186e+01
   1.0200000e+02   1.0385148e+01
   1.0300000e+02   1.0385113e+01
   1.0400000e+02   1.0385081e+01
   1.0500000e+02   1.0384716e+01
   1.0600000e+02   1.0384737e+01
   1.0700000e+02   1.0384687e+01
   1.0800000e+02   1.0384874e+01
   1.0900000e+02   1.0384792e+01
   1.1000000e+02   1.0384821e+01
   1.1100000e+02   1.0384761e+01
   1.1200000e+02   1.0384866e+01
   1.1300000e+02   1.0384725e+01
   1.1400000e+02   1.0384749e+01
   1.1500000e+02   1.0384654e+01
   1.1600000e+02   1.0384465e+01
   1.1700000e+02   1.0384314e+01
   1.1800000e+02   1.0384235e+01
   1.1900000e+02   1.0384269e+01
   1.2000000e+02   1.0384232e+01
   1.2100000e+02   1.0383938e+01
   1.2200000e+02   1.0383954e+01
   1.2300000e+02   1.0384117e+01
   1.2400000e+02   1.0383968e+01
   1.2500000e+02   1.0383911e+01
   1.2600000e+02   1.0384043e+01
   1.2700000e+02   1.0383841e+01
   1.2800000e+02   1.0383866e+01
   1.2900000e+02   1.0383537e+01
   1.3000000e+02   1.0383663e+01
   1.3100000e+02   1.0383602e+01
   1.3200000e+02   1.0383401e+01
   1.3300000e+02   1.0383318e+01
   1.3400000e+02   1.0383503e+01
   1.3500000e+02   1.0383467e+01
   1.3600000e+02   1.0383433e+01
   1.3700000e+02   1.0383537e+01
   1.3800000e+02   1.0383263e+01
   1.3900000e+02   1.0383309e+01
   1.4000000e+02   1.0383404e+01
   1.4100000e+02   1.0383148e+01
   1.4200000e+02   1.0382959e+01
   1.4300000e+02   1.0383426e+01
   1.4400000e+02   1.0383089e+01
   1.4500000e+02   1.0383366e+01
   1.4600000e+02   1.0383155e+01
   1.4700000e+02   1.0382744e+01
   1.4800000e+02   1.0383135e+01
   1.4900000e+02   1.0382774e+01
   1.5000000e+02   1.0382653e+01
   1.5100000e+02   1.0382994e+01
   1.5200000e+02   1.0383054e+01
   1.5300000e+02   1.0382969e+01
   1.5400000e+02   1.0382742e+01
   1.5500000e+02   1.0382611e+01
   1.5600000e+02   1.0382720e+01
   1.5700000e+02   1.0382597e+01
   1.5800000e+02   1.0382485e+01
   1.5900000e+02   1.0382754e+01
   1.6000000e+02   1.0382486e+01
   1.6100000e+02   1.0382548e+01
   1.6200000e+02   1.0382547e+01
   1.6300000e+02   1.0382315e+01
   1.6400000e+02   1.0382490e+01
   1.6500000e+02   1.0382226e+01
   1.6600000e+02   1.0380991e+01
   1.6700000e+02   1.0372774e+01
   1.6800000e+02   1.0352376e+01
   1.6900000e+02   1.0345252e+01
   1.7000000e+02   1.0355175e+01
   1.7100000e+02   1.0365770e+01
   1.7200000e+02   1.0371919e+01
   1.7300000e+02   1.0374348e+01
   1.7400000e+02   1.0375137e+01
   1.7500000e+02   1.0376888e+01
   1.7600000e+02   1.0378000e+01
   1.7700000e+02   1.0378470e+01
   1.7800000e+02   1.0371761e+01
   1.7900000e+02   1.0320968e+01
   1.8000000e+02   1.0295638e+01
   1.8100000e+02   1.0303400e+01
   1.8200000e+02   1.0308698e+01
   1.8300000e+02   1.0313921e+01
   1.8400000e+02   1.0323151e+01
   1.8500000e+02   1.0330418e+01
   1.8600000e+02   1.0334767e+01
   1.8700000e+02   1.0337613e+01
   1.8800000e+02   1.0341390e+01
   1.8900000e+02   1.0346866e+01
   1.9000000e+02   1.0353871e+01
   1.9100000e+02   1.0361851e+01
   1.9200000e+02   1.0367855e+01
   1.9300000e+02   1.0371943e+01
   1.9400000e+02   1.0373626e+01
   1.9500000e+02   1.0375165e+01
   1.9600000e+02   1.0375975e+01
   1.9700000e+02   1.0376577e+01
   1.9800000e+02   1.0377188e+01
   1.9900000e+02   1.0377673e+01
   2.0000000e+02   1.0378197e+01
   2.0100000e+02   1.0378775e+01
   2.0200000e+02   1.0379561e+01
   2.0300000e+02   1.0379785e+01
   2.0400000e+02   1.0380104e+01
   2.0500000e+02   1.0380609e+01
   2.0600000e+02   1.0380235e+01
   2.0700000e+02   1.0380444e+01
   2.0800000e+02   1.0379986e+01
   2.0900000e+02   1.0380248e+01
   2.1000000e+02   1.0380109e+01
   2.1100000e+02   1.0380207e+01
   2.1200000e+02   1.0380325e+01
   2.1300000e+02   1.0380155e+01
   2.1400000e+02   1.0380230e+01
   2.1500000e+02   1.0380262e+01
   2.1600000e+02   1.0380234e+01
   2.1700000e+02   1.0380100e+01
   2.1800000e+02   1.0380511e+01
   2.1900000e+02   1.0380147e+01
   2.2000000e+02   1.0380313e+01
   2.2100000e+02   1.0380483e+01
   2.2200000e+02   1.0380423e+01
   2.2300000e+02   1.0380172e+01
   2.2400000e+02   1.0380173e+01
   2.2500000e+02   1.0380144e+01
   2.2600000e+02   1.0380198e+01
   2.2700000e+02   1.0380292e+01
   2.2800000e+02   1.0379994e+01
   2.2900000e+02   1.0380191e+01
   2.3000000e+02   1.0380079e+01
   2.3100000e+02   1.0380085e+01
   2.3200000e+02   1.0380146e+01
   2.3300000e+02   1.0380133e+01
   2.3400000e+02   1.0380057e+01
   2.3500000e+02   1.0380009e+01
   2.3600000e+02   1.0379932e+01
   2.3700000e+02   1.0380070e+01
   2.3800000e+02   1.0379876e+01
   2.3900000e+02   1.0379774e+01
   2.4000000e+02   1.0379927e+01
   2.4100000e+02   1.0379727e+01
   2.4200000e+02   1.0379922e+01
   2.4300000e+02   1.0379650e+01
   2.4400000e+02   1.0379785e+01
   2.4500000e+02   1.0379483e+01
   2.4600000e+02   1.0379253e+01
   2.4700000e+02   1.0379002e+01
   2.4800000e+02   1.0378744e+01
   2.4900000e+02   1.0378646e+01
   2.5000000e+02   1.0378787e+01
   2.5100000e+02   1.0378710e+01
   2.5200000e+02   1.0378768e+01
   2.5300000e+02   1.0378475e+01
   2.5400000e+02   1.0378854e+01
   2.5500000e+02   1.0378562e+01
   2.5600000e+02   1.0378542e+01
   2.5700000e+02   1.0378511e+01
   2.5800000e+02   1.0378589e+01
   2.5900000e+02   1.0378185e+01
   2.6000000e+02   1.0378326e+01
   2.6100000e+02   1.0378042e+01
   2.6200000e+02   1.0378066e+01
   2.6300000e+02   1.0378006e+01
   2.6400000e+02   1.0378162e+01
   2.6500000e+02   1.0378063e+01
   2.6600000e+02   1.0378176e+01
   2.6700000e+02   1.0378263e+01
   2.6800000e+02   1.0378278e+01
   2.6900000e+02   1.0378387e+01
   2.7000000e+02   1.0378471e+01
   2.7100000e+02   1.0378577e+01
   2.7200000e+02   1.0378537e+01
   2.7300000e+02   1.0378451e+01
   2.7400000e+02   1.0378482e+01
   2.7500000e+02   1.0378598e+01
   2.7600000e+02   1.0378583e+01
   2.7700000e+02   1.0378429e+01
   2.7800000e+02   1.0378545e+01
   2.7900000e+02   1.0378653e+01
   2.8000000e+02   1.0378699e+01
   2.8100000e+02   1.0378451e+01
   2.8200000e+02   1.0378637e+01
   2.8300000e+02   1.0378534e+01
   2.8400000e+02   1.0378551e+01
   2.8500000e+02   1.0378591e+01
   2.8600000e+02   1.0378396e+01
   2.8700000e+02   1.0378272e+01
   2.8800000e+02   1.0378350e+01
   2.8900000e+02   1.0378347e+01
   2.9000000e+02   1.0378176e+01
   2.9100000e+02   1.0378323e+01
   2.9200000e+02   1.0378148e+01
   2.9300000e+02   1.0378374e+01
   2.9400000e+02   1.0378237e+01
   2.9500000e+02   1.0378209e+01
   2.9600000e+02   1.0378185e+01
   2.9700000e+02   1.0378348e+01
   2.9800000e+02   1.0378071e+01
   2.9900000e+02   1.0377908e+01
   3.0000000e+02   1.0377698e+01
   3.0100000e+02   1.0377411e+01
   3.0200000e+02   1.0376691e+01
   3.0300000e+02   1.0376046e+01
   3.0400000e+02   1.0375252e+01
   3.0500000e+02   1.0373957e+01
   3.0600000e+02   1.0372635e+01
   3.0700000e+02   1.0370717e+01
   3.0800000e+02   1.0369156e+01
   3.0900000e+02   1.0367907e+01
   3.1000000e+02   1.0366935e+01
   3.1100000e+02   1.0366569e+01
   3.1200000e+02   1.0366106e+01
   3.1300000e+02   1.0365655e+01
   3.1400000e+02   1.0364410e+01
   3.1500000e+02   1.0362606e+01
   3.1600000e+02   1.0360502e+01
   3.1700000e+02   1.0358177e+01
   3.1800000e+02   1.0355891e+01
   3.1900000e+02   1.0354336e+01
   3.2000000e+02   1.0353113e+01
   3.2100000e+02   1.0353084e+01
   3.2200000e+02   1.0353270e+01
   3.2300000e+02   1.0354210e+01
   3.2400000e+02   1.0355672e+01
   3.2500000e+02   1.0357230e+01
   3.2600000e+02   1.0359490e+01
   3.2700000e+02   1.0361645e+01
   3.2800000e+02   1.0363372e+01
   3.2900000e+02   1.0365420e+01
   3.3000000e+02   1.0366524e+01
   3.3100000e+02   1.0367230e+01
   3.3200000e+02   1.0367793e+01
   3.3300000e+02   1.0368170e+01
   3.3400000e+02   1.0367908e+01
   3.3500000e+02   1.0367611e+01
   3.3600000e+02   1.0368302e+01
   3.3700000e+02   1.0368387e+01
   3.3800000e+02   1.0368675e+01
   3.3900000e+02   1.0369463e+01
   3.4000000e+02   1.0370081e+01
   3.4100000e+02   1.0371252e+01
   3.4200000e+02   1.0371806e+01
   3.4300000e+02   1.0372590e+01
   3.4400000e+02   1.0373107e+01
   3.4500000e+02   1.0373619e+01
   3.4600000e+02   1.0373877e+01
   3.4700000e+02   1.0374601e+01
   3.4800000e+02   1.0375112e+01
   3.4900000e+02   1.0375101e+01
   3.5000000e+02   1.0375510e+01
   3.5100000e+02   1.0375487e+01
   3.5200000e+02   1.0375499e+01
   3.5300000e+02   1.0375547e+01
   3.5400000e+02   1.0375691e+01
   3.5500000e+02   1.0375668e+01
   3.5600000e+02   1.0375441e+01
   3.5700000e+02   1.0375378e+01
   3.5800000e+02   1.0375293e+01
   3.5900000e+02   1.0375337e+01
   3.6000000e+02   1.0375306e+01
   3.6100000e+02   1.0375490e+01
   3.6200000e+02   1.0375276e+01
   3.6300000e+02   1.0375534e+01
   3.6400000e+02   1.0375568e+01
   3.6500000e+02   1.0375846e+01
   3.6600000e+02   1.0375750e+01
   3.6700000e+02   1.0375917e+01
   3.6800000e+02   1.0376280e+01
   3.6900000e+02   1.0376186e+01
   3.7000000e+02   1.0376265e+01
   3.7100000e+02   1.0376095e+01
   3.7200000e+02   1.0376045e+01
   3.7300000e+02   1.0376095e+01
   3.7400000e+02   1.0376060e+01
   3.7500000e+02   1.0376341e+01
   3.7600000e+02   1.0376192e+01
   3.7700000e+02   1.0376200e+01
   3.7800000e+02   1.0376093e+01
   3.7900000e+02   1.0376058e+01
   3.8000000e+02   1.0376012e+01
   3.8100000e+02   1.0375722e+01
   3.8200000e+02   1.0375461e+01
   3.8300000e+02   1.0375296e+01
   3.8400000e+02   1.0375332e+01
   3.8500000e+02   1.0374960e+01
   3.8600000e+02   1.0374929e+01
   3.8700000e+02   1.0375147e+01
   3.8800000e+02   1.0374969e+01
   3.8900000e+02   1.0374994e+01
   3.9000000e+02   1.0374961e+01
   3.9100000e+02   1.0375193e+01
   3.9200000e+02   1.0375187e+01
   3.9300000e+02   1.0375442e+01
   3.9400000e+02   1.0375369e+01
   3.9500000e+02   1.0375557e+01
   3.9600000e+02   1.0375566e+01
   3.9700000e+02   1.0375608e+01
   3.9800000e+02   1.0375608e+01
   3.9900000e+02   1.0375791e+01
   4.0000000e+02   1.0375798e+01
   4.0100000e+02   1.0375647e+01
   4.0200000e+02   1.0375553e+01
   4.0300000e+02   1.0375833e+01
   4.0400000e+02   1.0375730e+01
   4.0500000e+02   1.0375711e+01
   4.0600000e+02   1.0375633e+01
   4.0700000e+02   1.0375446e+01
   4.0800000e+02   1.0375800e+01
   4.0900000e+02   1.0375803e+01
   4.1000000e+02   1.0375783e+01
   4.1100000e+02   1.0375195e+01
   4.1200000e+02   1.0375542e+01
   4.1300000e+02   1.0375488e+01
   4.1400000e+02   1.0375334e+01
   4.1500000e+02   1.0375551e+01
   4.1600000e+02   1.0375533e+01
   4.1700000e+02   1.0375394e+01
   4.1800000e+02   1.0375515e+01
   4.1900000e+02   1.0375402e+01
   4.2000000e+02   1.0375563e+01
   4.2100000e+02   1.0375084e+01
   4.2200000e+02   1.0375373e+01
   4.2300000e+02   1.0375054e+01
   4.2400000e+02   1.0375063e+01
   4.2500000e+02   1.0375030e+01
   4.2600000e+02   1.0374839e+01
   4.2700000e+02   1.0374955e+01
   4.2800000e+02   1.0374839e+01
   4.2900000e+02   1.0374689e+01
   4.3000000e+02   1.0374435e+01
   4.3100000e+02   1.0374108e+01
   4.3200000e+02   1.0373524e+01
   4.3300000e+02   1.0371842e+01
   4.3400000e+02   1.0369491e+01
   4.3500000e+02   1.0365225e+01
   4.3600000e+02   1.0359437e+01
   4.3700000e+02   1.0351079e+01
   4.3800000e+02   1.0339763e+01
   4.3900000e+02   1.0326364e+01
   4.4000000e+02   1.0311330e+01
   4.4100000e+02   1.0295695e+01
   4.4200000e+02   1.0281237e+01
   4.4300000e+02   1.0270023e+01
   4.4400000e+02   1.0262394e+01
   4.4500000e+02   1.0259304e+01
   4.4600000e+02   1.0260436e+01
   4.4700000e+02   1.0265026e+01
   4.4800000e+02   1.0272166e+01
   4.4900000e+02   1.0281385e+01
   4.5000000e+02   1.0291199e+01
   4.5100000e+02   1.0300678e+01
   4.5200000e+02   1.0309946e+01
   4.5300000e+02   1.0318287e+01
   4.5400000e+02   1.0325979e+01
   4.5500000e+02   1.0332668e+01
   4.5600000e+02   1.0338205e+01
   4.5700000e+02   1.0343313e+01
   4.5800000e+02   1.0347477e+01
   4.5900000e+02   1.0350838e+01
   4.6000000e+02   1.0354096e+01
   4.6100000e+02   1.0356985e+01
   4.6200000e+02   1.0359249e+01
   4.6300000e+02   1.0361127e+01
   4.6400000e+02   1.0363237e+01
   4.6500000e+02   1.0364785e+01
   4.6600000e+02   1.0366360e+01
   4.6700000e+02   1.0367570e+01
   4.6800000e+02   1.0368544e+01
   4.6900000e+02   1.0369673e+01
   4.7000000e+02   1.0370554e+01
   4.7100000e+02   1.0371161e+01
   4.7200000e+02   1.0371627e+01
   4.7300000e+02   1.0372202e+01
   4.7400000e+02   1.0372470e+01
   4.7500000e+02   1.0372809e+01
   4.7600000e+02   1.0372826e+01
   4.7700000e+02   1.0373386e+01
   4.7800000e+02   1.0373281e+01
   4.7900000e+02   1.0373577e+01
   4.8000000e+02   1.0373350e+01
   4.8100000e+02   1.0373759e+01
   4.8200000e+02   1.0373756e+01
   4.8300000e+02   1.0373682e+01
   4.8400000e+02   1.0373746e+01
   4.8500000e+02   1.0373969e+01
   4.8600000e+02   1.0373860e+01
   4.8700000e+02   1.0374023e+01
   4.8800000e+02   1.0373756e+01
   4.8900000e+02   1.0373963e+01
   4.9000000e+02   1.0373869e+01
   4.9100000e+02   1.0373736e+01
   4.9200000e+02   1.0373861e+01
   4.9300000e+02   1.0373985e+01
   4.9400000e+02   1.0373962e+01
   4.9500000e+02   1.0373752e+01
   4.9600000e+02   1.0374044e+01
   4.9700000e+02   1.0373866e+01
   4.9800000e+02   1.0374065e+01
   4.9900000e+02   1.0373949e+01
   5.0000000e+02   1.0373736e+01
   5.0100000e+02   1.0373798e+01
   5.0200000e+02   1.0373634e+01
   5.0300000e+02   1.0373538e+01
   5.0400000e+02   1.0373812e+01
   5.0500000e+02   1.0373341e+01
   5.0600000e+02   1.0373732e+01
   5.0700000e+02   1.0373821e+01
   5.0800000e+02   1.0373647e+01
   5.0900000e+02   1.0373711e+01
   5.1000000e+02   1.0373512e+01
   5.1100000e+02   1.0373793e+01
   5.1200000e+02   1.0373490e+01
   5.1300000e+02   1.0373952e+01
   5.1400000e+02   1.0373520e+01
   5.1500000e+02   1.0373713e+01
   5.1600000e+02   1.0373594e+01
   5.1700000e+02   1.0373888e+01
   5.1800000e+02   1.0373363e+01
   5.1900000e+02   1.0373818e+01
   5.2000000e+02   1.0373646e+01
   5.2100000e+02   1.0373608e+01
   5.2200000e+02   1.0373465e+01
   5.2300000e+02   1.0373240e+01
   5.2400000e+02   1.0373092e+01
   5.2500000e+02   1.0373393e+01
   5.2600000e+02   1.0372917e+01
   5.2700000e+02   1.0373093e+01
   5.2800000e+02   1.0373101e+01
   5.2900000e+02   1.0373089e+01
   5.3000000e+02   1.0373016e+01
   5.3100000e+02   1.0373125e+01
   5.3200000e+02   1.0373375e+01
   5.3300000e+02   1.0372898e+01
   5.3400000e+02   1.0372893e+01
   5.3500000e+02   1.0373088e+01
   5.3600000e+02   1.0373066e+01
   5.3700000e+02   1.0373113e+01
   5.3800000e+02   1.0373117e+01
   5.3900000e+02   1.0372884e+01
   5.4000000e+02   1.0373192e+01
   5.4100000e+02   1.0372932e+01
   5.4200000e+02   1.0372829e+01
   5.4300000e+02   1.0372817e+01
   5.4400000e+02   1.0372793e+01
   5.4500000e+02   1.0373120e+01
   5.4600000e+02   1.0372718e+01
   5.4700000e+02   1.0372984e+01
   5.4800000e+02   1.0373097e+01
   5.4900000e+02   1.0372725e+01
   5.5000000e+02   1.0373037e+01
   5.5100000e+02   1.0372791e+01
   5.5200000e+02   1.0372906e+01
   5.5300000e+02   1.0373031e+01
   5.5400000e+02   1.0372626e+01
   5.5500000e+02   1.0372689e+01
   5.5600000e+02   1.0372629e+01
   5.5700000e+02   1.0372491e+01
   5.5800000e+02   1.0372637e+01
   5.5900000e+02   1.0372549e+01
   5.6000000e+02   1.0372583e+01
   5.6100000e+02   1.0372732e+01
   5.6200000e+02   1.0372546e+01
   5.6300000e+02   1.0372422e+01
   5.6400000e+02   1.0372483e+01
   5.6500000e+02   1.0372410e+01
   5.6600000e+02   1.0372684e+01
   5.6700000e+02   1.0372626e+01
   5.6800000e+02   1.0372540e+01
   5.6900000e+02   1.0372445e+01
   5.7000000e+02   1.0372203e+01
   5.7100000e+02   1.0372403e+01
   5.7200000e+02   1.0372328e+01
   5.7300000e+02   1.0372413e+01
   5.7400000e+02   1.0372195e+01
   5.7500000e+02   1.0372140e+01
   5.7600000e+02   1.0372194e+01
   5.7700000e+02   1.0372399e+01
   5.7800000e+02   1.0372293e+01
   5.7900000e+02   1.0372124e+01
   5.8000000e+02   1.0372277e+01
   5.8100000e+02   1.0372376e+01
   5.8200000e+02   1.0372099e+01
   5.8300000e+02   1.0372095e+01
   5.8400000e+02   1.0371992e+01
   5.8500000e+02   1.0371958e+01
   5.8600000e+02   1.0372078e+01
   5.8700000e+02   1.0372085e+01
   5.8800000e+02   1.0372112e+01
   5.8900000e+02   1.0371834e+01
   5.9000000e+02   1.0371808e+01
   5.9100000e+02   1.0371853e+01
   5.9200000e+02   1.0371993e+01
   5.9300000e+02   1.0371847e+01
   5.9400000e+02   1.0371661e+01
   5.9500000e+02   1.0371853e+01
   5.9600000e+02   1.0371643e+01
   5.9700000e+02   1.0371814e+01
   5.9800000e+02   1.0371964e+01
   5.9900000e+02   1.0371765e+01
   6.0000000e+02   1.0371742e+01
   6.0100000e+02   1.0371797e+01
   6.0200000e+02   1.0371818e+01
   6.0300000e+02   1.0371618e+01
   6.0400000e+02   1.0371696e+01
   6.0500000e+02   1.0371728e+01
   6.0600000e+02   1.0371688e+01
   6.0700000e+02   1.0371781e+01
   6.0800000e+02   1.0371746e+01
   6.0900000e+02   1.0371517e+01
   6.1000000e+02   1.0371579e+01
   6.1100000e+02   1.0371637e+01
   6.1200000e+02   1.0371513e+01
   6.1300000e+02   1.0371433e+01
   6.1400000e+02   1.0371448e+01
   6.1500000e+02   1.0371475e+01
   6.1600000e+02   1.0371361e+01
   6.1700000e+02   1.0371435e+01
   6.1800000e+02   1.0371392e+01
   6.1900000e+02   1.0371634e+01
   6.2000000e+02   1.0371451e+01
   6.2100000e+02   1.0371403e+01
   6.2200000e+02   1.0371328e+01
   6.2300000e+02   1.0371355e+01
   6.2400000e+02   1.0371326e+01
   6.2500000e+02   1.0371393e+01
   6.2600000e+02   1.0371538e+01
   6.2700000e+02   1.0371345e+01
   6.2800000e+02   1.0371313e+01
   6.2900000e+02   1.0371319e+01
   6.3000000e+02   1.0371328e+01
   6.3100000e+02   1.0371081e+01
   6.3200000e+02   1.0371066e+01
   6.3300000e+02   1.0371249e+01
   6.3400000e+02   1.0371100e+01
   6.3500000e+02   1.0371375e+01
   6.3600000e+02   1.0371114e+01
   6.3700000e+02   1.0371113e+01
   6.3800000e+02   1.0371159e+01
   6.3900000e+02   1.0370983e+01
   6.4000000e+02   1.0371108e+01
   6.4100000e+02   1.0371024e+01
   6.4200000e+02   1.0371105e+01
   6.4300000e+02   1.0370818e+01
   6.4400000e+02   1.0371014e+01
   6.4500000e+02   1.0370911e+01
   6.4600000e+02   1.0370909e+01
   6.4700000e+02   1.0370751e+01
   6.4800000e+02   1.0370839e+01
   6.4900000e+02   1.0370720e+01
   6.5000000e+02   1.0370801e+01
   6.5100000e+02   1.0371052e+01
   6.5200000e+02   1.0370787e+01
   6.5300000e+02   1.0370848e+01
   6.5400000e+02   1.0370729e+01
   6.5500000e+02   1.0370372e+01
   6.5600000e+02   1.0370703e+01
   6.5700000e+02   1.0370391e+01
   6.5800000e+02   1.0370558e+01
   6.5900000e+02   1.0369918e+01
   6.6000000e+02   1.0369951e+01
   6.6100000e+02   1.0369414e+01
   6.6200000e+02   1.0368928e+01
   6.6300000e+02   1.0368371e+01
   6.6400000e+02   1.0367580e+01
   6.6500000e+02   1.0366294e+01
   6.6600000e+02   1.0364859e+01
   6.6700000e+02   1.0363258e+01
   6.6800000e+02   1.0361195e+01
   6.6900000e+02   1.0359030e+01
   6.7000000e+02   1.0356719e+01
   6.7100000e+02   1.0354255e+01
   6.7200000e+02   1.0351689e+01
   6.7300000e+02   1.0349129e+01
   6.7400000e+02   1.0347136e+01
   6.7500000e+02   1.0345382e+01
   6.7600000e+02   1.0344389e+01
   6.7700000e+02   1.0343325e+01
   6.7800000e+02   1.0343365e+01
   6.7900000e+02   1.0343427e+01
   6.8000000e+02   1.0344238e+01
   6.8100000e+02   1.0345330e+01
   6.8200000e+02   1.0346685e+01
   6.8300000e+02   1.0348347e+01
   6.8400000e+02   1.0349873e+01
   6.8500000e+02   1.0351811e+01
   6.8600000e+02   1.0353543e+01
   6.8700000e+02   1.0355209e+01
   6.8800000e+02   1.0356765e+01
   6.8900000e+02   1.0358354e+01
   6.9000000e+02   1.0359567e+01
   6.9100000e+02   1.0360923e+01
   6.9200000e+02   1.0362156e+01
   6.9300000e+02   1.0363009e+01
   6.9400000e+02   1.0363959e+01
   6.9500000e+02   1.0364783e+01
   6.9600000e+02   1.0365600e+01
   6.9700000e+02   1.0366164e+01
   6.9800000e+02   1.0366754e+01
   6.9900000e+02   1.0367320e+01
   7.0000000e+02   1.0367518e+01
   7.0100000e+02   1.0368188e+01
   7.0200000e+02   1.0368485e+01
   7.0300000e+02   1.0368575e+01
   7.0400000e+02   1.0368780e+01
   7.0500000e+02   1.0369267e+01
   7.0600000e+02   1.0369221e+01
   7.0700000e+02   1.0369346e+01
   7.0800000e+02   1.0369344e+01
   7.0900000e+02   1.0369217e+01
   7.1000000e+02   1.0369356e+01
   7.1100000e+02   1.0369456e+01
   7.1200000e+02   1.0369535e+01
   7.1300000e+02   1.0369455e+01
   7.1400000e+02   1.0369403e+01
   7.1500000e+02   1.0369695e+01
   7.1600000e+02   1.0369642e+01
   7.1700000e+02   1.0369815e+01
   7.1800000e+02   1.0369600e+01
   7.1900000e+02   1.0369402e+01
   7.2000000e+02   1.0369613e+01
   7.2100000e+02   1.0369727e+01
   7.2200000e+02   1.0369686e+01
   7.2300000e+02   1.0369819e+01
   7.2400000e+02   1.0369553e+01
   7.2500000e+02   1.0369458e+01
   7.2600000e+02   1.0369794e+01
   7.2700000e+02   1.0369592e+01
   7.2800000e+02   1.0369815e+01
   7.2900000e+02   1.0369806e+01
   7.3000000e+02   1.0369436e+01
   7.3100000e+02   1.0369530e+01
   7.3200000e+02   1.0369671e+01
   7.3300000e+02   1.0369583e+01
   7.3400000e+02   1.0369391e+01
   7.3500000e+02   1.0369419e+01
   7.3600000e+02   1.0369398e+01
   7.3700000e+02   1.0369462e+01
   7.3800000e+02   1.0369037e+01
   7.3900000e+02   1.0369123e+01
   7.4000000e+02   1.0369147e+01
   7.4100000e+02   1.0369139e+01
   7.4200000e+02   1.0369408e+01
   7.4300000e+02   1.0369245e+01
   7.4400000e+02   1.0369017e+01
   7.4500000e+02   1.0369101e+01
   7.4600000e+02   1.0369009e+01
   7.4700000e+02   1.0369215e+01
   7.4800000e+02   1.0369146e+01
   7.4900000e+02   1.0369161e+01
   7.5000000e+02   1.0369294e+01
   7.5100000e+02   1.0369200e+01
   7.5200000e+02   1.0369200e+01
   7.5300000e+02   1.0369240e+01
   7.5400000e+02   1.0369052e+01
   7.5500000e+02   1.0369227e+01
   7.5600000e+02   1.0369064e+01
   7.5700000e+02   1.0369235e+01
   7.5800000e+02   1.0369264e+01
   7.5900000e+02   1.0369023e+01
   7.6000000e+02   1.0369111e+01
   7.6100000e+02   1.0368978e+01
   7.6200000e+02   1.0369103e+01
   7.6300000e+02   1.0369137e+01
   7.6400000e+02   1.0369055e+01
   7.6500000e+02   1.0369084e+01
   7.6600000e+02   1.0369147e+01
   7.6700000e+02   1.0369012e+01
   7.6800000e+02   1.0368695e+01
   7.6900000e+02   1.0368893e+01
   7.7000000e+02   1.0368650e+01
   7.7100000e+02   1.0368777e+01
   7.7200000e+02   1.0368809e+01
   7.7300000e+02   1.0368699e+01
   7.7400000e+02   1.0368816e+01
   7.7500000e+02   1.0368658e+01
   7.7600000e+02   1.0368821e+01
   7.7700000e+02   1.0368546e+01
   7.7800000e+02   1.0369126e+01
   7.7900000e+02   1.0368841e+01
   7.8000000e+02   1.0368521e+01
