   0.0000000e+00   1.0344485e+01
   1.0000000e+00   1.0340948e+01
   2.0000000e+00   1.0340063e+01
   3.0000000e+00   1.0339250e+01
   4.0000000e+00   1.0339358e+01
   5.0000000e+00   1.0339294e+01
   6.0000000e+00   1.0338891e+01
   7.0000000e+00   1.0338073e+01
   8.0000000e+00   1.0338039e+01
   9.0000000e+00   1.0337657e+01
   1.0000000e+01   1.0337601e+01
   1.1000000e+01   1.0337671e+01
   1.2000000e+01   1.0337669e+01
   1.3000000e+01   1.0337761e+01
   1.4000000e+01   1.0337301e+01
   1.5000000e+01   1.0336880e+01
   1.6000000e+01   1.0336780e+01
   1.7000000e+01   1.0336648e+01
   1.8000000e+01   1.0336521e+01
   1.9000000e+01   1.0336410e+01
   2.0000000e+01   1.0336407e+01
   2.1000000e+01   1.0336135e+01
   2.2000000e+01   1.0336352e+01
   2.3000000e+01   1.0336084e+01
   2.4000000e+01   1.0336207e+01
   2.5000000e+01   1.0336468e+01
   2.6000000e+01   1.0336200e+01
   2.7000000e+01   1.0335883e+01
   2.8000000e+01   1.0335972e+01
   2.9000000e+01   1.0335958e+01
   3.0000000e+01   1.0336001e+01
   3.1000000e+01   1.0335146e+01
   3.2000000e+01   1.0335843e+01
   3.3000000e+01   1.0335473e+01
   3.4000000e+01   1.0335613e+01
   3.5000000e+01   1.0335488e+01
   3.6000000e+01   1.0335324e+01
   3.7000000e+01   1.0335438e+01
   3.8000000e+01   1.0335144e+01
   3.9000000e+01   1.0335011e+01
   4.0000000e+01   1.0334972e+01
   4.1000000e+01   1.0335164e+01
   4.2000000e+01   1.0334913e+01
   4.3000000e+01   1.0334974e+01
   4.4000000e+01   1.0334672e+01
   4.5000000e+01   1.0334727e+01
   4.6000000e+01   1.0334722e+01
   4.7000000e+01   1.0334549e+01
   4.8000000e+01   1.0334804e+01
   4.9000000e+01   1.0334573e+01
   5.0000000e+01   1.0334437e+01
   5.1000000e+01   1.0334626e+01
   5.2000000e+01   1.0334361e+01
   5.3000000e+01   1.0334250e+01
   5.4000000e+01   1.0334313e+01
   5.5000000e+01   1.0333960e+01
   5.6000000e+01   1.0334409e+01
   5.7000000e+01   1.0333815e+01
   5.8000000e+01   1.0334251e+01
   5.9000000e+01   1.0333921e+01
   6.0000000e+01   1.0334053e+01
   6.1000000e+01   1.0333877e+01
   6.2000000e+01   1.0333394e+01
   6.3000000e+01   1.0333742e+01
   6.4000000e+01   1.0334175e+01
   6.5000000e+01   1.0333824e+01
   6.6000000e+01   1.0333298e+01
   6.7000000e+01   1.0333519e+01
   6.8000000e+01   1.0333772e+01
   6.9000000e+01   1.0332948e+01
   7.0000000e+01   1.0333724e+01
   7.1000000e+01   1.0333414e+01
   7.2000000e+01   1.0333438e+01
   7.3000000e+01   1.0333399e+01
   7.4000000e+01   1.0333211e+01
   7.5000000e+01   1.0333078e+01
   7.6000000e+01   1.0333461e+01
   7.7000000e+01   1.0333284e+01
   7.8000000e+01   1.0332913e+01
   7.9000000e+01   1.0333074e+01
   8.0000000e+01   1.0333011e+01
   8.1000000e+01   1.0332982e+01
   8.2000000e+01   1.0332897e+01
   8.3000000e+01   1.0332771e+01
   8.4000000e+01   1.0332924e+01
   8.5000000e+01   1.0333180e+01
   8.6000000e+01   1.0332624e+01
   8.7000000e+01   1.0332745e+01
   8.8000000e+01   1.0333028e+01
   8.9000000e+01   1.0333052e+01
   9.0000000e+01   1.0332469e+01
   9.1000000e+01   1.0332347e+01
   9.2000000e+01   1.0332252e+01
   9.3000000e+01   1.0332513e+01
   9.4000000e+01   1.0332898e+01
   9.5000000e+01   1.0332464e+01
   9.6000000e+01   1.0332287e+01
   9.7000000e+01   1.0332512e+01
   9.8000000e+01   1.0332193e+01
   9.9000000e+01   1.0332408e+01
   1.0000000e+02   1.0332672e+01
   1.0100000e+02   1.0331941e+01
   1.0200000e+02   1.0332281e+01
   1.0300000e+02   1.0332343e+01
   1.0400000e+02   1.0332078e+01
   1.0500000e+02   1.0332074e+01
   1.0600000e+02   1.0332150e+01
   1.0700000e+02   1.0331787e+01
   1.0800000e+02   1.0332292e+01
   1.0900000e+02   1.0331888e+01
   1.1000000e+02   1.0332082e+01
   1.1100000e+02   1.0331997e+01
   1.1200000e+02   1.0331806e+01
   1.1300000e+02   1.0332116e+01
   1.1400000e+02   1.0331933e+01
   1.1500000e+02   1.0331679e+01
   1.1600000e+02   1.0331971e+01
   1.1700000e+02   1.0332096e+01
   1.1800000e+02   1.0331677e+01
   1.1900000e+02   1.0331589e+01
   1.2000000e+02   1.0331374e+01
   1.2100000e+02   1.0331456e+01
   1.2200000e+02   1.0331859e+01
   1.2300000e+02   1.0331783e+01
   1.2400000e+02   1.0331378e+01
   1.2500000e+02   1.0331716e+01
   1.2600000e+02   1.0331387e+01
   1.2700000e+02   1.0331476e+01
   1.2800000e+02   1.0331587e+01
   1.2900000e+02   1.0331509e+01
   1.3000000e+02   1.0331399e+01
   1.3100000e+02   1.0331377e+01
   1.3200000e+02   1.0331417e+01
   1.3300000e+02   1.0331177e+01
   1.3400000e+02   1.0331240e+01
   1.3500000e+02   1.0331379e+01
   1.3600000e+02   1.0331245e+01
   1.3700000e+02   1.0331327e+01
   1.3800000e+02   1.0331087e+01
   1.3900000e+02   1.0331213e+01
   1.4000000e+02   1.0330808e+01
   1.4100000e+02   1.0330792e+01
   1.4200000e+02   1.0331163e+01
   1.4300000e+02   1.0331149e+01
   1.4400000e+02   1.0330774e+01
   1.4500000e+02   1.0330594e+01
   1.4600000e+02   1.0330661e+01
   1.4700000e+02   1.0330713e+01
   1.4800000e+02   1.0331260e+01
   1.4900000e+02   1.0330565e+01
   1.5000000e+02   1.0331006e+01
   1.5100000e+02   1.0330970e+01
   1.5200000e+02   1.0330974e+01
   1.5300000e+02   1.0330796e+01
   1.5400000e+02   1.0331005e+01
   1.5500000e+02   1.0330578e+01
   1.5600000e+02   1.0330994e+01
   1.5700000e+02   1.0330761e+01
   1.5800000e+02   1.0330707e+01
   1.5900000e+02   1.0330588e+01
   1.6000000e+02   1.0330909e+01
   1.6100000e+02   1.0330703e+01
   1.6200000e+02   1.0330888e+01
   1.6300000e+02   1.0330509e+01
   1.6400000e+02   1.0330532e+01
   1.6500000e+02   1.0330310e+01
   1.6600000e+02   1.0329019e+01
   1.6700000e+02   1.0321174e+01
   1.6800000e+02   1.0302152e+01
   1.6900000e+02   1.0295794e+01
   1.7000000e+02   1.0305316e+01
   1.7100000e+02   1.0315699e+01
   1.7200000e+02   1.0321291e+01
   1.7300000e+02   1.0323268e+01
   1.7400000e+02   1.0324411e+01
   1.7500000e+02   1.0324812e+01
   1.7600000e+02   1.0325657e+01
   1.7700000e+02   1.0326083e+01
   1.7800000e+02   1.0321314e+01
   1.7900000e+02   1.0280397e+01
   1.8000000e+02   1.0256485e+01
   1.8100000e+02   1.0259630e+01
   1.8200000e+02   1.0262116e+01
   1.8300000e+02   1.0265816e+01
   1.8400000e+02   1.0273913e+01
   1.8500000e+02   1.0280415e+01
   1.8600000e+02   1.0284819e+01
   1.8700000e+02   1.0286781e+01
   1.8800000e+02   1.0288657e+01
   1.8900000e+02   1.0293128e+01
   1.9000000e+02   1.0299644e+01
   1.9100000e+02   1.0308057e+01
   1.9200000e+02   1.0314306e+01
   1.9300000e+02   1.0318531e+01
   1.9400000e+02   1.0321657e+01
   1.9500000e+02   1.0323002e+01
   1.9600000e+02   1.0323436e+01
   1.9700000e+02   1.0325009e+01
   1.9800000e+02   1.0325417e+01
   1.9900000e+02   1.0325441e+01
   2.0000000e+02   1.0325730e+01
   2.0100000e+02   1.0326143e+01
   2.0200000e+02   1.0326984e+01
   2.0300000e+02   1.0327585e+01
   2.0400000e+02   1.0328127e+01
   2.0500000e+02   1.0328227e+01
   2.0600000e+02   1.0328648e+01
   2.0700000e+02   1.0329115e+01
   2.0800000e+02   1.0329489e+01
   2.0900000e+02   1.0329695e+01
   2.1000000e+02   1.0329686e+01
   2.1100000e+02   1.0329517e+01
   2.1200000e+02   1.0328896e+01
   2.1300000e+02   1.0329920e+01
   2.1400000e+02   1.0329341e+01
   2.1500000e+02   1.0329420e+01
   2.1600000e+02   1.0329470e+01
   2.1700000e+02   1.0329661e+01
   2.1800000e+02   1.0329400e+01
   2.1900000e+02   1.0329197e+01
   2.2000000e+02   1.0329706e+01
   2.2100000e+02   1.0329241e+01
   2.2200000e+02   1.0329388e+01
   2.2300000e+02   1.0329354e+01
   2.2400000e+02   1.0329090e+01
   2.2500000e+02   1.0329288e+01
   2.2600000e+02   1.0329219e+01
   2.2700000e+02   1.0329442e+01
   2.2800000e+02   1.0329222e+01
   2.2900000e+02   1.0328955e+01
   2.3000000e+02   1.0329152e+01
   2.3100000e+02   1.0329154e+01
   2.3200000e+02   1.0329502e+01
   2.3300000e+02   1.0329388e+01
   2.3400000e+02   1.0329137e+01
   2.3500000e+02   1.0328908e+01
   2.3600000e+02   1.0329227e+01
   2.3700000e+02   1.0329269e+01
   2.3800000e+02   1.0329358e+01
   2.3900000e+02   1.0329214e+01
   2.4000000e+02   1.0329404e+01
   2.4100000e+02   1.0329245e+01
   2.4200000e+02   1.0329048e+01
   2.4300000e+02   1.0328699e+01
   2.4400000e+02   1.0327952e+01
   2.4500000e+02   1.0327621e+01
   2.4600000e+02   1.0326948e+01
   2.4700000e+02   1.0326808e+01
   2.4800000e+02   1.0326062e+01
   2.4900000e+02   1.0325605e+01
   2.5000000e+02   1.0325877e+01
   2.5100000e+02   1.0325391e+01
   2.5200000e+02   1.0326148e+01
   2.5300000e+02   1.0325912e+01
   2.5400000e+02   1.0326026e+01
   2.5500000e+02   1.0325788e+01
   2.5600000e+02   1.0325887e+01
   2.5700000e+02   1.0325462e+01
   2.5800000e+02   1.0325318e+01
   2.5900000e+02   1.0325094e+01
   2.6000000e+02   1.0324551e+01
   2.6100000e+02   1.0324642e+01
   2.6200000e+02   1.0324376e+01
   2.6300000e+02   1.0324155e+01
   2.6400000e+02   1.0324665e+01
   2.6500000e+02   1.0324479e+01
   2.6600000e+02   1.0324982e+01
   2.6700000e+02   1.0325037e+01
   2.6800000e+02   1.0325707e+01
   2.6900000e+02   1.0325729e+01
   2.7000000e+02   1.0325988e+01
   2.7100000e+02   1.0326241e+01
   2.7200000e+02   1.0326460e+01
   2.7300000e+02   1.0326528e+01
   2.7400000e+02   1.0326469e+01
   2.7500000e+02   1.0326617e+01
   2.7600000e+02   1.0326682e+01
   2.7700000e+02   1.0327101e+01
   2.7800000e+02   1.0326863e+01
   2.7900000e+02   1.0327078e+01
   2.8000000e+02   1.0327493e+01
   2.8100000e+02   1.0327366e+01
   2.8200000e+02   1.0327048e+01
   2.8300000e+02   1.0327524e+01
   2.8400000e+02   1.0327338e+01
   2.8500000e+02   1.0327483e+01
   2.8600000e+02   1.0327797e+01
   2.8700000e+02   1.0327320e+01
   2.8800000e+02   1.0327958e+01
   2.8900000e+02   1.0327226e+01
   2.9000000e+02   1.0327936e+01
   2.9100000e+02   1.0327296e+01
   2.9200000e+02   1.0327754e+01
   2.9300000e+02   1.0327475e+01
   2.9400000e+02   1.0327869e+01
   2.9500000e+02   1.0327269e+01
   2.9600000e+02   1.0328054e+01
   2.9700000e+02   1.0327631e+01
   2.9800000e+02   1.0327554e+01
   2.9900000e+02   1.0327460e+01
   3.0000000e+02   1.0326778e+01
   3.0100000e+02   1.0326373e+01
   3.0200000e+02   1.0325195e+01
   3.0300000e+02   1.0323866e+01
   3.0400000e+02   1.0322610e+01
   3.0500000e+02   1.0320372e+01
   3.0600000e+02   1.0316969e+01
   3.0700000e+02   1.0314086e+01
   3.0800000e+02   1.0310648e+01
   3.0900000e+02   1.0307023e+01
   3.1000000e+02   1.0304510e+01
   3.1100000e+02   1.0303116e+01
   3.1200000e+02   1.0302516e+01
   3.1300000e+02   1.0302200e+01
   3.1400000e+02   1.0300771e+01
   3.1500000e+02   1.0297811e+01
   3.1600000e+02   1.0293679e+01
   3.1700000e+02   1.0288153e+01
   3.1800000e+02   1.0282860e+01
   3.1900000e+02   1.0278719e+01
   3.2000000e+02   1.0275728e+01
   3.2100000e+02   1.0274895e+01
   3.2200000e+02   1.0274585e+01
   3.2300000e+02   1.0276265e+01
   3.2400000e+02   1.0278845e+01
   3.2500000e+02   1.0281636e+01
   3.2600000e+02   1.0285727e+01
   3.2700000e+02   1.0289839e+01
   3.2800000e+02   1.0293667e+01
   3.2900000e+02   1.0297482e+01
   3.3000000e+02   1.0300782e+01
   3.3100000e+02   1.0303190e+01
   3.3200000e+02   1.0304407e+01
   3.3300000e+02   1.0304932e+01
   3.3400000e+02   1.0305449e+01
   3.3500000e+02   1.0305448e+01
   3.3600000e+02   1.0305150e+01
   3.3700000e+02   1.0305664e+01
   3.3800000e+02   1.0306594e+01
   3.3900000e+02   1.0307713e+01
   3.4000000e+02   1.0309212e+01
   3.4100000e+02   1.0311044e+01
   3.4200000e+02   1.0312913e+01
   3.4300000e+02   1.0314509e+01
   3.4400000e+02   1.0316030e+01
   3.4500000e+02   1.0317470e+01
   3.4600000e+02   1.0318585e+01
   3.4700000e+02   1.0319752e+01
   3.4800000e+02   1.0320912e+01
   3.4900000e+02   1.0321768e+01
   3.5000000e+02   1.0322569e+01
   3.5100000e+02   1.0323148e+01
   3.5200000e+02   1.0323898e+01
   3.5300000e+02   1.0324238e+01
   3.5400000e+02   1.0324255e+01
   3.5500000e+02   1.0324561e+01
   3.5600000e+02   1.0324119e+01
   3.5700000e+02   1.0323870e+01
   3.5800000e+02   1.0323904e+01
   3.5900000e+02   1.0323592e+01
   3.6000000e+02   1.0323763e+01
   3.6100000e+02   1.0323520e+01
   3.6200000e+02   1.0323832e+01
   3.6300000e+02   1.0324134e+01
   3.6400000e+02   1.0324305e+01
   3.6500000e+02   1.0325026e+01
   3.6600000e+02   1.0325177e+01
   3.6700000e+02   1.0325306e+01
   3.6800000e+02   1.0325769e+01
   3.6900000e+02   1.0326132e+01
   3.7000000e+02   1.0325952e+01
   3.7100000e+02   1.0326570e+01
   3.7200000e+02   1.0326106e+01
   3.7300000e+02   1.0326421e+01
   3.7400000e+02   1.0326684e+01
   3.7500000e+02   1.0326183e+01
   3.7600000e+02   1.0326884e+01
   3.7700000e+02   1.0326964e+01
   3.7800000e+02   1.0326648e+01
   3.7900000e+02   1.0326617e+01
   3.8000000e+02   1.0326470e+01
   3.8100000e+02   1.0326626e+01
   3.8200000e+02   1.0326021e+01
   3.8300000e+02   1.0325606e+01
   3.8400000e+02   1.0325421e+01
   3.8500000e+02   1.0325177e+01
   3.8600000e+02   1.0324780e+01
   3.8700000e+02   1.0324386e+01
   3.8800000e+02   1.0324322e+01
   3.8900000e+02   1.0324397e+01
   3.9000000e+02   1.0324723e+01
   3.9100000e+02   1.0324593e+01
   3.9200000e+02   1.0324930e+01
   3.9300000e+02   1.0325147e+01
   3.9400000e+02   1.0325399e+01
   3.9500000e+02   1.0325689e+01
   3.9600000e+02   1.0325651e+01
   3.9700000e+02   1.0325790e+01
   3.9800000e+02   1.0325998e+01
   3.9900000e+02   1.0326210e+01
   4.0000000e+02   1.0325957e+01
   4.0100000e+02   1.0326338e+01
   4.0200000e+02   1.0326617e+01
   4.0300000e+02   1.0326543e+01
   4.0400000e+02   1.0326558e+01
   4.0500000e+02   1.0326624e+01
   4.0600000e+02   1.0326735e+01
   4.0700000e+02   1.0326664e+01
   4.0800000e+02   1.0326649e+01
   4.0900000e+02   1.0326856e+01
   4.1000000e+02   1.0326709e+01
   4.1100000e+02   1.0326432e+01
   4.1200000e+02   1.0326836e+01
   4.1300000e+02   1.0326607e+01
   4.1400000e+02   1.0326602e+01
   4.1500000e+02   1.0326673e+01
   4.1600000e+02   1.0326516e+01
   4.1700000e+02   1.0326702e+01
   4.1800000e+02   1.0326390e+01
   4.1900000e+02   1.0326622e+01
   4.2000000e+02   1.0326451e+01
   4.2100000e+02   1.0326431e+01
   4.2200000e+02   1.0326668e+01
   4.2300000e+02   1.0326473e+01
   4.2400000e+02   1.0326663e+01
   4.2500000e+02   1.0326577e+01
   4.2600000e+02   1.0326740e+01
   4.2700000e+02   1.0326420e+01
   4.2800000e+02   1.0326742e+01
   4.2900000e+02   1.0326453e+01
   4.3000000e+02   1.0326420e+01
   4.3100000e+02   1.0326320e+01
   4.3200000e+02   1.0325572e+01
   4.3300000e+02   1.0324671e+01
   4.3400000e+02   1.0323333e+01
   4.3500000e+02   1.0320263e+01
   4.3600000e+02   1.0315720e+01
   4.3700000e+02   1.0308415e+01
   4.3800000e+02   1.0297531e+01
   4.3900000e+02   1.0283089e+01
   4.4000000e+02   1.0264849e+01
   4.4100000e+02   1.0242901e+01
   4.4200000e+02   1.0219649e+01
   4.4300000e+02   1.0197237e+01
   4.4400000e+02   1.0178252e+01
   4.4500000e+02   1.0163984e+01
   4.4600000e+02   1.0156394e+01
   4.4700000e+02   1.0155079e+01
   4.4800000e+02   1.0159695e+01
   4.4900000e+02   1.0168222e+01
   4.5000000e+02   1.0180127e+01
   4.5100000e+02   1.0193058e+01
   4.5200000e+02   1.0206227e+01
   4.5300000e+02   1.0219064e+01
   4.5400000e+02   1.0231412e+01
   4.5500000e+02   1.0241788e+01
   4.5600000e+02   1.0252182e+01
   4.5700000e+02   1.0260793e+01
   4.5800000e+02   1.0268578e+01
   4.5900000e+02   1.0275255e+01
   4.6000000e+02   1.0281401e+01
   4.6100000e+02   1.0286657e+01
   4.6200000e+02   1.0291453e+01
   4.6300000e+02   1.0295010e+01
   4.6400000e+02   1.0298562e+01
   4.6500000e+02   1.0301507e+01
   4.6600000e+02   1.0304192e+01
   4.6700000e+02   1.0306778e+01
   4.6800000e+02   1.0309057e+01
   4.6900000e+02   1.0311282e+01
   4.7000000e+02   1.0313548e+01
   4.7100000e+02   1.0315225e+01
   4.7200000e+02   1.0316921e+01
   4.7300000e+02   1.0318859e+01
   4.7400000e+02   1.0320339e+01
   4.7500000e+02   1.0321408e+01
   4.7600000e+02   1.0322650e+01
   4.7700000e+02   1.0323372e+01
   4.7800000e+02   1.0324149e+01
   4.7900000e+02   1.0324564e+01
   4.8000000e+02   1.0325049e+01
   4.8100000e+02   1.0325281e+01
   4.8200000e+02   1.0325475e+01
   4.8300000e+02   1.0325647e+01
   4.8400000e+02   1.0326019e+01
   4.8500000e+02   1.0325834e+01
   4.8600000e+02   1.0325781e+01
   4.8700000e+02   1.0326029e+01
   4.8800000e+02   1.0326220e+01
   4.8900000e+02   1.0326205e+01
   4.9000000e+02   1.0326312e+01
   4.9100000e+02   1.0325829e+01
   4.9200000e+02   1.0325827e+01
   4.9300000e+02   1.0326124e+01
   4.9400000e+02   1.0326257e+01
   4.9500000e+02   1.0326227e+01
   4.9600000e+02   1.0326105e+01
   4.9700000e+02   1.0326222e+01
   4.9800000e+02   1.0326194e+01
   4.9900000e+02   1.0326104e+01
   5.0000000e+02   1.0326026e+01
   5.0100000e+02   1.0326226e+01
   5.0200000e+02   1.0326098e+01
   5.0300000e+02   1.0326192e+01
   5.0400000e+02   1.0326294e+01
   5.0500000e+02   1.0326413e+01
   5.0600000e+02   1.0326287e+01
   5.0700000e+02   1.0325963e+01
   5.0800000e+02   1.0326144e+01
   5.0900000e+02   1.0326079e+01
   5.1000000e+02   1.0326163e+01
   5.1100000e+02   1.0326211e+01
   5.1200000e+02   1.0326289e+01
   5.1300000e+02   1.0326067e+01
   5.1400000e+02   1.0325904e+01
   5.1500000e+02   1.0326061e+01
   5.1600000e+02   1.0326131e+01
   5.1700000e+02   1.0326212e+01
   5.1800000e+02   1.0325707e+01
   5.1900000e+02   1.0325731e+01
   5.2000000e+02   1.0326088e+01
   5.2100000e+02   1.0325976e+01
   5.2200000e+02   1.0325911e+01
   5.2300000e+02   1.0326072e+01
   5.2400000e+02   1.0326140e+01
   5.2500000e+02   1.0326202e+01
   5.2600000e+02   1.0325985e+01
   5.2700000e+02   1.0326035e+01
   5.2800000e+02   1.0325688e+01
   5.2900000e+02   1.0326137e+01
   5.3000000e+02   1.0325932e+01
   5.3100000e+02   1.0325921e+01
   5.3200000e+02   1.0325983e+01
   5.3300000e+02   1.0326111e+01
   5.3400000e+02   1.0325933e+01
   5.3500000e+02   1.0326025e+01
   5.3600000e+02   1.0326026e+01
   5.3700000e+02   1.0325716e+01
   5.3800000e+02   1.0326075e+01
   5.3900000e+02   1.0326051e+01
   5.4000000e+02   1.0326130e+01
   5.4100000e+02   1.0325932e+01
   5.4200000e+02   1.0325834e+01
   5.4300000e+02   1.0326003e+01
   5.4400000e+02   1.0326067e+01
   5.4500000e+02   1.0325723e+01
   5.4600000e+02   1.0325756e+01
   5.4700000e+02   1.0325809e+01
   5.4800000e+02   1.0325815e+01
   5.4900000e+02   1.0325813e+01
   5.5000000e+02   1.0325969e+01
   5.5100000e+02   1.0325650e+01
   5.5200000e+02   1.0325952e+01
   5.5300000e+02   1.0325741e+01
   5.5400000e+02   1.0325993e+01
   5.5500000e+02   1.0325782e+01
   5.5600000e+02   1.0325854e+01
   5.5700000e+02   1.0326176e+01
   5.5800000e+02   1.0325902e+01
   5.5900000e+02   1.0325929e+01
   5.6000000e+02   1.0325929e+01
   5.6100000e+02   1.0325661e+01
   5.6200000e+02   1.0325970e+01
   5.6300000e+02   1.0325661e+01
   5.6400000e+02   1.0325606e+01
   5.6500000e+02   1.0325972e+01
   5.6600000e+02   1.0325749e+01
   5.6700000e+02   1.0325731e+01
   5.6800000e+02   1.0325899e+01
   5.6900000e+02   1.0325532e+01
   5.7000000e+02   1.0325611e+01
   5.7100000e+02   1.0325635e+01
   5.7200000e+02   1.0325614e+01
   5.7300000e+02   1.0325786e+01
   5.7400000e+02   1.0325474e+01
   5.7500000e+02   1.0325477e+01
   5.7600000e+02   1.0325504e+01
   5.7700000e+02   1.0325560e+01
   5.7800000e+02   1.0325494e+01
   5.7900000e+02   1.0325588e+01
   5.8000000e+02   1.0325458e+01
   5.8100000e+02   1.0325354e+01
   5.8200000e+02   1.0325519e+01
   5.8300000e+02   1.0325338e+01
   5.8400000e+02   1.0325395e+01
   5.8500000e+02   1.0325283e+01
   5.8600000e+02   1.0325359e+01
   5.8700000e+02   1.0325406e+01
   5.8800000e+02   1.0325413e+01
   5.8900000e+02   1.0325229e+01
   5.9000000e+02   1.0325184e+01
   5.9100000e+02   1.0325240e+01
   5.9200000e+02   1.0325339e+01
   5.9300000e+02   1.0325469e+01
   5.9400000e+02   1.0325699e+01
   5.9500000e+02   1.0325259e+01
   5.9600000e+02   1.0325501e+01
   5.9700000e+02   1.0325292e+01
   5.9800000e+02   1.0325377e+01
   5.9900000e+02   1.0325466e+01
   6.0000000e+02   1.0324992e+01
   6.0100000e+02   1.0325353e+01
   6.0200000e+02   1.0325111e+01
   6.0300000e+02   1.0325264e+01
   6.0400000e+02   1.0325193e+01
   6.0500000e+02   1.0325351e+01
   6.0600000e+02   1.0325394e+01
   6.0700000e+02   1.0325424e+01
   6.0800000e+02   1.0325243e+01
   6.0900000e+02   1.0325389e+01
   6.1000000e+02   1.0325283e+01
   6.1100000e+02   1.0325374e+01
   6.1200000e+02   1.0325349e+01
   6.1300000e+02   1.0325427e+01
   6.1400000e+02   1.0325464e+01
   6.1500000e+02   1.0325370e+01
   6.1600000e+02   1.0325304e+01
   6.1700000e+02   1.0325265e+01
   6.1800000e+02   1.0325208e+01
   6.1900000e+02   1.0325283e+01
   6.2000000e+02   1.0325125e+01
   6.2100000e+02   1.0324993e+01
   6.2200000e+02   1.0325044e+01
   6.2300000e+02   1.0324945e+01
   6.2400000e+02   1.0324851e+01
   6.2500000e+02   1.0325289e+01
   6.2600000e+02   1.0325032e+01
   6.2700000e+02   1.0325087e+01
   6.2800000e+02   1.0325255e+01
   6.2900000e+02   1.0324912e+01
   6.3000000e+02   1.0325009e+01
   6.3100000e+02   1.0324922e+01
   6.3200000e+02   1.0325040e+01
   6.3300000e+02   1.0325182e+01
   6.3400000e+02   1.0325049e+01
   6.3500000e+02   1.0324942e+01
   6.3600000e+02   1.0324893e+01
   6.3700000e+02   1.0325266e+01
   6.3800000e+02   1.0325028e+01
   6.3900000e+02   1.0324996e+01
   6.4000000e+02   1.0324867e+01
   6.4100000e+02   1.0325152e+01
   6.4200000e+02   1.0324974e+01
   6.4300000e+02   1.0324737e+01
   6.4400000e+02   1.0324848e+01
   6.4500000e+02   1.0324856e+01
   6.4600000e+02   1.0324987e+01
   6.4700000e+02   1.0325185e+01
   6.4800000e+02   1.0324844e+01
   6.4900000e+02   1.0324700e+01
   6.5000000e+02   1.0325084e+01
   6.5100000e+02   1.0324979e+01
   6.5200000e+02   1.0324972e+01
   6.5300000e+02   1.0324721e+01
   6.5400000e+02   1.0324685e+01
   6.5500000e+02   1.0325065e+01
   6.5600000e+02   1.0324819e+01
   6.5700000e+02   1.0324848e+01
   6.5800000e+02   1.0324724e+01
   6.5900000e+02   1.0324872e+01
   6.6000000e+02   1.0324710e+01
   6.6100000e+02   1.0324420e+01
   6.6200000e+02   1.0324383e+01
   6.6300000e+02   1.0324179e+01
   6.6400000e+02   1.0323706e+01
   6.6500000e+02   1.0323510e+01
   6.6600000e+02   1.0322765e+01
   6.6700000e+02   1.0322024e+01
   6.6800000e+02   1.0320782e+01
   6.6900000e+02   1.0319467e+01
   6.7000000e+02   1.0317733e+01
   6.7100000e+02   1.0315830e+01
   6.7200000e+02   1.0313279e+01
   6.7300000e+02   1.0310852e+01
   6.7400000e+02   1.0308084e+01
   6.7500000e+02   1.0305541e+01
   6.7600000e+02   1.0303293e+01
   6.7700000e+02   1.0301180e+01
   6.7800000e+02   1.0299138e+01
   6.7900000e+02   1.0297510e+01
   6.8000000e+02   1.0296677e+01
   6.8100000e+02   1.0296281e+01
   6.8200000e+02   1.0296487e+01
   6.8300000e+02   1.0297010e+01
   6.8400000e+02   1.0297936e+01
   6.8500000e+02   1.0299075e+01
   6.8600000e+02   1.0300620e+01
   6.8700000e+02   1.0301747e+01
   6.8800000e+02   1.0303969e+01
   6.8900000e+02   1.0305357e+01
   6.9000000e+02   1.0307120e+01
   6.9100000e+02   1.0308997e+01
   6.9200000e+02   1.0310337e+01
   6.9300000e+02   1.0311858e+01
   6.9400000e+02   1.0313124e+01
   6.9500000e+02   1.0314299e+01
   6.9600000e+02   1.0315292e+01
   6.9700000e+02   1.0316588e+01
   6.9800000e+02   1.0317160e+01
   6.9900000e+02   1.0318084e+01
   7.0000000e+02   1.0319064e+01
   7.0100000e+02   1.0319952e+01
   7.0200000e+02   1.0320325e+01
   7.0300000e+02   1.0320908e+01
   7.0400000e+02   1.0321238e+01
   7.0500000e+02   1.0321856e+01
   7.0600000e+02   1.0321933e+01
   7.0700000e+02   1.0322039e+01
   7.0800000e+02   1.0322897e+01
   7.0900000e+02   1.0322872e+01
   7.1000000e+02   1.0322964e+01
   7.1100000e+02   1.0323303e+01
   7.1200000e+02   1.0323791e+01
   7.1300000e+02   1.0323770e+01
   7.1400000e+02   1.0323891e+01
   7.1500000e+02   1.0323985e+01
   7.1600000e+02   1.0324277e+01
   7.1700000e+02   1.0324407e+01
   7.1800000e+02   1.0324389e+01
   7.1900000e+02   1.0324318e+01
   7.2000000e+02   1.0324218e+01
   7.2100000e+02   1.0324069e+01
   7.2200000e+02   1.0324275e+01
   7.2300000e+02   1.0324290e+01
   7.2400000e+02   1.0324445e+01
   7.2500000e+02   1.0324335e+01
   7.2600000e+02   1.0324222e+01
   7.2700000e+02   1.0324327e+01
   7.2800000e+02   1.0324671e+01
   7.2900000e+02   1.0324444e+01
   7.3000000e+02   1.0324202e+01
   7.3100000e+02   1.0324280e+01
   7.3200000e+02   1.0324259e+01
   7.3300000e+02   1.0324266e+01
   7.3400000e+02   1.0324805e+01
   7.3500000e+02   1.0324491e+01
   7.3600000e+02   1.0324462e+01
   7.3700000e+02   1.0324401e+01
   7.3800000e+02   1.0324174e+01
   7.3900000e+02   1.0324404e+01
   7.4000000e+02   1.0324284e+01
   7.4100000e+02   1.0324558e+01
   7.4200000e+02   1.0324410e+01
   7.4300000e+02   1.0324216e+01
   7.4400000e+02   1.0324415e+01
   7.4500000e+02   1.0324433e+01
   7.4600000e+02   1.0324441e+01
   7.4700000e+02   1.0324434e+01
   7.4800000e+02   1.0324464e+01
   7.4900000e+02   1.0324395e+01
   7.5000000e+02   1.0324354e+01
   7.5100000e+02   1.0324176e+01
   7.5200000e+02   1.0324226e+01
   7.5300000e+02   1.0324038e+01
   7.5400000e+02   1.0324299e+01
   7.5500000e+02   1.0324309e+01
   7.5600000e+02   1.0324181e+01
   7.5700000e+02   1.0324219e+01
   7.5800000e+02   1.0324212e+01
   7.5900000e+02   1.0324192e+01
   7.6000000e+02   1.0324306e+01
   7.6100000e+02   1.0324503e+01
   7.6200000e+02   1.0324481e+01
   7.6300000e+02   1.0324459e+01
   7.6400000e+02   1.0324388e+01
   7.6500000e+02   1.0324371e+01
   7.6600000e+02   1.0324434e+01
   7.6700000e+02   1.0324347e+01
   7.6800000e+02   1.0324360e+01
   7.6900000e+02   1.0324153e+01
   7.7000000e+02   1.0324053e+01
   7.7100000e+02   1.0324254e+01
   7.7200000e+02   1.0324194e+01
   7.7300000e+02   1.0324330e+01
   7.7400000e+02   1.0324281e+01
   7.7500000e+02   1.0324377e+01
   7.7600000e+02   1.0324224e+01
   7.7700000e+02   1.0323985e+01
   7.7800000e+02   1.0323974e+01
   7.7900000e+02   1.0324071e+01
   7.8000000e+02   1.0324035e+01
