   0.0000000e+00   1.0283311e+01
   1.0000000e+00   1.0279165e+01
   2.0000000e+00   1.0277993e+01
   3.0000000e+00   1.0277028e+01
   4.0000000e+00   1.0276448e+01
   5.0000000e+00   1.0276003e+01
   6.0000000e+00   1.0275646e+01
   7.0000000e+00   1.0275685e+01
   8.0000000e+00   1.0275063e+01
   9.0000000e+00   1.0274650e+01
   1.0000000e+01   1.0274543e+01
   1.1000000e+01   1.0274376e+01
   1.2000000e+01   1.0273953e+01
   1.3000000e+01   1.0273895e+01
   1.4000000e+01   1.0273550e+01
   1.5000000e+01   1.0273374e+01
   1.6000000e+01   1.0273014e+01
   1.7000000e+01   1.0273064e+01
   1.8000000e+01   1.0272872e+01
   1.9000000e+01   1.0272494e+01
   2.0000000e+01   1.0272358e+01
   2.1000000e+01   1.0272522e+01
   2.2000000e+01   1.0272260e+01
   2.3000000e+01   1.0272163e+01
   2.4000000e+01   1.0271812e+01
   2.5000000e+01   1.0271572e+01
   2.6000000e+01   1.0271554e+01
   2.7000000e+01   1.0271550e+01
   2.8000000e+01   1.0271177e+01
   2.9000000e+01   1.0271345e+01
   3.0000000e+01   1.0271031e+01
   3.1000000e+01   1.0271051e+01
   3.2000000e+01   1.0270820e+01
   3.3000000e+01   1.0270578e+01
   3.4000000e+01   1.0270593e+01
   3.5000000e+01   1.0270487e+01
   3.6000000e+01   1.0270264e+01
   3.7000000e+01   1.0270221e+01
   3.8000000e+01   1.0269874e+01
   3.9000000e+01   1.0270025e+01
   4.0000000e+01   1.0269981e+01
   4.1000000e+01   1.0270008e+01
   4.2000000e+01   1.0269587e+01
   4.3000000e+01   1.0269724e+01
   4.4000000e+01   1.0269619e+01
   4.5000000e+01   1.0269418e+01
   4.6000000e+01   1.0269345e+01
   4.7000000e+01   1.0269274e+01
   4.8000000e+01   1.0269068e+01
   4.9000000e+01   1.0269126e+01
   5.0000000e+01   1.0269091e+01
   5.1000000e+01   1.0269097e+01
   5.2000000e+01   1.0268899e+01
   5.3000000e+01   1.0268547e+01
   5.4000000e+01   1.0268679e+01
   5.5000000e+01   1.0268618e+01
   5.6000000e+01   1.0268604e+01
   5.7000000e+01   1.0268329e+01
   5.8000000e+01   1.0268292e+01
   5.9000000e+01   1.0268020e+01
   6.0000000e+01   1.0268095e+01
   6.1000000e+01   1.0267871e+01
   6.2000000e+01   1.0267899e+01
   6.3000000e+01   1.0267780e+01
   6.4000000e+01   1.0267722e+01
   6.5000000e+01   1.0267608e+01
   6.6000000e+01   1.0267747e+01
   6.7000000e+01   1.0267668e+01
   6.8000000e+01   1.0267598e+01
   6.9000000e+01   1.0267567e+01
   7.0000000e+01   1.0267536e+01
   7.1000000e+01   1.0267346e+01
   7.2000000e+01   1.0267064e+01
   7.3000000e+01   1.0267194e+01
   7.4000000e+01   1.0267189e+01
   7.5000000e+01   1.0266953e+01
   7.6000000e+01   1.0267081e+01
   7.7000000e+01   1.0266988e+01
   7.8000000e+01   1.0266870e+01
   7.9000000e+01   1.0267041e+01
   8.0000000e+01   1.0266956e+01
   8.1000000e+01   1.0267049e+01
   8.2000000e+01   1.0266643e+01
   8.3000000e+01   1.0266710e+01
   8.4000000e+01   1.0266512e+01
   8.5000000e+01   1.0266267e+01
   8.6000000e+01   1.0266550e+01
   8.7000000e+01   1.0266449e+01
   8.8000000e+01   1.0266215e+01
   8.9000000e+01   1.0266187e+01
   9.0000000e+01   1.0266353e+01
   9.1000000e+01   1.0265996e+01
   9.2000000e+01   1.0265800e+01
   9.3000000e+01   1.0265905e+01
   9.4000000e+01   1.0266017e+01
   9.5000000e+01   1.0265774e+01
   9.6000000e+01   1.0266226e+01
   9.7000000e+01   1.0265601e+01
   9.8000000e+01   1.0265722e+01
   9.9000000e+01   1.0266040e+01
   1.0000000e+02   1.0265406e+01
   1.0100000e+02   1.0265545e+01
   1.0200000e+02   1.0265374e+01
   1.0300000e+02   1.0265424e+01
   1.0400000e+02   1.0265239e+01
   1.0500000e+02   1.0265237e+01
   1.0600000e+02   1.0265042e+01
   1.0700000e+02   1.0265131e+01
   1.0800000e+02   1.0265175e+01
   1.0900000e+02   1.0264771e+01
   1.1000000e+02   1.0265053e+01
   1.1100000e+02   1.0264951e+01
   1.1200000e+02   1.0265053e+01
   1.1300000e+02   1.0264916e+01
   1.1400000e+02   1.0264467e+01
   1.1500000e+02   1.0264765e+01
   1.1600000e+02   1.0264636e+01
   1.1700000e+02   1.0264672e+01
   1.1800000e+02   1.0264387e+01
   1.1900000e+02   1.0264655e+01
   1.2000000e+02   1.0264645e+01
   1.2100000e+02   1.0264308e+01
   1.2200000e+02   1.0264331e+01
   1.2300000e+02   1.0264156e+01
   1.2400000e+02   1.0264151e+01
   1.2500000e+02   1.0264175e+01
   1.2600000e+02   1.0264267e+01
   1.2700000e+02   1.0264159e+01
   1.2800000e+02   1.0264055e+01
   1.2900000e+02   1.0263995e+01
   1.3000000e+02   1.0263646e+01
   1.3100000e+02   1.0263625e+01
   1.3200000e+02   1.0263737e+01
   1.3300000e+02   1.0263718e+01
   1.3400000e+02   1.0263759e+01
   1.3500000e+02   1.0263471e+01
   1.3600000e+02   1.0263792e+01
   1.3700000e+02   1.0263582e+01
   1.3800000e+02   1.0263422e+01
   1.3900000e+02   1.0263450e+01
   1.4000000e+02   1.0263491e+01
   1.4100000e+02   1.0263304e+01
   1.4200000e+02   1.0263531e+01
   1.4300000e+02   1.0263037e+01
   1.4400000e+02   1.0263182e+01
   1.4500000e+02   1.0263120e+01
   1.4600000e+02   1.0263123e+01
   1.4700000e+02   1.0263180e+01
   1.4800000e+02   1.0262911e+01
   1.4900000e+02   1.0263065e+01
   1.5000000e+02   1.0263090e+01
   1.5100000e+02   1.0263088e+01
   1.5200000e+02   1.0263063e+01
   1.5300000e+02   1.0262912e+01
   1.5400000e+02   1.0262919e+01
   1.5500000e+02   1.0262840e+01
   1.5600000e+02   1.0262653e+01
   1.5700000e+02   1.0262773e+01
   1.5800000e+02   1.0262757e+01
   1.5900000e+02   1.0262510e+01
   1.6000000e+02   1.0262707e+01
   1.6100000e+02   1.0262741e+01
   1.6200000e+02   1.0262449e+01
   1.6300000e+02   1.0262618e+01
   1.6400000e+02   1.0262486e+01
   1.6500000e+02   1.0262188e+01
   1.6600000e+02   1.0261903e+01
   1.6700000e+02   1.0258364e+01
   1.6800000e+02   1.0243368e+01
   1.6900000e+02   1.0229271e+01
   1.7000000e+02   1.0234163e+01
   1.7100000e+02   1.0245148e+01
   1.7200000e+02   1.0252672e+01
   1.7300000e+02   1.0255823e+01
   1.7400000e+02   1.0256192e+01
   1.7500000e+02   1.0256328e+01
   1.7600000e+02   1.0256513e+01
   1.7700000e+02   1.0257401e+01
   1.7800000e+02   1.0257000e+01
   1.7900000e+02   1.0239427e+01
   1.8000000e+02   1.0199934e+01
   1.8100000e+02   1.0198349e+01
   1.8200000e+02   1.0202220e+01
   1.8300000e+02   1.0204741e+01
   1.8400000e+02   1.0209059e+01
   1.8500000e+02   1.0212152e+01
   1.8600000e+02   1.0214997e+01
   1.8700000e+02   1.0217892e+01
   1.8800000e+02   1.0220727e+01
   1.8900000e+02   1.0222726e+01
   1.9000000e+02   1.0226730e+01
   1.9100000e+02   1.0232830e+01
   1.9200000e+02   1.0237162e+01
   1.9300000e+02   1.0241457e+01
   1.9400000e+02   1.0246796e+01
   1.9500000e+02   1.0250340e+01
   1.9600000e+02   1.0252665e+01
   1.9700000e+02   1.0254031e+01
   1.9800000e+02   1.0255018e+01
   1.9900000e+02   1.0255428e+01
   2.0000000e+02   1.0255962e+01
   2.0100000e+02   1.0256558e+01
   2.0200000e+02   1.0256894e+01
   2.0300000e+02   1.0257172e+01
   2.0400000e+02   1.0257482e+01
   2.0500000e+02   1.0257721e+01
   2.0600000e+02   1.0258019e+01
   2.0700000e+02   1.0258363e+01
   2.0800000e+02   1.0258713e+01
   2.0900000e+02   1.0259108e+01
   2.1000000e+02   1.0259477e+01
   2.1100000e+02   1.0259633e+01
   2.1200000e+02   1.0259806e+01
   2.1300000e+02   1.0259988e+01
   2.1400000e+02   1.0260055e+01
   2.1500000e+02   1.0259798e+01
   2.1600000e+02   1.0259890e+01
   2.1700000e+02   1.0260092e+01
   2.1800000e+02   1.0259822e+01
   2.1900000e+02   1.0259871e+01
   2.2000000e+02   1.0259223e+01
   2.2100000e+02   1.0258997e+01
   2.2200000e+02   1.0258074e+01
   2.2300000e+02   1.0257087e+01
   2.2400000e+02   1.0256327e+01
   2.2500000e+02   1.0255177e+01
   2.2600000e+02   1.0254745e+01
   2.2700000e+02   1.0254588e+01
   2.2800000e+02   1.0254965e+01
   2.2900000e+02   1.0255091e+01
   2.3000000e+02   1.0255750e+01
   2.3100000e+02   1.0256135e+01
   2.3200000e+02   1.0256392e+01
   2.3300000e+02   1.0256361e+01
   2.3400000e+02   1.0256709e+01
   2.3500000e+02   1.0256794e+01
   2.3600000e+02   1.0256388e+01
   2.3700000e+02   1.0256672e+01
   2.3800000e+02   1.0256878e+01
   2.3900000e+02   1.0256715e+01
   2.4000000e+02   1.0257018e+01
   2.4100000e+02   1.0256648e+01
   2.4200000e+02   1.0256286e+01
   2.4300000e+02   1.0254913e+01
   2.4400000e+02   1.0252448e+01
   2.4500000e+02   1.0248357e+01
   2.4600000e+02   1.0242784e+01
   2.4700000e+02   1.0235423e+01
   2.4800000e+02   1.0228866e+01
   2.4900000e+02   1.0224408e+01
   2.5000000e+02   1.0222616e+01
   2.5100000e+02   1.0223714e+01
   2.5200000e+02   1.0226164e+01
   2.5300000e+02   1.0229120e+01
   2.5400000e+02   1.0230620e+01
   2.5500000e+02   1.0230297e+01
   2.5600000e+02   1.0228855e+01
   2.5700000e+02   1.0226163e+01
   2.5800000e+02   1.0223338e+01
   2.5900000e+02   1.0221010e+01
   2.6000000e+02   1.0218635e+01
   2.6100000e+02   1.0216779e+01
   2.6200000e+02   1.0215210e+01
   2.6300000e+02   1.0214156e+01
   2.6400000e+02   1.0214292e+01
   2.6500000e+02   1.0215838e+01
   2.6600000e+02   1.0218971e+01
   2.6700000e+02   1.0222292e+01
   2.6800000e+02   1.0225984e+01
   2.6900000e+02   1.0228948e+01
   2.7000000e+02   1.0231445e+01
   2.7100000e+02   1.0232877e+01
   2.7200000e+02   1.0233757e+01
   2.7300000e+02   1.0234321e+01
   2.7400000e+02   1.0234765e+01
   2.7500000e+02   1.0235673e+01
   2.7600000e+02   1.0236906e+01
   2.7700000e+02   1.0238405e+01
   2.7800000e+02   1.0239781e+01
   2.7900000e+02   1.0240986e+01
   2.8000000e+02   1.0242178e+01
   2.8100000e+02   1.0242992e+01
   2.8200000e+02   1.0243682e+01
   2.8300000e+02   1.0244523e+01
   2.8400000e+02   1.0245157e+01
   2.8500000e+02   1.0245925e+01
   2.8600000e+02   1.0247083e+01
   2.8700000e+02   1.0247649e+01
   2.8800000e+02   1.0248583e+01
   2.8900000e+02   1.0249258e+01
   2.9000000e+02   1.0249772e+01
   2.9100000e+02   1.0250389e+01
   2.9200000e+02   1.0251421e+01
   2.9300000e+02   1.0251836e+01
   2.9400000e+02   1.0252393e+01
   2.9500000e+02   1.0253190e+01
   2.9600000e+02   1.0253264e+01
   2.9700000e+02   1.0253470e+01
   2.9800000e+02   1.0253907e+01
   2.9900000e+02   1.0253650e+01
   3.0000000e+02   1.0253975e+01
   3.0100000e+02   1.0253251e+01
   3.0200000e+02   1.0252866e+01
   3.0300000e+02   1.0251603e+01
   3.0400000e+02   1.0250269e+01
   3.0500000e+02   1.0248611e+01
   3.0600000e+02   1.0245885e+01
   3.0700000e+02   1.0242410e+01
   3.0800000e+02   1.0238221e+01
   3.0900000e+02   1.0233598e+01
   3.1000000e+02   1.0229748e+01
   3.1100000e+02   1.0226672e+01
   3.1200000e+02   1.0224853e+01
   3.1300000e+02   1.0224552e+01
   3.1400000e+02   1.0224357e+01
   3.1500000e+02   1.0223222e+01
   3.1600000e+02   1.0220089e+01
   3.1700000e+02   1.0215331e+01
   3.1800000e+02   1.0208981e+01
   3.1900000e+02   1.0202509e+01
   3.2000000e+02   1.0197542e+01
   3.2100000e+02   1.0193972e+01
   3.2200000e+02   1.0192691e+01
   3.2300000e+02   1.0193204e+01
   3.2400000e+02   1.0195420e+01
   3.2500000e+02   1.0199036e+01
   3.2600000e+02   1.0202864e+01
   3.2700000e+02   1.0207338e+01
   3.2800000e+02   1.0211742e+01
   3.2900000e+02   1.0216061e+01
   3.3000000e+02   1.0220110e+01
   3.3100000e+02   1.0223244e+01
   3.3200000e+02   1.0225169e+01
   3.3300000e+02   1.0226672e+01
   3.3400000e+02   1.0227834e+01
   3.3500000e+02   1.0227633e+01
   3.3600000e+02   1.0227418e+01
   3.3700000e+02   1.0227290e+01
   3.3800000e+02   1.0227418e+01
   3.3900000e+02   1.0228298e+01
   3.4000000e+02   1.0229574e+01
   3.4100000e+02   1.0231743e+01
   3.4200000e+02   1.0234033e+01
   3.4300000e+02   1.0236187e+01
   3.4400000e+02   1.0238135e+01
   3.4500000e+02   1.0240058e+01
   3.4600000e+02   1.0241494e+01
   3.4700000e+02   1.0242816e+01
   3.4800000e+02   1.0244147e+01
   3.4900000e+02   1.0245218e+01
   3.5000000e+02   1.0246304e+01
   3.5100000e+02   1.0247228e+01
   3.5200000e+02   1.0248055e+01
   3.5300000e+02   1.0249119e+01
   3.5400000e+02   1.0249747e+01
   3.5500000e+02   1.0250166e+01
   3.5600000e+02   1.0250616e+01
   3.5700000e+02   1.0250949e+01
   3.5800000e+02   1.0250908e+01
   3.5900000e+02   1.0250802e+01
   3.6000000e+02   1.0250654e+01
   3.6100000e+02   1.0250516e+01
   3.6200000e+02   1.0250536e+01
   3.6300000e+02   1.0250890e+01
   3.6400000e+02   1.0250937e+01
   3.6500000e+02   1.0251706e+01
   3.6600000e+02   1.0251991e+01
   3.6700000e+02   1.0252250e+01
   3.6800000e+02   1.0252639e+01
   3.6900000e+02   1.0253130e+01
   3.7000000e+02   1.0253244e+01
   3.7100000e+02   1.0253624e+01
   3.7200000e+02   1.0253675e+01
   3.7300000e+02   1.0253770e+01
   3.7400000e+02   1.0253734e+01
   3.7500000e+02   1.0254320e+01
   3.7600000e+02   1.0254264e+01
   3.7700000e+02   1.0254409e+01
   3.7800000e+02   1.0254352e+01
   3.7900000e+02   1.0254564e+01
   3.8000000e+02   1.0254103e+01
   3.8100000e+02   1.0254464e+01
   3.8200000e+02   1.0254224e+01
   3.8300000e+02   1.0254062e+01
   3.8400000e+02   1.0253769e+01
   3.8500000e+02   1.0253273e+01
   3.8600000e+02   1.0252774e+01
   3.8700000e+02   1.0252634e+01
   3.8800000e+02   1.0252194e+01
   3.8900000e+02   1.0252298e+01
   3.9000000e+02   1.0252098e+01
   3.9100000e+02   1.0252229e+01
   3.9200000e+02   1.0252561e+01
   3.9300000e+02   1.0252495e+01
   3.9400000e+02   1.0252765e+01
   3.9500000e+02   1.0252947e+01
   3.9600000e+02   1.0253257e+01
   3.9700000e+02   1.0253597e+01
   3.9800000e+02   1.0253282e+01
   3.9900000e+02   1.0253645e+01
   4.0000000e+02   1.0253531e+01
   4.0100000e+02   1.0253870e+01
   4.0200000e+02   1.0253919e+01
   4.0300000e+02   1.0253875e+01
   4.0400000e+02   1.0254130e+01
   4.0500000e+02   1.0254105e+01
   4.0600000e+02   1.0254060e+01
   4.0700000e+02   1.0254122e+01
   4.0800000e+02   1.0254270e+01
   4.0900000e+02   1.0254231e+01
   4.1000000e+02   1.0254309e+01
   4.1100000e+02   1.0254227e+01
   4.1200000e+02   1.0254299e+01
   4.1300000e+02   1.0254207e+01
   4.1400000e+02   1.0254515e+01
   4.1500000e+02   1.0254204e+01
   4.1600000e+02   1.0254274e+01
   4.1700000e+02   1.0254237e+01
   4.1800000e+02   1.0254316e+01
   4.1900000e+02   1.0254222e+01
   4.2000000e+02   1.0254428e+01
   4.2100000e+02   1.0254544e+01
   4.2200000e+02   1.0254429e+01
   4.2300000e+02   1.0254191e+01
   4.2400000e+02   1.0254267e+01
   4.2500000e+02   1.0254121e+01
   4.2600000e+02   1.0254117e+01
   4.2700000e+02   1.0254231e+01
   4.2800000e+02   1.0254050e+01
   4.2900000e+02   1.0254140e+01
   4.3000000e+02   1.0254247e+01
   4.3100000e+02   1.0254095e+01
   4.3200000e+02   1.0254079e+01
   4.3300000e+02   1.0254112e+01
   4.3400000e+02   1.0253752e+01
   4.3500000e+02   1.0253936e+01
   4.3600000e+02   1.0253782e+01
   4.3700000e+02   1.0253664e+01
   4.3800000e+02   1.0253404e+01
   4.3900000e+02   1.0253076e+01
   4.4000000e+02   1.0252635e+01
   4.4100000e+02   1.0251783e+01
   4.4200000e+02   1.0250812e+01
   4.4300000e+02   1.0249929e+01
   4.4400000e+02   1.0248929e+01
   4.4500000e+02   1.0247724e+01
   4.4600000e+02   1.0246826e+01
   4.4700000e+02   1.0246140e+01
   4.4800000e+02   1.0245678e+01
   4.4900000e+02   1.0245626e+01
   4.5000000e+02   1.0245873e+01
   4.5100000e+02   1.0246227e+01
   4.5200000e+02   1.0246706e+01
   4.5300000e+02   1.0247349e+01
   4.5400000e+02   1.0247941e+01
   4.5500000e+02   1.0248477e+01
   4.5600000e+02   1.0249036e+01
   4.5700000e+02   1.0249404e+01
   4.5800000e+02   1.0249965e+01
   4.5900000e+02   1.0250314e+01
   4.6000000e+02   1.0250552e+01
   4.6100000e+02   1.0250681e+01
   4.6200000e+02   1.0250896e+01
   4.6300000e+02   1.0251197e+01
   4.6400000e+02   1.0251517e+01
   4.6500000e+02   1.0251472e+01
   4.6600000e+02   1.0251685e+01
   4.6700000e+02   1.0251975e+01
   4.6800000e+02   1.0251704e+01
   4.6900000e+02   1.0252105e+01
   4.7000000e+02   1.0252061e+01
   4.7100000e+02   1.0252147e+01
   4.7200000e+02   1.0252420e+01
   4.7300000e+02   1.0252342e+01
   4.7400000e+02   1.0252427e+01
   4.7500000e+02   1.0252471e+01
   4.7600000e+02   1.0252578e+01
   4.7700000e+02   1.0252716e+01
   4.7800000e+02   1.0252841e+01
   4.7900000e+02   1.0252915e+01
   4.8000000e+02   1.0253036e+01
   4.8100000e+02   1.0253167e+01
   4.8200000e+02   1.0253213e+01
   4.8300000e+02   1.0253169e+01
   4.8400000e+02   1.0253128e+01
   4.8500000e+02   1.0252934e+01
   4.8600000e+02   1.0253252e+01
   4.8700000e+02   1.0253127e+01
   4.8800000e+02   1.0253140e+01
   4.8900000e+02   1.0253164e+01
   4.9000000e+02   1.0253046e+01
   4.9100000e+02   1.0253009e+01
   4.9200000e+02   1.0253211e+01
   4.9300000e+02   1.0253163e+01
   4.9400000e+02   1.0253009e+01
   4.9500000e+02   1.0253047e+01
   4.9600000e+02   1.0253044e+01
   4.9700000e+02   1.0253036e+01
   4.9800000e+02   1.0252904e+01
   4.9900000e+02   1.0252760e+01
   5.0000000e+02   1.0252984e+01
   5.0100000e+02   1.0252957e+01
   5.0200000e+02   1.0252900e+01
   5.0300000e+02   1.0252911e+01
   5.0400000e+02   1.0252662e+01
   5.0500000e+02   1.0252802e+01
   5.0600000e+02   1.0252536e+01
   5.0700000e+02   1.0252853e+01
   5.0800000e+02   1.0252997e+01
   5.0900000e+02   1.0252858e+01
   5.1000000e+02   1.0252717e+01
   5.1100000e+02   1.0252763e+01
   5.1200000e+02   1.0252635e+01
   5.1300000e+02   1.0252618e+01
   5.1400000e+02   1.0252871e+01
   5.1500000e+02   1.0252786e+01
   5.1600000e+02   1.0252674e+01
   5.1700000e+02   1.0252924e+01
   5.1800000e+02   1.0252707e+01
   5.1900000e+02   1.0252621e+01
   5.2000000e+02   1.0252725e+01
   5.2100000e+02   1.0252539e+01
   5.2200000e+02   1.0252536e+01
   5.2300000e+02   1.0252685e+01
   5.2400000e+02   1.0252361e+01
   5.2500000e+02   1.0252407e+01
   5.2600000e+02   1.0252591e+01
   5.2700000e+02   1.0252482e+01
   5.2800000e+02   1.0252436e+01
   5.2900000e+02   1.0252502e+01
   5.3000000e+02   1.0252323e+01
   5.3100000e+02   1.0252266e+01
   5.3200000e+02   1.0252285e+01
   5.3300000e+02   1.0252420e+01
   5.3400000e+02   1.0252330e+01
   5.3500000e+02   1.0252269e+01
   5.3600000e+02   1.0252147e+01
   5.3700000e+02   1.0252339e+01
   5.3800000e+02   1.0252129e+01
   5.3900000e+02   1.0251808e+01
   5.4000000e+02   1.0252356e+01
   5.4100000e+02   1.0251980e+01
   5.4200000e+02   1.0252046e+01
   5.4300000e+02   1.0251829e+01
   5.4400000e+02   1.0251922e+01
   5.4500000e+02   1.0251877e+01
   5.4600000e+02   1.0251946e+01
   5.4700000e+02   1.0252030e+01
   5.4800000e+02   1.0251812e+01
   5.4900000e+02   1.0251787e+01
   5.5000000e+02   1.0251963e+01
   5.5100000e+02   1.0251721e+01
   5.5200000e+02   1.0251933e+01
   5.5300000e+02   1.0251730e+01
   5.5400000e+02   1.0251747e+01
   5.5500000e+02   1.0251585e+01
   5.5600000e+02   1.0251784e+01
   5.5700000e+02   1.0251643e+01
   5.5800000e+02   1.0251700e+01
   5.5900000e+02   1.0251843e+01
   5.6000000e+02   1.0251879e+01
   5.6100000e+02   1.0251670e+01
   5.6200000e+02   1.0251833e+01
   5.6300000e+02   1.0251918e+01
   5.6400000e+02   1.0251661e+01
   5.6500000e+02   1.0251918e+01
   5.6600000e+02   1.0251807e+01
   5.6700000e+02   1.0251740e+01
   5.6800000e+02   1.0251780e+01
   5.6900000e+02   1.0251818e+01
   5.7000000e+02   1.0251506e+01
   5.7100000e+02   1.0251820e+01
   5.7200000e+02   1.0251453e+01
   5.7300000e+02   1.0251460e+01
   5.7400000e+02   1.0251683e+01
   5.7500000e+02   1.0251679e+01
   5.7600000e+02   1.0251283e+01
   5.7700000e+02   1.0251202e+01
   5.7800000e+02   1.0251724e+01
   5.7900000e+02   1.0251339e+01
   5.8000000e+02   1.0251255e+01
   5.8100000e+02   1.0251489e+01
   5.8200000e+02   1.0251389e+01
   5.8300000e+02   1.0251285e+01
   5.8400000e+02   1.0251583e+01
   5.8500000e+02   1.0251485e+01
   5.8600000e+02   1.0251499e+01
   5.8700000e+02   1.0251359e+01
   5.8800000e+02   1.0251364e+01
   5.8900000e+02   1.0251456e+01
   5.9000000e+02   1.0251519e+01
   5.9100000e+02   1.0251487e+01
   5.9200000e+02   1.0251655e+01
   5.9300000e+02   1.0251346e+01
   5.9400000e+02   1.0251242e+01
   5.9500000e+02   1.0251641e+01
   5.9600000e+02   1.0251247e+01
   5.9700000e+02   1.0251285e+01
   5.9800000e+02   1.0251386e+01
   5.9900000e+02   1.0251392e+01
   6.0000000e+02   1.0251423e+01
   6.0100000e+02   1.0251276e+01
   6.0200000e+02   1.0251405e+01
   6.0300000e+02   1.0251246e+01
   6.0400000e+02   1.0251220e+01
   6.0500000e+02   1.0251594e+01
   6.0600000e+02   1.0251325e+01
   6.0700000e+02   1.0251206e+01
   6.0800000e+02   1.0251344e+01
   6.0900000e+02   1.0250974e+01
   6.1000000e+02   1.0251174e+01
   6.1100000e+02   1.0251062e+01
   6.1200000e+02   1.0251022e+01
   6.1300000e+02   1.0251322e+01
   6.1400000e+02   1.0250919e+01
   6.1500000e+02   1.0251195e+01
   6.1600000e+02   1.0251184e+01
   6.1700000e+02   1.0250992e+01
   6.1800000e+02   1.0251028e+01
   6.1900000e+02   1.0251092e+01
   6.2000000e+02   1.0250797e+01
   6.2100000e+02   1.0250551e+01
   6.2200000e+02   1.0250726e+01
   6.2300000e+02   1.0250787e+01
   6.2400000e+02   1.0250631e+01
   6.2500000e+02   1.0250780e+01
   6.2600000e+02   1.0250614e+01
   6.2700000e+02   1.0250716e+01
   6.2800000e+02   1.0250654e+01
   6.2900000e+02   1.0250464e+01
   6.3000000e+02   1.0250672e+01
   6.3100000e+02   1.0250830e+01
   6.3200000e+02   1.0250830e+01
   6.3300000e+02   1.0250620e+01
   6.3400000e+02   1.0250378e+01
   6.3500000e+02   1.0250801e+01
   6.3600000e+02   1.0250633e+01
   6.3700000e+02   1.0250557e+01
   6.3800000e+02   1.0250437e+01
   6.3900000e+02   1.0250730e+01
   6.4000000e+02   1.0250627e+01
   6.4100000e+02   1.0250438e+01
   6.4200000e+02   1.0250586e+01
   6.4300000e+02   1.0250297e+01
   6.4400000e+02   1.0250479e+01
   6.4500000e+02   1.0250352e+01
   6.4600000e+02   1.0250280e+01
   6.4700000e+02   1.0250356e+01
   6.4800000e+02   1.0250054e+01
   6.4900000e+02   1.0250289e+01
   6.5000000e+02   1.0250636e+01
   6.5100000e+02   1.0250328e+01
   6.5200000e+02   1.0250416e+01
   6.5300000e+02   1.0250321e+01
   6.5400000e+02   1.0250133e+01
   6.5500000e+02   1.0250363e+01
   6.5600000e+02   1.0250474e+01
   6.5700000e+02   1.0250367e+01
   6.5800000e+02   1.0250526e+01
   6.5900000e+02   1.0250507e+01
   6.6000000e+02   1.0250481e+01
   6.6100000e+02   1.0250597e+01
   6.6200000e+02   1.0250365e+01
   6.6300000e+02   1.0250142e+01
   6.6400000e+02   1.0250316e+01
   6.6500000e+02   1.0250421e+01
   6.6600000e+02   1.0250310e+01
   6.6700000e+02   1.0250079e+01
   6.6800000e+02   1.0250340e+01
   6.6900000e+02   1.0250445e+01
   6.7000000e+02   1.0250151e+01
   6.7100000e+02   1.0250124e+01
   6.7200000e+02   1.0250068e+01
   6.7300000e+02   1.0249961e+01
   6.7400000e+02   1.0250070e+01
   6.7500000e+02   1.0249843e+01
   6.7600000e+02   1.0249839e+01
   6.7700000e+02   1.0250049e+01
   6.7800000e+02   1.0249809e+01
   6.7900000e+02   1.0249979e+01
   6.8000000e+02   1.0250121e+01
   6.8100000e+02   1.0249710e+01
   6.8200000e+02   1.0249850e+01
   6.8300000e+02   1.0249840e+01
   6.8400000e+02   1.0249724e+01
   6.8500000e+02   1.0249847e+01
   6.8600000e+02   1.0249731e+01
   6.8700000e+02   1.0249828e+01
   6.8800000e+02   1.0249830e+01
   6.8900000e+02   1.0249655e+01
   6.9000000e+02   1.0249746e+01
   6.9100000e+02   1.0249812e+01
   6.9200000e+02   1.0249868e+01
   6.9300000e+02   1.0249623e+01
   6.9400000e+02   1.0249482e+01
   6.9500000e+02   1.0249459e+01
   6.9600000e+02   1.0249439e+01
   6.9700000e+02   1.0249648e+01
   6.9800000e+02   1.0249502e+01
   6.9900000e+02   1.0249796e+01
   7.0000000e+02   1.0249617e+01
   7.0100000e+02   1.0249643e+01
   7.0200000e+02   1.0249456e+01
   7.0300000e+02   1.0249578e+01
   7.0400000e+02   1.0249530e+01
   7.0500000e+02   1.0249542e+01
   7.0600000e+02   1.0249609e+01
   7.0700000e+02   1.0249162e+01
   7.0800000e+02   1.0249474e+01
   7.0900000e+02   1.0249509e+01
   7.1000000e+02   1.0249246e+01
   7.1100000e+02   1.0249200e+01
   7.1200000e+02   1.0249357e+01
   7.1300000e+02   1.0249717e+01
   7.1400000e+02   1.0249329e+01
   7.1500000e+02   1.0249314e+01
   7.1600000e+02   1.0249193e+01
   7.1700000e+02   1.0249378e+01
   7.1800000e+02   1.0249372e+01
   7.1900000e+02   1.0249360e+01
   7.2000000e+02   1.0249210e+01
   7.2100000e+02   1.0249368e+01
   7.2200000e+02   1.0249162e+01
   7.2300000e+02   1.0249089e+01
   7.2400000e+02   1.0249122e+01
   7.2500000e+02   1.0249013e+01
   7.2600000e+02   1.0249386e+01
   7.2700000e+02   1.0248822e+01
   7.2800000e+02   1.0249205e+01
   7.2900000e+02   1.0249331e+01
   7.3000000e+02   1.0249154e+01
   7.3100000e+02   1.0249427e+01
   7.3200000e+02   1.0249346e+01
   7.3300000e+02   1.0249172e+01
   7.3400000e+02   1.0249154e+01
   7.3500000e+02   1.0249179e+01
   7.3600000e+02   1.0249161e+01
   7.3700000e+02   1.0249306e+01
   7.3800000e+02   1.0249121e+01
   7.3900000e+02   1.0249041e+01
   7.4000000e+02   1.0249049e+01
   7.4100000e+02   1.0248947e+01
   7.4200000e+02   1.0249128e+01
   7.4300000e+02   1.0248874e+01
   7.4400000e+02   1.0248849e+01
   7.4500000e+02   1.0249011e+01
   7.4600000e+02   1.0249155e+01
   7.4700000e+02   1.0248892e+01
   7.4800000e+02   1.0248916e+01
   7.4900000e+02   1.0249053e+01
   7.5000000e+02   1.0248773e+01
   7.5100000e+02   1.0248629e+01
   7.5200000e+02   1.0248825e+01
   7.5300000e+02   1.0248935e+01
   7.5400000e+02   1.0249068e+01
   7.5500000e+02   1.0249023e+01
   7.5600000e+02   1.0248699e+01
   7.5700000e+02   1.0248691e+01
   7.5800000e+02   1.0249134e+01
   7.5900000e+02   1.0248603e+01
   7.6000000e+02   1.0248691e+01
   7.6100000e+02   1.0248409e+01
   7.6200000e+02   1.0248704e+01
   7.6300000e+02   1.0248673e+01
   7.6400000e+02   1.0248778e+01
   7.6500000e+02   1.0248693e+01
   7.6600000e+02   1.0248921e+01
   7.6700000e+02   1.0248763e+01
   7.6800000e+02   1.0248631e+01
   7.6900000e+02   1.0248651e+01
   7.7000000e+02   1.0248623e+01
   7.7100000e+02   1.0248649e+01
   7.7200000e+02   1.0248535e+01
   7.7300000e+02   1.0248652e+01
   7.7400000e+02   1.0248463e+01
   7.7500000e+02   1.0248617e+01
   7.7600000e+02   1.0248361e+01
   7.7700000e+02   1.0248564e+01
   7.7800000e+02   1.0248752e+01
   7.7900000e+02   1.0248373e+01
   7.8000000e+02   1.0248414e+01
