   0.0000000e+00   1.0326694e+01
   1.0000000e+00   1.0323060e+01
   2.0000000e+00   1.0321463e+01
   3.0000000e+00   1.0321068e+01
   4.0000000e+00   1.0320500e+01
   5.0000000e+00   1.0320160e+01
   6.0000000e+00   1.0319987e+01
   7.0000000e+00   1.0319784e+01
   8.0000000e+00   1.0319288e+01
   9.0000000e+00   1.0319272e+01
   1.0000000e+01   1.0319295e+01
   1.1000000e+01   1.0318660e+01
   1.2000000e+01   1.0318866e+01
   1.3000000e+01   1.0318502e+01
   1.4000000e+01   1.0318339e+01
   1.5000000e+01   1.0318005e+01
   1.6000000e+01   1.0318025e+01
   1.7000000e+01   1.0317689e+01
   1.8000000e+01   1.0317334e+01
   1.9000000e+01   1.0317266e+01
   2.0000000e+01   1.0317170e+01
   2.1000000e+01   1.0316789e+01
   2.2000000e+01   1.0316925e+01
   2.3000000e+01   1.0316830e+01
   2.4000000e+01   1.0316724e+01
   2.5000000e+01   1.0316617e+01
   2.6000000e+01   1.0316264e+01
   2.7000000e+01   1.0316041e+01
   2.8000000e+01   1.0315859e+01
   2.9000000e+01   1.0316110e+01
   3.0000000e+01   1.0316190e+01
   3.1000000e+01   1.0315956e+01
   3.2000000e+01   1.0315892e+01
   3.3000000e+01   1.0315706e+01
   3.4000000e+01   1.0315691e+01
   3.5000000e+01   1.0315447e+01
   3.6000000e+01   1.0315174e+01
   3.7000000e+01   1.0315418e+01
   3.8000000e+01   1.0315180e+01
   3.9000000e+01   1.0315014e+01
   4.0000000e+01   1.0314739e+01
   4.1000000e+01   1.0314948e+01
   4.2000000e+01   1.0314573e+01
   4.3000000e+01   1.0314687e+01
   4.4000000e+01   1.0314816e+01
   4.5000000e+01   1.0314685e+01
   4.6000000e+01   1.0314709e+01
   4.7000000e+01   1.0314399e+01
   4.8000000e+01   1.0314509e+01
   4.9000000e+01   1.0314184e+01
   5.0000000e+01   1.0314301e+01
   5.1000000e+01   1.0314188e+01
   5.2000000e+01   1.0313823e+01
   5.3000000e+01   1.0313914e+01
   5.4000000e+01   1.0313845e+01
   5.5000000e+01   1.0313585e+01
   5.6000000e+01   1.0313520e+01
   5.7000000e+01   1.0313645e+01
   5.8000000e+01   1.0313414e+01
   5.9000000e+01   1.0313431e+01
   6.0000000e+01   1.0313564e+01
   6.1000000e+01   1.0313384e+01
   6.2000000e+01   1.0313338e+01
   6.3000000e+01   1.0313157e+01
   6.4000000e+01   1.0313215e+01
   6.5000000e+01   1.0312946e+01
   6.6000000e+01   1.0313032e+01
   6.7000000e+01   1.0313151e+01
   6.8000000e+01   1.0312992e+01
   6.9000000e+01   1.0312889e+01
   7.0000000e+01   1.0312862e+01
   7.1000000e+01   1.0312824e+01
   7.2000000e+01   1.0312693e+01
   7.3000000e+01   1.0312635e+01
   7.4000000e+01   1.0312687e+01
   7.5000000e+01   1.0312726e+01
   7.6000000e+01   1.0312376e+01
   7.7000000e+01   1.0312189e+01
   7.8000000e+01   1.0312492e+01
   7.9000000e+01   1.0312454e+01
   8.0000000e+01   1.0312297e+01
   8.1000000e+01   1.0311914e+01
   8.2000000e+01   1.0312128e+01
   8.3000000e+01   1.0312208e+01
   8.4000000e+01   1.0312041e+01
   8.5000000e+01   1.0311874e+01
   8.6000000e+01   1.0311736e+01
   8.7000000e+01   1.0311639e+01
   8.8000000e+01   1.0311596e+01
   8.9000000e+01   1.0311687e+01
   9.0000000e+01   1.0311603e+01
   9.1000000e+01   1.0311662e+01
   9.2000000e+01   1.0311210e+01
   9.3000000e+01   1.0311602e+01
   9.4000000e+01   1.0311103e+01
   9.5000000e+01   1.0311275e+01
   9.6000000e+01   1.0311041e+01
   9.7000000e+01   1.0310998e+01
   9.8000000e+01   1.0310919e+01
   9.9000000e+01   1.0310919e+01
   1.0000000e+02   1.0310925e+01
   1.0100000e+02   1.0310608e+01
   1.0200000e+02   1.0310602e+01
   1.0300000e+02   1.0310706e+01
   1.0400000e+02   1.0310774e+01
   1.0500000e+02   1.0310735e+01
   1.0600000e+02   1.0310739e+01
   1.0700000e+02   1.0310539e+01
   1.0800000e+02   1.0310717e+01
   1.0900000e+02   1.0310246e+01
   1.1000000e+02   1.0310247e+01
   1.1100000e+02   1.0310412e+01
   1.1200000e+02   1.0310452e+01
   1.1300000e+02   1.0310254e+01
   1.1400000e+02   1.0310137e+01
   1.1500000e+02   1.0310194e+01
   1.1600000e+02   1.0310033e+01
   1.1700000e+02   1.0310108e+01
   1.1800000e+02   1.0309932e+01
   1.1900000e+02   1.0310296e+01
   1.2000000e+02   1.0309854e+01
   1.2100000e+02   1.0309846e+01
   1.2200000e+02   1.0309427e+01
   1.2300000e+02   1.0309958e+01
   1.2400000e+02   1.0309815e+01
   1.2500000e+02   1.0309807e+01
   1.2600000e+02   1.0309718e+01
   1.2700000e+02   1.0309709e+01
   1.2800000e+02   1.0309565e+01
   1.2900000e+02   1.0309671e+01
   1.3000000e+02   1.0309425e+01
   1.3100000e+02   1.0309615e+01
   1.3200000e+02   1.0309569e+01
   1.3300000e+02   1.0309504e+01
   1.3400000e+02   1.0309464e+01
   1.3500000e+02   1.0309521e+01
   1.3600000e+02   1.0309364e+01
   1.3700000e+02   1.0309257e+01
   1.3800000e+02   1.0309251e+01
   1.3900000e+02   1.0309166e+01
   1.4000000e+02   1.0309269e+01
   1.4100000e+02   1.0308970e+01
   1.4200000e+02   1.0308924e+01
   1.4300000e+02   1.0309034e+01
   1.4400000e+02   1.0308875e+01
   1.4500000e+02   1.0308815e+01
   1.4600000e+02   1.0308859e+01
   1.4700000e+02   1.0308910e+01
   1.4800000e+02   1.0308691e+01
   1.4900000e+02   1.0308612e+01
   1.5000000e+02   1.0308462e+01
   1.5100000e+02   1.0308469e+01
   1.5200000e+02   1.0308525e+01
   1.5300000e+02   1.0308684e+01
   1.5400000e+02   1.0308381e+01
   1.5500000e+02   1.0308430e+01
   1.5600000e+02   1.0308500e+01
   1.5700000e+02   1.0308287e+01
   1.5800000e+02   1.0308562e+01
   1.5900000e+02   1.0308297e+01
   1.6000000e+02   1.0308045e+01
   1.6100000e+02   1.0308359e+01
   1.6200000e+02   1.0307968e+01
   1.6300000e+02   1.0308092e+01
   1.6400000e+02   1.0308075e+01
   1.6500000e+02   1.0308006e+01
   1.6600000e+02   1.0307737e+01
   1.6700000e+02   1.0305418e+01
   1.6800000e+02   1.0292074e+01
   1.6900000e+02   1.0274975e+01
   1.7000000e+02   1.0278149e+01
   1.7100000e+02   1.0290216e+01
   1.7200000e+02   1.0298837e+01
   1.7300000e+02   1.0301797e+01
   1.7400000e+02   1.0302263e+01
   1.7500000e+02   1.0302256e+01
   1.7600000e+02   1.0302662e+01
   1.7700000e+02   1.0303231e+01
   1.7800000e+02   1.0303303e+01
   1.7900000e+02   1.0293446e+01
   1.8000000e+02   1.0241302e+01
   1.8100000e+02   1.0225703e+01
   1.8200000e+02   1.0242054e+01
   1.8300000e+02   1.0247895e+01
   1.8400000e+02   1.0255059e+01
   1.8500000e+02   1.0260050e+01
   1.8600000e+02   1.0261514e+01
   1.8700000e+02   1.0261697e+01
   1.8800000e+02   1.0265681e+01
   1.8900000e+02   1.0271962e+01
   1.9000000e+02   1.0276861e+01
   1.9100000e+02   1.0281022e+01
   1.9200000e+02   1.0286262e+01
   1.9300000e+02   1.0290897e+01
   1.9400000e+02   1.0294092e+01
   1.9500000e+02   1.0296093e+01
   1.9600000e+02   1.0297812e+01
   1.9700000e+02   1.0298899e+01
   1.9800000e+02   1.0300107e+01
   1.9900000e+02   1.0301115e+01
   2.0000000e+02   1.0302034e+01
   2.0100000e+02   1.0302547e+01
   2.0200000e+02   1.0302921e+01
   2.0300000e+02   1.0303596e+01
   2.0400000e+02   1.0303950e+01
   2.0500000e+02   1.0304174e+01
   2.0600000e+02   1.0304549e+01
   2.0700000e+02   1.0304931e+01
   2.0800000e+02   1.0305309e+01
   2.0900000e+02   1.0305480e+01
   2.1000000e+02   1.0305467e+01
   2.1100000e+02   1.0306110e+01
   2.1200000e+02   1.0305789e+01
   2.1300000e+02   1.0306004e+01
   2.1400000e+02   1.0306269e+01
   2.1500000e+02   1.0306221e+01
   2.1600000e+02   1.0306248e+01
   2.1700000e+02   1.0306348e+01
   2.1800000e+02   1.0306285e+01
   2.1900000e+02   1.0306227e+01
   2.2000000e+02   1.0306211e+01
   2.2100000e+02   1.0306049e+01
   2.2200000e+02   1.0305937e+01
   2.2300000e+02   1.0305935e+01
   2.2400000e+02   1.0305728e+01
   2.2500000e+02   1.0305641e+01
   2.2600000e+02   1.0305680e+01
   2.2700000e+02   1.0305471e+01
   2.2800000e+02   1.0305692e+01
   2.2900000e+02   1.0305639e+01
   2.3000000e+02   1.0305205e+01
   2.3100000e+02   1.0305525e+01
   2.3200000e+02   1.0305463e+01
   2.3300000e+02   1.0305489e+01
   2.3400000e+02   1.0305282e+01
   2.3500000e+02   1.0305344e+01
   2.3600000e+02   1.0305415e+01
   2.3700000e+02   1.0305529e+01
   2.3800000e+02   1.0305483e+01
   2.3900000e+02   1.0305409e+01
   2.4000000e+02   1.0305462e+01
   2.4100000e+02   1.0305373e+01
   2.4200000e+02   1.0305173e+01
   2.4300000e+02   1.0305109e+01
   2.4400000e+02   1.0304639e+01
   2.4500000e+02   1.0303431e+01
   2.4600000e+02   1.0302155e+01
   2.4700000e+02   1.0300221e+01
   2.4800000e+02   1.0298143e+01
   2.4900000e+02   1.0296709e+01
   2.5000000e+02   1.0295935e+01
   2.5100000e+02   1.0295819e+01
   2.5200000e+02   1.0296359e+01
   2.5300000e+02   1.0296919e+01
   2.5400000e+02   1.0297619e+01
   2.5500000e+02   1.0297774e+01
   2.5600000e+02   1.0297516e+01
   2.5700000e+02   1.0296898e+01
   2.5800000e+02   1.0296229e+01
   2.5900000e+02   1.0295277e+01
   2.6000000e+02   1.0294648e+01
   2.6100000e+02   1.0294101e+01
   2.6200000e+02   1.0293131e+01
   2.6300000e+02   1.0292619e+01
   2.6400000e+02   1.0292570e+01
   2.6500000e+02   1.0292478e+01
   2.6600000e+02   1.0292920e+01
   2.6700000e+02   1.0293906e+01
   2.6800000e+02   1.0294705e+01
   2.6900000e+02   1.0295530e+01
   2.7000000e+02   1.0296118e+01
   2.7100000e+02   1.0296740e+01
   2.7200000e+02   1.0297253e+01
   2.7300000e+02   1.0298076e+01
   2.7400000e+02   1.0298178e+01
   2.7500000e+02   1.0297962e+01
   2.7600000e+02   1.0298013e+01
   2.7700000e+02   1.0298813e+01
   2.7800000e+02   1.0299221e+01
   2.7900000e+02   1.0299375e+01
   2.8000000e+02   1.0299883e+01
   2.8100000e+02   1.0300334e+01
   2.8200000e+02   1.0300326e+01
   2.8300000e+02   1.0300743e+01
   2.8400000e+02   1.0300845e+01
   2.8500000e+02   1.0300860e+01
   2.8600000e+02   1.0301061e+01
   2.8700000e+02   1.0301199e+01
   2.8800000e+02   1.0301617e+01
   2.8900000e+02   1.0301747e+01
   2.9000000e+02   1.0302051e+01
   2.9100000e+02   1.0301970e+01
   2.9200000e+02   1.0302483e+01
   2.9300000e+02   1.0302786e+01
   2.9400000e+02   1.0302696e+01
   2.9500000e+02   1.0302800e+01
   2.9600000e+02   1.0303099e+01
   2.9700000e+02   1.0302835e+01
   2.9800000e+02   1.0302717e+01
   2.9900000e+02   1.0302639e+01
   3.0000000e+02   1.0302956e+01
   3.0100000e+02   1.0302327e+01
   3.0200000e+02   1.0302023e+01
   3.0300000e+02   1.0301363e+01
   3.0400000e+02   1.0300137e+01
   3.0500000e+02   1.0298427e+01
   3.0600000e+02   1.0296587e+01
   3.0700000e+02   1.0294169e+01
   3.0800000e+02   1.0291100e+01
   3.0900000e+02   1.0286754e+01
   3.1000000e+02   1.0282025e+01
   3.1100000e+02   1.0277053e+01
   3.1200000e+02   1.0273404e+01
   3.1300000e+02   1.0270790e+01
   3.1400000e+02   1.0269664e+01
   3.1500000e+02   1.0269262e+01
   3.1600000e+02   1.0267925e+01
   3.1700000e+02   1.0264683e+01
   3.1800000e+02   1.0259995e+01
   3.1900000e+02   1.0253456e+01
   3.2000000e+02   1.0246508e+01
   3.2100000e+02   1.0239357e+01
   3.2200000e+02   1.0234150e+01
   3.2300000e+02   1.0231040e+01
   3.2400000e+02   1.0230162e+01
   3.2500000e+02   1.0231049e+01
   3.2600000e+02   1.0232789e+01
   3.2700000e+02   1.0236426e+01
   3.2800000e+02   1.0240975e+01
   3.2900000e+02   1.0245697e+01
   3.3000000e+02   1.0250840e+01
   3.3100000e+02   1.0255435e+01
   3.3200000e+02   1.0259759e+01
   3.3300000e+02   1.0263599e+01
   3.3400000e+02   1.0265966e+01
   3.3500000e+02   1.0267616e+01
   3.3600000e+02   1.0268820e+01
   3.3700000e+02   1.0268745e+01
   3.3800000e+02   1.0268649e+01
   3.3900000e+02   1.0268681e+01
   3.4000000e+02   1.0268740e+01
   3.4100000e+02   1.0269932e+01
   3.4200000e+02   1.0271915e+01
   3.4300000e+02   1.0274180e+01
   3.4400000e+02   1.0277127e+01
   3.4500000e+02   1.0279704e+01
   3.4600000e+02   1.0282774e+01
   3.4700000e+02   1.0284767e+01
   3.4800000e+02   1.0286814e+01
   3.4900000e+02   1.0288388e+01
   3.5000000e+02   1.0289783e+01
   3.5100000e+02   1.0290693e+01
   3.5200000e+02   1.0292184e+01
   3.5300000e+02   1.0293025e+01
   3.5400000e+02   1.0293816e+01
   3.5500000e+02   1.0294933e+01
   3.5600000e+02   1.0295195e+01
   3.5700000e+02   1.0295929e+01
   3.5800000e+02   1.0296454e+01
   3.5900000e+02   1.0296861e+01
   3.6000000e+02   1.0296856e+01
   3.6100000e+02   1.0296778e+01
   3.6200000e+02   1.0296847e+01
   3.6300000e+02   1.0296741e+01
   3.6400000e+02   1.0296712e+01
   3.6500000e+02   1.0296965e+01
   3.6600000e+02   1.0296962e+01
   3.6700000e+02   1.0297543e+01
   3.6800000e+02   1.0297841e+01
   3.6900000e+02   1.0298503e+01
   3.7000000e+02   1.0298749e+01
   3.7100000e+02   1.0299148e+01
   3.7200000e+02   1.0299515e+01
   3.7300000e+02   1.0299789e+01
   3.7400000e+02   1.0299941e+01
   3.7500000e+02   1.0300168e+01
   3.7600000e+02   1.0300139e+01
   3.7700000e+02   1.0300515e+01
   3.7800000e+02   1.0300626e+01
   3.7900000e+02   1.0300746e+01
   3.8000000e+02   1.0301105e+01
   3.8100000e+02   1.0301077e+01
   3.8200000e+02   1.0301030e+01
   3.8300000e+02   1.0301002e+01
   3.8400000e+02   1.0300952e+01
   3.8500000e+02   1.0300864e+01
   3.8600000e+02   1.0300524e+01
   3.8700000e+02   1.0300502e+01
   3.8800000e+02   1.0300093e+01
   3.8900000e+02   1.0299377e+01
   3.9000000e+02   1.0298870e+01
   3.9100000e+02   1.0298647e+01
   3.9200000e+02   1.0297883e+01
   3.9300000e+02   1.0298119e+01
   3.9400000e+02   1.0297989e+01
   3.9500000e+02   1.0298086e+01
   3.9600000e+02   1.0298119e+01
   3.9700000e+02   1.0298703e+01
   3.9800000e+02   1.0298611e+01
   3.9900000e+02   1.0298977e+01
   4.0000000e+02   1.0298828e+01
   4.0100000e+02   1.0299205e+01
   4.0200000e+02   1.0299762e+01
   4.0300000e+02   1.0299690e+01
   4.0400000e+02   1.0300004e+01
   4.0500000e+02   1.0299755e+01
   4.0600000e+02   1.0300128e+01
   4.0700000e+02   1.0300430e+01
   4.0800000e+02   1.0300199e+01
   4.0900000e+02   1.0300317e+01
   4.1000000e+02   1.0300463e+01
   4.1100000e+02   1.0300470e+01
   4.1200000e+02   1.0300739e+01
   4.1300000e+02   1.0300435e+01
   4.1400000e+02   1.0300475e+01
   4.1500000e+02   1.0300452e+01
   4.1600000e+02   1.0300403e+01
   4.1700000e+02   1.0300641e+01
   4.1800000e+02   1.0300691e+01
   4.1900000e+02   1.0300923e+01
   4.2000000e+02   1.0300635e+01
   4.2100000e+02   1.0300548e+01
   4.2200000e+02   1.0300245e+01
   4.2300000e+02   1.0300845e+01
   4.2400000e+02   1.0300709e+01
   4.2500000e+02   1.0300483e+01
   4.2600000e+02   1.0300602e+01
   4.2700000e+02   1.0300486e+01
   4.2800000e+02   1.0300658e+01
   4.2900000e+02   1.0300764e+01
   4.3000000e+02   1.0300679e+01
   4.3100000e+02   1.0300709e+01
   4.3200000e+02   1.0300483e+01
   4.3300000e+02   1.0300487e+01
   4.3400000e+02   1.0300546e+01
   4.3500000e+02   1.0300223e+01
   4.3600000e+02   1.0300382e+01
   4.3700000e+02   1.0300180e+01
   4.3800000e+02   1.0299827e+01
   4.3900000e+02   1.0299475e+01
   4.4000000e+02   1.0298431e+01
   4.4100000e+02   1.0297030e+01
   4.4200000e+02   1.0294944e+01
   4.4300000e+02   1.0291493e+01
   4.4400000e+02   1.0286477e+01
   4.4500000e+02   1.0280886e+01
   4.4600000e+02   1.0273593e+01
   4.4700000e+02   1.0265425e+01
   4.4800000e+02   1.0257093e+01
   4.4900000e+02   1.0249433e+01
   4.5000000e+02   1.0243194e+01
   4.5100000e+02   1.0238824e+01
   4.5200000e+02   1.0236799e+01
   4.5300000e+02   1.0237021e+01
   4.5400000e+02   1.0238794e+01
   4.5500000e+02   1.0242230e+01
   4.5600000e+02   1.0246491e+01
   4.5700000e+02   1.0251027e+01
   4.5800000e+02   1.0255375e+01
   4.5900000e+02   1.0259297e+01
   4.6000000e+02   1.0263010e+01
   4.6100000e+02   1.0265916e+01
   4.6200000e+02   1.0269036e+01
   4.6300000e+02   1.0271358e+01
   4.6400000e+02   1.0274141e+01
   4.6500000e+02   1.0276243e+01
   4.6600000e+02   1.0278358e+01
   4.6700000e+02   1.0280492e+01
   4.6800000e+02   1.0282718e+01
   4.6900000e+02   1.0284149e+01
   4.7000000e+02   1.0286231e+01
   4.7100000e+02   1.0287434e+01
   4.7200000e+02   1.0288769e+01
   4.7300000e+02   1.0289837e+01
   4.7400000e+02   1.0291281e+01
   4.7500000e+02   1.0292056e+01
   4.7600000e+02   1.0292952e+01
   4.7700000e+02   1.0293757e+01
   4.7800000e+02   1.0294493e+01
   4.7900000e+02   1.0294918e+01
   4.8000000e+02   1.0295859e+01
   4.8100000e+02   1.0296190e+01
   4.8200000e+02   1.0296750e+01
   4.8300000e+02   1.0297288e+01
   4.8400000e+02   1.0297539e+01
   4.8500000e+02   1.0297914e+01
   4.8600000e+02   1.0297850e+01
   4.8700000e+02   1.0298070e+01
   4.8800000e+02   1.0298280e+01
   4.8900000e+02   1.0298527e+01
   4.9000000e+02   1.0298675e+01
   4.9100000e+02   1.0298446e+01
   4.9200000e+02   1.0298766e+01
   4.9300000e+02   1.0298818e+01
   4.9400000e+02   1.0298689e+01
   4.9500000e+02   1.0298726e+01
   4.9600000e+02   1.0298447e+01
   4.9700000e+02   1.0299244e+01
   4.9800000e+02   1.0299025e+01
   4.9900000e+02   1.0298851e+01
   5.0000000e+02   1.0298959e+01
   5.0100000e+02   1.0298951e+01
   5.0200000e+02   1.0299289e+01
   5.0300000e+02   1.0298923e+01
   5.0400000e+02   1.0298988e+01
   5.0500000e+02   1.0299045e+01
   5.0600000e+02   1.0299083e+01
   5.0700000e+02   1.0298923e+01
   5.0800000e+02   1.0299321e+01
   5.0900000e+02   1.0298996e+01
   5.1000000e+02   1.0299026e+01
   5.1100000e+02   1.0298796e+01
   5.1200000e+02   1.0298911e+01
   5.1300000e+02   1.0299029e+01
   5.1400000e+02   1.0299307e+01
   5.1500000e+02   1.0299047e+01
   5.1600000e+02   1.0298848e+01
   5.1700000e+02   1.0298718e+01
   5.1800000e+02   1.0298807e+01
   5.1900000e+02   1.0298783e+01
   5.2000000e+02   1.0298687e+01
   5.2100000e+02   1.0298822e+01
   5.2200000e+02   1.0298942e+01
   5.2300000e+02   1.0298761e+01
   5.2400000e+02   1.0298767e+01
   5.2500000e+02   1.0298852e+01
   5.2600000e+02   1.0298700e+01
   5.2700000e+02   1.0298770e+01
   5.2800000e+02   1.0298943e+01
   5.2900000e+02   1.0298912e+01
   5.3000000e+02   1.0298914e+01
   5.3100000e+02   1.0298808e+01
   5.3200000e+02   1.0298802e+01
   5.3300000e+02   1.0298607e+01
   5.3400000e+02   1.0299197e+01
   5.3500000e+02   1.0298667e+01
   5.3600000e+02   1.0298585e+01
   5.3700000e+02   1.0298534e+01
   5.3800000e+02   1.0298322e+01
   5.3900000e+02   1.0298368e+01
   5.4000000e+02   1.0298544e+01
   5.4100000e+02   1.0298487e+01
   5.4200000e+02   1.0298589e+01
   5.4300000e+02   1.0298518e+01
   5.4400000e+02   1.0298277e+01
   5.4500000e+02   1.0298357e+01
   5.4600000e+02   1.0298314e+01
   5.4700000e+02   1.0298502e+01
   5.4800000e+02   1.0298460e+01
   5.4900000e+02   1.0298322e+01
   5.5000000e+02   1.0298369e+01
   5.5100000e+02   1.0298243e+01
   5.5200000e+02   1.0298135e+01
   5.5300000e+02   1.0298205e+01
   5.5400000e+02   1.0298224e+01
   5.5500000e+02   1.0298225e+01
   5.5600000e+02   1.0298450e+01
   5.5700000e+02   1.0298340e+01
   5.5800000e+02   1.0298405e+01
   5.5900000e+02   1.0297992e+01
   5.6000000e+02   1.0298316e+01
   5.6100000e+02   1.0297924e+01
   5.6200000e+02   1.0297986e+01
   5.6300000e+02   1.0298129e+01
   5.6400000e+02   1.0298127e+01
   5.6500000e+02   1.0297919e+01
   5.6600000e+02   1.0297919e+01
   5.6700000e+02   1.0297959e+01
   5.6800000e+02   1.0298212e+01
   5.6900000e+02   1.0297832e+01
   5.7000000e+02   1.0297967e+01
   5.7100000e+02   1.0297908e+01
   5.7200000e+02   1.0298096e+01
   5.7300000e+02   1.0297822e+01
   5.7400000e+02   1.0297917e+01
   5.7500000e+02   1.0297738e+01
   5.7600000e+02   1.0297723e+01
   5.7700000e+02   1.0297812e+01
   5.7800000e+02   1.0297912e+01
   5.7900000e+02   1.0297931e+01
   5.8000000e+02   1.0297751e+01
   5.8100000e+02   1.0297979e+01
   5.8200000e+02   1.0297802e+01
   5.8300000e+02   1.0297847e+01
   5.8400000e+02   1.0297510e+01
   5.8500000e+02   1.0297599e+01
   5.8600000e+02   1.0297898e+01
   5.8700000e+02   1.0297568e+01
   5.8800000e+02   1.0297551e+01
   5.8900000e+02   1.0297611e+01
   5.9000000e+02   1.0297345e+01
   5.9100000e+02   1.0297509e+01
   5.9200000e+02   1.0297621e+01
   5.9300000e+02   1.0297393e+01
   5.9400000e+02   1.0297417e+01
   5.9500000e+02   1.0297633e+01
   5.9600000e+02   1.0297073e+01
   5.9700000e+02   1.0297519e+01
   5.9800000e+02   1.0297441e+01
   5.9900000e+02   1.0297314e+01
   6.0000000e+02   1.0297251e+01
   6.0100000e+02   1.0297292e+01
   6.0200000e+02   1.0297218e+01
   6.0300000e+02   1.0297157e+01
   6.0400000e+02   1.0297623e+01
   6.0500000e+02   1.0297123e+01
   6.0600000e+02   1.0297408e+01
   6.0700000e+02   1.0297036e+01
   6.0800000e+02   1.0297478e+01
   6.0900000e+02   1.0297153e+01
   6.1000000e+02   1.0297422e+01
   6.1100000e+02   1.0297305e+01
   6.1200000e+02   1.0297391e+01
   6.1300000e+02   1.0297075e+01
   6.1400000e+02   1.0297329e+01
   6.1500000e+02   1.0297090e+01
   6.1600000e+02   1.0297201e+01
   6.1700000e+02   1.0297100e+01
   6.1800000e+02   1.0296955e+01
   6.1900000e+02   1.0296997e+01
   6.2000000e+02   1.0296905e+01
   6.2100000e+02   1.0296999e+01
   6.2200000e+02   1.0296878e+01
   6.2300000e+02   1.0296941e+01
   6.2400000e+02   1.0296966e+01
   6.2500000e+02   1.0296848e+01
   6.2600000e+02   1.0296993e+01
   6.2700000e+02   1.0297290e+01
   6.2800000e+02   1.0297076e+01
   6.2900000e+02   1.0296903e+01
   6.3000000e+02   1.0296749e+01
   6.3100000e+02   1.0296503e+01
   6.3200000e+02   1.0296938e+01
   6.3300000e+02   1.0296996e+01
   6.3400000e+02   1.0296940e+01
   6.3500000e+02   1.0296814e+01
   6.3600000e+02   1.0296643e+01
   6.3700000e+02   1.0296614e+01
   6.3800000e+02   1.0296778e+01
   6.3900000e+02   1.0296581e+01
   6.4000000e+02   1.0296553e+01
   6.4100000e+02   1.0296671e+01
   6.4200000e+02   1.0296665e+01
   6.4300000e+02   1.0296531e+01
   6.4400000e+02   1.0296472e+01
   6.4500000e+02   1.0296364e+01
   6.4600000e+02   1.0296469e+01
   6.4700000e+02   1.0296500e+01
   6.4800000e+02   1.0296425e+01
   6.4900000e+02   1.0296662e+01
   6.5000000e+02   1.0296403e+01
   6.5100000e+02   1.0296609e+01
   6.5200000e+02   1.0296434e+01
   6.5300000e+02   1.0296427e+01
   6.5400000e+02   1.0296308e+01
   6.5500000e+02   1.0296593e+01
   6.5600000e+02   1.0296337e+01
   6.5700000e+02   1.0296577e+01
   6.5800000e+02   1.0296447e+01
   6.5900000e+02   1.0296375e+01
   6.6000000e+02   1.0296616e+01
   6.6100000e+02   1.0296312e+01
   6.6200000e+02   1.0296417e+01
   6.6300000e+02   1.0296237e+01
   6.6400000e+02   1.0296349e+01
   6.6500000e+02   1.0296455e+01
   6.6600000e+02   1.0296194e+01
   6.6700000e+02   1.0296310e+01
   6.6800000e+02   1.0296147e+01
   6.6900000e+02   1.0296508e+01
   6.7000000e+02   1.0296200e+01
   6.7100000e+02   1.0296244e+01
   6.7200000e+02   1.0296290e+01
   6.7300000e+02   1.0296064e+01
   6.7400000e+02   1.0296362e+01
   6.7500000e+02   1.0296214e+01
   6.7600000e+02   1.0296306e+01
   6.7700000e+02   1.0295915e+01
   6.7800000e+02   1.0295749e+01
   6.7900000e+02   1.0295689e+01
   6.8000000e+02   1.0295840e+01
   6.8100000e+02   1.0295726e+01
   6.8200000e+02   1.0295481e+01
   6.8300000e+02   1.0295768e+01
   6.8400000e+02   1.0295235e+01
   6.8500000e+02   1.0295143e+01
   6.8600000e+02   1.0295094e+01
   6.8700000e+02   1.0295011e+01
   6.8800000e+02   1.0294796e+01
   6.8900000e+02   1.0294531e+01
   6.9000000e+02   1.0294976e+01
   6.9100000e+02   1.0294631e+01
   6.9200000e+02   1.0294622e+01
   6.9300000e+02   1.0294390e+01
   6.9400000e+02   1.0294626e+01
   6.9500000e+02   1.0294646e+01
   6.9600000e+02   1.0294589e+01
   6.9700000e+02   1.0294992e+01
   6.9800000e+02   1.0294549e+01
   6.9900000e+02   1.0294861e+01
   7.0000000e+02   1.0294737e+01
   7.0100000e+02   1.0295179e+01
   7.0200000e+02   1.0295118e+01
   7.0300000e+02   1.0295052e+01
   7.0400000e+02   1.0295080e+01
   7.0500000e+02   1.0295201e+01
   7.0600000e+02   1.0295439e+01
   7.0700000e+02   1.0295344e+01
   7.0800000e+02   1.0295621e+01
   7.0900000e+02   1.0295061e+01
   7.1000000e+02   1.0294997e+01
   7.1100000e+02   1.0295493e+01
   7.1200000e+02   1.0295295e+01
   7.1300000e+02   1.0295256e+01
   7.1400000e+02   1.0295224e+01
   7.1500000e+02   1.0295455e+01
   7.1600000e+02   1.0295409e+01
   7.1700000e+02   1.0295296e+01
   7.1800000e+02   1.0295116e+01
   7.1900000e+02   1.0295231e+01
   7.2000000e+02   1.0295255e+01
   7.2100000e+02   1.0295460e+01
   7.2200000e+02   1.0295523e+01
   7.2300000e+02   1.0295329e+01
   7.2400000e+02   1.0295331e+01
   7.2500000e+02   1.0295367e+01
   7.2600000e+02   1.0295224e+01
   7.2700000e+02   1.0295271e+01
   7.2800000e+02   1.0295256e+01
   7.2900000e+02   1.0295334e+01
   7.3000000e+02   1.0295165e+01
   7.3100000e+02   1.0295250e+01
   7.3200000e+02   1.0295206e+01
   7.3300000e+02   1.0295413e+01
   7.3400000e+02   1.0295305e+01
   7.3500000e+02   1.0294977e+01
   7.3600000e+02   1.0295338e+01
   7.3700000e+02   1.0295113e+01
   7.3800000e+02   1.0295358e+01
   7.3900000e+02   1.0294899e+01
   7.4000000e+02   1.0295197e+01
   7.4100000e+02   1.0295019e+01
   7.4200000e+02   1.0295238e+01
   7.4300000e+02   1.0295110e+01
   7.4400000e+02   1.0295150e+01
   7.4500000e+02   1.0295234e+01
   7.4600000e+02   1.0295196e+01
   7.4700000e+02   1.0295160e+01
   7.4800000e+02   1.0295152e+01
   7.4900000e+02   1.0295182e+01
   7.5000000e+02   1.0294889e+01
   7.5100000e+02   1.0294853e+01
   7.5200000e+02   1.0294829e+01
   7.5300000e+02   1.0295070e+01
   7.5400000e+02   1.0294733e+01
   7.5500000e+02   1.0294970e+01
   7.5600000e+02   1.0294982e+01
   7.5700000e+02   1.0294767e+01
   7.5800000e+02   1.0294760e+01
   7.5900000e+02   1.0294768e+01
   7.6000000e+02   1.0294763e+01
   7.6100000e+02   1.0294611e+01
   7.6200000e+02   1.0294861e+01
   7.6300000e+02   1.0294694e+01
   7.6400000e+02   1.0294656e+01
   7.6500000e+02   1.0294812e+01
   7.6600000e+02   1.0294845e+01
   7.6700000e+02   1.0294405e+01
   7.6800000e+02   1.0294571e+01
   7.6900000e+02   1.0294765e+01
   7.7000000e+02   1.0294412e+01
   7.7100000e+02   1.0294870e+01
   7.7200000e+02   1.0294478e+01
   7.7300000e+02   1.0294509e+01
   7.7400000e+02   1.0294280e+01
   7.7500000e+02   1.0294701e+01
   7.7600000e+02   1.0294333e+01
   7.7700000e+02   1.0294771e+01
   7.7800000e+02   1.0294427e+01
   7.7900000e+02   1.0294384e+01
   7.8000000e+02   1.0294654e+01
