   0.0000000e+00   1.0227864e+01
   1.0000000e+00   1.0224102e+01
   2.0000000e+00   1.0223119e+01
   3.0000000e+00   1.0221951e+01
   4.0000000e+00   1.0221610e+01
   5.0000000e+00   1.0220810e+01
   6.0000000e+00   1.0220476e+01
   7.0000000e+00   1.0219981e+01
   8.0000000e+00   1.0219927e+01
   9.0000000e+00   1.0219551e+01
   1.0000000e+01   1.0219524e+01
   1.1000000e+01   1.0219180e+01
   1.2000000e+01   1.0219463e+01
   1.3000000e+01   1.0219181e+01
   1.4000000e+01   1.0218671e+01
   1.5000000e+01   1.0218684e+01
   1.6000000e+01   1.0218363e+01
   1.7000000e+01   1.0218136e+01
   1.8000000e+01   1.0218452e+01
   1.9000000e+01   1.0218001e+01
   2.0000000e+01   1.0217907e+01
   2.1000000e+01   1.0217649e+01
   2.2000000e+01   1.0217872e+01
   2.3000000e+01   1.0217676e+01
   2.4000000e+01   1.0217345e+01
   2.5000000e+01   1.0217397e+01
   2.6000000e+01   1.0217497e+01
   2.7000000e+01   1.0217288e+01
   2.8000000e+01   1.0217176e+01
   2.9000000e+01   1.0217160e+01
   3.0000000e+01   1.0217098e+01
   3.1000000e+01   1.0216872e+01
   3.2000000e+01   1.0217181e+01
   3.3000000e+01   1.0216889e+01
   3.4000000e+01   1.0216813e+01
   3.5000000e+01   1.0216958e+01
   3.6000000e+01   1.0216428e+01
   3.7000000e+01   1.0216567e+01
   3.8000000e+01   1.0216442e+01
   3.9000000e+01   1.0216385e+01
   4.0000000e+01   1.0216304e+01
   4.1000000e+01   1.0216193e+01
   4.2000000e+01   1.0216036e+01
   4.3000000e+01   1.0216000e+01
   4.4000000e+01   1.0216314e+01
   4.5000000e+01   1.0216079e+01
   4.6000000e+01   1.0216063e+01
   4.7000000e+01   1.0215828e+01
   4.8000000e+01   1.0215699e+01
   4.9000000e+01   1.0215624e+01
   5.0000000e+01   1.0215732e+01
   5.1000000e+01   1.0215536e+01
   5.2000000e+01   1.0215428e+01
   5.3000000e+01   1.0215269e+01
   5.4000000e+01   1.0215441e+01
   5.5000000e+01   1.0215210e+01
   5.6000000e+01   1.0215116e+01
   5.7000000e+01   1.0215244e+01
   5.8000000e+01   1.0214930e+01
   5.9000000e+01   1.0214927e+01
   6.0000000e+01   1.0214821e+01
   6.1000000e+01   1.0215020e+01
   6.2000000e+01   1.0214908e+01
   6.3000000e+01   1.0214813e+01
   6.4000000e+01   1.0214991e+01
   6.5000000e+01   1.0214999e+01
   6.6000000e+01   1.0214795e+01
   6.7000000e+01   1.0214702e+01
   6.8000000e+01   1.0214748e+01
   6.9000000e+01   1.0214817e+01
   7.0000000e+01   1.0214681e+01
   7.1000000e+01   1.0214695e+01
   7.2000000e+01   1.0214632e+01
   7.3000000e+01   1.0214743e+01
   7.4000000e+01   1.0214669e+01
   7.5000000e+01   1.0214520e+01
   7.6000000e+01   1.0214545e+01
   7.7000000e+01   1.0214472e+01
   7.8000000e+01   1.0214367e+01
   7.9000000e+01   1.0214328e+01
   8.0000000e+01   1.0214570e+01
   8.1000000e+01   1.0214261e+01
   8.2000000e+01   1.0214412e+01
   8.3000000e+01   1.0214026e+01
   8.4000000e+01   1.0213946e+01
   8.5000000e+01   1.0213938e+01
   8.6000000e+01   1.0214084e+01
   8.7000000e+01   1.0213865e+01
   8.8000000e+01   1.0213875e+01
   8.9000000e+01   1.0213684e+01
   9.0000000e+01   1.0213495e+01
   9.1000000e+01   1.0213520e+01
   9.2000000e+01   1.0213627e+01
   9.3000000e+01   1.0213693e+01
   9.4000000e+01   1.0213412e+01
   9.5000000e+01   1.0213442e+01
   9.6000000e+01   1.0213322e+01
   9.7000000e+01   1.0213485e+01
   9.8000000e+01   1.0213167e+01
   9.9000000e+01   1.0213277e+01
   1.0000000e+02   1.0213205e+01
   1.0100000e+02   1.0213390e+01
   1.0200000e+02   1.0213244e+01
   1.0300000e+02   1.0213056e+01
   1.0400000e+02   1.0213084e+01
   1.0500000e+02   1.0213343e+01
   1.0600000e+02   1.0212916e+01
   1.0700000e+02   1.0213297e+01
   1.0800000e+02   1.0213078e+01
   1.0900000e+02   1.0213297e+01
   1.1000000e+02   1.0212803e+01
   1.1100000e+02   1.0213014e+01
   1.1200000e+02   1.0213158e+01
   1.1300000e+02   1.0212961e+01
   1.1400000e+02   1.0212714e+01
   1.1500000e+02   1.0212700e+01
   1.1600000e+02   1.0212934e+01
   1.1700000e+02   1.0212772e+01
   1.1800000e+02   1.0212827e+01
   1.1900000e+02   1.0212483e+01
   1.2000000e+02   1.0212600e+01
   1.2100000e+02   1.0212446e+01
   1.2200000e+02   1.0212606e+01
   1.2300000e+02   1.0212334e+01
   1.2400000e+02   1.0212421e+01
   1.2500000e+02   1.0212454e+01
   1.2600000e+02   1.0212214e+01
   1.2700000e+02   1.0212166e+01
   1.2800000e+02   1.0212534e+01
   1.2900000e+02   1.0212696e+01
   1.3000000e+02   1.0212583e+01
   1.3100000e+02   1.0212254e+01
   1.3200000e+02   1.0212458e+01
   1.3300000e+02   1.0212308e+01
   1.3400000e+02   1.0212324e+01
   1.3500000e+02   1.0212329e+01
   1.3600000e+02   1.0212179e+01
   1.3700000e+02   1.0212213e+01
   1.3800000e+02   1.0212116e+01
   1.3900000e+02   1.0211811e+01
   1.4000000e+02   1.0211969e+01
   1.4100000e+02   1.0211815e+01
   1.4200000e+02   1.0211568e+01
   1.4300000e+02   1.0211809e+01
   1.4400000e+02   1.0211577e+01
   1.4500000e+02   1.0211616e+01
   1.4600000e+02   1.0211431e+01
   1.4700000e+02   1.0211481e+01
   1.4800000e+02   1.0211661e+01
   1.4900000e+02   1.0211581e+01
   1.5000000e+02   1.0211739e+01
   1.5100000e+02   1.0211357e+01
   1.5200000e+02   1.0211380e+01
   1.5300000e+02   1.0211405e+01
   1.5400000e+02   1.0211228e+01
   1.5500000e+02   1.0211280e+01
   1.5600000e+02   1.0211303e+01
   1.5700000e+02   1.0211491e+01
   1.5800000e+02   1.0211198e+01
   1.5900000e+02   1.0211427e+01
   1.6000000e+02   1.0211498e+01
   1.6100000e+02   1.0211508e+01
   1.6200000e+02   1.0211579e+01
   1.6300000e+02   1.0211449e+01
   1.6400000e+02   1.0211144e+01
   1.6500000e+02   1.0211199e+01
   1.6600000e+02   1.0211018e+01
   1.6700000e+02   1.0208586e+01
   1.6800000e+02   1.0195817e+01
   1.6900000e+02   1.0180529e+01
   1.7000000e+02   1.0183249e+01
   1.7100000e+02   1.0193585e+01
   1.7200000e+02   1.0202260e+01
   1.7300000e+02   1.0206130e+01
   1.7400000e+02   1.0207024e+01
   1.7500000e+02   1.0206730e+01
   1.7600000e+02   1.0207226e+01
   1.7700000e+02   1.0207676e+01
   1.7800000e+02   1.0207518e+01
   1.7900000e+02   1.0199430e+01
   1.8000000e+02   1.0159749e+01
   1.8100000e+02   1.0151197e+01
   1.8200000e+02   1.0155889e+01
   1.8300000e+02   1.0158181e+01
   1.8400000e+02   1.0162527e+01
   1.8500000e+02   1.0166582e+01
   1.8600000e+02   1.0169916e+01
   1.8700000e+02   1.0172317e+01
   1.8800000e+02   1.0173929e+01
   1.8900000e+02   1.0174216e+01
   1.9000000e+02   1.0177134e+01
   1.9100000e+02   1.0183541e+01
   1.9200000e+02   1.0187455e+01
   1.9300000e+02   1.0190103e+01
   1.9400000e+02   1.0193510e+01
   1.9500000e+02   1.0197733e+01
   1.9600000e+02   1.0200677e+01
   1.9700000e+02   1.0202178e+01
   1.9800000e+02   1.0203057e+01
   1.9900000e+02   1.0203706e+01
   2.0000000e+02   1.0204414e+01
   2.0100000e+02   1.0204928e+01
   2.0200000e+02   1.0205240e+01
   2.0300000e+02   1.0205942e+01
   2.0400000e+02   1.0206238e+01
   2.0500000e+02   1.0206752e+01
   2.0600000e+02   1.0207173e+01
   2.0700000e+02   1.0207478e+01
   2.0800000e+02   1.0207608e+01
   2.0900000e+02   1.0207984e+01
   2.1000000e+02   1.0208170e+01
   2.1100000e+02   1.0208753e+01
   2.1200000e+02   1.0208689e+01
   2.1300000e+02   1.0208906e+01
   2.1400000e+02   1.0209086e+01
   2.1500000e+02   1.0209208e+01
   2.1600000e+02   1.0209534e+01
   2.1700000e+02   1.0209706e+01
   2.1800000e+02   1.0209543e+01
   2.1900000e+02   1.0209667e+01
   2.2000000e+02   1.0209665e+01
   2.2100000e+02   1.0209545e+01
   2.2200000e+02   1.0209801e+01
   2.2300000e+02   1.0209693e+01
   2.2400000e+02   1.0209632e+01
   2.2500000e+02   1.0209707e+01
   2.2600000e+02   1.0209912e+01
   2.2700000e+02   1.0209759e+01
   2.2800000e+02   1.0209812e+01
   2.2900000e+02   1.0209628e+01
   2.3000000e+02   1.0210146e+01
   2.3100000e+02   1.0209736e+01
   2.3200000e+02   1.0209748e+01
   2.3300000e+02   1.0209666e+01
   2.3400000e+02   1.0209817e+01
   2.3500000e+02   1.0209685e+01
   2.3600000e+02   1.0209835e+01
   2.3700000e+02   1.0209667e+01
   2.3800000e+02   1.0209868e+01
   2.3900000e+02   1.0209836e+01
   2.4000000e+02   1.0209773e+01
   2.4100000e+02   1.0209577e+01
   2.4200000e+02   1.0209345e+01
   2.4300000e+02   1.0209256e+01
   2.4400000e+02   1.0208718e+01
   2.4500000e+02   1.0208046e+01
   2.4600000e+02   1.0206864e+01
   2.4700000e+02   1.0205862e+01
   2.4800000e+02   1.0204189e+01
   2.4900000e+02   1.0202945e+01
   2.5000000e+02   1.0202560e+01
   2.5100000e+02   1.0202364e+01
   2.5200000e+02   1.0203004e+01
   2.5300000e+02   1.0203519e+01
   2.5400000e+02   1.0204204e+01
   2.5500000e+02   1.0204188e+01
   2.5600000e+02   1.0204119e+01
   2.5700000e+02   1.0203929e+01
   2.5800000e+02   1.0203354e+01
   2.5900000e+02   1.0202723e+01
   2.6000000e+02   1.0202100e+01
   2.6100000e+02   1.0201658e+01
   2.6200000e+02   1.0201305e+01
   2.6300000e+02   1.0200776e+01
   2.6400000e+02   1.0200525e+01
   2.6500000e+02   1.0200259e+01
   2.6600000e+02   1.0200799e+01
   2.6700000e+02   1.0201320e+01
   2.6800000e+02   1.0201845e+01
   2.6900000e+02   1.0202720e+01
   2.7000000e+02   1.0203296e+01
   2.7100000e+02   1.0203803e+01
   2.7200000e+02   1.0204262e+01
   2.7300000e+02   1.0204337e+01
   2.7400000e+02   1.0204431e+01
   2.7500000e+02   1.0204505e+01
   2.7600000e+02   1.0204464e+01
   2.7700000e+02   1.0204482e+01
   2.7800000e+02   1.0204705e+01
   2.7900000e+02   1.0205198e+01
   2.8000000e+02   1.0205028e+01
   2.8100000e+02   1.0205292e+01
   2.8200000e+02   1.0205662e+01
   2.8300000e+02   1.0205714e+01
   2.8400000e+02   1.0205731e+01
   2.8500000e+02   1.0205969e+01
   2.8600000e+02   1.0206050e+01
   2.8700000e+02   1.0206323e+01
   2.8800000e+02   1.0206454e+01
   2.8900000e+02   1.0206493e+01
   2.9000000e+02   1.0206566e+01
   2.9100000e+02   1.0206541e+01
   2.9200000e+02   1.0206878e+01
   2.9300000e+02   1.0206663e+01
   2.9400000e+02   1.0206967e+01
   2.9500000e+02   1.0207017e+01
   2.9600000e+02   1.0206997e+01
   2.9700000e+02   1.0207113e+01
   2.9800000e+02   1.0207086e+01
   2.9900000e+02   1.0207135e+01
   3.0000000e+02   1.0207253e+01
   3.0100000e+02   1.0206651e+01
   3.0200000e+02   1.0206586e+01
   3.0300000e+02   1.0205884e+01
   3.0400000e+02   1.0205269e+01
   3.0500000e+02   1.0203802e+01
   3.0600000e+02   1.0202658e+01
   3.0700000e+02   1.0200571e+01
   3.0800000e+02   1.0197878e+01
   3.0900000e+02   1.0194870e+01
   3.1000000e+02   1.0191577e+01
   3.1100000e+02   1.0187507e+01
   3.1200000e+02   1.0184818e+01
   3.1300000e+02   1.0182883e+01
   3.1400000e+02   1.0182307e+01
   3.1500000e+02   1.0182002e+01
   3.1600000e+02   1.0181699e+01
   3.1700000e+02   1.0180079e+01
   3.1800000e+02   1.0176729e+01
   3.1900000e+02   1.0172025e+01
   3.2000000e+02   1.0166606e+01
   3.2100000e+02   1.0161252e+01
   3.2200000e+02   1.0157401e+01
   3.2300000e+02   1.0155040e+01
   3.2400000e+02   1.0153970e+01
   3.2500000e+02   1.0154942e+01
   3.2600000e+02   1.0157348e+01
   3.2700000e+02   1.0159876e+01
   3.2800000e+02   1.0163649e+01
   3.2900000e+02   1.0167600e+01
   3.3000000e+02   1.0171853e+01
   3.3100000e+02   1.0175518e+01
   3.3200000e+02   1.0178971e+01
   3.3300000e+02   1.0181766e+01
   3.3400000e+02   1.0183108e+01
   3.3500000e+02   1.0183968e+01
   3.3600000e+02   1.0183905e+01
   3.3700000e+02   1.0183352e+01
   3.3800000e+02   1.0182303e+01
   3.3900000e+02   1.0181302e+01
   3.4000000e+02   1.0181046e+01
   3.4100000e+02   1.0181083e+01
   3.4200000e+02   1.0181949e+01
   3.4300000e+02   1.0183769e+01
   3.4400000e+02   1.0185765e+01
   3.4500000e+02   1.0187774e+01
   3.4600000e+02   1.0189902e+01
   3.4700000e+02   1.0191269e+01
   3.4800000e+02   1.0193158e+01
   3.4900000e+02   1.0194304e+01
   3.5000000e+02   1.0195220e+01
   3.5100000e+02   1.0196434e+01
   3.5200000e+02   1.0196926e+01
   3.5300000e+02   1.0197856e+01
   3.5400000e+02   1.0198610e+01
   3.5500000e+02   1.0199278e+01
   3.5600000e+02   1.0199780e+01
   3.5700000e+02   1.0200271e+01
   3.5800000e+02   1.0200753e+01
   3.5900000e+02   1.0201113e+01
   3.6000000e+02   1.0201003e+01
   3.6100000e+02   1.0201030e+01
   3.6200000e+02   1.0201232e+01
   3.6300000e+02   1.0201416e+01
   3.6400000e+02   1.0201033e+01
   3.6500000e+02   1.0201796e+01
   3.6600000e+02   1.0201780e+01
   3.6700000e+02   1.0202368e+01
   3.6800000e+02   1.0202720e+01
   3.6900000e+02   1.0203339e+01
   3.7000000e+02   1.0203930e+01
   3.7100000e+02   1.0204280e+01
   3.7200000e+02   1.0204634e+01
   3.7300000e+02   1.0204925e+01
   3.7400000e+02   1.0205130e+01
   3.7500000e+02   1.0205241e+01
   3.7600000e+02   1.0205363e+01
   3.7700000e+02   1.0205664e+01
   3.7800000e+02   1.0205684e+01
   3.7900000e+02   1.0205615e+01
   3.8000000e+02   1.0206048e+01
   3.8100000e+02   1.0206076e+01
   3.8200000e+02   1.0206041e+01
   3.8300000e+02   1.0206258e+01
   3.8400000e+02   1.0205998e+01
   3.8500000e+02   1.0206187e+01
   3.8600000e+02   1.0205752e+01
   3.8700000e+02   1.0205461e+01
   3.8800000e+02   1.0205013e+01
   3.8900000e+02   1.0204704e+01
   3.9000000e+02   1.0204343e+01
   3.9100000e+02   1.0204236e+01
   3.9200000e+02   1.0203752e+01
   3.9300000e+02   1.0204041e+01
   3.9400000e+02   1.0203827e+01
   3.9500000e+02   1.0203902e+01
   3.9600000e+02   1.0203980e+01
   3.9700000e+02   1.0204171e+01
   3.9800000e+02   1.0204509e+01
   3.9900000e+02   1.0204610e+01
   4.0000000e+02   1.0204824e+01
   4.0100000e+02   1.0205131e+01
   4.0200000e+02   1.0205207e+01
   4.0300000e+02   1.0205714e+01
   4.0400000e+02   1.0205790e+01
   4.0500000e+02   1.0205170e+01
   4.0600000e+02   1.0205597e+01
   4.0700000e+02   1.0205791e+01
   4.0800000e+02   1.0205548e+01
   4.0900000e+02   1.0205755e+01
   4.1000000e+02   1.0205609e+01
   4.1100000e+02   1.0205606e+01
   4.1200000e+02   1.0205743e+01
   4.1300000e+02   1.0205762e+01
   4.1400000e+02   1.0205804e+01
   4.1500000e+02   1.0205519e+01
   4.1600000e+02   1.0205733e+01
   4.1700000e+02   1.0205831e+01
   4.1800000e+02   1.0205507e+01
   4.1900000e+02   1.0205645e+01
   4.2000000e+02   1.0205843e+01
   4.2100000e+02   1.0205793e+01
   4.2200000e+02   1.0205689e+01
   4.2300000e+02   1.0205705e+01
   4.2400000e+02   1.0205746e+01
   4.2500000e+02   1.0205969e+01
   4.2600000e+02   1.0205729e+01
   4.2700000e+02   1.0205696e+01
   4.2800000e+02   1.0205522e+01
   4.2900000e+02   1.0205735e+01
   4.3000000e+02   1.0205805e+01
   4.3100000e+02   1.0205815e+01
   4.3200000e+02   1.0205861e+01
   4.3300000e+02   1.0205675e+01
   4.3400000e+02   1.0205920e+01
   4.3500000e+02   1.0206046e+01
   4.3600000e+02   1.0205768e+01
   4.3700000e+02   1.0205500e+01
   4.3800000e+02   1.0205472e+01
   4.3900000e+02   1.0204830e+01
   4.4000000e+02   1.0203833e+01
   4.4100000e+02   1.0202670e+01
   4.4200000e+02   1.0200675e+01
   4.4300000e+02   1.0197512e+01
   4.4400000e+02   1.0193112e+01
   4.4500000e+02   1.0187835e+01
   4.4600000e+02   1.0181025e+01
   4.4700000e+02   1.0173638e+01
   4.4800000e+02   1.0165836e+01
   4.4900000e+02   1.0159194e+01
   4.5000000e+02   1.0153485e+01
   4.5100000e+02   1.0150113e+01
   4.5200000e+02   1.0148916e+01
   4.5300000e+02   1.0149593e+01
   4.5400000e+02   1.0152400e+01
   4.5500000e+02   1.0156201e+01
   4.5600000e+02   1.0161081e+01
   4.5700000e+02   1.0165702e+01
   4.5800000e+02   1.0170455e+01
   4.5900000e+02   1.0174467e+01
   4.6000000e+02   1.0177613e+01
   4.6100000e+02   1.0180356e+01
   4.6200000e+02   1.0182606e+01
   4.6300000e+02   1.0184420e+01
   4.6400000e+02   1.0185715e+01
   4.6500000e+02   1.0187118e+01
   4.6600000e+02   1.0188192e+01
   4.6700000e+02   1.0189143e+01
   4.6800000e+02   1.0190020e+01
   4.6900000e+02   1.0190768e+01
   4.7000000e+02   1.0191753e+01
   4.7100000e+02   1.0192435e+01
   4.7200000e+02   1.0193145e+01
   4.7300000e+02   1.0194130e+01
   4.7400000e+02   1.0194740e+01
   4.7500000e+02   1.0195494e+01
   4.7600000e+02   1.0195906e+01
   4.7700000e+02   1.0196537e+01
   4.7800000e+02   1.0197318e+01
   4.7900000e+02   1.0197934e+01
   4.8000000e+02   1.0198632e+01
   4.8100000e+02   1.0198962e+01
   4.8200000e+02   1.0199594e+01
   4.8300000e+02   1.0199784e+01
   4.8400000e+02   1.0200709e+01
   4.8500000e+02   1.0200855e+01
   4.8600000e+02   1.0201558e+01
   4.8700000e+02   1.0201616e+01
   4.8800000e+02   1.0202086e+01
   4.8900000e+02   1.0202498e+01
   4.9000000e+02   1.0203028e+01
   4.9100000e+02   1.0202783e+01
   4.9200000e+02   1.0203294e+01
   4.9300000e+02   1.0203391e+01
   4.9400000e+02   1.0203641e+01
   4.9500000e+02   1.0203777e+01
   4.9600000e+02   1.0203906e+01
   4.9700000e+02   1.0204415e+01
   4.9800000e+02   1.0204011e+01
   4.9900000e+02   1.0204206e+01
   5.0000000e+02   1.0204496e+01
   5.0100000e+02   1.0204382e+01
   5.0200000e+02   1.0204566e+01
   5.0300000e+02   1.0204510e+01
   5.0400000e+02   1.0204640e+01
   5.0500000e+02   1.0204712e+01
   5.0600000e+02   1.0204597e+01
   5.0700000e+02   1.0204714e+01
   5.0800000e+02   1.0204601e+01
   5.0900000e+02   1.0204783e+01
   5.1000000e+02   1.0204547e+01
   5.1100000e+02   1.0204697e+01
   5.1200000e+02   1.0204782e+01
   5.1300000e+02   1.0204641e+01
   5.1400000e+02   1.0204654e+01
   5.1500000e+02   1.0204871e+01
   5.1600000e+02   1.0204568e+01
   5.1700000e+02   1.0204594e+01
   5.1800000e+02   1.0204625e+01
   5.1900000e+02   1.0204846e+01
   5.2000000e+02   1.0204589e+01
   5.2100000e+02   1.0204820e+01
   5.2200000e+02   1.0204768e+01
   5.2300000e+02   1.0204905e+01
   5.2400000e+02   1.0204649e+01
   5.2500000e+02   1.0204706e+01
   5.2600000e+02   1.0204656e+01
   5.2700000e+02   1.0204545e+01
   5.2800000e+02   1.0204571e+01
   5.2900000e+02   1.0204975e+01
   5.3000000e+02   1.0204538e+01
   5.3100000e+02   1.0204596e+01
   5.3200000e+02   1.0204430e+01
   5.3300000e+02   1.0204545e+01
   5.3400000e+02   1.0204177e+01
   5.3500000e+02   1.0204491e+01
   5.3600000e+02   1.0204505e+01
   5.3700000e+02   1.0204435e+01
   5.3800000e+02   1.0204275e+01
   5.3900000e+02   1.0204494e+01
   5.4000000e+02   1.0204654e+01
   5.4100000e+02   1.0204770e+01
   5.4200000e+02   1.0204423e+01
   5.4300000e+02   1.0204413e+01
   5.4400000e+02   1.0204421e+01
   5.4500000e+02   1.0204355e+01
   5.4600000e+02   1.0204183e+01
   5.4700000e+02   1.0204267e+01
   5.4800000e+02   1.0204349e+01
   5.4900000e+02   1.0204260e+01
   5.5000000e+02   1.0204399e+01
   5.5100000e+02   1.0204139e+01
   5.5200000e+02   1.0204309e+01
   5.5300000e+02   1.0203969e+01
   5.5400000e+02   1.0204295e+01
   5.5500000e+02   1.0204144e+01
   5.5600000e+02   1.0204104e+01
   5.5700000e+02   1.0204095e+01
   5.5800000e+02   1.0204175e+01
   5.5900000e+02   1.0204363e+01
   5.6000000e+02   1.0204065e+01
   5.6100000e+02   1.0204037e+01
   5.6200000e+02   1.0204304e+01
   5.6300000e+02   1.0204063e+01
   5.6400000e+02   1.0203856e+01
   5.6500000e+02   1.0204359e+01
   5.6600000e+02   1.0204202e+01
   5.6700000e+02   1.0204022e+01
   5.6800000e+02   1.0203954e+01
   5.6900000e+02   1.0204035e+01
   5.7000000e+02   1.0204074e+01
   5.7100000e+02   1.0203967e+01
   5.7200000e+02   1.0204067e+01
   5.7300000e+02   1.0204214e+01
   5.7400000e+02   1.0203995e+01
   5.7500000e+02   1.0204042e+01
   5.7600000e+02   1.0203671e+01
   5.7700000e+02   1.0203839e+01
   5.7800000e+02   1.0203494e+01
   5.7900000e+02   1.0203332e+01
   5.8000000e+02   1.0203469e+01
   5.8100000e+02   1.0204052e+01
   5.8200000e+02   1.0203971e+01
   5.8300000e+02   1.0203779e+01
   5.8400000e+02   1.0203828e+01
   5.8500000e+02   1.0203823e+01
   5.8600000e+02   1.0203978e+01
   5.8700000e+02   1.0204042e+01
   5.8800000e+02   1.0203721e+01
   5.8900000e+02   1.0203547e+01
   5.9000000e+02   1.0203461e+01
   5.9100000e+02   1.0203549e+01
   5.9200000e+02   1.0203789e+01
   5.9300000e+02   1.0203898e+01
   5.9400000e+02   1.0203710e+01
   5.9500000e+02   1.0203737e+01
   5.9600000e+02   1.0203848e+01
   5.9700000e+02   1.0203517e+01
   5.9800000e+02   1.0203356e+01
   5.9900000e+02   1.0203578e+01
   6.0000000e+02   1.0203544e+01
   6.0100000e+02   1.0203933e+01
   6.0200000e+02   1.0203820e+01
   6.0300000e+02   1.0203436e+01
   6.0400000e+02   1.0203625e+01
   6.0500000e+02   1.0203734e+01
   6.0600000e+02   1.0203698e+01
   6.0700000e+02   1.0203381e+01
   6.0800000e+02   1.0203233e+01
   6.0900000e+02   1.0203355e+01
   6.1000000e+02   1.0203798e+01
   6.1100000e+02   1.0203703e+01
   6.1200000e+02   1.0203365e+01
   6.1300000e+02   1.0203482e+01
   6.1400000e+02   1.0203707e+01
   6.1500000e+02   1.0203401e+01
   6.1600000e+02   1.0203656e+01
   6.1700000e+02   1.0203438e+01
   6.1800000e+02   1.0203698e+01
   6.1900000e+02   1.0203282e+01
   6.2000000e+02   1.0203738e+01
   6.2100000e+02   1.0203299e+01
   6.2200000e+02   1.0203074e+01
   6.2300000e+02   1.0203579e+01
   6.2400000e+02   1.0203323e+01
   6.2500000e+02   1.0203861e+01
   6.2600000e+02   1.0203524e+01
   6.2700000e+02   1.0202910e+01
   6.2800000e+02   1.0203332e+01
   6.2900000e+02   1.0203282e+01
   6.3000000e+02   1.0203456e+01
   6.3100000e+02   1.0203433e+01
   6.3200000e+02   1.0202908e+01
   6.3300000e+02   1.0203450e+01
   6.3400000e+02   1.0202964e+01
   6.3500000e+02   1.0203405e+01
   6.3600000e+02   1.0203448e+01
   6.3700000e+02   1.0202998e+01
   6.3800000e+02   1.0203493e+01
   6.3900000e+02   1.0203277e+01
   6.4000000e+02   1.0203475e+01
   6.4100000e+02   1.0203113e+01
   6.4200000e+02   1.0203620e+01
   6.4300000e+02   1.0203227e+01
   6.4400000e+02   1.0203367e+01
   6.4500000e+02   1.0203395e+01
   6.4600000e+02   1.0202931e+01
   6.4700000e+02   1.0203031e+01
   6.4800000e+02   1.0203017e+01
   6.4900000e+02   1.0203258e+01
   6.5000000e+02   1.0202911e+01
   6.5100000e+02   1.0203303e+01
   6.5200000e+02   1.0202862e+01
   6.5300000e+02   1.0203070e+01
   6.5400000e+02   1.0203080e+01
   6.5500000e+02   1.0203030e+01
   6.5600000e+02   1.0203160e+01
   6.5700000e+02   1.0203166e+01
   6.5800000e+02   1.0202867e+01
   6.5900000e+02   1.0202546e+01
   6.6000000e+02   1.0203029e+01
   6.6100000e+02   1.0202839e+01
   6.6200000e+02   1.0202831e+01
   6.6300000e+02   1.0202662e+01
   6.6400000e+02   1.0202547e+01
   6.6500000e+02   1.0203001e+01
   6.6600000e+02   1.0202719e+01
   6.6700000e+02   1.0202545e+01
   6.6800000e+02   1.0202718e+01
   6.6900000e+02   1.0202545e+01
   6.7000000e+02   1.0202676e+01
   6.7100000e+02   1.0202598e+01
   6.7200000e+02   1.0202846e+01
   6.7300000e+02   1.0202733e+01
   6.7400000e+02   1.0202349e+01
   6.7500000e+02   1.0202336e+01
   6.7600000e+02   1.0201979e+01
   6.7700000e+02   1.0201826e+01
   6.7800000e+02   1.0202048e+01
   6.7900000e+02   1.0201964e+01
   6.8000000e+02   1.0201978e+01
   6.8100000e+02   1.0202370e+01
   6.8200000e+02   1.0202363e+01
   6.8300000e+02   1.0201805e+01
   6.8400000e+02   1.0201726e+01
   6.8500000e+02   1.0201467e+01
   6.8600000e+02   1.0201156e+01
   6.8700000e+02   1.0201176e+01
   6.8800000e+02   1.0200889e+01
   6.8900000e+02   1.0201023e+01
   6.9000000e+02   1.0201085e+01
   6.9100000e+02   1.0200724e+01
   6.9200000e+02   1.0200609e+01
   6.9300000e+02   1.0200687e+01
   6.9400000e+02   1.0200909e+01
   6.9500000e+02   1.0201056e+01
   6.9600000e+02   1.0200933e+01
   6.9700000e+02   1.0200720e+01
   6.9800000e+02   1.0201015e+01
   6.9900000e+02   1.0201391e+01
   7.0000000e+02   1.0201252e+01
   7.0100000e+02   1.0201478e+01
   7.0200000e+02   1.0201309e+01
   7.0300000e+02   1.0201236e+01
   7.0400000e+02   1.0201572e+01
   7.0500000e+02   1.0201756e+01
   7.0600000e+02   1.0201722e+01
   7.0700000e+02   1.0201499e+01
   7.0800000e+02   1.0201316e+01
   7.0900000e+02   1.0201686e+01
   7.1000000e+02   1.0201345e+01
   7.1100000e+02   1.0201604e+01
   7.1200000e+02   1.0201877e+01
   7.1300000e+02   1.0202187e+01
   7.1400000e+02   1.0202269e+01
   7.1500000e+02   1.0201784e+01
   7.1600000e+02   1.0201849e+01
   7.1700000e+02   1.0201776e+01
   7.1800000e+02   1.0202079e+01
   7.1900000e+02   1.0201665e+01
   7.2000000e+02   1.0202064e+01
   7.2100000e+02   1.0201790e+01
   7.2200000e+02   1.0202126e+01
   7.2300000e+02   1.0202017e+01
   7.2400000e+02   1.0202124e+01
   7.2500000e+02   1.0202005e+01
   7.2600000e+02   1.0201882e+01
   7.2700000e+02   1.0202426e+01
   7.2800000e+02   1.0201993e+01
   7.2900000e+02   1.0201726e+01
   7.3000000e+02   1.0202068e+01
   7.3100000e+02   1.0201732e+01
   7.3200000e+02   1.0201970e+01
   7.3300000e+02   1.0201678e+01
   7.3400000e+02   1.0202007e+01
   7.3500000e+02   1.0201986e+01
   7.3600000e+02   1.0201726e+01
   7.3700000e+02   1.0201956e+01
   7.3800000e+02   1.0201884e+01
   7.3900000e+02   1.0201762e+01
   7.4000000e+02   1.0201573e+01
   7.4100000e+02   1.0202125e+01
   7.4200000e+02   1.0201739e+01
   7.4300000e+02   1.0201706e+01
   7.4400000e+02   1.0201863e+01
   7.4500000e+02   1.0201657e+01
   7.4600000e+02   1.0201750e+01
   7.4700000e+02   1.0201789e+01
   7.4800000e+02   1.0202080e+01
   7.4900000e+02   1.0201492e+01
   7.5000000e+02   1.0201857e+01
   7.5100000e+02   1.0201820e+01
   7.5200000e+02   1.0201668e+01
   7.5300000e+02   1.0201688e+01
   7.5400000e+02   1.0201773e+01
   7.5500000e+02   1.0201808e+01
   7.5600000e+02   1.0201931e+01
   7.5700000e+02   1.0201801e+01
   7.5800000e+02   1.0201677e+01
   7.5900000e+02   1.0201811e+01
   7.6000000e+02   1.0201648e+01
   7.6100000e+02   1.0201970e+01
   7.6200000e+02   1.0201363e+01
   7.6300000e+02   1.0201900e+01
   7.6400000e+02   1.0201676e+01
   7.6500000e+02   1.0201801e+01
   7.6600000e+02   1.0201964e+01
   7.6700000e+02   1.0201533e+01
   7.6800000e+02   1.0201363e+01
   7.6900000e+02   1.0201601e+01
   7.7000000e+02   1.0201783e+01
   7.7100000e+02   1.0201390e+01
   7.7200000e+02   1.0201586e+01
   7.7300000e+02   1.0201506e+01
   7.7400000e+02   1.0201670e+01
   7.7500000e+02   1.0201459e+01
   7.7600000e+02   1.0201703e+01
   7.7700000e+02   1.0201442e+01
   7.7800000e+02   1.0201452e+01
   7.7900000e+02   1.0201387e+01
   7.8000000e+02   1.0201692e+01
