   0.0000000e+00   1.0252162e+01
   1.0000000e+00   1.0247896e+01
   2.0000000e+00   1.0246533e+01
   3.0000000e+00   1.0246136e+01
   4.0000000e+00   1.0245398e+01
   5.0000000e+00   1.0245271e+01
   6.0000000e+00   1.0244531e+01
   7.0000000e+00   1.0244498e+01
   8.0000000e+00   1.0243989e+01
   9.0000000e+00   1.0243936e+01
   1.0000000e+01   1.0243515e+01
   1.1000000e+01   1.0243350e+01
   1.2000000e+01   1.0243004e+01
   1.3000000e+01   1.0243168e+01
   1.4000000e+01   1.0242827e+01
   1.5000000e+01   1.0242754e+01
   1.6000000e+01   1.0242482e+01
   1.7000000e+01   1.0242340e+01
   1.8000000e+01   1.0242209e+01
   1.9000000e+01   1.0241980e+01
   2.0000000e+01   1.0241833e+01
   2.1000000e+01   1.0241788e+01
   2.2000000e+01   1.0241509e+01
   2.3000000e+01   1.0241249e+01
   2.4000000e+01   1.0241278e+01
   2.5000000e+01   1.0241147e+01
   2.6000000e+01   1.0241082e+01
   2.7000000e+01   1.0240938e+01
   2.8000000e+01   1.0240815e+01
   2.9000000e+01   1.0240549e+01
   3.0000000e+01   1.0240086e+01
   3.1000000e+01   1.0240155e+01
   3.2000000e+01   1.0240331e+01
   3.3000000e+01   1.0239914e+01
   3.4000000e+01   1.0240127e+01
   3.5000000e+01   1.0239933e+01
   3.6000000e+01   1.0239918e+01
   3.7000000e+01   1.0239735e+01
   3.8000000e+01   1.0239517e+01
   3.9000000e+01   1.0239483e+01
   4.0000000e+01   1.0239517e+01
   4.1000000e+01   1.0239216e+01
   4.2000000e+01   1.0239375e+01
   4.3000000e+01   1.0239320e+01
   4.4000000e+01   1.0239516e+01
   4.5000000e+01   1.0238932e+01
   4.6000000e+01   1.0239132e+01
   4.7000000e+01   1.0238589e+01
   4.8000000e+01   1.0238592e+01
   4.9000000e+01   1.0238355e+01
   5.0000000e+01   1.0238474e+01
   5.1000000e+01   1.0238140e+01
   5.2000000e+01   1.0238138e+01
   5.3000000e+01   1.0238069e+01
   5.4000000e+01   1.0238343e+01
   5.5000000e+01   1.0238216e+01
   5.6000000e+01   1.0237980e+01
   5.7000000e+01   1.0238194e+01
   5.8000000e+01   1.0237957e+01
   5.9000000e+01   1.0237845e+01
   6.0000000e+01   1.0237740e+01
   6.1000000e+01   1.0237435e+01
   6.2000000e+01   1.0237713e+01
   6.3000000e+01   1.0237702e+01
   6.4000000e+01   1.0237663e+01
   6.5000000e+01   1.0237689e+01
   6.6000000e+01   1.0237571e+01
   6.7000000e+01   1.0237276e+01
   6.8000000e+01   1.0237235e+01
   6.9000000e+01   1.0237023e+01
   7.0000000e+01   1.0237085e+01
   7.1000000e+01   1.0237033e+01
   7.2000000e+01   1.0236720e+01
   7.3000000e+01   1.0236765e+01
   7.4000000e+01   1.0236788e+01
   7.5000000e+01   1.0236605e+01
   7.6000000e+01   1.0236952e+01
   7.7000000e+01   1.0236473e+01
   7.8000000e+01   1.0236594e+01
   7.9000000e+01   1.0236346e+01
   8.0000000e+01   1.0236376e+01
   8.1000000e+01   1.0236282e+01
   8.2000000e+01   1.0236077e+01
   8.3000000e+01   1.0236187e+01
   8.4000000e+01   1.0236138e+01
   8.5000000e+01   1.0236066e+01
   8.6000000e+01   1.0236000e+01
   8.7000000e+01   1.0236146e+01
   8.8000000e+01   1.0235962e+01
   8.9000000e+01   1.0235892e+01
   9.0000000e+01   1.0235806e+01
   9.1000000e+01   1.0236063e+01
   9.2000000e+01   1.0235918e+01
   9.3000000e+01   1.0235722e+01
   9.4000000e+01   1.0235592e+01
   9.5000000e+01   1.0235846e+01
   9.6000000e+01   1.0235762e+01
   9.7000000e+01   1.0235737e+01
   9.8000000e+01   1.0235603e+01
   9.9000000e+01   1.0235655e+01
   1.0000000e+02   1.0235600e+01
   1.0100000e+02   1.0235543e+01
   1.0200000e+02   1.0235392e+01
   1.0300000e+02   1.0235583e+01
   1.0400000e+02   1.0235635e+01
   1.0500000e+02   1.0235419e+01
   1.0600000e+02   1.0235314e+01
   1.0700000e+02   1.0235599e+01
   1.0800000e+02   1.0235072e+01
   1.0900000e+02   1.0235064e+01
   1.1000000e+02   1.0235141e+01
   1.1100000e+02   1.0234787e+01
   1.1200000e+02   1.0234938e+01
   1.1300000e+02   1.0234712e+01
   1.1400000e+02   1.0234991e+01
   1.1500000e+02   1.0234568e+01
   1.1600000e+02   1.0234804e+01
   1.1700000e+02   1.0234636e+01
   1.1800000e+02   1.0234379e+01
   1.1900000e+02   1.0234367e+01
   1.2000000e+02   1.0234504e+01
   1.2100000e+02   1.0234499e+01
   1.2200000e+02   1.0234381e+01
   1.2300000e+02   1.0234441e+01
   1.2400000e+02   1.0234160e+01
   1.2500000e+02   1.0234275e+01
   1.2600000e+02   1.0234223e+01
   1.2700000e+02   1.0234082e+01
   1.2800000e+02   1.0234375e+01
   1.2900000e+02   1.0234130e+01
   1.3000000e+02   1.0234049e+01
   1.3100000e+02   1.0233895e+01
   1.3200000e+02   1.0233874e+01
   1.3300000e+02   1.0233943e+01
   1.3400000e+02   1.0233827e+01
   1.3500000e+02   1.0233722e+01
   1.3600000e+02   1.0233790e+01
   1.3700000e+02   1.0233823e+01
   1.3800000e+02   1.0233906e+01
   1.3900000e+02   1.0233615e+01
   1.4000000e+02   1.0233532e+01
   1.4100000e+02   1.0233803e+01
   1.4200000e+02   1.0233666e+01
   1.4300000e+02   1.0233520e+01
   1.4400000e+02   1.0233804e+01
   1.4500000e+02   1.0233617e+01
   1.4600000e+02   1.0233436e+01
   1.4700000e+02   1.0233376e+01
   1.4800000e+02   1.0233148e+01
   1.4900000e+02   1.0233424e+01
   1.5000000e+02   1.0233217e+01
   1.5100000e+02   1.0232973e+01
   1.5200000e+02   1.0233213e+01
   1.5300000e+02   1.0232789e+01
   1.5400000e+02   1.0233060e+01
   1.5500000e+02   1.0233005e+01
   1.5600000e+02   1.0233092e+01
   1.5700000e+02   1.0232980e+01
   1.5800000e+02   1.0232858e+01
   1.5900000e+02   1.0232938e+01
   1.6000000e+02   1.0232937e+01
   1.6100000e+02   1.0232927e+01
   1.6200000e+02   1.0232953e+01
   1.6300000e+02   1.0232780e+01
   1.6400000e+02   1.0232526e+01
   1.6500000e+02   1.0232300e+01
   1.6600000e+02   1.0232306e+01
   1.6700000e+02   1.0229149e+01
   1.6800000e+02   1.0214834e+01
   1.6900000e+02   1.0199312e+01
   1.7000000e+02   1.0203374e+01
   1.7100000e+02   1.0215158e+01
   1.7200000e+02   1.0223469e+01
   1.7300000e+02   1.0226995e+01
   1.7400000e+02   1.0227741e+01
   1.7500000e+02   1.0227547e+01
   1.7600000e+02   1.0227982e+01
   1.7700000e+02   1.0227887e+01
   1.7800000e+02   1.0227904e+01
   1.7900000e+02   1.0214078e+01
   1.8000000e+02   1.0170434e+01
   1.8100000e+02   1.0165877e+01
   1.8200000e+02   1.0172433e+01
   1.8300000e+02   1.0175503e+01
   1.8400000e+02   1.0180097e+01
   1.8500000e+02   1.0183275e+01
   1.8600000e+02   1.0184233e+01
   1.8700000e+02   1.0185171e+01
   1.8800000e+02   1.0187995e+01
   1.8900000e+02   1.0192342e+01
   1.9000000e+02   1.0198144e+01
   1.9100000e+02   1.0205327e+01
   1.9200000e+02   1.0211018e+01
   1.9300000e+02   1.0215760e+01
   1.9400000e+02   1.0218901e+01
   1.9500000e+02   1.0220955e+01
   1.9600000e+02   1.0222625e+01
   1.9700000e+02   1.0223829e+01
   1.9800000e+02   1.0224610e+01
   1.9900000e+02   1.0225279e+01
   2.0000000e+02   1.0225792e+01
   2.0100000e+02   1.0226726e+01
   2.0200000e+02   1.0227319e+01
   2.0300000e+02   1.0227591e+01
   2.0400000e+02   1.0227838e+01
   2.0500000e+02   1.0228190e+01
   2.0600000e+02   1.0228419e+01
   2.0700000e+02   1.0228933e+01
   2.0800000e+02   1.0229252e+01
   2.0900000e+02   1.0230016e+01
   2.1000000e+02   1.0229596e+01
   2.1100000e+02   1.0230232e+01
   2.1200000e+02   1.0230218e+01
   2.1300000e+02   1.0230420e+01
   2.1400000e+02   1.0229913e+01
   2.1500000e+02   1.0230316e+01
   2.1600000e+02   1.0230697e+01
   2.1700000e+02   1.0230437e+01
   2.1800000e+02   1.0230742e+01
   2.1900000e+02   1.0230144e+01
   2.2000000e+02   1.0230304e+01
   2.2100000e+02   1.0230270e+01
   2.2200000e+02   1.0230826e+01
   2.2300000e+02   1.0230413e+01
   2.2400000e+02   1.0230605e+01
   2.2500000e+02   1.0230490e+01
   2.2600000e+02   1.0229998e+01
   2.2700000e+02   1.0230285e+01
   2.2800000e+02   1.0230190e+01
   2.2900000e+02   1.0229907e+01
   2.3000000e+02   1.0229821e+01
   2.3100000e+02   1.0230130e+01
   2.3200000e+02   1.0229870e+01
   2.3300000e+02   1.0229890e+01
   2.3400000e+02   1.0229992e+01
   2.3500000e+02   1.0230193e+01
   2.3600000e+02   1.0229820e+01
   2.3700000e+02   1.0230154e+01
   2.3800000e+02   1.0229745e+01
   2.3900000e+02   1.0230057e+01
   2.4000000e+02   1.0229796e+01
   2.4100000e+02   1.0229813e+01
   2.4200000e+02   1.0229489e+01
   2.4300000e+02   1.0229365e+01
   2.4400000e+02   1.0228968e+01
   2.4500000e+02   1.0228231e+01
   2.4600000e+02   1.0226842e+01
   2.4700000e+02   1.0225482e+01
   2.4800000e+02   1.0223842e+01
   2.4900000e+02   1.0222717e+01
   2.5000000e+02   1.0221985e+01
   2.5100000e+02   1.0222327e+01
   2.5200000e+02   1.0222602e+01
   2.5300000e+02   1.0223653e+01
   2.5400000e+02   1.0224214e+01
   2.5500000e+02   1.0224012e+01
   2.5600000e+02   1.0223368e+01
   2.5700000e+02   1.0222648e+01
   2.5800000e+02   1.0222386e+01
   2.5900000e+02   1.0221827e+01
   2.6000000e+02   1.0220596e+01
   2.6100000e+02   1.0220591e+01
   2.6200000e+02   1.0219889e+01
   2.6300000e+02   1.0219485e+01
   2.6400000e+02   1.0219157e+01
   2.6500000e+02   1.0219724e+01
   2.6600000e+02   1.0220016e+01
   2.6700000e+02   1.0220670e+01
   2.6800000e+02   1.0221395e+01
   2.6900000e+02   1.0221626e+01
   2.7000000e+02   1.0222392e+01
   2.7100000e+02   1.0222853e+01
   2.7200000e+02   1.0223066e+01
   2.7300000e+02   1.0223294e+01
   2.7400000e+02   1.0223097e+01
   2.7500000e+02   1.0223156e+01
   2.7600000e+02   1.0223242e+01
   2.7700000e+02   1.0223781e+01
   2.7800000e+02   1.0223808e+01
   2.7900000e+02   1.0224438e+01
   2.8000000e+02   1.0224662e+01
   2.8100000e+02   1.0224945e+01
   2.8200000e+02   1.0225065e+01
   2.8300000e+02   1.0225157e+01
   2.8400000e+02   1.0225431e+01
   2.8500000e+02   1.0225418e+01
   2.8600000e+02   1.0225589e+01
   2.8700000e+02   1.0225709e+01
   2.8800000e+02   1.0225913e+01
   2.8900000e+02   1.0225818e+01
   2.9000000e+02   1.0225951e+01
   2.9100000e+02   1.0225975e+01
   2.9200000e+02   1.0226223e+01
   2.9300000e+02   1.0226323e+01
   2.9400000e+02   1.0226451e+01
   2.9500000e+02   1.0226550e+01
   2.9600000e+02   1.0226677e+01
   2.9700000e+02   1.0226774e+01
   2.9800000e+02   1.0226966e+01
   2.9900000e+02   1.0226732e+01
   3.0000000e+02   1.0226273e+01
   3.0100000e+02   1.0226119e+01
   3.0200000e+02   1.0225209e+01
   3.0300000e+02   1.0224539e+01
   3.0400000e+02   1.0222804e+01
   3.0500000e+02   1.0221108e+01
   3.0600000e+02   1.0218450e+01
   3.0700000e+02   1.0214731e+01
   3.0800000e+02   1.0210364e+01
   3.0900000e+02   1.0205541e+01
   3.1000000e+02   1.0200472e+01
   3.1100000e+02   1.0195979e+01
   3.1200000e+02   1.0193095e+01
   3.1300000e+02   1.0191449e+01
   3.1400000e+02   1.0190783e+01
   3.1500000e+02   1.0190007e+01
   3.1600000e+02   1.0188132e+01
   3.1700000e+02   1.0183884e+01
   3.1800000e+02   1.0177463e+01
   3.1900000e+02   1.0169839e+01
   3.2000000e+02   1.0162070e+01
   3.2100000e+02   1.0155447e+01
   3.2200000e+02   1.0151844e+01
   3.2300000e+02   1.0149977e+01
   3.2400000e+02   1.0150928e+01
   3.2500000e+02   1.0152918e+01
   3.2600000e+02   1.0157122e+01
   3.2700000e+02   1.0161359e+01
   3.2800000e+02   1.0166593e+01
   3.2900000e+02   1.0172525e+01
   3.3000000e+02   1.0177891e+01
   3.3100000e+02   1.0182225e+01
   3.3200000e+02   1.0186218e+01
   3.3300000e+02   1.0188285e+01
   3.3400000e+02   1.0189405e+01
   3.3500000e+02   1.0190137e+01
   3.3600000e+02   1.0190443e+01
   3.3700000e+02   1.0189398e+01
   3.3800000e+02   1.0188723e+01
   3.3900000e+02   1.0189395e+01
   3.4000000e+02   1.0190208e+01
   3.4100000e+02   1.0191873e+01
   3.4200000e+02   1.0194522e+01
   3.4300000e+02   1.0197241e+01
   3.4400000e+02   1.0200717e+01
   3.4500000e+02   1.0203526e+01
   3.4600000e+02   1.0205622e+01
   3.4700000e+02   1.0207837e+01
   3.4800000e+02   1.0209648e+01
   3.4900000e+02   1.0211441e+01
   3.5000000e+02   1.0212732e+01
   3.5100000e+02   1.0213952e+01
   3.5200000e+02   1.0215216e+01
   3.5300000e+02   1.0216153e+01
   3.5400000e+02   1.0217497e+01
   3.5500000e+02   1.0218222e+01
   3.5600000e+02   1.0218531e+01
   3.5700000e+02   1.0219425e+01
   3.5800000e+02   1.0219269e+01
   3.5900000e+02   1.0219014e+01
   3.6000000e+02   1.0219387e+01
   3.6100000e+02   1.0219216e+01
   3.6200000e+02   1.0218806e+01
   3.6300000e+02   1.0219033e+01
   3.6400000e+02   1.0219079e+01
   3.6500000e+02   1.0219437e+01
   3.6600000e+02   1.0220451e+01
   3.6700000e+02   1.0220632e+01
   3.6800000e+02   1.0221176e+01
   3.6900000e+02   1.0222028e+01
   3.7000000e+02   1.0222218e+01
   3.7100000e+02   1.0222830e+01
   3.7200000e+02   1.0222980e+01
   3.7300000e+02   1.0223132e+01
   3.7400000e+02   1.0223596e+01
   3.7500000e+02   1.0223766e+01
   3.7600000e+02   1.0224048e+01
   3.7700000e+02   1.0224330e+01
   3.7800000e+02   1.0224478e+01
   3.7900000e+02   1.0224552e+01
   3.8000000e+02   1.0224706e+01
   3.8100000e+02   1.0224105e+01
   3.8200000e+02   1.0224462e+01
   3.8300000e+02   1.0224344e+01
   3.8400000e+02   1.0224341e+01
   3.8500000e+02   1.0223632e+01
   3.8600000e+02   1.0223206e+01
   3.8700000e+02   1.0222777e+01
   3.8800000e+02   1.0222385e+01
   3.8900000e+02   1.0221968e+01
   3.9000000e+02   1.0221387e+01
   3.9100000e+02   1.0220842e+01
   3.9200000e+02   1.0221439e+01
   3.9300000e+02   1.0221036e+01
   3.9400000e+02   1.0221722e+01
   3.9500000e+02   1.0221682e+01
   3.9600000e+02   1.0222520e+01
   3.9700000e+02   1.0222447e+01
   3.9800000e+02   1.0223247e+01
   3.9900000e+02   1.0222913e+01
   4.0000000e+02   1.0223377e+01
   4.0100000e+02   1.0223279e+01
   4.0200000e+02   1.0223420e+01
   4.0300000e+02   1.0223999e+01
   4.0400000e+02   1.0223787e+01
   4.0500000e+02   1.0223678e+01
   4.0600000e+02   1.0224316e+01
   4.0700000e+02   1.0224142e+01
   4.0800000e+02   1.0224158e+01
   4.0900000e+02   1.0224042e+01
   4.1000000e+02   1.0223963e+01
   4.1100000e+02   1.0224251e+01
   4.1200000e+02   1.0224346e+01
   4.1300000e+02   1.0224418e+01
   4.1400000e+02   1.0224444e+01
   4.1500000e+02   1.0224754e+01
   4.1600000e+02   1.0224919e+01
   4.1700000e+02   1.0224736e+01
   4.1800000e+02   1.0224749e+01
   4.1900000e+02   1.0224626e+01
   4.2000000e+02   1.0225028e+01
   4.2100000e+02   1.0224710e+01
   4.2200000e+02   1.0224858e+01
   4.2300000e+02   1.0224696e+01
   4.2400000e+02   1.0224895e+01
   4.2500000e+02   1.0225127e+01
   4.2600000e+02   1.0225105e+01
   4.2700000e+02   1.0224823e+01
   4.2800000e+02   1.0225033e+01
   4.2900000e+02   1.0224816e+01
   4.3000000e+02   1.0224904e+01
   4.3100000e+02   1.0224673e+01
   4.3200000e+02   1.0224921e+01
   4.3300000e+02   1.0224713e+01
   4.3400000e+02   1.0224558e+01
   4.3500000e+02   1.0224309e+01
   4.3600000e+02   1.0224024e+01
   4.3700000e+02   1.0223043e+01
   4.3800000e+02   1.0221424e+01
   4.3900000e+02   1.0218953e+01
   4.4000000e+02   1.0214985e+01
   4.4100000e+02   1.0208887e+01
   4.4200000e+02   1.0199809e+01
   4.4300000e+02   1.0189068e+01
   4.4400000e+02   1.0175500e+01
   4.4500000e+02   1.0160306e+01
   4.4600000e+02   1.0144778e+01
   4.4700000e+02   1.0130712e+01
   4.4800000e+02   1.0118936e+01
   4.4900000e+02   1.0111691e+01
   4.5000000e+02   1.0108372e+01
   4.5100000e+02   1.0109757e+01
   4.5200000e+02   1.0114019e+01
   4.5300000e+02   1.0121670e+01
   4.5400000e+02   1.0129618e+01
   4.5500000e+02   1.0138157e+01
   4.5600000e+02   1.0146609e+01
   4.5700000e+02   1.0154090e+01
   4.5800000e+02   1.0160571e+01
   4.5900000e+02   1.0165795e+01
   4.6000000e+02   1.0170715e+01
   4.6100000e+02   1.0174693e+01
   4.6200000e+02   1.0178954e+01
   4.6300000e+02   1.0182573e+01
   4.6400000e+02   1.0185923e+01
   4.6500000e+02   1.0189428e+01
   4.6600000e+02   1.0192019e+01
   4.6700000e+02   1.0194900e+01
   4.6800000e+02   1.0197589e+01
   4.6900000e+02   1.0199722e+01
   4.7000000e+02   1.0202373e+01
   4.7100000e+02   1.0203868e+01
   4.7200000e+02   1.0205781e+01
   4.7300000e+02   1.0207331e+01
   4.7400000e+02   1.0208732e+01
   4.7500000e+02   1.0210374e+01
   4.7600000e+02   1.0212072e+01
   4.7700000e+02   1.0213477e+01
   4.7800000e+02   1.0214448e+01
   4.7900000e+02   1.0215565e+01
   4.8000000e+02   1.0216652e+01
   4.8100000e+02   1.0217875e+01
   4.8200000e+02   1.0218580e+01
   4.8300000e+02   1.0219575e+01
   4.8400000e+02   1.0219905e+01
   4.8500000e+02   1.0221045e+01
   4.8600000e+02   1.0221587e+01
   4.8700000e+02   1.0221716e+01
   4.8800000e+02   1.0222434e+01
   4.8900000e+02   1.0222318e+01
   4.9000000e+02   1.0222490e+01
   4.9100000e+02   1.0222857e+01
   4.9200000e+02   1.0223032e+01
   4.9300000e+02   1.0223282e+01
   4.9400000e+02   1.0223103e+01
   4.9500000e+02   1.0222925e+01
   4.9600000e+02   1.0223080e+01
   4.9700000e+02   1.0223149e+01
   4.9800000e+02   1.0223059e+01
   4.9900000e+02   1.0223221e+01
   5.0000000e+02   1.0223789e+01
   5.0100000e+02   1.0223508e+01
   5.0200000e+02   1.0223512e+01
   5.0300000e+02   1.0223259e+01
   5.0400000e+02   1.0223242e+01
   5.0500000e+02   1.0223161e+01
   5.0600000e+02   1.0223295e+01
   5.0700000e+02   1.0223276e+01
   5.0800000e+02   1.0223211e+01
   5.0900000e+02   1.0223263e+01
   5.1000000e+02   1.0223380e+01
   5.1100000e+02   1.0222951e+01
   5.1200000e+02   1.0223103e+01
   5.1300000e+02   1.0223313e+01
   5.1400000e+02   1.0223054e+01
   5.1500000e+02   1.0223201e+01
   5.1600000e+02   1.0223363e+01
   5.1700000e+02   1.0223331e+01
   5.1800000e+02   1.0223210e+01
   5.1900000e+02   1.0223017e+01
   5.2000000e+02   1.0223274e+01
   5.2100000e+02   1.0223172e+01
   5.2200000e+02   1.0223334e+01
   5.2300000e+02   1.0223048e+01
   5.2400000e+02   1.0223118e+01
   5.2500000e+02   1.0222872e+01
   5.2600000e+02   1.0222911e+01
   5.2700000e+02   1.0222882e+01
   5.2800000e+02   1.0222950e+01
   5.2900000e+02   1.0223003e+01
   5.3000000e+02   1.0222680e+01
   5.3100000e+02   1.0222935e+01
   5.3200000e+02   1.0222914e+01
   5.3300000e+02   1.0222959e+01
   5.3400000e+02   1.0222785e+01
   5.3500000e+02   1.0222461e+01
   5.3600000e+02   1.0222870e+01
   5.3700000e+02   1.0222856e+01
   5.3800000e+02   1.0222780e+01
   5.3900000e+02   1.0222681e+01
   5.4000000e+02   1.0222928e+01
   5.4100000e+02   1.0222745e+01
   5.4200000e+02   1.0222650e+01
   5.4300000e+02   1.0222774e+01
   5.4400000e+02   1.0222897e+01
   5.4500000e+02   1.0222999e+01
   5.4600000e+02   1.0222932e+01
   5.4700000e+02   1.0222873e+01
   5.4800000e+02   1.0222835e+01
   5.4900000e+02   1.0222589e+01
   5.5000000e+02   1.0222808e+01
   5.5100000e+02   1.0222806e+01
   5.5200000e+02   1.0222640e+01
   5.5300000e+02   1.0222879e+01
   5.5400000e+02   1.0222613e+01
   5.5500000e+02   1.0222635e+01
   5.5600000e+02   1.0222656e+01
   5.5700000e+02   1.0222690e+01
   5.5800000e+02   1.0222621e+01
   5.5900000e+02   1.0222772e+01
   5.6000000e+02   1.0222696e+01
   5.6100000e+02   1.0222574e+01
   5.6200000e+02   1.0222467e+01
   5.6300000e+02   1.0222571e+01
   5.6400000e+02   1.0222572e+01
   5.6500000e+02   1.0222476e+01
   5.6600000e+02   1.0222265e+01
   5.6700000e+02   1.0222235e+01
   5.6800000e+02   1.0222342e+01
   5.6900000e+02   1.0222432e+01
   5.7000000e+02   1.0222303e+01
   5.7100000e+02   1.0222411e+01
   5.7200000e+02   1.0222321e+01
   5.7300000e+02   1.0222060e+01
   5.7400000e+02   1.0222372e+01
   5.7500000e+02   1.0222136e+01
   5.7600000e+02   1.0222147e+01
   5.7700000e+02   1.0222312e+01
   5.7800000e+02   1.0222367e+01
   5.7900000e+02   1.0221931e+01
   5.8000000e+02   1.0222248e+01
   5.8100000e+02   1.0222177e+01
   5.8200000e+02   1.0222152e+01
   5.8300000e+02   1.0222017e+01
   5.8400000e+02   1.0222140e+01
   5.8500000e+02   1.0222340e+01
   5.8600000e+02   1.0222055e+01
   5.8700000e+02   1.0222262e+01
   5.8800000e+02   1.0222087e+01
   5.8900000e+02   1.0221918e+01
   5.9000000e+02   1.0222163e+01
   5.9100000e+02   1.0221848e+01
   5.9200000e+02   1.0221995e+01
   5.9300000e+02   1.0221854e+01
   5.9400000e+02   1.0222162e+01
   5.9500000e+02   1.0222173e+01
   5.9600000e+02   1.0221945e+01
   5.9700000e+02   1.0221973e+01
   5.9800000e+02   1.0222037e+01
   5.9900000e+02   1.0221836e+01
   6.0000000e+02   1.0222014e+01
   6.0100000e+02   1.0222280e+01
   6.0200000e+02   1.0222193e+01
   6.0300000e+02   1.0221757e+01
   6.0400000e+02   1.0222085e+01
   6.0500000e+02   1.0221611e+01
   6.0600000e+02   1.0221754e+01
   6.0700000e+02   1.0221681e+01
   6.0800000e+02   1.0221435e+01
   6.0900000e+02   1.0221633e+01
   6.1000000e+02   1.0221870e+01
   6.1100000e+02   1.0221643e+01
   6.1200000e+02   1.0221499e+01
   6.1300000e+02   1.0221797e+01
   6.1400000e+02   1.0221501e+01
   6.1500000e+02   1.0221515e+01
   6.1600000e+02   1.0221309e+01
   6.1700000e+02   1.0221402e+01
   6.1800000e+02   1.0221213e+01
   6.1900000e+02   1.0221451e+01
   6.2000000e+02   1.0221501e+01
   6.2100000e+02   1.0221527e+01
   6.2200000e+02   1.0221316e+01
   6.2300000e+02   1.0221418e+01
   6.2400000e+02   1.0221827e+01
   6.2500000e+02   1.0221624e+01
   6.2600000e+02   1.0221383e+01
   6.2700000e+02   1.0221704e+01
   6.2800000e+02   1.0221378e+01
   6.2900000e+02   1.0221613e+01
   6.3000000e+02   1.0221375e+01
   6.3100000e+02   1.0221436e+01
   6.3200000e+02   1.0221416e+01
   6.3300000e+02   1.0221533e+01
   6.3400000e+02   1.0221607e+01
   6.3500000e+02   1.0221466e+01
   6.3600000e+02   1.0221402e+01
   6.3700000e+02   1.0221290e+01
   6.3800000e+02   1.0221672e+01
   6.3900000e+02   1.0221250e+01
   6.4000000e+02   1.0221476e+01
   6.4100000e+02   1.0221097e+01
   6.4200000e+02   1.0221635e+01
   6.4300000e+02   1.0221377e+01
   6.4400000e+02   1.0221369e+01
   6.4500000e+02   1.0221483e+01
   6.4600000e+02   1.0221081e+01
   6.4700000e+02   1.0221403e+01
   6.4800000e+02   1.0221336e+01
   6.4900000e+02   1.0221382e+01
   6.5000000e+02   1.0221055e+01
   6.5100000e+02   1.0221332e+01
   6.5200000e+02   1.0221122e+01
   6.5300000e+02   1.0220774e+01
   6.5400000e+02   1.0220895e+01
   6.5500000e+02   1.0221243e+01
   6.5600000e+02   1.0221206e+01
   6.5700000e+02   1.0220930e+01
   6.5800000e+02   1.0221092e+01
   6.5900000e+02   1.0221025e+01
   6.6000000e+02   1.0220946e+01
   6.6100000e+02   1.0220995e+01
   6.6200000e+02   1.0220506e+01
   6.6300000e+02   1.0220855e+01
   6.6400000e+02   1.0220968e+01
   6.6500000e+02   1.0220800e+01
   6.6600000e+02   1.0220796e+01
   6.6700000e+02   1.0220717e+01
   6.6800000e+02   1.0220704e+01
   6.6900000e+02   1.0220340e+01
   6.7000000e+02   1.0220419e+01
   6.7100000e+02   1.0220112e+01
   6.7200000e+02   1.0220259e+01
   6.7300000e+02   1.0219701e+01
   6.7400000e+02   1.0219510e+01
   6.7500000e+02   1.0219308e+01
   6.7600000e+02   1.0219083e+01
   6.7700000e+02   1.0218427e+01
   6.7800000e+02   1.0217994e+01
   6.7900000e+02   1.0217360e+01
   6.8000000e+02   1.0216848e+01
   6.8100000e+02   1.0216297e+01
   6.8200000e+02   1.0215605e+01
   6.8300000e+02   1.0215247e+01
   6.8400000e+02   1.0214742e+01
   6.8500000e+02   1.0214669e+01
   6.8600000e+02   1.0214282e+01
   6.8700000e+02   1.0213879e+01
   6.8800000e+02   1.0213897e+01
   6.8900000e+02   1.0214027e+01
   6.9000000e+02   1.0213978e+01
   6.9100000e+02   1.0213961e+01
   6.9200000e+02   1.0214301e+01
   6.9300000e+02   1.0214686e+01
   6.9400000e+02   1.0214795e+01
   6.9500000e+02   1.0215072e+01
   6.9600000e+02   1.0215496e+01
   6.9700000e+02   1.0215985e+01
   6.9800000e+02   1.0216306e+01
   6.9900000e+02   1.0216371e+01
   7.0000000e+02   1.0216931e+01
   7.0100000e+02   1.0217128e+01
   7.0200000e+02   1.0217184e+01
   7.0300000e+02   1.0217364e+01
   7.0400000e+02   1.0217485e+01
   7.0500000e+02   1.0217535e+01
   7.0600000e+02   1.0217806e+01
   7.0700000e+02   1.0217937e+01
   7.0800000e+02   1.0218352e+01
   7.0900000e+02   1.0218440e+01
   7.1000000e+02   1.0218621e+01
   7.1100000e+02   1.0218901e+01
   7.1200000e+02   1.0218919e+01
   7.1300000e+02   1.0219046e+01
   7.1400000e+02   1.0219263e+01
   7.1500000e+02   1.0219472e+01
   7.1600000e+02   1.0219409e+01
   7.1700000e+02   1.0219558e+01
   7.1800000e+02   1.0219380e+01
   7.1900000e+02   1.0219345e+01
   7.2000000e+02   1.0219314e+01
   7.2100000e+02   1.0219524e+01
   7.2200000e+02   1.0219468e+01
   7.2300000e+02   1.0219470e+01
   7.2400000e+02   1.0219652e+01
   7.2500000e+02   1.0219651e+01
   7.2600000e+02   1.0219689e+01
   7.2700000e+02   1.0219754e+01
   7.2800000e+02   1.0219644e+01
   7.2900000e+02   1.0219999e+01
   7.3000000e+02   1.0219700e+01
   7.3100000e+02   1.0219908e+01
   7.3200000e+02   1.0219513e+01
   7.3300000e+02   1.0219740e+01
   7.3400000e+02   1.0219567e+01
   7.3500000e+02   1.0219515e+01
   7.3600000e+02   1.0219548e+01
   7.3700000e+02   1.0219613e+01
   7.3800000e+02   1.0219507e+01
   7.3900000e+02   1.0219638e+01
   7.4000000e+02   1.0219449e+01
   7.4100000e+02   1.0219485e+01
   7.4200000e+02   1.0219318e+01
   7.4300000e+02   1.0219642e+01
   7.4400000e+02   1.0219537e+01
   7.4500000e+02   1.0219291e+01
   7.4600000e+02   1.0219490e+01
   7.4700000e+02   1.0219484e+01
   7.4800000e+02   1.0219555e+01
   7.4900000e+02   1.0219523e+01
   7.5000000e+02   1.0219498e+01
   7.5100000e+02   1.0219596e+01
   7.5200000e+02   1.0219352e+01
   7.5300000e+02   1.0219396e+01
   7.5400000e+02   1.0219447e+01
   7.5500000e+02   1.0219239e+01
   7.5600000e+02   1.0219327e+01
   7.5700000e+02   1.0219221e+01
   7.5800000e+02   1.0219465e+01
   7.5900000e+02   1.0219323e+01
   7.6000000e+02   1.0219132e+01
   7.6100000e+02   1.0219287e+01
   7.6200000e+02   1.0219491e+01
   7.6300000e+02   1.0219321e+01
   7.6400000e+02   1.0219463e+01
   7.6500000e+02   1.0219290e+01
   7.6600000e+02   1.0219226e+01
   7.6700000e+02   1.0219172e+01
   7.6800000e+02   1.0219290e+01
   7.6900000e+02   1.0219265e+01
   7.7000000e+02   1.0219312e+01
   7.7100000e+02   1.0218941e+01
   7.7200000e+02   1.0219066e+01
   7.7300000e+02   1.0219126e+01
   7.7400000e+02   1.0219057e+01
   7.7500000e+02   1.0219029e+01
   7.7600000e+02   1.0219009e+01
   7.7700000e+02   1.0219202e+01
   7.7800000e+02   1.0219111e+01
   7.7900000e+02   1.0218811e+01
   7.8000000e+02   1.0219063e+01
