   0.0000000e+00   1.0316718e+01
   1.0000000e+00   1.0311817e+01
   2.0000000e+00   1.0311143e+01
   3.0000000e+00   1.0310333e+01
   4.0000000e+00   1.0309769e+01
   5.0000000e+00   1.0309345e+01
   6.0000000e+00   1.0308640e+01
   7.0000000e+00   1.0308499e+01
   8.0000000e+00   1.0308149e+01
   9.0000000e+00   1.0307748e+01
   1.0000000e+01   1.0307296e+01
   1.1000000e+01   1.0307088e+01
   1.2000000e+01   1.0306931e+01
   1.3000000e+01   1.0306717e+01
   1.4000000e+01   1.0306309e+01
   1.5000000e+01   1.0306161e+01
   1.6000000e+01   1.0306037e+01
   1.7000000e+01   1.0306051e+01
   1.8000000e+01   1.0305715e+01
   1.9000000e+01   1.0305438e+01
   2.0000000e+01   1.0305308e+01
   2.1000000e+01   1.0305299e+01
   2.2000000e+01   1.0304974e+01
   2.3000000e+01   1.0304900e+01
   2.4000000e+01   1.0304676e+01
   2.5000000e+01   1.0304656e+01
   2.6000000e+01   1.0304332e+01
   2.7000000e+01   1.0304122e+01
   2.8000000e+01   1.0303995e+01
   2.9000000e+01   1.0303822e+01
   3.0000000e+01   1.0303878e+01
   3.1000000e+01   1.0303648e+01
   3.2000000e+01   1.0303441e+01
   3.3000000e+01   1.0303445e+01
   3.4000000e+01   1.0303239e+01
   3.5000000e+01   1.0302996e+01
   3.6000000e+01   1.0303062e+01
   3.7000000e+01   1.0302909e+01
   3.8000000e+01   1.0302673e+01
   3.9000000e+01   1.0302629e+01
   4.0000000e+01   1.0302322e+01
   4.1000000e+01   1.0302118e+01
   4.2000000e+01   1.0302380e+01
   4.3000000e+01   1.0302086e+01
   4.4000000e+01   1.0302039e+01
   4.5000000e+01   1.0301928e+01
   4.6000000e+01   1.0302127e+01
   4.7000000e+01   1.0301760e+01
   4.8000000e+01   1.0301755e+01
   4.9000000e+01   1.0301615e+01
   5.0000000e+01   1.0301307e+01
   5.1000000e+01   1.0301252e+01
   5.2000000e+01   1.0301642e+01
   5.3000000e+01   1.0301366e+01
   5.4000000e+01   1.0301070e+01
   5.5000000e+01   1.0301121e+01
   5.6000000e+01   1.0300914e+01
   5.7000000e+01   1.0301083e+01
   5.8000000e+01   1.0300605e+01
   5.9000000e+01   1.0300885e+01
   6.0000000e+01   1.0300679e+01
   6.1000000e+01   1.0300751e+01
   6.2000000e+01   1.0300401e+01
   6.3000000e+01   1.0300420e+01
   6.4000000e+01   1.0300409e+01
   6.5000000e+01   1.0300160e+01
   6.6000000e+01   1.0299882e+01
   6.7000000e+01   1.0300004e+01
   6.8000000e+01   1.0299930e+01
   6.9000000e+01   1.0299657e+01
   7.0000000e+01   1.0299901e+01
   7.1000000e+01   1.0299590e+01
   7.2000000e+01   1.0299478e+01
   7.3000000e+01   1.0299404e+01
   7.4000000e+01   1.0299453e+01
   7.5000000e+01   1.0299376e+01
   7.6000000e+01   1.0299283e+01
   7.7000000e+01   1.0299152e+01
   7.8000000e+01   1.0299566e+01
   7.9000000e+01   1.0298929e+01
   8.0000000e+01   1.0299039e+01
   8.1000000e+01   1.0298999e+01
   8.2000000e+01   1.0299050e+01
   8.3000000e+01   1.0298731e+01
   8.4000000e+01   1.0298706e+01
   8.5000000e+01   1.0298614e+01
   8.6000000e+01   1.0298610e+01
   8.7000000e+01   1.0298562e+01
   8.8000000e+01   1.0298651e+01
   8.9000000e+01   1.0298324e+01
   9.0000000e+01   1.0298367e+01
   9.1000000e+01   1.0298243e+01
   9.2000000e+01   1.0298237e+01
   9.3000000e+01   1.0298050e+01
   9.4000000e+01   1.0298142e+01
   9.5000000e+01   1.0297957e+01
   9.6000000e+01   1.0297780e+01
   9.7000000e+01   1.0297680e+01
   9.8000000e+01   1.0297696e+01
   9.9000000e+01   1.0297877e+01
   1.0000000e+02   1.0297445e+01
   1.0100000e+02   1.0297559e+01
   1.0200000e+02   1.0297460e+01
   1.0300000e+02   1.0297484e+01
   1.0400000e+02   1.0297340e+01
   1.0500000e+02   1.0297217e+01
   1.0600000e+02   1.0297218e+01
   1.0700000e+02   1.0296901e+01
   1.0800000e+02   1.0297211e+01
   1.0900000e+02   1.0296866e+01
   1.1000000e+02   1.0296985e+01
   1.1100000e+02   1.0296785e+01
   1.1200000e+02   1.0296716e+01
   1.1300000e+02   1.0296740e+01
   1.1400000e+02   1.0296382e+01
   1.1500000e+02   1.0296585e+01
   1.1600000e+02   1.0296451e+01
   1.1700000e+02   1.0296229e+01
   1.1800000e+02   1.0296418e+01
   1.1900000e+02   1.0296209e+01
   1.2000000e+02   1.0296347e+01
   1.2100000e+02   1.0295912e+01
   1.2200000e+02   1.0296341e+01
   1.2300000e+02   1.0296116e+01
   1.2400000e+02   1.0295652e+01
   1.2500000e+02   1.0296027e+01
   1.2600000e+02   1.0295710e+01
   1.2700000e+02   1.0295849e+01
   1.2800000e+02   1.0295674e+01
   1.2900000e+02   1.0295843e+01
   1.3000000e+02   1.0295906e+01
   1.3100000e+02   1.0295586e+01
   1.3200000e+02   1.0295453e+01
   1.3300000e+02   1.0295240e+01
   1.3400000e+02   1.0295500e+01
   1.3500000e+02   1.0295314e+01
   1.3600000e+02   1.0295237e+01
   1.3700000e+02   1.0295280e+01
   1.3800000e+02   1.0295318e+01
   1.3900000e+02   1.0295031e+01
   1.4000000e+02   1.0294893e+01
   1.4100000e+02   1.0295053e+01
   1.4200000e+02   1.0295137e+01
   1.4300000e+02   1.0294986e+01
   1.4400000e+02   1.0294844e+01
   1.4500000e+02   1.0294742e+01
   1.4600000e+02   1.0294852e+01
   1.4700000e+02   1.0294641e+01
   1.4800000e+02   1.0294512e+01
   1.4900000e+02   1.0294756e+01
   1.5000000e+02   1.0294655e+01
   1.5100000e+02   1.0294627e+01
   1.5200000e+02   1.0294510e+01
   1.5300000e+02   1.0294329e+01
   1.5400000e+02   1.0294366e+01
   1.5500000e+02   1.0294163e+01
   1.5600000e+02   1.0294438e+01
   1.5700000e+02   1.0294393e+01
   1.5800000e+02   1.0294232e+01
   1.5900000e+02   1.0293946e+01
   1.6000000e+02   1.0294080e+01
   1.6100000e+02   1.0294055e+01
   1.6200000e+02   1.0293912e+01
   1.6300000e+02   1.0293823e+01
   1.6400000e+02   1.0294031e+01
   1.6500000e+02   1.0294076e+01
   1.6600000e+02   1.0293232e+01
   1.6700000e+02   1.0287833e+01
   1.6800000e+02   1.0269407e+01
   1.6900000e+02   1.0256481e+01
   1.7000000e+02   1.0263630e+01
   1.7100000e+02   1.0275730e+01
   1.7200000e+02   1.0282940e+01
   1.7300000e+02   1.0286383e+01
   1.7400000e+02   1.0287502e+01
   1.7500000e+02   1.0288258e+01
   1.7600000e+02   1.0289039e+01
   1.7700000e+02   1.0289447e+01
   1.7800000e+02   1.0287768e+01
   1.7900000e+02   1.0251634e+01
   1.8000000e+02   1.0208704e+01
   1.8100000e+02   1.0216108e+01
   1.8200000e+02   1.0224946e+01
   1.8300000e+02   1.0228392e+01
   1.8400000e+02   1.0233228e+01
   1.8500000e+02   1.0236080e+01
   1.8600000e+02   1.0238334e+01
   1.8700000e+02   1.0243039e+01
   1.8800000e+02   1.0249895e+01
   1.8900000e+02   1.0256886e+01
   1.9000000e+02   1.0264705e+01
   1.9100000e+02   1.0273390e+01
   1.9200000e+02   1.0278840e+01
   1.9300000e+02   1.0282110e+01
   1.9400000e+02   1.0284290e+01
   1.9500000e+02   1.0285764e+01
   1.9600000e+02   1.0286590e+01
   1.9700000e+02   1.0287214e+01
   1.9800000e+02   1.0287923e+01
   1.9900000e+02   1.0288080e+01
   2.0000000e+02   1.0288436e+01
   2.0100000e+02   1.0288866e+01
   2.0200000e+02   1.0289598e+01
   2.0300000e+02   1.0289857e+01
   2.0400000e+02   1.0290345e+01
   2.0500000e+02   1.0290706e+01
   2.0600000e+02   1.0290956e+01
   2.0700000e+02   1.0291101e+01
   2.0800000e+02   1.0291313e+01
   2.0900000e+02   1.0291474e+01
   2.1000000e+02   1.0291335e+01
   2.1100000e+02   1.0291269e+01
   2.1200000e+02   1.0291690e+01
   2.1300000e+02   1.0291223e+01
   2.1400000e+02   1.0291363e+01
   2.1500000e+02   1.0291307e+01
   2.1600000e+02   1.0291054e+01
   2.1700000e+02   1.0291108e+01
   2.1800000e+02   1.0291240e+01
   2.1900000e+02   1.0290816e+01
   2.2000000e+02   1.0290692e+01
   2.2100000e+02   1.0290198e+01
   2.2200000e+02   1.0289842e+01
   2.2300000e+02   1.0288858e+01
   2.2400000e+02   1.0288427e+01
   2.2500000e+02   1.0287856e+01
   2.2600000e+02   1.0287327e+01
   2.2700000e+02   1.0287146e+01
   2.2800000e+02   1.0287195e+01
   2.2900000e+02   1.0287280e+01
   2.3000000e+02   1.0287684e+01
   2.3100000e+02   1.0287867e+01
   2.3200000e+02   1.0288295e+01
   2.3300000e+02   1.0288365e+01
   2.3400000e+02   1.0288718e+01
   2.3500000e+02   1.0288674e+01
   2.3600000e+02   1.0288844e+01
   2.3700000e+02   1.0288613e+01
   2.3800000e+02   1.0289004e+01
   2.3900000e+02   1.0288587e+01
   2.4000000e+02   1.0288735e+01
   2.4100000e+02   1.0288475e+01
   2.4200000e+02   1.0287913e+01
   2.4300000e+02   1.0286509e+01
   2.4400000e+02   1.0283660e+01
   2.4500000e+02   1.0279313e+01
   2.4600000e+02   1.0273019e+01
   2.4700000e+02   1.0266490e+01
   2.4800000e+02   1.0260926e+01
   2.4900000e+02   1.0256920e+01
   2.5000000e+02   1.0255737e+01
   2.5100000e+02   1.0256789e+01
   2.5200000e+02   1.0259004e+01
   2.5300000e+02   1.0260699e+01
   2.5400000e+02   1.0261666e+01
   2.5500000e+02   1.0261259e+01
   2.5600000e+02   1.0259754e+01
   2.5700000e+02   1.0257819e+01
   2.5800000e+02   1.0255752e+01
   2.5900000e+02   1.0253802e+01
   2.6000000e+02   1.0251857e+01
   2.6100000e+02   1.0249878e+01
   2.6200000e+02   1.0248365e+01
   2.6300000e+02   1.0247572e+01
   2.6400000e+02   1.0248512e+01
   2.6500000e+02   1.0250961e+01
   2.6600000e+02   1.0253570e+01
   2.6700000e+02   1.0256983e+01
   2.6800000e+02   1.0260265e+01
   2.6900000e+02   1.0263247e+01
   2.7000000e+02   1.0265678e+01
   2.7100000e+02   1.0267032e+01
   2.7200000e+02   1.0268255e+01
   2.7300000e+02   1.0269088e+01
   2.7400000e+02   1.0270319e+01
   2.7500000e+02   1.0271263e+01
   2.7600000e+02   1.0272643e+01
   2.7700000e+02   1.0273849e+01
   2.7800000e+02   1.0274971e+01
   2.7900000e+02   1.0275840e+01
   2.8000000e+02   1.0276707e+01
   2.8100000e+02   1.0277189e+01
   2.8200000e+02   1.0278133e+01
   2.8300000e+02   1.0278482e+01
   2.8400000e+02   1.0279462e+01
   2.8500000e+02   1.0280226e+01
   2.8600000e+02   1.0280829e+01
   2.8700000e+02   1.0281744e+01
   2.8800000e+02   1.0282379e+01
   2.8900000e+02   1.0283099e+01
   2.9000000e+02   1.0283773e+01
   2.9100000e+02   1.0284150e+01
   2.9200000e+02   1.0284671e+01
   2.9300000e+02   1.0285022e+01
   2.9400000e+02   1.0285242e+01
   2.9500000e+02   1.0285987e+01
   2.9600000e+02   1.0285789e+01
   2.9700000e+02   1.0285866e+01
   2.9800000e+02   1.0285753e+01
   2.9900000e+02   1.0285698e+01
   3.0000000e+02   1.0285348e+01
   3.0100000e+02   1.0284420e+01
   3.0200000e+02   1.0283136e+01
   3.0300000e+02   1.0281290e+01
   3.0400000e+02   1.0278957e+01
   3.0500000e+02   1.0275852e+01
   3.0600000e+02   1.0271436e+01
   3.0700000e+02   1.0266211e+01
   3.0800000e+02   1.0260421e+01
   3.0900000e+02   1.0254978e+01
   3.1000000e+02   1.0250664e+01
   3.1100000e+02   1.0247814e+01
   3.1200000e+02   1.0246750e+01
   3.1300000e+02   1.0245634e+01
   3.1400000e+02   1.0244213e+01
   3.1500000e+02   1.0240612e+01
   3.1600000e+02   1.0234930e+01
   3.1700000e+02   1.0227516e+01
   3.1800000e+02   1.0219409e+01
   3.1900000e+02   1.0212506e+01
   3.2000000e+02   1.0207764e+01
   3.2100000e+02   1.0205322e+01
   3.2200000e+02   1.0205652e+01
   3.2300000e+02   1.0207839e+01
   3.2400000e+02   1.0211827e+01
   3.2500000e+02   1.0216889e+01
   3.2600000e+02   1.0222974e+01
   3.2700000e+02   1.0229412e+01
   3.2800000e+02   1.0235527e+01
   3.2900000e+02   1.0241523e+01
   3.3000000e+02   1.0246262e+01
   3.3100000e+02   1.0250306e+01
   3.3200000e+02   1.0252679e+01
   3.3300000e+02   1.0254317e+01
   3.3400000e+02   1.0254755e+01
   3.3500000e+02   1.0254588e+01
   3.3600000e+02   1.0254337e+01
   3.3700000e+02   1.0254659e+01
   3.3800000e+02   1.0255464e+01
   3.3900000e+02   1.0257068e+01
   3.4000000e+02   1.0259644e+01
   3.4100000e+02   1.0262287e+01
   3.4200000e+02   1.0264911e+01
   3.4300000e+02   1.0267785e+01
   3.4400000e+02   1.0270221e+01
   3.4500000e+02   1.0272135e+01
   3.4600000e+02   1.0274414e+01
   3.4700000e+02   1.0275875e+01
   3.4800000e+02   1.0277703e+01
   3.4900000e+02   1.0278848e+01
   3.5000000e+02   1.0279955e+01
   3.5100000e+02   1.0280767e+01
   3.5200000e+02   1.0281436e+01
   3.5300000e+02   1.0281927e+01
   3.5400000e+02   1.0282254e+01
   3.5500000e+02   1.0282188e+01
   3.5600000e+02   1.0281789e+01
   3.5700000e+02   1.0281607e+01
   3.5800000e+02   1.0281224e+01
   3.5900000e+02   1.0280950e+01
   3.6000000e+02   1.0281147e+01
   3.6100000e+02   1.0280961e+01
   3.6200000e+02   1.0281176e+01
   3.6300000e+02   1.0281529e+01
   3.6400000e+02   1.0282053e+01
   3.6500000e+02   1.0282755e+01
   3.6600000e+02   1.0283027e+01
   3.6700000e+02   1.0283409e+01
   3.6800000e+02   1.0283724e+01
   3.6900000e+02   1.0284125e+01
   3.7000000e+02   1.0284426e+01
   3.7100000e+02   1.0284561e+01
   3.7200000e+02   1.0284401e+01
   3.7300000e+02   1.0284954e+01
   3.7400000e+02   1.0284961e+01
   3.7500000e+02   1.0285278e+01
   3.7600000e+02   1.0285251e+01
   3.7700000e+02   1.0284973e+01
   3.7800000e+02   1.0285223e+01
   3.7900000e+02   1.0285221e+01
   3.8000000e+02   1.0284663e+01
   3.8100000e+02   1.0284422e+01
   3.8200000e+02   1.0284136e+01
   3.8300000e+02   1.0283801e+01
   3.8400000e+02   1.0283053e+01
   3.8500000e+02   1.0282655e+01
   3.8600000e+02   1.0282284e+01
   3.8700000e+02   1.0282027e+01
   3.8800000e+02   1.0281819e+01
   3.8900000e+02   1.0281956e+01
   3.9000000e+02   1.0282062e+01
   3.9100000e+02   1.0282400e+01
   3.9200000e+02   1.0282496e+01
   3.9300000e+02   1.0283032e+01
   3.9400000e+02   1.0283286e+01
   3.9500000e+02   1.0283725e+01
   3.9600000e+02   1.0283743e+01
   3.9700000e+02   1.0283892e+01
   3.9800000e+02   1.0283811e+01
   3.9900000e+02   1.0284015e+01
   4.0000000e+02   1.0284119e+01
   4.0100000e+02   1.0284142e+01
   4.0200000e+02   1.0284305e+01
   4.0300000e+02   1.0284409e+01
   4.0400000e+02   1.0284156e+01
   4.0500000e+02   1.0284696e+01
   4.0600000e+02   1.0284601e+01
   4.0700000e+02   1.0284673e+01
   4.0800000e+02   1.0284735e+01
   4.0900000e+02   1.0284763e+01
   4.1000000e+02   1.0284585e+01
   4.1100000e+02   1.0284704e+01
   4.1200000e+02   1.0284778e+01
   4.1300000e+02   1.0284622e+01
   4.1400000e+02   1.0284844e+01
   4.1500000e+02   1.0284925e+01
   4.1600000e+02   1.0284709e+01
   4.1700000e+02   1.0284939e+01
   4.1800000e+02   1.0284718e+01
   4.1900000e+02   1.0284815e+01
   4.2000000e+02   1.0284880e+01
   4.2100000e+02   1.0284778e+01
   4.2200000e+02   1.0284998e+01
   4.2300000e+02   1.0284946e+01
   4.2400000e+02   1.0284810e+01
   4.2500000e+02   1.0284843e+01
   4.2600000e+02   1.0284783e+01
   4.2700000e+02   1.0284854e+01
   4.2800000e+02   1.0284747e+01
   4.2900000e+02   1.0284567e+01
   4.3000000e+02   1.0284834e+01
   4.3100000e+02   1.0284564e+01
   4.3200000e+02   1.0284663e+01
   4.3300000e+02   1.0284348e+01
   4.3400000e+02   1.0284155e+01
   4.3500000e+02   1.0283872e+01
   4.3600000e+02   1.0283479e+01
   4.3700000e+02   1.0282777e+01
   4.3800000e+02   1.0281872e+01
   4.3900000e+02   1.0280269e+01
   4.4000000e+02   1.0278477e+01
   4.4100000e+02   1.0276300e+01
   4.4200000e+02   1.0273902e+01
   4.4300000e+02   1.0271440e+01
   4.4400000e+02   1.0269581e+01
   4.4500000e+02   1.0268011e+01
   4.4600000e+02   1.0266736e+01
   4.4700000e+02   1.0266645e+01
   4.4800000e+02   1.0266948e+01
   4.4900000e+02   1.0267872e+01
   4.5000000e+02   1.0268922e+01
   4.5100000e+02   1.0270271e+01
   4.5200000e+02   1.0271785e+01
   4.5300000e+02   1.0273199e+01
   4.5400000e+02   1.0274327e+01
   4.5500000e+02   1.0275557e+01
   4.5600000e+02   1.0276278e+01
   4.5700000e+02   1.0277431e+01
   4.5800000e+02   1.0278201e+01
   4.5900000e+02   1.0278930e+01
   4.6000000e+02   1.0279416e+01
   4.6100000e+02   1.0279999e+01
   4.6200000e+02   1.0280441e+01
   4.6300000e+02   1.0280789e+01
   4.6400000e+02   1.0281213e+01
   4.6500000e+02   1.0281548e+01
   4.6600000e+02   1.0281513e+01
   4.6700000e+02   1.0281867e+01
   4.6800000e+02   1.0282108e+01
   4.6900000e+02   1.0282339e+01
   4.7000000e+02   1.0282442e+01
   4.7100000e+02   1.0282705e+01
   4.7200000e+02   1.0282631e+01
   4.7300000e+02   1.0282978e+01
   4.7400000e+02   1.0283051e+01
   4.7500000e+02   1.0283151e+01
   4.7600000e+02   1.0282967e+01
   4.7700000e+02   1.0283308e+01
   4.7800000e+02   1.0283469e+01
   4.7900000e+02   1.0283431e+01
   4.8000000e+02   1.0283454e+01
   4.8100000e+02   1.0283222e+01
   4.8200000e+02   1.0283047e+01
   4.8300000e+02   1.0283208e+01
   4.8400000e+02   1.0283088e+01
   4.8500000e+02   1.0283362e+01
   4.8600000e+02   1.0283241e+01
   4.8700000e+02   1.0283221e+01
   4.8800000e+02   1.0283434e+01
   4.8900000e+02   1.0283054e+01
   4.9000000e+02   1.0283180e+01
   4.9100000e+02   1.0283218e+01
   4.9200000e+02   1.0283339e+01
   4.9300000e+02   1.0283178e+01
   4.9400000e+02   1.0283194e+01
   4.9500000e+02   1.0283175e+01
   4.9600000e+02   1.0283148e+01
   4.9700000e+02   1.0283121e+01
   4.9800000e+02   1.0283156e+01
   4.9900000e+02   1.0282846e+01
   5.0000000e+02   1.0283061e+01
   5.0100000e+02   1.0283189e+01
   5.0200000e+02   1.0282959e+01
   5.0300000e+02   1.0282599e+01
   5.0400000e+02   1.0282795e+01
   5.0500000e+02   1.0282945e+01
   5.0600000e+02   1.0282725e+01
   5.0700000e+02   1.0282773e+01
   5.0800000e+02   1.0282817e+01
   5.0900000e+02   1.0282685e+01
   5.1000000e+02   1.0282841e+01
   5.1100000e+02   1.0282668e+01
   5.1200000e+02   1.0282634e+01
   5.1300000e+02   1.0282875e+01
   5.1400000e+02   1.0282610e+01
   5.1500000e+02   1.0282495e+01
   5.1600000e+02   1.0282556e+01
   5.1700000e+02   1.0282425e+01
   5.1800000e+02   1.0282712e+01
   5.1900000e+02   1.0282372e+01
   5.2000000e+02   1.0282296e+01
   5.2100000e+02   1.0282547e+01
   5.2200000e+02   1.0282493e+01
   5.2300000e+02   1.0282373e+01
   5.2400000e+02   1.0282460e+01
   5.2500000e+02   1.0282555e+01
   5.2600000e+02   1.0282438e+01
   5.2700000e+02   1.0282323e+01
   5.2800000e+02   1.0282350e+01
   5.2900000e+02   1.0282316e+01
   5.3000000e+02   1.0282293e+01
   5.3100000e+02   1.0282279e+01
   5.3200000e+02   1.0282371e+01
   5.3300000e+02   1.0282191e+01
   5.3400000e+02   1.0282401e+01
   5.3500000e+02   1.0282352e+01
   5.3600000e+02   1.0282343e+01
   5.3700000e+02   1.0282343e+01
   5.3800000e+02   1.0282508e+01
   5.3900000e+02   1.0282432e+01
   5.4000000e+02   1.0282465e+01
   5.4100000e+02   1.0282113e+01
   5.4200000e+02   1.0282463e+01
   5.4300000e+02   1.0282079e+01
   5.4400000e+02   1.0282127e+01
   5.4500000e+02   1.0282067e+01
   5.4600000e+02   1.0282021e+01
   5.4700000e+02   1.0281835e+01
   5.4800000e+02   1.0281923e+01
   5.4900000e+02   1.0282064e+01
   5.5000000e+02   1.0281946e+01
   5.5100000e+02   1.0281842e+01
   5.5200000e+02   1.0281736e+01
   5.5300000e+02   1.0281944e+01
   5.5400000e+02   1.0281762e+01
   5.5500000e+02   1.0281596e+01
   5.5600000e+02   1.0281858e+01
   5.5700000e+02   1.0281852e+01
   5.5800000e+02   1.0281748e+01
   5.5900000e+02   1.0281793e+01
   5.6000000e+02   1.0281835e+01
   5.6100000e+02   1.0281729e+01
   5.6200000e+02   1.0281419e+01
   5.6300000e+02   1.0281512e+01
   5.6400000e+02   1.0281651e+01
   5.6500000e+02   1.0281502e+01
   5.6600000e+02   1.0281683e+01
   5.6700000e+02   1.0281432e+01
   5.6800000e+02   1.0281551e+01
   5.6900000e+02   1.0281628e+01
   5.7000000e+02   1.0281696e+01
   5.7100000e+02   1.0281641e+01
   5.7200000e+02   1.0281183e+01
   5.7300000e+02   1.0281447e+01
   5.7400000e+02   1.0281235e+01
   5.7500000e+02   1.0281585e+01
   5.7600000e+02   1.0281297e+01
   5.7700000e+02   1.0281278e+01
   5.7800000e+02   1.0281532e+01
   5.7900000e+02   1.0281307e+01
   5.8000000e+02   1.0281160e+01
   5.8100000e+02   1.0281390e+01
   5.8200000e+02   1.0281148e+01
   5.8300000e+02   1.0280962e+01
   5.8400000e+02   1.0281250e+01
   5.8500000e+02   1.0281112e+01
   5.8600000e+02   1.0281028e+01
   5.8700000e+02   1.0281178e+01
   5.8800000e+02   1.0281011e+01
   5.8900000e+02   1.0280925e+01
   5.9000000e+02   1.0280910e+01
   5.9100000e+02   1.0281101e+01
   5.9200000e+02   1.0281140e+01
   5.9300000e+02   1.0281058e+01
   5.9400000e+02   1.0280941e+01
   5.9500000e+02   1.0280759e+01
   5.9600000e+02   1.0280873e+01
   5.9700000e+02   1.0280633e+01
   5.9800000e+02   1.0280799e+01
   5.9900000e+02   1.0280669e+01
   6.0000000e+02   1.0280648e+01
   6.0100000e+02   1.0280669e+01
   6.0200000e+02   1.0280672e+01
   6.0300000e+02   1.0280491e+01
   6.0400000e+02   1.0280601e+01
   6.0500000e+02   1.0280488e+01
   6.0600000e+02   1.0280624e+01
   6.0700000e+02   1.0280682e+01
   6.0800000e+02   1.0280715e+01
   6.0900000e+02   1.0280640e+01
   6.1000000e+02   1.0280664e+01
   6.1100000e+02   1.0280417e+01
   6.1200000e+02   1.0280590e+01
   6.1300000e+02   1.0280451e+01
   6.1400000e+02   1.0280528e+01
   6.1500000e+02   1.0280484e+01
   6.1600000e+02   1.0280459e+01
   6.1700000e+02   1.0280402e+01
   6.1800000e+02   1.0280453e+01
   6.1900000e+02   1.0280257e+01
   6.2000000e+02   1.0280453e+01
   6.2100000e+02   1.0280244e+01
   6.2200000e+02   1.0280246e+01
   6.2300000e+02   1.0280241e+01
   6.2400000e+02   1.0280142e+01
   6.2500000e+02   1.0280138e+01
   6.2600000e+02   1.0280001e+01
   6.2700000e+02   1.0279945e+01
   6.2800000e+02   1.0280287e+01
   6.2900000e+02   1.0280277e+01
   6.3000000e+02   1.0280200e+01
   6.3100000e+02   1.0280244e+01
   6.3200000e+02   1.0280049e+01
   6.3300000e+02   1.0279994e+01
   6.3400000e+02   1.0280052e+01
   6.3500000e+02   1.0280099e+01
   6.3600000e+02   1.0280160e+01
   6.3700000e+02   1.0280319e+01
   6.3800000e+02   1.0279986e+01
   6.3900000e+02   1.0280247e+01
   6.4000000e+02   1.0279889e+01
   6.4100000e+02   1.0280015e+01
   6.4200000e+02   1.0280080e+01
   6.4300000e+02   1.0279961e+01
   6.4400000e+02   1.0279709e+01
   6.4500000e+02   1.0279766e+01
   6.4600000e+02   1.0279887e+01
   6.4700000e+02   1.0279994e+01
   6.4800000e+02   1.0279621e+01
   6.4900000e+02   1.0279864e+01
   6.5000000e+02   1.0279745e+01
   6.5100000e+02   1.0279520e+01
   6.5200000e+02   1.0279878e+01
   6.5300000e+02   1.0279930e+01
   6.5400000e+02   1.0279864e+01
   6.5500000e+02   1.0279616e+01
   6.5600000e+02   1.0279635e+01
   6.5700000e+02   1.0279601e+01
   6.5800000e+02   1.0279698e+01
   6.5900000e+02   1.0279803e+01
   6.6000000e+02   1.0279455e+01
   6.6100000e+02   1.0279704e+01
   6.6200000e+02   1.0279472e+01
   6.6300000e+02   1.0279467e+01
   6.6400000e+02   1.0279625e+01
   6.6500000e+02   1.0279616e+01
   6.6600000e+02   1.0279392e+01
   6.6700000e+02   1.0279412e+01
   6.6800000e+02   1.0279540e+01
   6.6900000e+02   1.0279341e+01
   6.7000000e+02   1.0279214e+01
   6.7100000e+02   1.0279399e+01
   6.7200000e+02   1.0279365e+01
   6.7300000e+02   1.0279225e+01
   6.7400000e+02   1.0279342e+01
   6.7500000e+02   1.0279348e+01
   6.7600000e+02   1.0279312e+01
   6.7700000e+02   1.0279030e+01
   6.7800000e+02   1.0279310e+01
   6.7900000e+02   1.0279097e+01
   6.8000000e+02   1.0279221e+01
   6.8100000e+02   1.0279147e+01
   6.8200000e+02   1.0279325e+01
   6.8300000e+02   1.0279169e+01
   6.8400000e+02   1.0278907e+01
   6.8500000e+02   1.0279018e+01
   6.8600000e+02   1.0279106e+01
   6.8700000e+02   1.0279230e+01
   6.8800000e+02   1.0279197e+01
   6.8900000e+02   1.0279116e+01
   6.9000000e+02   1.0279179e+01
   6.9100000e+02   1.0278961e+01
   6.9200000e+02   1.0279311e+01
   6.9300000e+02   1.0279118e+01
   6.9400000e+02   1.0279071e+01
   6.9500000e+02   1.0279129e+01
   6.9600000e+02   1.0279052e+01
   6.9700000e+02   1.0278954e+01
   6.9800000e+02   1.0278761e+01
   6.9900000e+02   1.0279024e+01
   7.0000000e+02   1.0278932e+01
   7.0100000e+02   1.0278768e+01
   7.0200000e+02   1.0278766e+01
   7.0300000e+02   1.0278732e+01
   7.0400000e+02   1.0278820e+01
   7.0500000e+02   1.0278893e+01
   7.0600000e+02   1.0278912e+01
   7.0700000e+02   1.0278616e+01
   7.0800000e+02   1.0278942e+01
   7.0900000e+02   1.0278567e+01
   7.1000000e+02   1.0278719e+01
   7.1100000e+02   1.0278707e+01
   7.1200000e+02   1.0278595e+01
   7.1300000e+02   1.0278766e+01
   7.1400000e+02   1.0278556e+01
   7.1500000e+02   1.0278487e+01
   7.1600000e+02   1.0278329e+01
   7.1700000e+02   1.0278408e+01
   7.1800000e+02   1.0278562e+01
   7.1900000e+02   1.0278461e+01
   7.2000000e+02   1.0278537e+01
   7.2100000e+02   1.0278441e+01
   7.2200000e+02   1.0278580e+01
   7.2300000e+02   1.0278648e+01
   7.2400000e+02   1.0278643e+01
   7.2500000e+02   1.0278484e+01
   7.2600000e+02   1.0278536e+01
   7.2700000e+02   1.0278371e+01
   7.2800000e+02   1.0278357e+01
   7.2900000e+02   1.0278356e+01
   7.3000000e+02   1.0278229e+01
   7.3100000e+02   1.0278231e+01
   7.3200000e+02   1.0278299e+01
   7.3300000e+02   1.0278188e+01
   7.3400000e+02   1.0278315e+01
   7.3500000e+02   1.0278324e+01
   7.3600000e+02   1.0278269e+01
   7.3700000e+02   1.0278152e+01
   7.3800000e+02   1.0278338e+01
   7.3900000e+02   1.0278350e+01
   7.4000000e+02   1.0278060e+01
   7.4100000e+02   1.0278191e+01
   7.4200000e+02   1.0278309e+01
   7.4300000e+02   1.0278093e+01
   7.4400000e+02   1.0278317e+01
   7.4500000e+02   1.0278243e+01
   7.4600000e+02   1.0278208e+01
   7.4700000e+02   1.0278130e+01
   7.4800000e+02   1.0278164e+01
   7.4900000e+02   1.0278218e+01
   7.5000000e+02   1.0277946e+01
   7.5100000e+02   1.0278185e+01
   7.5200000e+02   1.0278031e+01
   7.5300000e+02   1.0277939e+01
   7.5400000e+02   1.0277980e+01
   7.5500000e+02   1.0278099e+01
   7.5600000e+02   1.0277984e+01
   7.5700000e+02   1.0277975e+01
   7.5800000e+02   1.0277853e+01
   7.5900000e+02   1.0277769e+01
   7.6000000e+02   1.0277796e+01
   7.6100000e+02   1.0277848e+01
   7.6200000e+02   1.0278037e+01
   7.6300000e+02   1.0277715e+01
   7.6400000e+02   1.0277577e+01
   7.6500000e+02   1.0278015e+01
   7.6600000e+02   1.0277571e+01
   7.6700000e+02   1.0277428e+01
   7.6800000e+02   1.0277581e+01
   7.6900000e+02   1.0277821e+01
   7.7000000e+02   1.0277600e+01
   7.7100000e+02   1.0277424e+01
   7.7200000e+02   1.0277594e+01
   7.7300000e+02   1.0277443e+01
   7.7400000e+02   1.0277718e+01
   7.7500000e+02   1.0277528e+01
   7.7600000e+02   1.0277579e+01
   7.7700000e+02   1.0277547e+01
   7.7800000e+02   1.0277617e+01
   7.7900000e+02   1.0277467e+01
   7.8000000e+02   1.0277493e+01
