   0.0000000e+00   1.0208762e+01
   1.0000000e+00   1.0204592e+01
   2.0000000e+00   1.0203951e+01
   3.0000000e+00   1.0203083e+01
   4.0000000e+00   1.0202821e+01
   5.0000000e+00   1.0202662e+01
   6.0000000e+00   1.0202294e+01
   7.0000000e+00   1.0202120e+01
   8.0000000e+00   1.0201944e+01
   9.0000000e+00   1.0201930e+01
   1.0000000e+01   1.0201673e+01
   1.1000000e+01   1.0201499e+01
   1.2000000e+01   1.0201224e+01
   1.3000000e+01   1.0201352e+01
   1.4000000e+01   1.0201286e+01
   1.5000000e+01   1.0201197e+01
   1.6000000e+01   1.0201020e+01
   1.7000000e+01   1.0200995e+01
   1.8000000e+01   1.0200853e+01
   1.9000000e+01   1.0200890e+01
   2.0000000e+01   1.0200827e+01
   2.1000000e+01   1.0200648e+01
   2.2000000e+01   1.0200588e+01
   2.3000000e+01   1.0200464e+01
   2.4000000e+01   1.0200495e+01
   2.5000000e+01   1.0200596e+01
   2.6000000e+01   1.0200594e+01
   2.7000000e+01   1.0200625e+01
   2.8000000e+01   1.0200436e+01
   2.9000000e+01   1.0200296e+01
   3.0000000e+01   1.0200612e+01
   3.1000000e+01   1.0200539e+01
   3.2000000e+01   1.0200140e+01
   3.3000000e+01   1.0200107e+01
   3.4000000e+01   1.0200383e+01
   3.5000000e+01   1.0200379e+01
   3.6000000e+01   1.0200444e+01
   3.7000000e+01   1.0200396e+01
   3.8000000e+01   1.0200020e+01
   3.9000000e+01   1.0200111e+01
   4.0000000e+01   1.0200190e+01
   4.1000000e+01   1.0200067e+01
   4.2000000e+01   1.0199939e+01
   4.3000000e+01   1.0200125e+01
   4.4000000e+01   1.0200269e+01
   4.5000000e+01   1.0200026e+01
   4.6000000e+01   1.0199880e+01
   4.7000000e+01   1.0199898e+01
   4.8000000e+01   1.0200121e+01
   4.9000000e+01   1.0199891e+01
   5.0000000e+01   1.0200001e+01
   5.1000000e+01   1.0199795e+01
   5.2000000e+01   1.0199972e+01
   5.3000000e+01   1.0199915e+01
   5.4000000e+01   1.0199675e+01
   5.5000000e+01   1.0199762e+01
   5.6000000e+01   1.0199816e+01
   5.7000000e+01   1.0200177e+01
   5.8000000e+01   1.0199850e+01
   5.9000000e+01   1.0199664e+01
   6.0000000e+01   1.0199764e+01
   6.1000000e+01   1.0199600e+01
   6.2000000e+01   1.0199640e+01
   6.3000000e+01   1.0199676e+01
   6.4000000e+01   1.0199933e+01
   6.5000000e+01   1.0199636e+01
   6.6000000e+01   1.0199502e+01
   6.7000000e+01   1.0199529e+01
   6.8000000e+01   1.0199890e+01
   6.9000000e+01   1.0199777e+01
   7.0000000e+01   1.0199660e+01
   7.1000000e+01   1.0199495e+01
   7.2000000e+01   1.0199572e+01
   7.3000000e+01   1.0199552e+01
   7.4000000e+01   1.0199831e+01
   7.5000000e+01   1.0199673e+01
   7.6000000e+01   1.0199309e+01
   7.7000000e+01   1.0199330e+01
   7.8000000e+01   1.0199461e+01
   7.9000000e+01   1.0199405e+01
   8.0000000e+01   1.0199217e+01
   8.1000000e+01   1.0199217e+01
   8.2000000e+01   1.0199167e+01
   8.3000000e+01   1.0199615e+01
   8.4000000e+01   1.0199280e+01
   8.5000000e+01   1.0199196e+01
   8.6000000e+01   1.0199241e+01
   8.7000000e+01   1.0198998e+01
   8.8000000e+01   1.0199194e+01
   8.9000000e+01   1.0198963e+01
   9.0000000e+01   1.0199069e+01
   9.1000000e+01   1.0198954e+01
   9.2000000e+01   1.0199191e+01
   9.3000000e+01   1.0198917e+01
   9.4000000e+01   1.0198918e+01
   9.5000000e+01   1.0199108e+01
   9.6000000e+01   1.0198998e+01
   9.7000000e+01   1.0199059e+01
   9.8000000e+01   1.0199066e+01
   9.9000000e+01   1.0198950e+01
   1.0000000e+02   1.0198984e+01
   1.0100000e+02   1.0198568e+01
   1.0200000e+02   1.0199053e+01
   1.0300000e+02   1.0198479e+01
   1.0400000e+02   1.0199034e+01
   1.0500000e+02   1.0198584e+01
   1.0600000e+02   1.0198880e+01
   1.0700000e+02   1.0198686e+01
   1.0800000e+02   1.0198789e+01
   1.0900000e+02   1.0198641e+01
   1.1000000e+02   1.0198677e+01
   1.1100000e+02   1.0198741e+01
   1.1200000e+02   1.0198793e+01
   1.1300000e+02   1.0198903e+01
   1.1400000e+02   1.0198789e+01
   1.1500000e+02   1.0198994e+01
   1.1600000e+02   1.0198782e+01
   1.1700000e+02   1.0198684e+01
   1.1800000e+02   1.0198765e+01
   1.1900000e+02   1.0198767e+01
   1.2000000e+02   1.0198604e+01
   1.2100000e+02   1.0198535e+01
   1.2200000e+02   1.0198773e+01
   1.2300000e+02   1.0198873e+01
   1.2400000e+02   1.0198706e+01
   1.2500000e+02   1.0198654e+01
   1.2600000e+02   1.0198845e+01
   1.2700000e+02   1.0198573e+01
   1.2800000e+02   1.0198688e+01
   1.2900000e+02   1.0198453e+01
   1.3000000e+02   1.0198261e+01
   1.3100000e+02   1.0198460e+01
   1.3200000e+02   1.0198303e+01
   1.3300000e+02   1.0198333e+01
   1.3400000e+02   1.0198513e+01
   1.3500000e+02   1.0198564e+01
   1.3600000e+02   1.0198575e+01
   1.3700000e+02   1.0198376e+01
   1.3800000e+02   1.0198600e+01
   1.3900000e+02   1.0198402e+01
   1.4000000e+02   1.0198590e+01
   1.4100000e+02   1.0198387e+01
   1.4200000e+02   1.0198835e+01
   1.4300000e+02   1.0198655e+01
   1.4400000e+02   1.0198764e+01
   1.4500000e+02   1.0198722e+01
   1.4600000e+02   1.0198375e+01
   1.4700000e+02   1.0198759e+01
   1.4800000e+02   1.0198427e+01
   1.4900000e+02   1.0198564e+01
   1.5000000e+02   1.0198679e+01
   1.5100000e+02   1.0198852e+01
   1.5200000e+02   1.0198551e+01
   1.5300000e+02   1.0198800e+01
   1.5400000e+02   1.0198767e+01
   1.5500000e+02   1.0198857e+01
   1.5600000e+02   1.0198619e+01
   1.5700000e+02   1.0198431e+01
   1.5800000e+02   1.0198290e+01
   1.5900000e+02   1.0198636e+01
   1.6000000e+02   1.0198369e+01
   1.6100000e+02   1.0198493e+01
   1.6200000e+02   1.0198316e+01
   1.6300000e+02   1.0198209e+01
   1.6400000e+02   1.0198451e+01
   1.6500000e+02   1.0198457e+01
   1.6600000e+02   1.0198296e+01
   1.6700000e+02   1.0195600e+01
   1.6800000e+02   1.0182351e+01
   1.6900000e+02   1.0166448e+01
   1.7000000e+02   1.0168194e+01
   1.7100000e+02   1.0178587e+01
   1.7200000e+02   1.0186702e+01
   1.7300000e+02   1.0190303e+01
   1.7400000e+02   1.0192103e+01
   1.7500000e+02   1.0192905e+01
   1.7600000e+02   1.0193663e+01
   1.7700000e+02   1.0194331e+01
   1.7800000e+02   1.0195008e+01
   1.7900000e+02   1.0185188e+01
   1.8000000e+02   1.0135740e+01
   1.8100000e+02   1.0124285e+01
   1.8200000e+02   1.0132251e+01
   1.8300000e+02   1.0135211e+01
   1.8400000e+02   1.0140815e+01
   1.8500000e+02   1.0147317e+01
   1.8600000e+02   1.0152239e+01
   1.8700000e+02   1.0155807e+01
   1.8800000e+02   1.0157967e+01
   1.8900000e+02   1.0160498e+01
   1.9000000e+02   1.0165485e+01
   1.9100000e+02   1.0172277e+01
   1.9200000e+02   1.0176572e+01
   1.9300000e+02   1.0180374e+01
   1.9400000e+02   1.0185044e+01
   1.9500000e+02   1.0189403e+01
   1.9600000e+02   1.0192051e+01
   1.9700000e+02   1.0193168e+01
   1.9800000e+02   1.0193834e+01
   1.9900000e+02   1.0193939e+01
   2.0000000e+02   1.0194062e+01
   2.0100000e+02   1.0194509e+01
   2.0200000e+02   1.0195105e+01
   2.0300000e+02   1.0195732e+01
   2.0400000e+02   1.0196342e+01
   2.0500000e+02   1.0196599e+01
   2.0600000e+02   1.0196820e+01
   2.0700000e+02   1.0197338e+01
   2.0800000e+02   1.0197038e+01
   2.0900000e+02   1.0197152e+01
   2.1000000e+02   1.0197467e+01
   2.1100000e+02   1.0197112e+01
   2.1200000e+02   1.0197134e+01
   2.1300000e+02   1.0197548e+01
   2.1400000e+02   1.0197513e+01
   2.1500000e+02   1.0197340e+01
   2.1600000e+02   1.0197777e+01
   2.1700000e+02   1.0197470e+01
   2.1800000e+02   1.0197705e+01
   2.1900000e+02   1.0197540e+01
   2.2000000e+02   1.0197518e+01
   2.2100000e+02   1.0197223e+01
   2.2200000e+02   1.0197448e+01
   2.2300000e+02   1.0197172e+01
   2.2400000e+02   1.0196647e+01
   2.2500000e+02   1.0196566e+01
   2.2600000e+02   1.0196700e+01
   2.2700000e+02   1.0196190e+01
   2.2800000e+02   1.0196355e+01
   2.2900000e+02   1.0196016e+01
   2.3000000e+02   1.0196622e+01
   2.3100000e+02   1.0196035e+01
   2.3200000e+02   1.0196530e+01
   2.3300000e+02   1.0197168e+01
   2.3400000e+02   1.0196724e+01
   2.3500000e+02   1.0196742e+01
   2.3600000e+02   1.0196628e+01
   2.3700000e+02   1.0197029e+01
   2.3800000e+02   1.0197228e+01
   2.3900000e+02   1.0197058e+01
   2.4000000e+02   1.0197088e+01
   2.4100000e+02   1.0196823e+01
   2.4200000e+02   1.0196543e+01
   2.4300000e+02   1.0196354e+01
   2.4400000e+02   1.0195320e+01
   2.4500000e+02   1.0194260e+01
   2.4600000e+02   1.0192002e+01
   2.4700000e+02   1.0188709e+01
   2.4800000e+02   1.0185704e+01
   2.4900000e+02   1.0182968e+01
   2.5000000e+02   1.0181975e+01
   2.5100000e+02   1.0181546e+01
   2.5200000e+02   1.0181827e+01
   2.5300000e+02   1.0182637e+01
   2.5400000e+02   1.0183075e+01
   2.5500000e+02   1.0184033e+01
   2.5600000e+02   1.0184011e+01
   2.5700000e+02   1.0182805e+01
   2.5800000e+02   1.0182602e+01
   2.5900000e+02   1.0181953e+01
   2.6000000e+02   1.0180967e+01
   2.6100000e+02   1.0180211e+01
   2.6200000e+02   1.0179359e+01
   2.6300000e+02   1.0178458e+01
   2.6400000e+02   1.0178173e+01
   2.6500000e+02   1.0178175e+01
   2.6600000e+02   1.0178635e+01
   2.6700000e+02   1.0179891e+01
   2.6800000e+02   1.0181499e+01
   2.6900000e+02   1.0182734e+01
   2.7000000e+02   1.0184494e+01
   2.7100000e+02   1.0185351e+01
   2.7200000e+02   1.0185971e+01
   2.7300000e+02   1.0186613e+01
   2.7400000e+02   1.0187451e+01
   2.7500000e+02   1.0188134e+01
   2.7600000e+02   1.0188498e+01
   2.7700000e+02   1.0188993e+01
   2.7800000e+02   1.0189483e+01
   2.7900000e+02   1.0190217e+01
   2.8000000e+02   1.0191196e+01
   2.8100000e+02   1.0191287e+01
   2.8200000e+02   1.0191323e+01
   2.8300000e+02   1.0191881e+01
   2.8400000e+02   1.0191895e+01
   2.8500000e+02   1.0191817e+01
   2.8600000e+02   1.0192669e+01
   2.8700000e+02   1.0193220e+01
   2.8800000e+02   1.0193148e+01
   2.8900000e+02   1.0193508e+01
   2.9000000e+02   1.0193684e+01
   2.9100000e+02   1.0194075e+01
   2.9200000e+02   1.0193832e+01
   2.9300000e+02   1.0194339e+01
   2.9400000e+02   1.0194207e+01
   2.9500000e+02   1.0194399e+01
   2.9600000e+02   1.0194754e+01
   2.9700000e+02   1.0194951e+01
   2.9800000e+02   1.0195559e+01
   2.9900000e+02   1.0195357e+01
   3.0000000e+02   1.0194991e+01
   3.0100000e+02   1.0195336e+01
   3.0200000e+02   1.0194593e+01
   3.0300000e+02   1.0193403e+01
   3.0400000e+02   1.0193017e+01
   3.0500000e+02   1.0191038e+01
   3.0600000e+02   1.0189057e+01
   3.0700000e+02   1.0186654e+01
   3.0800000e+02   1.0183032e+01
   3.0900000e+02   1.0178753e+01
   3.1000000e+02   1.0173273e+01
   3.1100000e+02   1.0168426e+01
   3.1200000e+02   1.0163874e+01
   3.1300000e+02   1.0160537e+01
   3.1400000e+02   1.0158571e+01
   3.1500000e+02   1.0157623e+01
   3.1600000e+02   1.0156954e+01
   3.1700000e+02   1.0154348e+01
   3.1800000e+02   1.0149464e+01
   3.1900000e+02   1.0143645e+01
   3.2000000e+02   1.0136610e+01
   3.2100000e+02   1.0129667e+01
   3.2200000e+02   1.0124868e+01
   3.2300000e+02   1.0120699e+01
   3.2400000e+02   1.0119679e+01
   3.2500000e+02   1.0120269e+01
   3.2600000e+02   1.0122008e+01
   3.2700000e+02   1.0125213e+01
   3.2800000e+02   1.0130314e+01
   3.2900000e+02   1.0136177e+01
   3.3000000e+02   1.0141955e+01
   3.3100000e+02   1.0147676e+01
   3.3200000e+02   1.0153701e+01
   3.3300000e+02   1.0158840e+01
   3.3400000e+02   1.0162346e+01
   3.3500000e+02   1.0165296e+01
   3.3600000e+02   1.0166865e+01
   3.3700000e+02   1.0167578e+01
   3.3800000e+02   1.0167337e+01
   3.3900000e+02   1.0166844e+01
   3.4000000e+02   1.0166831e+01
   3.4100000e+02   1.0167360e+01
   3.4200000e+02   1.0168380e+01
   3.4300000e+02   1.0169946e+01
   3.4400000e+02   1.0172411e+01
   3.4500000e+02   1.0174467e+01
   3.4600000e+02   1.0177112e+01
   3.4700000e+02   1.0179631e+01
   3.4800000e+02   1.0181839e+01
   3.4900000e+02   1.0183956e+01
   3.5000000e+02   1.0185859e+01
   3.5100000e+02   1.0186985e+01
   3.5200000e+02   1.0188741e+01
   3.5300000e+02   1.0189782e+01
   3.5400000e+02   1.0190704e+01
   3.5500000e+02   1.0191263e+01
   3.5600000e+02   1.0191942e+01
   3.5700000e+02   1.0192470e+01
   3.5800000e+02   1.0192667e+01
   3.5900000e+02   1.0191895e+01
   3.6000000e+02   1.0192014e+01
   3.6100000e+02   1.0191661e+01
   3.6200000e+02   1.0190918e+01
   3.6300000e+02   1.0191249e+01
   3.6400000e+02   1.0190746e+01
   3.6500000e+02   1.0190864e+01
   3.6600000e+02   1.0191226e+01
   3.6700000e+02   1.0191156e+01
   3.6800000e+02   1.0191856e+01
   3.6900000e+02   1.0192202e+01
   3.7000000e+02   1.0192872e+01
   3.7100000e+02   1.0193047e+01
   3.7200000e+02   1.0193463e+01
   3.7300000e+02   1.0193661e+01
   3.7400000e+02   1.0194162e+01
   3.7500000e+02   1.0194495e+01
   3.7600000e+02   1.0194595e+01
   3.7700000e+02   1.0194928e+01
   3.7800000e+02   1.0195185e+01
   3.7900000e+02   1.0195013e+01
   3.8000000e+02   1.0195081e+01
   3.8100000e+02   1.0195462e+01
   3.8200000e+02   1.0194925e+01
   3.8300000e+02   1.0195695e+01
   3.8400000e+02   1.0195412e+01
   3.8500000e+02   1.0195330e+01
   3.8600000e+02   1.0194643e+01
   3.8700000e+02   1.0195028e+01
   3.8800000e+02   1.0194194e+01
   3.8900000e+02   1.0193648e+01
   3.9000000e+02   1.0193001e+01
   3.9100000e+02   1.0192890e+01
   3.9200000e+02   1.0192385e+01
   3.9300000e+02   1.0192120e+01
   3.9400000e+02   1.0191646e+01
   3.9500000e+02   1.0192070e+01
   3.9600000e+02   1.0192205e+01
   3.9700000e+02   1.0192425e+01
   3.9800000e+02   1.0192945e+01
   3.9900000e+02   1.0193031e+01
   4.0000000e+02   1.0193684e+01
   4.0100000e+02   1.0193961e+01
   4.0200000e+02   1.0194283e+01
   4.0300000e+02   1.0194162e+01
   4.0400000e+02   1.0195031e+01
   4.0500000e+02   1.0194413e+01
   4.0600000e+02   1.0194920e+01
   4.0700000e+02   1.0194953e+01
   4.0800000e+02   1.0195101e+01
   4.0900000e+02   1.0195119e+01
   4.1000000e+02   1.0195044e+01
   4.1100000e+02   1.0195403e+01
   4.1200000e+02   1.0195527e+01
   4.1300000e+02   1.0195446e+01
   4.1400000e+02   1.0195277e+01
   4.1500000e+02   1.0195371e+01
   4.1600000e+02   1.0195273e+01
   4.1700000e+02   1.0195433e+01
   4.1800000e+02   1.0195422e+01
   4.1900000e+02   1.0195416e+01
   4.2000000e+02   1.0195222e+01
   4.2100000e+02   1.0195458e+01
   4.2200000e+02   1.0195123e+01
   4.2300000e+02   1.0195576e+01
   4.2400000e+02   1.0195143e+01
   4.2500000e+02   1.0195513e+01
   4.2600000e+02   1.0195477e+01
   4.2700000e+02   1.0195692e+01
   4.2800000e+02   1.0195327e+01
   4.2900000e+02   1.0195805e+01
   4.3000000e+02   1.0195612e+01
   4.3100000e+02   1.0195659e+01
   4.3200000e+02   1.0195739e+01
   4.3300000e+02   1.0195183e+01
   4.3400000e+02   1.0195732e+01
   4.3500000e+02   1.0195823e+01
   4.3600000e+02   1.0195052e+01
   4.3700000e+02   1.0194895e+01
   4.3800000e+02   1.0194780e+01
   4.3900000e+02   1.0194436e+01
   4.4000000e+02   1.0193874e+01
   4.4100000e+02   1.0192705e+01
   4.4200000e+02   1.0190755e+01
   4.4300000e+02   1.0188317e+01
   4.4400000e+02   1.0184382e+01
   4.4500000e+02   1.0179199e+01
   4.4600000e+02   1.0173289e+01
   4.4700000e+02   1.0166039e+01
   4.4800000e+02   1.0158695e+01
   4.4900000e+02   1.0151663e+01
   4.5000000e+02   1.0146158e+01
   4.5100000e+02   1.0141921e+01
   4.5200000e+02   1.0138988e+01
   4.5300000e+02   1.0139058e+01
   4.5400000e+02   1.0140547e+01
   4.5500000e+02   1.0143170e+01
   4.5600000e+02   1.0147289e+01
   4.5700000e+02   1.0151898e+01
   4.5800000e+02   1.0156171e+01
   4.5900000e+02   1.0160228e+01
   4.6000000e+02   1.0164860e+01
   4.6100000e+02   1.0168698e+01
   4.6200000e+02   1.0171704e+01
   4.6300000e+02   1.0175397e+01
   4.6400000e+02   1.0177681e+01
   4.6500000e+02   1.0179932e+01
   4.6600000e+02   1.0182269e+01
   4.6700000e+02   1.0183414e+01
   4.6800000e+02   1.0185092e+01
   4.6900000e+02   1.0186468e+01
   4.7000000e+02   1.0186895e+01
   4.7100000e+02   1.0187736e+01
   4.7200000e+02   1.0188921e+01
   4.7300000e+02   1.0189260e+01
   4.7400000e+02   1.0190491e+01
   4.7500000e+02   1.0190990e+01
   4.7600000e+02   1.0191822e+01
   4.7700000e+02   1.0192093e+01
   4.7800000e+02   1.0192780e+01
   4.7900000e+02   1.0192994e+01
   4.8000000e+02   1.0193771e+01
   4.8100000e+02   1.0193586e+01
   4.8200000e+02   1.0194442e+01
   4.8300000e+02   1.0194519e+01
   4.8400000e+02   1.0194140e+01
   4.8500000e+02   1.0194888e+01
   4.8600000e+02   1.0194940e+01
   4.8700000e+02   1.0194848e+01
   4.8800000e+02   1.0194942e+01
   4.8900000e+02   1.0195113e+01
   4.9000000e+02   1.0195116e+01
   4.9100000e+02   1.0194642e+01
   4.9200000e+02   1.0195115e+01
   4.9300000e+02   1.0195262e+01
   4.9400000e+02   1.0194946e+01
   4.9500000e+02   1.0195158e+01
   4.9600000e+02   1.0195119e+01
   4.9700000e+02   1.0195044e+01
   4.9800000e+02   1.0194908e+01
   4.9900000e+02   1.0194964e+01
   5.0000000e+02   1.0195239e+01
   5.0100000e+02   1.0195163e+01
   5.0200000e+02   1.0194984e+01
   5.0300000e+02   1.0195308e+01
   5.0400000e+02   1.0195121e+01
   5.0500000e+02   1.0195443e+01
   5.0600000e+02   1.0195484e+01
   5.0700000e+02   1.0195365e+01
   5.0800000e+02   1.0195280e+01
   5.0900000e+02   1.0194855e+01
   5.1000000e+02   1.0194962e+01
   5.1100000e+02   1.0194731e+01
   5.1200000e+02   1.0194737e+01
   5.1300000e+02   1.0195063e+01
   5.1400000e+02   1.0194445e+01
   5.1500000e+02   1.0195131e+01
   5.1600000e+02   1.0194572e+01
   5.1700000e+02   1.0194949e+01
   5.1800000e+02   1.0195170e+01
   5.1900000e+02   1.0195227e+01
   5.2000000e+02   1.0195089e+01
   5.2100000e+02   1.0195417e+01
   5.2200000e+02   1.0195118e+01
   5.2300000e+02   1.0195260e+01
   5.2400000e+02   1.0195176e+01
   5.2500000e+02   1.0195557e+01
   5.2600000e+02   1.0194995e+01
   5.2700000e+02   1.0194971e+01
   5.2800000e+02   1.0194947e+01
   5.2900000e+02   1.0194745e+01
   5.3000000e+02   1.0195040e+01
   5.3100000e+02   1.0194588e+01
   5.3200000e+02   1.0194748e+01
   5.3300000e+02   1.0194782e+01
   5.3400000e+02   1.0195049e+01
   5.3500000e+02   1.0195242e+01
   5.3600000e+02   1.0194786e+01
   5.3700000e+02   1.0194753e+01
   5.3800000e+02   1.0194848e+01
   5.3900000e+02   1.0194968e+01
   5.4000000e+02   1.0194921e+01
   5.4100000e+02   1.0194901e+01
   5.4200000e+02   1.0194364e+01
   5.4300000e+02   1.0194521e+01
   5.4400000e+02   1.0194708e+01
   5.4500000e+02   1.0194824e+01
   5.4600000e+02   1.0194390e+01
   5.4700000e+02   1.0194983e+01
   5.4800000e+02   1.0194938e+01
   5.4900000e+02   1.0194851e+01
   5.5000000e+02   1.0194660e+01
   5.5100000e+02   1.0195056e+01
   5.5200000e+02   1.0194799e+01
   5.5300000e+02   1.0195005e+01
   5.5400000e+02   1.0194792e+01
   5.5500000e+02   1.0194894e+01
   5.5600000e+02   1.0194641e+01
   5.5700000e+02   1.0194707e+01
   5.5800000e+02   1.0194442e+01
   5.5900000e+02   1.0194540e+01
   5.6000000e+02   1.0195058e+01
   5.6100000e+02   1.0194818e+01
   5.6200000e+02   1.0194768e+01
   5.6300000e+02   1.0194602e+01
   5.6400000e+02   1.0194448e+01
   5.6500000e+02   1.0194608e+01
   5.6600000e+02   1.0194581e+01
   5.6700000e+02   1.0194580e+01
   5.6800000e+02   1.0194174e+01
   5.6900000e+02   1.0194185e+01
   5.7000000e+02   1.0194313e+01
   5.7100000e+02   1.0194225e+01
   5.7200000e+02   1.0194767e+01
   5.7300000e+02   1.0194363e+01
   5.7400000e+02   1.0194589e+01
   5.7500000e+02   1.0194725e+01
   5.7600000e+02   1.0194446e+01
   5.7700000e+02   1.0194655e+01
   5.7800000e+02   1.0194240e+01
   5.7900000e+02   1.0193954e+01
   5.8000000e+02   1.0194439e+01
   5.8100000e+02   1.0194534e+01
   5.8200000e+02   1.0194397e+01
   5.8300000e+02   1.0194230e+01
   5.8400000e+02   1.0194403e+01
   5.8500000e+02   1.0194389e+01
   5.8600000e+02   1.0194201e+01
   5.8700000e+02   1.0194267e+01
   5.8800000e+02   1.0194351e+01
   5.8900000e+02   1.0194220e+01
   5.9000000e+02   1.0194159e+01
   5.9100000e+02   1.0193574e+01
   5.9200000e+02   1.0194164e+01
   5.9300000e+02   1.0194262e+01
   5.9400000e+02   1.0194179e+01
   5.9500000e+02   1.0194490e+01
   5.9600000e+02   1.0194496e+01
   5.9700000e+02   1.0194357e+01
   5.9800000e+02   1.0194186e+01
   5.9900000e+02   1.0193982e+01
   6.0000000e+02   1.0193745e+01
   6.0100000e+02   1.0194029e+01
   6.0200000e+02   1.0194273e+01
   6.0300000e+02   1.0194322e+01
   6.0400000e+02   1.0194327e+01
   6.0500000e+02   1.0194212e+01
   6.0600000e+02   1.0194138e+01
   6.0700000e+02   1.0193922e+01
   6.0800000e+02   1.0193924e+01
   6.0900000e+02   1.0194076e+01
   6.1000000e+02   1.0194324e+01
   6.1100000e+02   1.0194317e+01
   6.1200000e+02   1.0194497e+01
   6.1300000e+02   1.0193931e+01
   6.1400000e+02   1.0193952e+01
   6.1500000e+02   1.0194029e+01
   6.1600000e+02   1.0194215e+01
   6.1700000e+02   1.0194092e+01
   6.1800000e+02   1.0194215e+01
   6.1900000e+02   1.0193815e+01
   6.2000000e+02   1.0193778e+01
   6.2100000e+02   1.0193918e+01
   6.2200000e+02   1.0193639e+01
   6.2300000e+02   1.0193728e+01
   6.2400000e+02   1.0194114e+01
   6.2500000e+02   1.0194247e+01
   6.2600000e+02   1.0194147e+01
   6.2700000e+02   1.0193610e+01
   6.2800000e+02   1.0194293e+01
   6.2900000e+02   1.0194016e+01
   6.3000000e+02   1.0193791e+01
   6.3100000e+02   1.0194008e+01
   6.3200000e+02   1.0194092e+01
   6.3300000e+02   1.0194264e+01
   6.3400000e+02   1.0194094e+01
   6.3500000e+02   1.0193732e+01
   6.3600000e+02   1.0193439e+01
   6.3700000e+02   1.0193676e+01
   6.3800000e+02   1.0193755e+01
   6.3900000e+02   1.0193829e+01
   6.4000000e+02   1.0194120e+01
   6.4100000e+02   1.0193945e+01
   6.4200000e+02   1.0193909e+01
   6.4300000e+02   1.0193947e+01
   6.4400000e+02   1.0193854e+01
   6.4500000e+02   1.0193764e+01
   6.4600000e+02   1.0193598e+01
   6.4700000e+02   1.0193745e+01
   6.4800000e+02   1.0193691e+01
   6.4900000e+02   1.0193805e+01
   6.5000000e+02   1.0194184e+01
   6.5100000e+02   1.0193628e+01
   6.5200000e+02   1.0193378e+01
   6.5300000e+02   1.0193677e+01
   6.5400000e+02   1.0193523e+01
   6.5500000e+02   1.0193820e+01
   6.5600000e+02   1.0193487e+01
   6.5700000e+02   1.0193924e+01
   6.5800000e+02   1.0193905e+01
   6.5900000e+02   1.0193818e+01
   6.6000000e+02   1.0193700e+01
   6.6100000e+02   1.0193428e+01
   6.6200000e+02   1.0193361e+01
   6.6300000e+02   1.0193781e+01
   6.6400000e+02   1.0193751e+01
   6.6500000e+02   1.0193475e+01
   6.6600000e+02   1.0193359e+01
   6.6700000e+02   1.0193515e+01
   6.6800000e+02   1.0193542e+01
   6.6900000e+02   1.0193710e+01
   6.7000000e+02   1.0193946e+01
   6.7100000e+02   1.0193613e+01
   6.7200000e+02   1.0194051e+01
   6.7300000e+02   1.0193468e+01
   6.7400000e+02   1.0193751e+01
   6.7500000e+02   1.0193675e+01
   6.7600000e+02   1.0193650e+01
   6.7700000e+02   1.0193747e+01
   6.7800000e+02   1.0193708e+01
   6.7900000e+02   1.0193379e+01
   6.8000000e+02   1.0193204e+01
   6.8100000e+02   1.0193221e+01
   6.8200000e+02   1.0193311e+01
   6.8300000e+02   1.0193013e+01
   6.8400000e+02   1.0192834e+01
   6.8500000e+02   1.0192830e+01
   6.8600000e+02   1.0192735e+01
   6.8700000e+02   1.0192637e+01
   6.8800000e+02   1.0192812e+01
   6.8900000e+02   1.0192870e+01
   6.9000000e+02   1.0192986e+01
   6.9100000e+02   1.0192427e+01
   6.9200000e+02   1.0192649e+01
   6.9300000e+02   1.0192663e+01
   6.9400000e+02   1.0192942e+01
   6.9500000e+02   1.0192479e+01
   6.9600000e+02   1.0192732e+01
   6.9700000e+02   1.0192614e+01
   6.9800000e+02   1.0192737e+01
   6.9900000e+02   1.0192911e+01
   7.0000000e+02   1.0193069e+01
   7.0100000e+02   1.0192644e+01
   7.0200000e+02   1.0192902e+01
   7.0300000e+02   1.0193181e+01
   7.0400000e+02   1.0192953e+01
   7.0500000e+02   1.0193053e+01
   7.0600000e+02   1.0193387e+01
   7.0700000e+02   1.0193112e+01
   7.0800000e+02   1.0193166e+01
   7.0900000e+02   1.0193462e+01
   7.1000000e+02   1.0193220e+01
   7.1100000e+02   1.0193062e+01
   7.1200000e+02   1.0193613e+01
   7.1300000e+02   1.0193353e+01
   7.1400000e+02   1.0193198e+01
   7.1500000e+02   1.0193234e+01
   7.1600000e+02   1.0193240e+01
   7.1700000e+02   1.0193398e+01
   7.1800000e+02   1.0193132e+01
   7.1900000e+02   1.0192971e+01
   7.2000000e+02   1.0192817e+01
   7.2100000e+02   1.0193201e+01
   7.2200000e+02   1.0193314e+01
   7.2300000e+02   1.0192880e+01
   7.2400000e+02   1.0193165e+01
   7.2500000e+02   1.0193097e+01
   7.2600000e+02   1.0192956e+01
   7.2700000e+02   1.0193091e+01
   7.2800000e+02   1.0193344e+01
   7.2900000e+02   1.0193161e+01
   7.3000000e+02   1.0193392e+01
   7.3100000e+02   1.0193239e+01
   7.3200000e+02   1.0193136e+01
   7.3300000e+02   1.0193406e+01
   7.3400000e+02   1.0193359e+01
   7.3500000e+02   1.0193332e+01
   7.3600000e+02   1.0193633e+01
   7.3700000e+02   1.0193135e+01
   7.3800000e+02   1.0193271e+01
   7.3900000e+02   1.0193717e+01
   7.4000000e+02   1.0193446e+01
   7.4100000e+02   1.0192889e+01
   7.4200000e+02   1.0192787e+01
   7.4300000e+02   1.0193015e+01
   7.4400000e+02   1.0193310e+01
   7.4500000e+02   1.0193347e+01
   7.4600000e+02   1.0193100e+01
   7.4700000e+02   1.0193436e+01
   7.4800000e+02   1.0193114e+01
   7.4900000e+02   1.0193340e+01
   7.5000000e+02   1.0193294e+01
   7.5100000e+02   1.0193205e+01
   7.5200000e+02   1.0193304e+01
   7.5300000e+02   1.0193445e+01
   7.5400000e+02   1.0193425e+01
   7.5500000e+02   1.0193217e+01
   7.5600000e+02   1.0192976e+01
   7.5700000e+02   1.0193259e+01
   7.5800000e+02   1.0193288e+01
   7.5900000e+02   1.0193242e+01
   7.6000000e+02   1.0193434e+01
   7.6100000e+02   1.0193285e+01
   7.6200000e+02   1.0193090e+01
   7.6300000e+02   1.0193194e+01
   7.6400000e+02   1.0193265e+01
   7.6500000e+02   1.0193537e+01
   7.6600000e+02   1.0193092e+01
   7.6700000e+02   1.0193298e+01
   7.6800000e+02   1.0193092e+01
   7.6900000e+02   1.0193380e+01
   7.7000000e+02   1.0193235e+01
   7.7100000e+02   1.0193229e+01
   7.7200000e+02   1.0193389e+01
   7.7300000e+02   1.0193327e+01
   7.7400000e+02   1.0193165e+01
   7.7500000e+02   1.0193194e+01
   7.7600000e+02   1.0193259e+01
   7.7700000e+02   1.0193073e+01
   7.7800000e+02   1.0192790e+01
   7.7900000e+02   1.0192587e+01
   7.8000000e+02   1.0193008e+01
