   0.0000000e+00   1.0302809e+01
   1.0000000e+00   1.0298490e+01
   2.0000000e+00   1.0297688e+01
   3.0000000e+00   1.0296771e+01
   4.0000000e+00   1.0295888e+01
   5.0000000e+00   1.0295762e+01
   6.0000000e+00   1.0295247e+01
   7.0000000e+00   1.0294782e+01
   8.0000000e+00   1.0294572e+01
   9.0000000e+00   1.0294343e+01
   1.0000000e+01   1.0294034e+01
   1.1000000e+01   1.0293744e+01
   1.2000000e+01   1.0293648e+01
   1.3000000e+01   1.0293246e+01
   1.4000000e+01   1.0293080e+01
   1.5000000e+01   1.0292949e+01
   1.6000000e+01   1.0292832e+01
   1.7000000e+01   1.0292294e+01
   1.8000000e+01   1.0292348e+01
   1.9000000e+01   1.0292372e+01
   2.0000000e+01   1.0292126e+01
   2.1000000e+01   1.0291822e+01
   2.2000000e+01   1.0291565e+01
   2.3000000e+01   1.0291736e+01
   2.4000000e+01   1.0291431e+01
   2.5000000e+01   1.0291420e+01
   2.6000000e+01   1.0291346e+01
   2.7000000e+01   1.0291090e+01
   2.8000000e+01   1.0290835e+01
   2.9000000e+01   1.0290730e+01
   3.0000000e+01   1.0290515e+01
   3.1000000e+01   1.0290519e+01
   3.2000000e+01   1.0290523e+01
   3.3000000e+01   1.0290249e+01
   3.4000000e+01   1.0290105e+01
   3.5000000e+01   1.0290259e+01
   3.6000000e+01   1.0290222e+01
   3.7000000e+01   1.0290229e+01
   3.8000000e+01   1.0289927e+01
   3.9000000e+01   1.0289734e+01
   4.0000000e+01   1.0289621e+01
   4.1000000e+01   1.0289573e+01
   4.2000000e+01   1.0289660e+01
   4.3000000e+01   1.0289597e+01
   4.4000000e+01   1.0289420e+01
   4.5000000e+01   1.0289301e+01
   4.6000000e+01   1.0289123e+01
   4.7000000e+01   1.0289105e+01
   4.8000000e+01   1.0289178e+01
   4.9000000e+01   1.0288813e+01
   5.0000000e+01   1.0288775e+01
   5.1000000e+01   1.0288760e+01
   5.2000000e+01   1.0288773e+01
   5.3000000e+01   1.0288822e+01
   5.4000000e+01   1.0288592e+01
   5.5000000e+01   1.0288619e+01
   5.6000000e+01   1.0288387e+01
   5.7000000e+01   1.0288239e+01
   5.8000000e+01   1.0288433e+01
   5.9000000e+01   1.0288309e+01
   6.0000000e+01   1.0287941e+01
   6.1000000e+01   1.0287937e+01
   6.2000000e+01   1.0287853e+01
   6.3000000e+01   1.0287835e+01
   6.4000000e+01   1.0288030e+01
   6.5000000e+01   1.0287607e+01
   6.6000000e+01   1.0287657e+01
   6.7000000e+01   1.0287644e+01
   6.8000000e+01   1.0287789e+01
   6.9000000e+01   1.0287763e+01
   7.0000000e+01   1.0287370e+01
   7.1000000e+01   1.0287239e+01
   7.2000000e+01   1.0287201e+01
   7.3000000e+01   1.0287347e+01
   7.4000000e+01   1.0286961e+01
   7.5000000e+01   1.0287159e+01
   7.6000000e+01   1.0287316e+01
   7.7000000e+01   1.0287177e+01
   7.8000000e+01   1.0287115e+01
   7.9000000e+01   1.0286896e+01
   8.0000000e+01   1.0287004e+01
   8.1000000e+01   1.0286731e+01
   8.2000000e+01   1.0286791e+01
   8.3000000e+01   1.0286451e+01
   8.4000000e+01   1.0286594e+01
   8.5000000e+01   1.0286469e+01
   8.6000000e+01   1.0286711e+01
   8.7000000e+01   1.0286507e+01
   8.8000000e+01   1.0286346e+01
   8.9000000e+01   1.0286422e+01
   9.0000000e+01   1.0286183e+01
   9.1000000e+01   1.0286158e+01
   9.2000000e+01   1.0286071e+01
   9.3000000e+01   1.0285996e+01
   9.4000000e+01   1.0286155e+01
   9.5000000e+01   1.0285989e+01
   9.6000000e+01   1.0285881e+01
   9.7000000e+01   1.0285818e+01
   9.8000000e+01   1.0285768e+01
   9.9000000e+01   1.0285859e+01
   1.0000000e+02   1.0285697e+01
   1.0100000e+02   1.0285605e+01
   1.0200000e+02   1.0285739e+01
   1.0300000e+02   1.0285607e+01
   1.0400000e+02   1.0285764e+01
   1.0500000e+02   1.0285757e+01
   1.0600000e+02   1.0285614e+01
   1.0700000e+02   1.0285461e+01
   1.0800000e+02   1.0285144e+01
   1.0900000e+02   1.0285336e+01
   1.1000000e+02   1.0285278e+01
   1.1100000e+02   1.0285473e+01
   1.1200000e+02   1.0285304e+01
   1.1300000e+02   1.0285187e+01
   1.1400000e+02   1.0285327e+01
   1.1500000e+02   1.0284881e+01
   1.1600000e+02   1.0285339e+01
   1.1700000e+02   1.0285291e+01
   1.1800000e+02   1.0284862e+01
   1.1900000e+02   1.0284817e+01
   1.2000000e+02   1.0284927e+01
   1.2100000e+02   1.0284422e+01
   1.2200000e+02   1.0284689e+01
   1.2300000e+02   1.0284587e+01
   1.2400000e+02   1.0284830e+01
   1.2500000e+02   1.0284556e+01
   1.2600000e+02   1.0284514e+01
   1.2700000e+02   1.0284573e+01
   1.2800000e+02   1.0284312e+01
   1.2900000e+02   1.0284428e+01
   1.3000000e+02   1.0284333e+01
   1.3100000e+02   1.0284271e+01
   1.3200000e+02   1.0284387e+01
   1.3300000e+02   1.0284183e+01
   1.3400000e+02   1.0284101e+01
   1.3500000e+02   1.0284022e+01
   1.3600000e+02   1.0284021e+01
   1.3700000e+02   1.0284316e+01
   1.3800000e+02   1.0283975e+01
   1.3900000e+02   1.0283912e+01
   1.4000000e+02   1.0284081e+01
   1.4100000e+02   1.0283902e+01
   1.4200000e+02   1.0283800e+01
   1.4300000e+02   1.0283863e+01
   1.4400000e+02   1.0283616e+01
   1.4500000e+02   1.0283714e+01
   1.4600000e+02   1.0283752e+01
   1.4700000e+02   1.0283559e+01
   1.4800000e+02   1.0283690e+01
   1.4900000e+02   1.0283552e+01
   1.5000000e+02   1.0283331e+01
   1.5100000e+02   1.0283599e+01
   1.5200000e+02   1.0283519e+01
   1.5300000e+02   1.0283515e+01
   1.5400000e+02   1.0283377e+01
   1.5500000e+02   1.0283458e+01
   1.5600000e+02   1.0283349e+01
   1.5700000e+02   1.0283334e+01
   1.5800000e+02   1.0283594e+01
   1.5900000e+02   1.0283482e+01
   1.6000000e+02   1.0283385e+01
   1.6100000e+02   1.0283243e+01
   1.6200000e+02   1.0283172e+01
   1.6300000e+02   1.0283175e+01
   1.6400000e+02   1.0283135e+01
   1.6500000e+02   1.0283090e+01
   1.6600000e+02   1.0282781e+01
   1.6700000e+02   1.0277299e+01
   1.6800000e+02   1.0259680e+01
   1.6900000e+02   1.0247250e+01
   1.7000000e+02   1.0254114e+01
   1.7100000e+02   1.0265820e+01
   1.7200000e+02   1.0272520e+01
   1.7300000e+02   1.0275126e+01
   1.7400000e+02   1.0276328e+01
   1.7500000e+02   1.0277270e+01
   1.7600000e+02   1.0277955e+01
   1.7700000e+02   1.0278896e+01
   1.7800000e+02   1.0277714e+01
   1.7900000e+02   1.0245651e+01
   1.8000000e+02   1.0203157e+01
   1.8100000e+02   1.0207133e+01
   1.8200000e+02   1.0215190e+01
   1.8300000e+02   1.0217486e+01
   1.8400000e+02   1.0221939e+01
   1.8500000e+02   1.0224800e+01
   1.8600000e+02   1.0227126e+01
   1.8700000e+02   1.0231539e+01
   1.8800000e+02   1.0238264e+01
   1.8900000e+02   1.0246583e+01
   1.9000000e+02   1.0255330e+01
   1.9100000e+02   1.0263026e+01
   1.9200000e+02   1.0268083e+01
   1.9300000e+02   1.0271767e+01
   1.9400000e+02   1.0273932e+01
   1.9500000e+02   1.0275188e+01
   1.9600000e+02   1.0276263e+01
   1.9700000e+02   1.0276887e+01
   1.9800000e+02   1.0277419e+01
   1.9900000e+02   1.0277931e+01
   2.0000000e+02   1.0278127e+01
   2.0100000e+02   1.0278873e+01
   2.0200000e+02   1.0278970e+01
   2.0300000e+02   1.0279642e+01
   2.0400000e+02   1.0279845e+01
   2.0500000e+02   1.0280505e+01
   2.0600000e+02   1.0280633e+01
   2.0700000e+02   1.0281050e+01
   2.0800000e+02   1.0281293e+01
   2.0900000e+02   1.0281023e+01
   2.1000000e+02   1.0281270e+01
   2.1100000e+02   1.0281201e+01
   2.1200000e+02   1.0281142e+01
   2.1300000e+02   1.0281038e+01
   2.1400000e+02   1.0281227e+01
   2.1500000e+02   1.0281109e+01
   2.1600000e+02   1.0281178e+01
   2.1700000e+02   1.0281212e+01
   2.1800000e+02   1.0281097e+01
   2.1900000e+02   1.0280984e+01
   2.2000000e+02   1.0280690e+01
   2.2100000e+02   1.0280164e+01
   2.2200000e+02   1.0279502e+01
   2.2300000e+02   1.0278970e+01
   2.2400000e+02   1.0278244e+01
   2.2500000e+02   1.0277525e+01
   2.2600000e+02   1.0277352e+01
   2.2700000e+02   1.0276980e+01
   2.2800000e+02   1.0277097e+01
   2.2900000e+02   1.0277104e+01
   2.3000000e+02   1.0277300e+01
   2.3100000e+02   1.0277819e+01
   2.3200000e+02   1.0277975e+01
   2.3300000e+02   1.0278264e+01
   2.3400000e+02   1.0278127e+01
   2.3500000e+02   1.0278234e+01
   2.3600000e+02   1.0278242e+01
   2.3700000e+02   1.0278313e+01
   2.3800000e+02   1.0278691e+01
   2.3900000e+02   1.0278400e+01
   2.4000000e+02   1.0278417e+01
   2.4100000e+02   1.0278065e+01
   2.4200000e+02   1.0277748e+01
   2.4300000e+02   1.0276420e+01
   2.4400000e+02   1.0274019e+01
   2.4500000e+02   1.0270024e+01
   2.4600000e+02   1.0264689e+01
   2.4700000e+02   1.0258286e+01
   2.4800000e+02   1.0252712e+01
   2.4900000e+02   1.0249079e+01
   2.5000000e+02   1.0248061e+01
   2.5100000e+02   1.0248619e+01
   2.5200000e+02   1.0250333e+01
   2.5300000e+02   1.0252049e+01
   2.5400000e+02   1.0252712e+01
   2.5500000e+02   1.0252262e+01
   2.5600000e+02   1.0250657e+01
   2.5700000e+02   1.0249144e+01
   2.5800000e+02   1.0247330e+01
   2.5900000e+02   1.0245427e+01
   2.6000000e+02   1.0243851e+01
   2.6100000e+02   1.0242226e+01
   2.6200000e+02   1.0240843e+01
   2.6300000e+02   1.0240213e+01
   2.6400000e+02   1.0240636e+01
   2.6500000e+02   1.0242460e+01
   2.6600000e+02   1.0245046e+01
   2.6700000e+02   1.0248377e+01
   2.6800000e+02   1.0251529e+01
   2.6900000e+02   1.0254269e+01
   2.7000000e+02   1.0256421e+01
   2.7100000e+02   1.0258221e+01
   2.7200000e+02   1.0259116e+01
   2.7300000e+02   1.0260365e+01
   2.7400000e+02   1.0261354e+01
   2.7500000e+02   1.0262486e+01
   2.7600000e+02   1.0263928e+01
   2.7700000e+02   1.0264856e+01
   2.7800000e+02   1.0266198e+01
   2.7900000e+02   1.0266874e+01
   2.8000000e+02   1.0267718e+01
   2.8100000e+02   1.0268233e+01
   2.8200000e+02   1.0268778e+01
   2.8300000e+02   1.0269747e+01
   2.8400000e+02   1.0270181e+01
   2.8500000e+02   1.0271276e+01
   2.8600000e+02   1.0271834e+01
   2.8700000e+02   1.0272635e+01
   2.8800000e+02   1.0273193e+01
   2.8900000e+02   1.0274148e+01
   2.9000000e+02   1.0274406e+01
   2.9100000e+02   1.0274816e+01
   2.9200000e+02   1.0275401e+01
   2.9300000e+02   1.0275529e+01
   2.9400000e+02   1.0276287e+01
   2.9500000e+02   1.0276311e+01
   2.9600000e+02   1.0276737e+01
   2.9700000e+02   1.0276803e+01
   2.9800000e+02   1.0276798e+01
   2.9900000e+02   1.0276462e+01
   3.0000000e+02   1.0276227e+01
   3.0100000e+02   1.0275417e+01
   3.0200000e+02   1.0274283e+01
   3.0300000e+02   1.0272997e+01
   3.0400000e+02   1.0271167e+01
   3.0500000e+02   1.0268295e+01
   3.0600000e+02   1.0264547e+01
   3.0700000e+02   1.0260334e+01
   3.0800000e+02   1.0255322e+01
   3.0900000e+02   1.0250657e+01
   3.1000000e+02   1.0246392e+01
   3.1100000e+02   1.0244137e+01
   3.1200000e+02   1.0243367e+01
   3.1300000e+02   1.0242215e+01
   3.1400000e+02   1.0241309e+01
   3.1500000e+02   1.0238410e+01
   3.1600000e+02   1.0233435e+01
   3.1700000e+02   1.0227243e+01
   3.1800000e+02   1.0220296e+01
   3.1900000e+02   1.0214357e+01
   3.2000000e+02   1.0210158e+01
   3.2100000e+02   1.0207760e+01
   3.2200000e+02   1.0207659e+01
   3.2300000e+02   1.0209179e+01
   3.2400000e+02   1.0212277e+01
   3.2500000e+02   1.0216525e+01
   3.2600000e+02   1.0221434e+01
   3.2700000e+02   1.0226931e+01
   3.2800000e+02   1.0232312e+01
   3.2900000e+02   1.0237330e+01
   3.3000000e+02   1.0241675e+01
   3.3100000e+02   1.0245280e+01
   3.3200000e+02   1.0247791e+01
   3.3300000e+02   1.0249290e+01
   3.3400000e+02   1.0249886e+01
   3.3500000e+02   1.0249946e+01
   3.3600000e+02   1.0250009e+01
   3.3700000e+02   1.0250230e+01
   3.3800000e+02   1.0250953e+01
   3.3900000e+02   1.0252493e+01
   3.4000000e+02   1.0253961e+01
   3.4100000e+02   1.0256619e+01
   3.4200000e+02   1.0258858e+01
   3.4300000e+02   1.0261115e+01
   3.4400000e+02   1.0263300e+01
   3.4500000e+02   1.0265214e+01
   3.4600000e+02   1.0266936e+01
   3.4700000e+02   1.0268326e+01
   3.4800000e+02   1.0269515e+01
   3.4900000e+02   1.0270666e+01
   3.5000000e+02   1.0271751e+01
   3.5100000e+02   1.0272574e+01
   3.5200000e+02   1.0273250e+01
   3.5300000e+02   1.0273617e+01
   3.5400000e+02   1.0273956e+01
   3.5500000e+02   1.0274039e+01
   3.5600000e+02   1.0273716e+01
   3.5700000e+02   1.0273827e+01
   3.5800000e+02   1.0273270e+01
   3.5900000e+02   1.0273137e+01
   3.6000000e+02   1.0273078e+01
   3.6100000e+02   1.0273080e+01
   3.6200000e+02   1.0273508e+01
   3.6300000e+02   1.0273551e+01
   3.6400000e+02   1.0274190e+01
   3.6500000e+02   1.0274533e+01
   3.6600000e+02   1.0274809e+01
   3.6700000e+02   1.0275584e+01
   3.6800000e+02   1.0275351e+01
   3.6900000e+02   1.0275636e+01
   3.7000000e+02   1.0276087e+01
   3.7100000e+02   1.0276125e+01
   3.7200000e+02   1.0276297e+01
   3.7300000e+02   1.0276598e+01
   3.7400000e+02   1.0276524e+01
   3.7500000e+02   1.0276656e+01
   3.7600000e+02   1.0276742e+01
   3.7700000e+02   1.0276700e+01
   3.7800000e+02   1.0276739e+01
   3.7900000e+02   1.0276400e+01
   3.8000000e+02   1.0276382e+01
   3.8100000e+02   1.0276066e+01
   3.8200000e+02   1.0275850e+01
   3.8300000e+02   1.0275110e+01
   3.8400000e+02   1.0275120e+01
   3.8500000e+02   1.0274995e+01
   3.8600000e+02   1.0274448e+01
   3.8700000e+02   1.0274491e+01
   3.8800000e+02   1.0273996e+01
   3.8900000e+02   1.0273948e+01
   3.9000000e+02   1.0274075e+01
   3.9100000e+02   1.0274445e+01
   3.9200000e+02   1.0274477e+01
   3.9300000e+02   1.0274915e+01
   3.9400000e+02   1.0274992e+01
   3.9500000e+02   1.0275384e+01
   3.9600000e+02   1.0275533e+01
   3.9700000e+02   1.0275618e+01
   3.9800000e+02   1.0275753e+01
   3.9900000e+02   1.0276025e+01
   4.0000000e+02   1.0276177e+01
   4.0100000e+02   1.0276076e+01
   4.0200000e+02   1.0276337e+01
   4.0300000e+02   1.0276354e+01
   4.0400000e+02   1.0276459e+01
   4.0500000e+02   1.0276548e+01
   4.0600000e+02   1.0276302e+01
   4.0700000e+02   1.0276406e+01
   4.0800000e+02   1.0276539e+01
   4.0900000e+02   1.0276690e+01
   4.1000000e+02   1.0276304e+01
   4.1100000e+02   1.0276341e+01
   4.1200000e+02   1.0276683e+01
   4.1300000e+02   1.0276850e+01
   4.1400000e+02   1.0276907e+01
   4.1500000e+02   1.0276788e+01
   4.1600000e+02   1.0276711e+01
   4.1700000e+02   1.0276717e+01
   4.1800000e+02   1.0276859e+01
   4.1900000e+02   1.0276740e+01
   4.2000000e+02   1.0276674e+01
   4.2100000e+02   1.0276705e+01
   4.2200000e+02   1.0276393e+01
   4.2300000e+02   1.0276511e+01
   4.2400000e+02   1.0276942e+01
   4.2500000e+02   1.0276508e+01
   4.2600000e+02   1.0276753e+01
   4.2700000e+02   1.0276667e+01
   4.2800000e+02   1.0276993e+01
   4.2900000e+02   1.0276594e+01
   4.3000000e+02   1.0276697e+01
   4.3100000e+02   1.0276746e+01
   4.3200000e+02   1.0276953e+01
   4.3300000e+02   1.0276507e+01
   4.3400000e+02   1.0276124e+01
   4.3500000e+02   1.0276499e+01
   4.3600000e+02   1.0275966e+01
   4.3700000e+02   1.0275198e+01
   4.3800000e+02   1.0274652e+01
   4.3900000e+02   1.0273545e+01
   4.4000000e+02   1.0272444e+01
   4.4100000e+02   1.0270771e+01
   4.4200000e+02   1.0269138e+01
   4.4300000e+02   1.0267655e+01
   4.4400000e+02   1.0265947e+01
   4.4500000e+02   1.0264797e+01
   4.4600000e+02   1.0263744e+01
   4.4700000e+02   1.0263589e+01
   4.4800000e+02   1.0263486e+01
   4.4900000e+02   1.0264274e+01
   4.5000000e+02   1.0264793e+01
   4.5100000e+02   1.0265906e+01
   4.5200000e+02   1.0266926e+01
   4.5300000e+02   1.0267754e+01
   4.5400000e+02   1.0268597e+01
   4.5500000e+02   1.0269256e+01
   4.5600000e+02   1.0270486e+01
   4.5700000e+02   1.0271010e+01
   4.5800000e+02   1.0271753e+01
   4.5900000e+02   1.0272376e+01
   4.6000000e+02   1.0272725e+01
   4.6100000e+02   1.0273236e+01
   4.6200000e+02   1.0273624e+01
   4.6300000e+02   1.0273667e+01
   4.6400000e+02   1.0274205e+01
   4.6500000e+02   1.0274229e+01
   4.6600000e+02   1.0274705e+01
   4.6700000e+02   1.0274686e+01
   4.6800000e+02   1.0274831e+01
   4.6900000e+02   1.0275239e+01
   4.7000000e+02   1.0275164e+01
   4.7100000e+02   1.0275158e+01
   4.7200000e+02   1.0275554e+01
   4.7300000e+02   1.0275617e+01
   4.7400000e+02   1.0275642e+01
   4.7500000e+02   1.0275569e+01
   4.7600000e+02   1.0275925e+01
   4.7700000e+02   1.0275862e+01
   4.7800000e+02   1.0275529e+01
   4.7900000e+02   1.0275568e+01
   4.8000000e+02   1.0275798e+01
   4.8100000e+02   1.0275592e+01
   4.8200000e+02   1.0275635e+01
   4.8300000e+02   1.0275660e+01
   4.8400000e+02   1.0275620e+01
   4.8500000e+02   1.0275670e+01
   4.8600000e+02   1.0275524e+01
   4.8700000e+02   1.0275870e+01
   4.8800000e+02   1.0275733e+01
   4.8900000e+02   1.0275637e+01
   4.9000000e+02   1.0275489e+01
   4.9100000e+02   1.0276131e+01
   4.9200000e+02   1.0275672e+01
   4.9300000e+02   1.0275982e+01
   4.9400000e+02   1.0275526e+01
   4.9500000e+02   1.0275555e+01
   4.9600000e+02   1.0275893e+01
   4.9700000e+02   1.0275460e+01
   4.9800000e+02   1.0275523e+01
   4.9900000e+02   1.0275260e+01
   5.0000000e+02   1.0275383e+01
   5.0100000e+02   1.0275765e+01
   5.0200000e+02   1.0275501e+01
   5.0300000e+02   1.0275517e+01
   5.0400000e+02   1.0275628e+01
   5.0500000e+02   1.0275632e+01
   5.0600000e+02   1.0275606e+01
   5.0700000e+02   1.0275649e+01
   5.0800000e+02   1.0275487e+01
   5.0900000e+02   1.0275231e+01
   5.1000000e+02   1.0275130e+01
   5.1100000e+02   1.0274979e+01
   5.1200000e+02   1.0275199e+01
   5.1300000e+02   1.0275344e+01
   5.1400000e+02   1.0275195e+01
   5.1500000e+02   1.0275158e+01
   5.1600000e+02   1.0275367e+01
   5.1700000e+02   1.0275387e+01
   5.1800000e+02   1.0275268e+01
   5.1900000e+02   1.0275398e+01
   5.2000000e+02   1.0275346e+01
   5.2100000e+02   1.0275255e+01
   5.2200000e+02   1.0275241e+01
   5.2300000e+02   1.0275164e+01
   5.2400000e+02   1.0275207e+01
   5.2500000e+02   1.0275205e+01
   5.2600000e+02   1.0274982e+01
   5.2700000e+02   1.0275117e+01
   5.2800000e+02   1.0275099e+01
   5.2900000e+02   1.0275171e+01
   5.3000000e+02   1.0274962e+01
   5.3100000e+02   1.0274985e+01
   5.3200000e+02   1.0275336e+01
   5.3300000e+02   1.0275197e+01
   5.3400000e+02   1.0275164e+01
   5.3500000e+02   1.0275154e+01
   5.3600000e+02   1.0275052e+01
   5.3700000e+02   1.0274806e+01
   5.3800000e+02   1.0275137e+01
   5.3900000e+02   1.0275209e+01
   5.4000000e+02   1.0275003e+01
   5.4100000e+02   1.0274830e+01
   5.4200000e+02   1.0274761e+01
   5.4300000e+02   1.0274509e+01
   5.4400000e+02   1.0274688e+01
   5.4500000e+02   1.0274774e+01
   5.4600000e+02   1.0274617e+01
   5.4700000e+02   1.0274709e+01
   5.4800000e+02   1.0274869e+01
   5.4900000e+02   1.0274775e+01
   5.5000000e+02   1.0274780e+01
   5.5100000e+02   1.0275084e+01
   5.5200000e+02   1.0274841e+01
   5.5300000e+02   1.0274537e+01
   5.5400000e+02   1.0274862e+01
   5.5500000e+02   1.0274813e+01
   5.5600000e+02   1.0274799e+01
   5.5700000e+02   1.0274718e+01
   5.5800000e+02   1.0274763e+01
   5.5900000e+02   1.0274613e+01
   5.6000000e+02   1.0274548e+01
   5.6100000e+02   1.0274586e+01
   5.6200000e+02   1.0274496e+01
   5.6300000e+02   1.0274504e+01
   5.6400000e+02   1.0274541e+01
   5.6500000e+02   1.0274511e+01
   5.6600000e+02   1.0274454e+01
   5.6700000e+02   1.0274674e+01
   5.6800000e+02   1.0274603e+01
   5.6900000e+02   1.0274599e+01
   5.7000000e+02   1.0274364e+01
   5.7100000e+02   1.0274449e+01
   5.7200000e+02   1.0274479e+01
   5.7300000e+02   1.0274337e+01
   5.7400000e+02   1.0274461e+01
   5.7500000e+02   1.0274333e+01
   5.7600000e+02   1.0274495e+01
   5.7700000e+02   1.0274371e+01
   5.7800000e+02   1.0274097e+01
   5.7900000e+02   1.0274351e+01
   5.8000000e+02   1.0274408e+01
   5.8100000e+02   1.0274552e+01
   5.8200000e+02   1.0274366e+01
   5.8300000e+02   1.0274342e+01
   5.8400000e+02   1.0274496e+01
   5.8500000e+02   1.0274329e+01
   5.8600000e+02   1.0274386e+01
   5.8700000e+02   1.0274463e+01
   5.8800000e+02   1.0274260e+01
   5.8900000e+02   1.0274372e+01
   5.9000000e+02   1.0274102e+01
   5.9100000e+02   1.0274415e+01
   5.9200000e+02   1.0274448e+01
   5.9300000e+02   1.0274028e+01
   5.9400000e+02   1.0274407e+01
   5.9500000e+02   1.0274384e+01
   5.9600000e+02   1.0274047e+01
   5.9700000e+02   1.0274169e+01
   5.9800000e+02   1.0274365e+01
   5.9900000e+02   1.0274469e+01
   6.0000000e+02   1.0274409e+01
   6.0100000e+02   1.0274242e+01
   6.0200000e+02   1.0274157e+01
   6.0300000e+02   1.0274387e+01
   6.0400000e+02   1.0274044e+01
   6.0500000e+02   1.0273981e+01
   6.0600000e+02   1.0273927e+01
   6.0700000e+02   1.0273819e+01
   6.0800000e+02   1.0274140e+01
   6.0900000e+02   1.0273880e+01
   6.1000000e+02   1.0273898e+01
   6.1100000e+02   1.0274022e+01
   6.1200000e+02   1.0273857e+01
   6.1300000e+02   1.0273997e+01
   6.1400000e+02   1.0274037e+01
   6.1500000e+02   1.0273889e+01
   6.1600000e+02   1.0273967e+01
   6.1700000e+02   1.0273993e+01
   6.1800000e+02   1.0274128e+01
   6.1900000e+02   1.0273853e+01
   6.2000000e+02   1.0274178e+01
   6.2100000e+02   1.0273828e+01
   6.2200000e+02   1.0273948e+01
   6.2300000e+02   1.0273755e+01
   6.2400000e+02   1.0273848e+01
   6.2500000e+02   1.0273954e+01
   6.2600000e+02   1.0273820e+01
   6.2700000e+02   1.0273904e+01
   6.2800000e+02   1.0273871e+01
   6.2900000e+02   1.0273869e+01
   6.3000000e+02   1.0273773e+01
   6.3100000e+02   1.0273964e+01
   6.3200000e+02   1.0273715e+01
   6.3300000e+02   1.0273945e+01
   6.3400000e+02   1.0273680e+01
   6.3500000e+02   1.0273485e+01
   6.3600000e+02   1.0273726e+01
   6.3700000e+02   1.0273775e+01
   6.3800000e+02   1.0273603e+01
   6.3900000e+02   1.0273807e+01
   6.4000000e+02   1.0273889e+01
   6.4100000e+02   1.0273676e+01
   6.4200000e+02   1.0273616e+01
   6.4300000e+02   1.0273643e+01
   6.4400000e+02   1.0273687e+01
   6.4500000e+02   1.0273723e+01
   6.4600000e+02   1.0273620e+01
   6.4700000e+02   1.0273466e+01
   6.4800000e+02   1.0273615e+01
   6.4900000e+02   1.0273398e+01
   6.5000000e+02   1.0273554e+01
   6.5100000e+02   1.0273648e+01
   6.5200000e+02   1.0273761e+01
   6.5300000e+02   1.0273426e+01
   6.5400000e+02   1.0273458e+01
   6.5500000e+02   1.0273490e+01
   6.5600000e+02   1.0273361e+01
   6.5700000e+02   1.0273475e+01
   6.5800000e+02   1.0273411e+01
   6.5900000e+02   1.0273366e+01
   6.6000000e+02   1.0273130e+01
   6.6100000e+02   1.0273435e+01
   6.6200000e+02   1.0273223e+01
   6.6300000e+02   1.0273570e+01
   6.6400000e+02   1.0273269e+01
   6.6500000e+02   1.0273321e+01
   6.6600000e+02   1.0273458e+01
   6.6700000e+02   1.0273126e+01
   6.6800000e+02   1.0273496e+01
   6.6900000e+02   1.0273358e+01
   6.7000000e+02   1.0273249e+01
   6.7100000e+02   1.0273404e+01
   6.7200000e+02   1.0273308e+01
   6.7300000e+02   1.0273142e+01
   6.7400000e+02   1.0273071e+01
   6.7500000e+02   1.0273005e+01
   6.7600000e+02   1.0272986e+01
   6.7700000e+02   1.0273335e+01
   6.7800000e+02   1.0273073e+01
   6.7900000e+02   1.0273064e+01
   6.8000000e+02   1.0272872e+01
   6.8100000e+02   1.0273243e+01
   6.8200000e+02   1.0273056e+01
   6.8300000e+02   1.0272936e+01
   6.8400000e+02   1.0273073e+01
   6.8500000e+02   1.0272921e+01
   6.8600000e+02   1.0273110e+01
   6.8700000e+02   1.0273129e+01
   6.8800000e+02   1.0273003e+01
   6.8900000e+02   1.0272885e+01
   6.9000000e+02   1.0273144e+01
   6.9100000e+02   1.0273184e+01
   6.9200000e+02   1.0273091e+01
   6.9300000e+02   1.0273135e+01
   6.9400000e+02   1.0272950e+01
   6.9500000e+02   1.0272859e+01
   6.9600000e+02   1.0273063e+01
   6.9700000e+02   1.0272894e+01
   6.9800000e+02   1.0272982e+01
   6.9900000e+02   1.0272932e+01
   7.0000000e+02   1.0272846e+01
   7.0100000e+02   1.0272844e+01
   7.0200000e+02   1.0272955e+01
   7.0300000e+02   1.0272868e+01
   7.0400000e+02   1.0272922e+01
   7.0500000e+02   1.0272923e+01
   7.0600000e+02   1.0272840e+01
   7.0700000e+02   1.0272944e+01
   7.0800000e+02   1.0272737e+01
   7.0900000e+02   1.0272880e+01
   7.1000000e+02   1.0272919e+01
   7.1100000e+02   1.0272551e+01
   7.1200000e+02   1.0272732e+01
   7.1300000e+02   1.0272520e+01
   7.1400000e+02   1.0272606e+01
   7.1500000e+02   1.0272537e+01
   7.1600000e+02   1.0272771e+01
   7.1700000e+02   1.0272614e+01
   7.1800000e+02   1.0272629e+01
   7.1900000e+02   1.0272248e+01
   7.2000000e+02   1.0272632e+01
   7.2100000e+02   1.0272449e+01
   7.2200000e+02   1.0272333e+01
   7.2300000e+02   1.0272614e+01
   7.2400000e+02   1.0272300e+01
   7.2500000e+02   1.0272501e+01
   7.2600000e+02   1.0272437e+01
   7.2700000e+02   1.0272145e+01
   7.2800000e+02   1.0272182e+01
   7.2900000e+02   1.0272259e+01
   7.3000000e+02   1.0272482e+01
   7.3100000e+02   1.0272435e+01
   7.3200000e+02   1.0272408e+01
   7.3300000e+02   1.0272374e+01
   7.3400000e+02   1.0272469e+01
   7.3500000e+02   1.0272278e+01
   7.3600000e+02   1.0272292e+01
   7.3700000e+02   1.0272275e+01
   7.3800000e+02   1.0272372e+01
   7.3900000e+02   1.0272218e+01
   7.4000000e+02   1.0272362e+01
   7.4100000e+02   1.0272143e+01
   7.4200000e+02   1.0272442e+01
   7.4300000e+02   1.0271991e+01
   7.4400000e+02   1.0272283e+01
   7.4500000e+02   1.0272163e+01
   7.4600000e+02   1.0272263e+01
   7.4700000e+02   1.0272234e+01
   7.4800000e+02   1.0272007e+01
   7.4900000e+02   1.0271935e+01
   7.5000000e+02   1.0272129e+01
   7.5100000e+02   1.0272183e+01
   7.5200000e+02   1.0272071e+01
   7.5300000e+02   1.0272194e+01
   7.5400000e+02   1.0272223e+01
   7.5500000e+02   1.0272016e+01
   7.5600000e+02   1.0271825e+01
   7.5700000e+02   1.0271906e+01
   7.5800000e+02   1.0271930e+01
   7.5900000e+02   1.0272231e+01
   7.6000000e+02   1.0271984e+01
   7.6100000e+02   1.0271988e+01
   7.6200000e+02   1.0271880e+01
   7.6300000e+02   1.0271970e+01
   7.6400000e+02   1.0271874e+01
   7.6500000e+02   1.0271812e+01
   7.6600000e+02   1.0271949e+01
   7.6700000e+02   1.0271770e+01
   7.6800000e+02   1.0271818e+01
   7.6900000e+02   1.0272024e+01
   7.7000000e+02   1.0271827e+01
   7.7100000e+02   1.0271936e+01
   7.7200000e+02   1.0271929e+01
   7.7300000e+02   1.0271947e+01
   7.7400000e+02   1.0271821e+01
   7.7500000e+02   1.0271972e+01
   7.7600000e+02   1.0271561e+01
   7.7700000e+02   1.0271860e+01
   7.7800000e+02   1.0271901e+01
   7.7900000e+02   1.0271746e+01
   7.8000000e+02   1.0271894e+01
