   0.0000000e+00   1.0239042e+01
   1.0000000e+00   1.0235057e+01
   2.0000000e+00   1.0233807e+01
   3.0000000e+00   1.0233575e+01
   4.0000000e+00   1.0232786e+01
   5.0000000e+00   1.0232455e+01
   6.0000000e+00   1.0232013e+01
   7.0000000e+00   1.0232040e+01
   8.0000000e+00   1.0231553e+01
   9.0000000e+00   1.0231380e+01
   1.0000000e+01   1.0231231e+01
   1.1000000e+01   1.0230708e+01
   1.2000000e+01   1.0230317e+01
   1.3000000e+01   1.0230121e+01
   1.4000000e+01   1.0230062e+01
   1.5000000e+01   1.0230118e+01
   1.6000000e+01   1.0229792e+01
   1.7000000e+01   1.0229885e+01
   1.8000000e+01   1.0229571e+01
   1.9000000e+01   1.0229562e+01
   2.0000000e+01   1.0229169e+01
   2.1000000e+01   1.0229015e+01
   2.2000000e+01   1.0228977e+01
   2.3000000e+01   1.0228718e+01
   2.4000000e+01   1.0228734e+01
   2.5000000e+01   1.0228506e+01
   2.6000000e+01   1.0228195e+01
   2.7000000e+01   1.0228123e+01
   2.8000000e+01   1.0228316e+01
   2.9000000e+01   1.0227844e+01
   3.0000000e+01   1.0227819e+01
   3.1000000e+01   1.0227832e+01
   3.2000000e+01   1.0227611e+01
   3.3000000e+01   1.0227676e+01
   3.4000000e+01   1.0227366e+01
   3.5000000e+01   1.0227403e+01
   3.6000000e+01   1.0227386e+01
   3.7000000e+01   1.0227247e+01
   3.8000000e+01   1.0227026e+01
   3.9000000e+01   1.0227075e+01
   4.0000000e+01   1.0226906e+01
   4.1000000e+01   1.0227015e+01
   4.2000000e+01   1.0226793e+01
   4.3000000e+01   1.0226679e+01
   4.4000000e+01   1.0226662e+01
   4.5000000e+01   1.0226391e+01
   4.6000000e+01   1.0226078e+01
   4.7000000e+01   1.0226128e+01
   4.8000000e+01   1.0226073e+01
   4.9000000e+01   1.0226097e+01
   5.0000000e+01   1.0225857e+01
   5.1000000e+01   1.0225870e+01
   5.2000000e+01   1.0225821e+01
   5.3000000e+01   1.0225700e+01
   5.4000000e+01   1.0225444e+01
   5.5000000e+01   1.0225521e+01
   5.6000000e+01   1.0225239e+01
   5.7000000e+01   1.0225208e+01
   5.8000000e+01   1.0225097e+01
   5.9000000e+01   1.0225112e+01
   6.0000000e+01   1.0225024e+01
   6.1000000e+01   1.0224923e+01
   6.2000000e+01   1.0224853e+01
   6.3000000e+01   1.0224863e+01
   6.4000000e+01   1.0225028e+01
   6.5000000e+01   1.0224934e+01
   6.6000000e+01   1.0224851e+01
   6.7000000e+01   1.0224866e+01
   6.8000000e+01   1.0224503e+01
   6.9000000e+01   1.0224375e+01
   7.0000000e+01   1.0224308e+01
   7.1000000e+01   1.0224281e+01
   7.2000000e+01   1.0224312e+01
   7.3000000e+01   1.0224171e+01
   7.4000000e+01   1.0224240e+01
   7.5000000e+01   1.0224174e+01
   7.6000000e+01   1.0224020e+01
   7.7000000e+01   1.0224149e+01
   7.8000000e+01   1.0224057e+01
   7.9000000e+01   1.0223612e+01
   8.0000000e+01   1.0224075e+01
   8.1000000e+01   1.0223933e+01
   8.2000000e+01   1.0223806e+01
   8.3000000e+01   1.0223809e+01
   8.4000000e+01   1.0223848e+01
   8.5000000e+01   1.0223643e+01
   8.6000000e+01   1.0223373e+01
   8.7000000e+01   1.0223574e+01
   8.8000000e+01   1.0223408e+01
   8.9000000e+01   1.0223239e+01
   9.0000000e+01   1.0223308e+01
   9.1000000e+01   1.0223136e+01
   9.2000000e+01   1.0223008e+01
   9.3000000e+01   1.0223135e+01
   9.4000000e+01   1.0223268e+01
   9.5000000e+01   1.0222992e+01
   9.6000000e+01   1.0223053e+01
   9.7000000e+01   1.0223020e+01
   9.8000000e+01   1.0222705e+01
   9.9000000e+01   1.0222964e+01
   1.0000000e+02   1.0222690e+01
   1.0100000e+02   1.0222420e+01
   1.0200000e+02   1.0222311e+01
   1.0300000e+02   1.0222409e+01
   1.0400000e+02   1.0222381e+01
   1.0500000e+02   1.0222666e+01
   1.0600000e+02   1.0222479e+01
   1.0700000e+02   1.0222505e+01
   1.0800000e+02   1.0222425e+01
   1.0900000e+02   1.0222431e+01
   1.1000000e+02   1.0222344e+01
   1.1100000e+02   1.0222105e+01
   1.1200000e+02   1.0222239e+01
   1.1300000e+02   1.0222233e+01
   1.1400000e+02   1.0222076e+01
   1.1500000e+02   1.0221903e+01
   1.1600000e+02   1.0222055e+01
   1.1700000e+02   1.0222092e+01
   1.1800000e+02   1.0221817e+01
   1.1900000e+02   1.0221880e+01
   1.2000000e+02   1.0221890e+01
   1.2100000e+02   1.0221999e+01
   1.2200000e+02   1.0221830e+01
   1.2300000e+02   1.0221657e+01
   1.2400000e+02   1.0221402e+01
   1.2500000e+02   1.0221410e+01
   1.2600000e+02   1.0221449e+01
   1.2700000e+02   1.0221311e+01
   1.2800000e+02   1.0221253e+01
   1.2900000e+02   1.0221387e+01
   1.3000000e+02   1.0221130e+01
   1.3100000e+02   1.0221254e+01
   1.3200000e+02   1.0221161e+01
   1.3300000e+02   1.0221255e+01
   1.3400000e+02   1.0220918e+01
   1.3500000e+02   1.0221142e+01
   1.3600000e+02   1.0220917e+01
   1.3700000e+02   1.0221093e+01
   1.3800000e+02   1.0220811e+01
   1.3900000e+02   1.0220909e+01
   1.4000000e+02   1.0220707e+01
   1.4100000e+02   1.0220615e+01
   1.4200000e+02   1.0220767e+01
   1.4300000e+02   1.0220633e+01
   1.4400000e+02   1.0220589e+01
   1.4500000e+02   1.0220796e+01
   1.4600000e+02   1.0220451e+01
   1.4700000e+02   1.0220593e+01
   1.4800000e+02   1.0220777e+01
   1.4900000e+02   1.0220400e+01
   1.5000000e+02   1.0220260e+01
   1.5100000e+02   1.0220288e+01
   1.5200000e+02   1.0220324e+01
   1.5300000e+02   1.0220099e+01
   1.5400000e+02   1.0220182e+01
   1.5500000e+02   1.0220327e+01
   1.5600000e+02   1.0220266e+01
   1.5700000e+02   1.0219909e+01
   1.5800000e+02   1.0220394e+01
   1.5900000e+02   1.0220276e+01
   1.6000000e+02   1.0219800e+01
   1.6100000e+02   1.0220044e+01
   1.6200000e+02   1.0219997e+01
   1.6300000e+02   1.0219894e+01
   1.6400000e+02   1.0219835e+01
   1.6500000e+02   1.0219705e+01
   1.6600000e+02   1.0219483e+01
   1.6700000e+02   1.0216742e+01
   1.6800000e+02   1.0202853e+01
   1.6900000e+02   1.0186437e+01
   1.7000000e+02   1.0189283e+01
   1.7100000e+02   1.0200947e+01
   1.7200000e+02   1.0209046e+01
   1.7300000e+02   1.0212040e+01
   1.7400000e+02   1.0212992e+01
   1.7500000e+02   1.0213478e+01
   1.7600000e+02   1.0213947e+01
   1.7700000e+02   1.0214984e+01
   1.7800000e+02   1.0215018e+01
   1.7900000e+02   1.0203656e+01
   1.8000000e+02   1.0156692e+01
   1.8100000e+02   1.0147973e+01
   1.8200000e+02   1.0153815e+01
   1.8300000e+02   1.0156902e+01
   1.8400000e+02   1.0161295e+01
   1.8500000e+02   1.0166289e+01
   1.8600000e+02   1.0170739e+01
   1.8700000e+02   1.0174588e+01
   1.8800000e+02   1.0177574e+01
   1.8900000e+02   1.0179855e+01
   1.9000000e+02   1.0184170e+01
   1.9100000e+02   1.0191431e+01
   1.9200000e+02   1.0197329e+01
   1.9300000e+02   1.0202565e+01
   1.9400000e+02   1.0207045e+01
   1.9500000e+02   1.0209344e+01
   1.9600000e+02   1.0211359e+01
   1.9700000e+02   1.0212298e+01
   1.9800000e+02   1.0213074e+01
   1.9900000e+02   1.0213600e+01
   2.0000000e+02   1.0214382e+01
   2.0100000e+02   1.0214641e+01
   2.0200000e+02   1.0214938e+01
   2.0300000e+02   1.0215461e+01
   2.0400000e+02   1.0215666e+01
   2.0500000e+02   1.0216208e+01
   2.0600000e+02   1.0216370e+01
   2.0700000e+02   1.0216560e+01
   2.0800000e+02   1.0216996e+01
   2.0900000e+02   1.0217106e+01
   2.1000000e+02   1.0217554e+01
   2.1100000e+02   1.0217457e+01
   2.1200000e+02   1.0217552e+01
   2.1300000e+02   1.0217510e+01
   2.1400000e+02   1.0217491e+01
   2.1500000e+02   1.0217611e+01
   2.1600000e+02   1.0217395e+01
   2.1700000e+02   1.0217498e+01
   2.1800000e+02   1.0217402e+01
   2.1900000e+02   1.0217263e+01
   2.2000000e+02   1.0217147e+01
   2.2100000e+02   1.0216887e+01
   2.2200000e+02   1.0216069e+01
   2.2300000e+02   1.0215439e+01
   2.2400000e+02   1.0214814e+01
   2.2500000e+02   1.0213955e+01
   2.2600000e+02   1.0213520e+01
   2.2700000e+02   1.0213403e+01
   2.2800000e+02   1.0213047e+01
   2.2900000e+02   1.0213351e+01
   2.3000000e+02   1.0213621e+01
   2.3100000e+02   1.0213776e+01
   2.3200000e+02   1.0214333e+01
   2.3300000e+02   1.0214197e+01
   2.3400000e+02   1.0214736e+01
   2.3500000e+02   1.0214525e+01
   2.3600000e+02   1.0214791e+01
   2.3700000e+02   1.0214638e+01
   2.3800000e+02   1.0214825e+01
   2.3900000e+02   1.0214695e+01
   2.4000000e+02   1.0214832e+01
   2.4100000e+02   1.0214592e+01
   2.4200000e+02   1.0214379e+01
   2.4300000e+02   1.0213080e+01
   2.4400000e+02   1.0211552e+01
   2.4500000e+02   1.0208110e+01
   2.4600000e+02   1.0202854e+01
   2.4700000e+02   1.0196552e+01
   2.4800000e+02   1.0189873e+01
   2.4900000e+02   1.0184874e+01
   2.5000000e+02   1.0182390e+01
   2.5100000e+02   1.0182224e+01
   2.5200000e+02   1.0184048e+01
   2.5300000e+02   1.0186127e+01
   2.5400000e+02   1.0187574e+01
   2.5500000e+02   1.0187601e+01
   2.5600000e+02   1.0186727e+01
   2.5700000e+02   1.0184983e+01
   2.5800000e+02   1.0182762e+01
   2.5900000e+02   1.0181078e+01
   2.6000000e+02   1.0178941e+01
   2.6100000e+02   1.0177025e+01
   2.6200000e+02   1.0175559e+01
   2.6300000e+02   1.0173899e+01
   2.6400000e+02   1.0173278e+01
   2.6500000e+02   1.0173762e+01
   2.6600000e+02   1.0175645e+01
   2.6700000e+02   1.0178866e+01
   2.6800000e+02   1.0182027e+01
   2.6900000e+02   1.0185173e+01
   2.7000000e+02   1.0188154e+01
   2.7100000e+02   1.0190102e+01
   2.7200000e+02   1.0191747e+01
   2.7300000e+02   1.0192728e+01
   2.7400000e+02   1.0193600e+01
   2.7500000e+02   1.0194577e+01
   2.7600000e+02   1.0195484e+01
   2.7700000e+02   1.0196925e+01
   2.7800000e+02   1.0198257e+01
   2.7900000e+02   1.0199678e+01
   2.8000000e+02   1.0200882e+01
   2.8100000e+02   1.0201927e+01
   2.8200000e+02   1.0202210e+01
   2.8300000e+02   1.0203084e+01
   2.8400000e+02   1.0203834e+01
   2.8500000e+02   1.0204377e+01
   2.8600000e+02   1.0205358e+01
   2.8700000e+02   1.0205969e+01
   2.8800000e+02   1.0206957e+01
   2.8900000e+02   1.0207609e+01
   2.9000000e+02   1.0208087e+01
   2.9100000e+02   1.0209019e+01
   2.9200000e+02   1.0209540e+01
   2.9300000e+02   1.0209891e+01
   2.9400000e+02   1.0210539e+01
   2.9500000e+02   1.0211110e+01
   2.9600000e+02   1.0211361e+01
   2.9700000e+02   1.0211778e+01
   2.9800000e+02   1.0212244e+01
   2.9900000e+02   1.0212352e+01
   3.0000000e+02   1.0212184e+01
   3.0100000e+02   1.0212041e+01
   3.0200000e+02   1.0211256e+01
   3.0300000e+02   1.0210584e+01
   3.0400000e+02   1.0209419e+01
   3.0500000e+02   1.0207627e+01
   3.0600000e+02   1.0205604e+01
   3.0700000e+02   1.0202731e+01
   3.0800000e+02   1.0198898e+01
   3.0900000e+02   1.0194232e+01
   3.1000000e+02   1.0188717e+01
   3.1100000e+02   1.0184221e+01
   3.1200000e+02   1.0180544e+01
   3.1300000e+02   1.0177556e+01
   3.1400000e+02   1.0177130e+01
   3.1500000e+02   1.0176575e+01
   3.1600000e+02   1.0175171e+01
   3.1700000e+02   1.0172016e+01
   3.1800000e+02   1.0166724e+01
   3.1900000e+02   1.0160255e+01
   3.2000000e+02   1.0153262e+01
   3.2100000e+02   1.0147061e+01
   3.2200000e+02   1.0142631e+01
   3.2300000e+02   1.0140723e+01
   3.2400000e+02   1.0140325e+01
   3.2500000e+02   1.0141826e+01
   3.2600000e+02   1.0144533e+01
   3.2700000e+02   1.0148341e+01
   3.2800000e+02   1.0153165e+01
   3.2900000e+02   1.0158485e+01
   3.3000000e+02   1.0164119e+01
   3.3100000e+02   1.0168902e+01
   3.3200000e+02   1.0173184e+01
   3.3300000e+02   1.0177107e+01
   3.3400000e+02   1.0179941e+01
   3.3500000e+02   1.0181809e+01
   3.3600000e+02   1.0182489e+01
   3.3700000e+02   1.0182920e+01
   3.3800000e+02   1.0182939e+01
   3.3900000e+02   1.0182990e+01
   3.4000000e+02   1.0183525e+01
   3.4100000e+02   1.0184647e+01
   3.4200000e+02   1.0186203e+01
   3.4300000e+02   1.0188312e+01
   3.4400000e+02   1.0190761e+01
   3.4500000e+02   1.0193590e+01
   3.4600000e+02   1.0195487e+01
   3.4700000e+02   1.0197601e+01
   3.4800000e+02   1.0199208e+01
   3.4900000e+02   1.0201011e+01
   3.5000000e+02   1.0202424e+01
   3.5100000e+02   1.0204069e+01
   3.5200000e+02   1.0204861e+01
   3.5300000e+02   1.0206092e+01
   3.5400000e+02   1.0207110e+01
   3.5500000e+02   1.0208202e+01
   3.5600000e+02   1.0208668e+01
   3.5700000e+02   1.0208795e+01
   3.5800000e+02   1.0209463e+01
   3.5900000e+02   1.0209176e+01
   3.6000000e+02   1.0208862e+01
   3.6100000e+02   1.0208931e+01
   3.6200000e+02   1.0208506e+01
   3.6300000e+02   1.0208610e+01
   3.6400000e+02   1.0208498e+01
   3.6500000e+02   1.0208630e+01
   3.6600000e+02   1.0208583e+01
   3.6700000e+02   1.0209084e+01
   3.6800000e+02   1.0209834e+01
   3.6900000e+02   1.0210031e+01
   3.7000000e+02   1.0210479e+01
   3.7100000e+02   1.0210614e+01
   3.7200000e+02   1.0210984e+01
   3.7300000e+02   1.0211466e+01
   3.7400000e+02   1.0211007e+01
   3.7500000e+02   1.0211946e+01
   3.7600000e+02   1.0211832e+01
   3.7700000e+02   1.0211826e+01
   3.7800000e+02   1.0212003e+01
   3.7900000e+02   1.0212151e+01
   3.8000000e+02   1.0212329e+01
   3.8100000e+02   1.0212178e+01
   3.8200000e+02   1.0212369e+01
   3.8300000e+02   1.0212374e+01
   3.8400000e+02   1.0212099e+01
   3.8500000e+02   1.0212026e+01
   3.8600000e+02   1.0212077e+01
   3.8700000e+02   1.0211304e+01
   3.8800000e+02   1.0210916e+01
   3.8900000e+02   1.0210296e+01
   3.9000000e+02   1.0210311e+01
   3.9100000e+02   1.0209943e+01
   3.9200000e+02   1.0209492e+01
   3.9300000e+02   1.0209843e+01
   3.9400000e+02   1.0209561e+01
   3.9500000e+02   1.0209526e+01
   3.9600000e+02   1.0209699e+01
   3.9700000e+02   1.0210102e+01
   3.9800000e+02   1.0210264e+01
   3.9900000e+02   1.0210515e+01
   4.0000000e+02   1.0210735e+01
   4.0100000e+02   1.0211021e+01
   4.0200000e+02   1.0211284e+01
   4.0300000e+02   1.0211476e+01
   4.0400000e+02   1.0211331e+01
   4.0500000e+02   1.0211533e+01
   4.0600000e+02   1.0211803e+01
   4.0700000e+02   1.0211711e+01
   4.0800000e+02   1.0211799e+01
   4.0900000e+02   1.0211898e+01
   4.1000000e+02   1.0212088e+01
   4.1100000e+02   1.0212130e+01
   4.1200000e+02   1.0212222e+01
   4.1300000e+02   1.0212101e+01
   4.1400000e+02   1.0212093e+01
   4.1500000e+02   1.0212276e+01
   4.1600000e+02   1.0212394e+01
   4.1700000e+02   1.0212195e+01
   4.1800000e+02   1.0212259e+01
   4.1900000e+02   1.0212111e+01
   4.2000000e+02   1.0212180e+01
   4.2100000e+02   1.0212268e+01
   4.2200000e+02   1.0212209e+01
   4.2300000e+02   1.0212358e+01
   4.2400000e+02   1.0211975e+01
   4.2500000e+02   1.0212126e+01
   4.2600000e+02   1.0212363e+01
   4.2700000e+02   1.0212229e+01
   4.2800000e+02   1.0212201e+01
   4.2900000e+02   1.0212474e+01
   4.3000000e+02   1.0212401e+01
   4.3100000e+02   1.0212459e+01
   4.3200000e+02   1.0212451e+01
   4.3300000e+02   1.0212326e+01
   4.3400000e+02   1.0212091e+01
   4.3500000e+02   1.0212107e+01
   4.3600000e+02   1.0212238e+01
   4.3700000e+02   1.0212180e+01
   4.3800000e+02   1.0212070e+01
   4.3900000e+02   1.0211721e+01
   4.4000000e+02   1.0211513e+01
   4.4100000e+02   1.0210910e+01
   4.4200000e+02   1.0210900e+01
   4.4300000e+02   1.0209828e+01
   4.4400000e+02   1.0208476e+01
   4.4500000e+02   1.0207398e+01
   4.4600000e+02   1.0205536e+01
   4.4700000e+02   1.0204273e+01
   4.4800000e+02   1.0202431e+01
   4.4900000e+02   1.0200836e+01
   4.5000000e+02   1.0199889e+01
   4.5100000e+02   1.0198888e+01
   4.5200000e+02   1.0198590e+01
   4.5300000e+02   1.0198947e+01
   4.5400000e+02   1.0199520e+01
   4.5500000e+02   1.0200038e+01
   4.5600000e+02   1.0200887e+01
   4.5700000e+02   1.0201959e+01
   4.5800000e+02   1.0202936e+01
   4.5900000e+02   1.0203818e+01
   4.6000000e+02   1.0204752e+01
   4.6100000e+02   1.0205610e+01
   4.6200000e+02   1.0206201e+01
   4.6300000e+02   1.0206742e+01
   4.6400000e+02   1.0207133e+01
   4.6500000e+02   1.0207532e+01
   4.6600000e+02   1.0208232e+01
   4.6700000e+02   1.0208633e+01
   4.6800000e+02   1.0208930e+01
   4.6900000e+02   1.0209284e+01
   4.7000000e+02   1.0209623e+01
   4.7100000e+02   1.0209675e+01
   4.7200000e+02   1.0209678e+01
   4.7300000e+02   1.0209909e+01
   4.7400000e+02   1.0210017e+01
   4.7500000e+02   1.0210365e+01
   4.7600000e+02   1.0210358e+01
   4.7700000e+02   1.0210573e+01
   4.7800000e+02   1.0210661e+01
   4.7900000e+02   1.0211065e+01
   4.8000000e+02   1.0210873e+01
   4.8100000e+02   1.0210966e+01
   4.8200000e+02   1.0210999e+01
   4.8300000e+02   1.0211319e+01
   4.8400000e+02   1.0211315e+01
   4.8500000e+02   1.0211176e+01
   4.8600000e+02   1.0211160e+01
   4.8700000e+02   1.0211395e+01
   4.8800000e+02   1.0211337e+01
   4.8900000e+02   1.0211423e+01
   4.9000000e+02   1.0211286e+01
   4.9100000e+02   1.0211158e+01
   4.9200000e+02   1.0211115e+01
   4.9300000e+02   1.0211262e+01
   4.9400000e+02   1.0211136e+01
   4.9500000e+02   1.0211362e+01
   4.9600000e+02   1.0211362e+01
   4.9700000e+02   1.0210910e+01
   4.9800000e+02   1.0211058e+01
   4.9900000e+02   1.0211231e+01
   5.0000000e+02   1.0210954e+01
   5.0100000e+02   1.0211027e+01
   5.0200000e+02   1.0211023e+01
   5.0300000e+02   1.0210955e+01
   5.0400000e+02   1.0211067e+01
   5.0500000e+02   1.0211127e+01
   5.0600000e+02   1.0210591e+01
   5.0700000e+02   1.0210961e+01
   5.0800000e+02   1.0211028e+01
   5.0900000e+02   1.0211003e+01
   5.1000000e+02   1.0210760e+01
   5.1100000e+02   1.0210792e+01
   5.1200000e+02   1.0210934e+01
   5.1300000e+02   1.0210671e+01
   5.1400000e+02   1.0211001e+01
   5.1500000e+02   1.0210812e+01
   5.1600000e+02   1.0210630e+01
   5.1700000e+02   1.0210712e+01
   5.1800000e+02   1.0210466e+01
   5.1900000e+02   1.0210636e+01
   5.2000000e+02   1.0210763e+01
   5.2100000e+02   1.0210440e+01
   5.2200000e+02   1.0210614e+01
   5.2300000e+02   1.0210613e+01
   5.2400000e+02   1.0210527e+01
   5.2500000e+02   1.0210473e+01
   5.2600000e+02   1.0210500e+01
   5.2700000e+02   1.0210637e+01
   5.2800000e+02   1.0210585e+01
   5.2900000e+02   1.0210829e+01
   5.3000000e+02   1.0210500e+01
   5.3100000e+02   1.0210518e+01
   5.3200000e+02   1.0210770e+01
   5.3300000e+02   1.0210645e+01
   5.3400000e+02   1.0210687e+01
   5.3500000e+02   1.0210657e+01
   5.3600000e+02   1.0210795e+01
   5.3700000e+02   1.0210599e+01
   5.3800000e+02   1.0210622e+01
   5.3900000e+02   1.0210772e+01
   5.4000000e+02   1.0210472e+01
   5.4100000e+02   1.0210332e+01
   5.4200000e+02   1.0210431e+01
   5.4300000e+02   1.0210577e+01
   5.4400000e+02   1.0210314e+01
   5.4500000e+02   1.0210680e+01
   5.4600000e+02   1.0210193e+01
   5.4700000e+02   1.0210086e+01
   5.4800000e+02   1.0210276e+01
   5.4900000e+02   1.0210198e+01
   5.5000000e+02   1.0210293e+01
   5.5100000e+02   1.0209901e+01
   5.5200000e+02   1.0210126e+01
   5.5300000e+02   1.0210170e+01
   5.5400000e+02   1.0210272e+01
   5.5500000e+02   1.0210072e+01
   5.5600000e+02   1.0210213e+01
   5.5700000e+02   1.0210347e+01
   5.5800000e+02   1.0210097e+01
   5.5900000e+02   1.0210050e+01
   5.6000000e+02   1.0209950e+01
   5.6100000e+02   1.0210249e+01
   5.6200000e+02   1.0210086e+01
   5.6300000e+02   1.0209628e+01
   5.6400000e+02   1.0209799e+01
   5.6500000e+02   1.0209917e+01
   5.6600000e+02   1.0209802e+01
   5.6700000e+02   1.0209937e+01
   5.6800000e+02   1.0209894e+01
   5.6900000e+02   1.0209848e+01
   5.7000000e+02   1.0209838e+01
   5.7100000e+02   1.0209775e+01
   5.7200000e+02   1.0209693e+01
   5.7300000e+02   1.0209938e+01
   5.7400000e+02   1.0209562e+01
   5.7500000e+02   1.0209775e+01
   5.7600000e+02   1.0209975e+01
   5.7700000e+02   1.0209667e+01
   5.7800000e+02   1.0209759e+01
   5.7900000e+02   1.0210024e+01
   5.8000000e+02   1.0209792e+01
   5.8100000e+02   1.0209827e+01
   5.8200000e+02   1.0209733e+01
   5.8300000e+02   1.0209483e+01
   5.8400000e+02   1.0209948e+01
   5.8500000e+02   1.0209754e+01
   5.8600000e+02   1.0209689e+01
   5.8700000e+02   1.0209795e+01
   5.8800000e+02   1.0209956e+01
   5.8900000e+02   1.0209652e+01
   5.9000000e+02   1.0209690e+01
   5.9100000e+02   1.0209836e+01
   5.9200000e+02   1.0209760e+01
   5.9300000e+02   1.0209568e+01
   5.9400000e+02   1.0209689e+01
   5.9500000e+02   1.0209729e+01
   5.9600000e+02   1.0210045e+01
   5.9700000e+02   1.0209673e+01
   5.9800000e+02   1.0209873e+01
   5.9900000e+02   1.0209716e+01
   6.0000000e+02   1.0209742e+01
   6.0100000e+02   1.0209387e+01
   6.0200000e+02   1.0209502e+01
   6.0300000e+02   1.0209345e+01
   6.0400000e+02   1.0209334e+01
   6.0500000e+02   1.0209018e+01
   6.0600000e+02   1.0209051e+01
   6.0700000e+02   1.0208976e+01
   6.0800000e+02   1.0208839e+01
   6.0900000e+02   1.0208913e+01
   6.1000000e+02   1.0208891e+01
   6.1100000e+02   1.0208804e+01
   6.1200000e+02   1.0208952e+01
   6.1300000e+02   1.0208911e+01
   6.1400000e+02   1.0208881e+01
   6.1500000e+02   1.0208864e+01
   6.1600000e+02   1.0208867e+01
   6.1700000e+02   1.0209120e+01
   6.1800000e+02   1.0208985e+01
   6.1900000e+02   1.0209185e+01
   6.2000000e+02   1.0209319e+01
   6.2100000e+02   1.0209224e+01
   6.2200000e+02   1.0209034e+01
   6.2300000e+02   1.0208891e+01
   6.2400000e+02   1.0209174e+01
   6.2500000e+02   1.0208944e+01
   6.2600000e+02   1.0208935e+01
   6.2700000e+02   1.0208879e+01
   6.2800000e+02   1.0208617e+01
   6.2900000e+02   1.0208482e+01
   6.3000000e+02   1.0208603e+01
   6.3100000e+02   1.0208433e+01
   6.3200000e+02   1.0208720e+01
   6.3300000e+02   1.0208574e+01
   6.3400000e+02   1.0208825e+01
   6.3500000e+02   1.0208586e+01
   6.3600000e+02   1.0208671e+01
   6.3700000e+02   1.0208346e+01
   6.3800000e+02   1.0208733e+01
   6.3900000e+02   1.0208631e+01
   6.4000000e+02   1.0208802e+01
   6.4100000e+02   1.0208391e+01
   6.4200000e+02   1.0208505e+01
   6.4300000e+02   1.0208573e+01
   6.4400000e+02   1.0208609e+01
   6.4500000e+02   1.0208600e+01
   6.4600000e+02   1.0208598e+01
   6.4700000e+02   1.0208377e+01
   6.4800000e+02   1.0208306e+01
   6.4900000e+02   1.0208421e+01
   6.5000000e+02   1.0208313e+01
   6.5100000e+02   1.0208467e+01
   6.5200000e+02   1.0208366e+01
   6.5300000e+02   1.0208558e+01
   6.5400000e+02   1.0208385e+01
   6.5500000e+02   1.0208198e+01
   6.5600000e+02   1.0208124e+01
   6.5700000e+02   1.0208612e+01
   6.5800000e+02   1.0208210e+01
   6.5900000e+02   1.0208094e+01
   6.6000000e+02   1.0208278e+01
   6.6100000e+02   1.0208139e+01
   6.6200000e+02   1.0208193e+01
   6.6300000e+02   1.0208381e+01
   6.6400000e+02   1.0208347e+01
   6.6500000e+02   1.0208065e+01
   6.6600000e+02   1.0208215e+01
   6.6700000e+02   1.0208276e+01
   6.6800000e+02   1.0207985e+01
   6.6900000e+02   1.0208190e+01
   6.7000000e+02   1.0208124e+01
   6.7100000e+02   1.0207966e+01
   6.7200000e+02   1.0208125e+01
   6.7300000e+02   1.0208194e+01
   6.7400000e+02   1.0208428e+01
   6.7500000e+02   1.0207897e+01
   6.7600000e+02   1.0208150e+01
   6.7700000e+02   1.0208019e+01
   6.7800000e+02   1.0207734e+01
   6.7900000e+02   1.0207663e+01
   6.8000000e+02   1.0207932e+01
   6.8100000e+02   1.0207710e+01
   6.8200000e+02   1.0208014e+01
   6.8300000e+02   1.0207725e+01
   6.8400000e+02   1.0207713e+01
   6.8500000e+02   1.0207781e+01
   6.8600000e+02   1.0207546e+01
   6.8700000e+02   1.0207978e+01
   6.8800000e+02   1.0207787e+01
   6.8900000e+02   1.0207710e+01
   6.9000000e+02   1.0207563e+01
   6.9100000e+02   1.0207526e+01
   6.9200000e+02   1.0207581e+01
   6.9300000e+02   1.0207696e+01
   6.9400000e+02   1.0207307e+01
   6.9500000e+02   1.0207665e+01
   6.9600000e+02   1.0207564e+01
   6.9700000e+02   1.0207805e+01
   6.9800000e+02   1.0207973e+01
   6.9900000e+02   1.0207596e+01
   7.0000000e+02   1.0207637e+01
   7.0100000e+02   1.0207717e+01
   7.0200000e+02   1.0207514e+01
   7.0300000e+02   1.0207722e+01
   7.0400000e+02   1.0207362e+01
   7.0500000e+02   1.0207347e+01
   7.0600000e+02   1.0207457e+01
   7.0700000e+02   1.0207358e+01
   7.0800000e+02   1.0207107e+01
   7.0900000e+02   1.0207404e+01
   7.1000000e+02   1.0207344e+01
   7.1100000e+02   1.0207324e+01
   7.1200000e+02   1.0207373e+01
   7.1300000e+02   1.0207378e+01
   7.1400000e+02   1.0207466e+01
   7.1500000e+02   1.0207251e+01
   7.1600000e+02   1.0207415e+01
   7.1700000e+02   1.0207186e+01
   7.1800000e+02   1.0207157e+01
   7.1900000e+02   1.0207263e+01
   7.2000000e+02   1.0207288e+01
   7.2100000e+02   1.0207464e+01
   7.2200000e+02   1.0207180e+01
   7.2300000e+02   1.0207071e+01
   7.2400000e+02   1.0207186e+01
   7.2500000e+02   1.0207184e+01
   7.2600000e+02   1.0207119e+01
   7.2700000e+02   1.0207018e+01
   7.2800000e+02   1.0207126e+01
   7.2900000e+02   1.0207315e+01
   7.3000000e+02   1.0207171e+01
   7.3100000e+02   1.0207108e+01
   7.3200000e+02   1.0207049e+01
   7.3300000e+02   1.0207175e+01
   7.3400000e+02   1.0207152e+01
   7.3500000e+02   1.0206947e+01
   7.3600000e+02   1.0206963e+01
   7.3700000e+02   1.0207198e+01
   7.3800000e+02   1.0207077e+01
   7.3900000e+02   1.0206566e+01
   7.4000000e+02   1.0207218e+01
   7.4100000e+02   1.0206566e+01
   7.4200000e+02   1.0207184e+01
   7.4300000e+02   1.0206814e+01
   7.4400000e+02   1.0206744e+01
   7.4500000e+02   1.0206992e+01
   7.4600000e+02   1.0206774e+01
   7.4700000e+02   1.0206792e+01
   7.4800000e+02   1.0206865e+01
   7.4900000e+02   1.0206977e+01
   7.5000000e+02   1.0206734e+01
   7.5100000e+02   1.0206654e+01
   7.5200000e+02   1.0206876e+01
   7.5300000e+02   1.0207128e+01
   7.5400000e+02   1.0206930e+01
   7.5500000e+02   1.0206903e+01
   7.5600000e+02   1.0206999e+01
   7.5700000e+02   1.0206623e+01
   7.5800000e+02   1.0207152e+01
   7.5900000e+02   1.0206877e+01
   7.6000000e+02   1.0207083e+01
   7.6100000e+02   1.0206617e+01
   7.6200000e+02   1.0206844e+01
   7.6300000e+02   1.0207043e+01
   7.6400000e+02   1.0206747e+01
   7.6500000e+02   1.0206867e+01
   7.6600000e+02   1.0206927e+01
   7.6700000e+02   1.0206598e+01
   7.6800000e+02   1.0206897e+01
   7.6900000e+02   1.0206442e+01
   7.7000000e+02   1.0206685e+01
   7.7100000e+02   1.0206650e+01
   7.7200000e+02   1.0206576e+01
   7.7300000e+02   1.0206605e+01
   7.7400000e+02   1.0206456e+01
   7.7500000e+02   1.0206313e+01
   7.7600000e+02   1.0206466e+01
   7.7700000e+02   1.0206511e+01
   7.7800000e+02   1.0206295e+01
   7.7900000e+02   1.0206476e+01
   7.8000000e+02   1.0206290e+01
