   0.0000000e+00   1.0294301e+01
   1.0000000e+00   1.0290177e+01
   2.0000000e+00   1.0288970e+01
   3.0000000e+00   1.0288489e+01
   4.0000000e+00   1.0287619e+01
   5.0000000e+00   1.0286606e+01
   6.0000000e+00   1.0286406e+01
   7.0000000e+00   1.0285723e+01
   8.0000000e+00   1.0285794e+01
   9.0000000e+00   1.0285361e+01
   1.0000000e+01   1.0285336e+01
   1.1000000e+01   1.0284978e+01
   1.2000000e+01   1.0284996e+01
   1.3000000e+01   1.0284652e+01
   1.4000000e+01   1.0284318e+01
   1.5000000e+01   1.0284171e+01
   1.6000000e+01   1.0283962e+01
   1.7000000e+01   1.0283757e+01
   1.8000000e+01   1.0283821e+01
   1.9000000e+01   1.0283491e+01
   2.0000000e+01   1.0283207e+01
   2.1000000e+01   1.0283201e+01
   2.2000000e+01   1.0282985e+01
   2.3000000e+01   1.0282958e+01
   2.4000000e+01   1.0282858e+01
   2.5000000e+01   1.0282742e+01
   2.6000000e+01   1.0282565e+01
   2.7000000e+01   1.0282254e+01
   2.8000000e+01   1.0282172e+01
   2.9000000e+01   1.0282102e+01
   3.0000000e+01   1.0281838e+01
   3.1000000e+01   1.0282009e+01
   3.2000000e+01   1.0281698e+01
   3.3000000e+01   1.0281670e+01
   3.4000000e+01   1.0281486e+01
   3.5000000e+01   1.0281214e+01
   3.6000000e+01   1.0281367e+01
   3.7000000e+01   1.0281325e+01
   3.8000000e+01   1.0280968e+01
   3.9000000e+01   1.0280957e+01
   4.0000000e+01   1.0280936e+01
   4.1000000e+01   1.0280571e+01
   4.2000000e+01   1.0280666e+01
   4.3000000e+01   1.0280565e+01
   4.4000000e+01   1.0280487e+01
   4.5000000e+01   1.0280465e+01
   4.6000000e+01   1.0280221e+01
   4.7000000e+01   1.0280239e+01
   4.8000000e+01   1.0280032e+01
   4.9000000e+01   1.0280148e+01
   5.0000000e+01   1.0280076e+01
   5.1000000e+01   1.0279988e+01
   5.2000000e+01   1.0279861e+01
   5.3000000e+01   1.0279622e+01
   5.4000000e+01   1.0279826e+01
   5.5000000e+01   1.0279568e+01
   5.6000000e+01   1.0279670e+01
   5.7000000e+01   1.0279373e+01
   5.8000000e+01   1.0279431e+01
   5.9000000e+01   1.0279395e+01
   6.0000000e+01   1.0279492e+01
   6.1000000e+01   1.0278913e+01
   6.2000000e+01   1.0279204e+01
   6.3000000e+01   1.0279065e+01
   6.4000000e+01   1.0279025e+01
   6.5000000e+01   1.0278990e+01
   6.6000000e+01   1.0278686e+01
   6.7000000e+01   1.0278540e+01
   6.8000000e+01   1.0278656e+01
   6.9000000e+01   1.0278517e+01
   7.0000000e+01   1.0278422e+01
   7.1000000e+01   1.0278410e+01
   7.2000000e+01   1.0278298e+01
   7.3000000e+01   1.0278096e+01
   7.4000000e+01   1.0278028e+01
   7.5000000e+01   1.0278122e+01
   7.6000000e+01   1.0277928e+01
   7.7000000e+01   1.0277827e+01
   7.8000000e+01   1.0278029e+01
   7.9000000e+01   1.0278120e+01
   8.0000000e+01   1.0277796e+01
   8.1000000e+01   1.0277968e+01
   8.2000000e+01   1.0277666e+01
   8.3000000e+01   1.0277708e+01
   8.4000000e+01   1.0277433e+01
   8.5000000e+01   1.0277436e+01
   8.6000000e+01   1.0277487e+01
   8.7000000e+01   1.0277323e+01
   8.8000000e+01   1.0277428e+01
   8.9000000e+01   1.0277332e+01
   9.0000000e+01   1.0277311e+01
   9.1000000e+01   1.0277100e+01
   9.2000000e+01   1.0277180e+01
   9.3000000e+01   1.0277229e+01
   9.4000000e+01   1.0276919e+01
   9.5000000e+01   1.0277212e+01
   9.6000000e+01   1.0277112e+01
   9.7000000e+01   1.0276972e+01
   9.8000000e+01   1.0276709e+01
   9.9000000e+01   1.0276502e+01
   1.0000000e+02   1.0276536e+01
   1.0100000e+02   1.0276404e+01
   1.0200000e+02   1.0276583e+01
   1.0300000e+02   1.0276332e+01
   1.0400000e+02   1.0276417e+01
   1.0500000e+02   1.0276350e+01
   1.0600000e+02   1.0276177e+01
   1.0700000e+02   1.0276145e+01
   1.0800000e+02   1.0276092e+01
   1.0900000e+02   1.0276161e+01
   1.1000000e+02   1.0276174e+01
   1.1100000e+02   1.0276093e+01
   1.1200000e+02   1.0276188e+01
   1.1300000e+02   1.0275717e+01
   1.1400000e+02   1.0275964e+01
   1.1500000e+02   1.0275782e+01
   1.1600000e+02   1.0275611e+01
   1.1700000e+02   1.0275650e+01
   1.1800000e+02   1.0275670e+01
   1.1900000e+02   1.0275520e+01
   1.2000000e+02   1.0275350e+01
   1.2100000e+02   1.0275291e+01
   1.2200000e+02   1.0275483e+01
   1.2300000e+02   1.0275389e+01
   1.2400000e+02   1.0275465e+01
   1.2500000e+02   1.0275274e+01
   1.2600000e+02   1.0275350e+01
   1.2700000e+02   1.0275315e+01
   1.2800000e+02   1.0274953e+01
   1.2900000e+02   1.0274914e+01
   1.3000000e+02   1.0275056e+01
   1.3100000e+02   1.0274801e+01
   1.3200000e+02   1.0274661e+01
   1.3300000e+02   1.0274735e+01
   1.3400000e+02   1.0274647e+01
   1.3500000e+02   1.0274633e+01
   1.3600000e+02   1.0274076e+01
   1.3700000e+02   1.0274153e+01
   1.3800000e+02   1.0274279e+01
   1.3900000e+02   1.0274520e+01
   1.4000000e+02   1.0274250e+01
   1.4100000e+02   1.0274135e+01
   1.4200000e+02   1.0274012e+01
   1.4300000e+02   1.0274070e+01
   1.4400000e+02   1.0274277e+01
   1.4500000e+02   1.0274176e+01
   1.4600000e+02   1.0273905e+01
   1.4700000e+02   1.0273881e+01
   1.4800000e+02   1.0274135e+01
   1.4900000e+02   1.0274174e+01
   1.5000000e+02   1.0273753e+01
   1.5100000e+02   1.0273812e+01
   1.5200000e+02   1.0273806e+01
   1.5300000e+02   1.0273899e+01
   1.5400000e+02   1.0273798e+01
   1.5500000e+02   1.0273846e+01
   1.5600000e+02   1.0273840e+01
   1.5700000e+02   1.0273823e+01
   1.5800000e+02   1.0273625e+01
   1.5900000e+02   1.0273803e+01
   1.6000000e+02   1.0273377e+01
   1.6100000e+02   1.0273660e+01
   1.6200000e+02   1.0273491e+01
   1.6300000e+02   1.0273390e+01
   1.6400000e+02   1.0273679e+01
   1.6500000e+02   1.0273101e+01
   1.6600000e+02   1.0272734e+01
   1.6700000e+02   1.0268076e+01
   1.6800000e+02   1.0251166e+01
   1.6900000e+02   1.0237773e+01
   1.7000000e+02   1.0244716e+01
   1.7100000e+02   1.0256235e+01
   1.7200000e+02   1.0263301e+01
   1.7300000e+02   1.0265829e+01
   1.7400000e+02   1.0266821e+01
   1.7500000e+02   1.0267200e+01
   1.7600000e+02   1.0268076e+01
   1.7700000e+02   1.0268940e+01
   1.7800000e+02   1.0268328e+01
   1.7900000e+02   1.0238782e+01
   1.8000000e+02   1.0194189e+01
   1.8100000e+02   1.0198758e+01
   1.8200000e+02   1.0206346e+01
   1.8300000e+02   1.0208942e+01
   1.8400000e+02   1.0213740e+01
   1.8500000e+02   1.0217406e+01
   1.8600000e+02   1.0219832e+01
   1.8700000e+02   1.0223724e+01
   1.8800000e+02   1.0231380e+01
   1.8900000e+02   1.0237781e+01
   1.9000000e+02   1.0244923e+01
   1.9100000e+02   1.0251706e+01
   1.9200000e+02   1.0257373e+01
   1.9300000e+02   1.0261479e+01
   1.9400000e+02   1.0263661e+01
   1.9500000e+02   1.0265298e+01
   1.9600000e+02   1.0266390e+01
   1.9700000e+02   1.0267105e+01
   1.9800000e+02   1.0267661e+01
   1.9900000e+02   1.0268088e+01
   2.0000000e+02   1.0268457e+01
   2.0100000e+02   1.0268913e+01
   2.0200000e+02   1.0269446e+01
   2.0300000e+02   1.0269786e+01
   2.0400000e+02   1.0270352e+01
   2.0500000e+02   1.0270806e+01
   2.0600000e+02   1.0271202e+01
   2.0700000e+02   1.0271360e+01
   2.0800000e+02   1.0271268e+01
   2.0900000e+02   1.0271521e+01
   2.1000000e+02   1.0271782e+01
   2.1100000e+02   1.0271643e+01
   2.1200000e+02   1.0271581e+01
   2.1300000e+02   1.0271583e+01
   2.1400000e+02   1.0271695e+01
   2.1500000e+02   1.0271716e+01
   2.1600000e+02   1.0271661e+01
   2.1700000e+02   1.0271533e+01
   2.1800000e+02   1.0271696e+01
   2.1900000e+02   1.0271404e+01
   2.2000000e+02   1.0271257e+01
   2.2100000e+02   1.0271298e+01
   2.2200000e+02   1.0270840e+01
   2.2300000e+02   1.0270356e+01
   2.2400000e+02   1.0270145e+01
   2.2500000e+02   1.0269895e+01
   2.2600000e+02   1.0269557e+01
   2.2700000e+02   1.0269348e+01
   2.2800000e+02   1.0269457e+01
   2.2900000e+02   1.0269618e+01
   2.3000000e+02   1.0269827e+01
   2.3100000e+02   1.0269765e+01
   2.3200000e+02   1.0270256e+01
   2.3300000e+02   1.0270509e+01
   2.3400000e+02   1.0270144e+01
   2.3500000e+02   1.0270390e+01
   2.3600000e+02   1.0270178e+01
   2.3700000e+02   1.0270444e+01
   2.3800000e+02   1.0270393e+01
   2.3900000e+02   1.0270110e+01
   2.4000000e+02   1.0270028e+01
   2.4100000e+02   1.0269903e+01
   2.4200000e+02   1.0269577e+01
   2.4300000e+02   1.0268531e+01
   2.4400000e+02   1.0266720e+01
   2.4500000e+02   1.0263744e+01
   2.4600000e+02   1.0259019e+01
   2.4700000e+02   1.0254392e+01
   2.4800000e+02   1.0249657e+01
   2.4900000e+02   1.0246351e+01
   2.5000000e+02   1.0245113e+01
   2.5100000e+02   1.0245340e+01
   2.5200000e+02   1.0246563e+01
   2.5300000e+02   1.0248090e+01
   2.5400000e+02   1.0248825e+01
   2.5500000e+02   1.0248627e+01
   2.5600000e+02   1.0247704e+01
   2.5700000e+02   1.0246471e+01
   2.5800000e+02   1.0245070e+01
   2.5900000e+02   1.0243187e+01
   2.6000000e+02   1.0242241e+01
   2.6100000e+02   1.0241002e+01
   2.6200000e+02   1.0239670e+01
   2.6300000e+02   1.0238931e+01
   2.6400000e+02   1.0238943e+01
   2.6500000e+02   1.0239967e+01
   2.6600000e+02   1.0242041e+01
   2.6700000e+02   1.0244461e+01
   2.6800000e+02   1.0246993e+01
   2.6900000e+02   1.0249368e+01
   2.7000000e+02   1.0251110e+01
   2.7100000e+02   1.0252465e+01
   2.7200000e+02   1.0253694e+01
   2.7300000e+02   1.0254365e+01
   2.7400000e+02   1.0255594e+01
   2.7500000e+02   1.0256659e+01
   2.7600000e+02   1.0257333e+01
   2.7700000e+02   1.0258255e+01
   2.7800000e+02   1.0259399e+01
   2.7900000e+02   1.0260038e+01
   2.8000000e+02   1.0260700e+01
   2.8100000e+02   1.0261193e+01
   2.8200000e+02   1.0261636e+01
   2.8300000e+02   1.0262127e+01
   2.8400000e+02   1.0262754e+01
   2.8500000e+02   1.0263038e+01
   2.8600000e+02   1.0263812e+01
   2.8700000e+02   1.0264189e+01
   2.8800000e+02   1.0264682e+01
   2.8900000e+02   1.0265124e+01
   2.9000000e+02   1.0265670e+01
   2.9100000e+02   1.0266279e+01
   2.9200000e+02   1.0266725e+01
   2.9300000e+02   1.0266639e+01
   2.9400000e+02   1.0266984e+01
   2.9500000e+02   1.0267327e+01
   2.9600000e+02   1.0267226e+01
   2.9700000e+02   1.0267243e+01
   2.9800000e+02   1.0267324e+01
   2.9900000e+02   1.0267200e+01
   3.0000000e+02   1.0267003e+01
   3.0100000e+02   1.0266407e+01
   3.0200000e+02   1.0265613e+01
   3.0300000e+02   1.0264441e+01
   3.0400000e+02   1.0262497e+01
   3.0500000e+02   1.0259907e+01
   3.0600000e+02   1.0256861e+01
   3.0700000e+02   1.0252708e+01
   3.0800000e+02   1.0247767e+01
   3.0900000e+02   1.0242521e+01
   3.1000000e+02   1.0237724e+01
   3.1100000e+02   1.0233610e+01
   3.1200000e+02   1.0231697e+01
   3.1300000e+02   1.0230459e+01
   3.1400000e+02   1.0229593e+01
   3.1500000e+02   1.0227581e+01
   3.1600000e+02   1.0223831e+01
   3.1700000e+02   1.0218139e+01
   3.1800000e+02   1.0210894e+01
   3.1900000e+02   1.0203540e+01
   3.2000000e+02   1.0197295e+01
   3.2100000e+02   1.0193047e+01
   3.2200000e+02   1.0191061e+01
   3.2300000e+02   1.0191449e+01
   3.2400000e+02   1.0193247e+01
   3.2500000e+02   1.0196627e+01
   3.2600000e+02   1.0201438e+01
   3.2700000e+02   1.0206732e+01
   3.2800000e+02   1.0212631e+01
   3.2900000e+02   1.0218735e+01
   3.3000000e+02   1.0223860e+01
   3.3100000e+02   1.0228419e+01
   3.3200000e+02   1.0232259e+01
   3.3300000e+02   1.0235079e+01
   3.3400000e+02   1.0236793e+01
   3.3500000e+02   1.0237687e+01
   3.3600000e+02   1.0237943e+01
   3.3700000e+02   1.0237791e+01
   3.3800000e+02   1.0238245e+01
   3.3900000e+02   1.0239208e+01
   3.4000000e+02   1.0240475e+01
   3.4100000e+02   1.0242510e+01
   3.4200000e+02   1.0244756e+01
   3.4300000e+02   1.0247414e+01
   3.4400000e+02   1.0249879e+01
   3.4500000e+02   1.0252416e+01
   3.4600000e+02   1.0254290e+01
   3.4700000e+02   1.0256254e+01
   3.4800000e+02   1.0257714e+01
   3.4900000e+02   1.0259283e+01
   3.5000000e+02   1.0260390e+01
   3.5100000e+02   1.0261444e+01
   3.5200000e+02   1.0262586e+01
   3.5300000e+02   1.0263031e+01
   3.5400000e+02   1.0263729e+01
   3.5500000e+02   1.0263800e+01
   3.5600000e+02   1.0263851e+01
   3.5700000e+02   1.0263881e+01
   3.5800000e+02   1.0263567e+01
   3.5900000e+02   1.0263242e+01
   3.6000000e+02   1.0263240e+01
   3.6100000e+02   1.0263273e+01
   3.6200000e+02   1.0263146e+01
   3.6300000e+02   1.0263192e+01
   3.6400000e+02   1.0263632e+01
   3.6500000e+02   1.0263896e+01
   3.6600000e+02   1.0264477e+01
   3.6700000e+02   1.0264452e+01
   3.6800000e+02   1.0264915e+01
   3.6900000e+02   1.0265367e+01
   3.7000000e+02   1.0265492e+01
   3.7100000e+02   1.0265889e+01
   3.7200000e+02   1.0265854e+01
   3.7300000e+02   1.0266050e+01
   3.7400000e+02   1.0266323e+01
   3.7500000e+02   1.0266351e+01
   3.7600000e+02   1.0266489e+01
   3.7700000e+02   1.0266177e+01
   3.7800000e+02   1.0266621e+01
   3.7900000e+02   1.0266626e+01
   3.8000000e+02   1.0266398e+01
   3.8100000e+02   1.0266548e+01
   3.8200000e+02   1.0266157e+01
   3.8300000e+02   1.0266086e+01
   3.8400000e+02   1.0265585e+01
   3.8500000e+02   1.0265367e+01
   3.8600000e+02   1.0264733e+01
   3.8700000e+02   1.0264613e+01
   3.8800000e+02   1.0264089e+01
   3.8900000e+02   1.0263837e+01
   3.9000000e+02   1.0263575e+01
   3.9100000e+02   1.0263726e+01
   3.9200000e+02   1.0263739e+01
   3.9300000e+02   1.0263902e+01
   3.9400000e+02   1.0264286e+01
   3.9500000e+02   1.0264412e+01
   3.9600000e+02   1.0264586e+01
   3.9700000e+02   1.0264941e+01
   3.9800000e+02   1.0265155e+01
   3.9900000e+02   1.0265510e+01
   4.0000000e+02   1.0265358e+01
   4.0100000e+02   1.0265585e+01
   4.0200000e+02   1.0265916e+01
   4.0300000e+02   1.0265970e+01
   4.0400000e+02   1.0265599e+01
   4.0500000e+02   1.0265987e+01
   4.0600000e+02   1.0266112e+01
   4.0700000e+02   1.0266105e+01
   4.0800000e+02   1.0266112e+01
   4.0900000e+02   1.0266142e+01
   4.1000000e+02   1.0266353e+01
   4.1100000e+02   1.0266130e+01
   4.1200000e+02   1.0266427e+01
   4.1300000e+02   1.0266334e+01
   4.1400000e+02   1.0266244e+01
   4.1500000e+02   1.0266301e+01
   4.1600000e+02   1.0266212e+01
   4.1700000e+02   1.0266437e+01
   4.1800000e+02   1.0266336e+01
   4.1900000e+02   1.0266372e+01
   4.2000000e+02   1.0266499e+01
   4.2100000e+02   1.0266204e+01
   4.2200000e+02   1.0266254e+01
   4.2300000e+02   1.0266472e+01
   4.2400000e+02   1.0266399e+01
   4.2500000e+02   1.0266552e+01
   4.2600000e+02   1.0266390e+01
   4.2700000e+02   1.0266430e+01
   4.2800000e+02   1.0266238e+01
   4.2900000e+02   1.0266349e+01
   4.3000000e+02   1.0266130e+01
   4.3100000e+02   1.0266019e+01
   4.3200000e+02   1.0265942e+01
   4.3300000e+02   1.0266031e+01
   4.3400000e+02   1.0266048e+01
   4.3500000e+02   1.0265826e+01
   4.3600000e+02   1.0265709e+01
   4.3700000e+02   1.0265171e+01
   4.3800000e+02   1.0264849e+01
   4.3900000e+02   1.0263861e+01
   4.4000000e+02   1.0262732e+01
   4.4100000e+02   1.0261079e+01
   4.4200000e+02   1.0259316e+01
   4.4300000e+02   1.0256923e+01
   4.4400000e+02   1.0254387e+01
   4.4500000e+02   1.0251764e+01
   4.4600000e+02   1.0249871e+01
   4.4700000e+02   1.0247767e+01
   4.4800000e+02   1.0246578e+01
   4.4900000e+02   1.0246241e+01
   4.5000000e+02   1.0246600e+01
   4.5100000e+02   1.0247323e+01
   4.5200000e+02   1.0248380e+01
   4.5300000e+02   1.0249676e+01
   4.5400000e+02   1.0251405e+01
   4.5500000e+02   1.0252903e+01
   4.5600000e+02   1.0254133e+01
   4.5700000e+02   1.0255768e+01
   4.5800000e+02   1.0256839e+01
   4.5900000e+02   1.0257885e+01
   4.6000000e+02   1.0258936e+01
   4.6100000e+02   1.0259873e+01
   4.6200000e+02   1.0260533e+01
   4.6300000e+02   1.0261020e+01
   4.6400000e+02   1.0261588e+01
   4.6500000e+02   1.0261852e+01
   4.6600000e+02   1.0262659e+01
   4.6700000e+02   1.0262578e+01
   4.6800000e+02   1.0262971e+01
   4.6900000e+02   1.0263504e+01
   4.7000000e+02   1.0263607e+01
   4.7100000e+02   1.0263791e+01
   4.7200000e+02   1.0264195e+01
   4.7300000e+02   1.0264025e+01
   4.7400000e+02   1.0264380e+01
   4.7500000e+02   1.0264322e+01
   4.7600000e+02   1.0264713e+01
   4.7700000e+02   1.0264688e+01
   4.7800000e+02   1.0264980e+01
   4.7900000e+02   1.0265034e+01
   4.8000000e+02   1.0264785e+01
   4.8100000e+02   1.0265101e+01
   4.8200000e+02   1.0265090e+01
   4.8300000e+02   1.0264972e+01
   4.8400000e+02   1.0265042e+01
   4.8500000e+02   1.0264972e+01
   4.8600000e+02   1.0264798e+01
   4.8700000e+02   1.0264824e+01
   4.8800000e+02   1.0265067e+01
   4.8900000e+02   1.0264929e+01
   4.9000000e+02   1.0264997e+01
   4.9100000e+02   1.0265042e+01
   4.9200000e+02   1.0265013e+01
   4.9300000e+02   1.0264969e+01
   4.9400000e+02   1.0264883e+01
   4.9500000e+02   1.0265111e+01
   4.9600000e+02   1.0264756e+01
   4.9700000e+02   1.0264950e+01
   4.9800000e+02   1.0264853e+01
   4.9900000e+02   1.0264945e+01
   5.0000000e+02   1.0264662e+01
   5.0100000e+02   1.0264508e+01
   5.0200000e+02   1.0264900e+01
   5.0300000e+02   1.0264835e+01
   5.0400000e+02   1.0264545e+01
   5.0500000e+02   1.0264692e+01
   5.0600000e+02   1.0264775e+01
   5.0700000e+02   1.0264633e+01
   5.0800000e+02   1.0264692e+01
   5.0900000e+02   1.0264609e+01
   5.1000000e+02   1.0264780e+01
   5.1100000e+02   1.0264658e+01
   5.1200000e+02   1.0264608e+01
   5.1300000e+02   1.0264496e+01
   5.1400000e+02   1.0264594e+01
   5.1500000e+02   1.0264190e+01
   5.1600000e+02   1.0264507e+01
   5.1700000e+02   1.0264439e+01
   5.1800000e+02   1.0264464e+01
   5.1900000e+02   1.0264482e+01
   5.2000000e+02   1.0264295e+01
   5.2100000e+02   1.0264273e+01
   5.2200000e+02   1.0264344e+01
   5.2300000e+02   1.0264276e+01
   5.2400000e+02   1.0264437e+01
   5.2500000e+02   1.0264215e+01
   5.2600000e+02   1.0264106e+01
   5.2700000e+02   1.0264490e+01
   5.2800000e+02   1.0264258e+01
   5.2900000e+02   1.0264221e+01
   5.3000000e+02   1.0264137e+01
   5.3100000e+02   1.0264184e+01
   5.3200000e+02   1.0264292e+01
   5.3300000e+02   1.0264142e+01
   5.3400000e+02   1.0264139e+01
   5.3500000e+02   1.0264244e+01
   5.3600000e+02   1.0264156e+01
   5.3700000e+02   1.0264302e+01
   5.3800000e+02   1.0264049e+01
   5.3900000e+02   1.0264322e+01
   5.4000000e+02   1.0264006e+01
   5.4100000e+02   1.0263915e+01
   5.4200000e+02   1.0264004e+01
   5.4300000e+02   1.0264042e+01
   5.4400000e+02   1.0263848e+01
   5.4500000e+02   1.0264064e+01
   5.4600000e+02   1.0264032e+01
   5.4700000e+02   1.0264003e+01
   5.4800000e+02   1.0264128e+01
   5.4900000e+02   1.0264019e+01
   5.5000000e+02   1.0264020e+01
   5.5100000e+02   1.0264196e+01
   5.5200000e+02   1.0264027e+01
   5.5300000e+02   1.0263932e+01
   5.5400000e+02   1.0263849e+01
   5.5500000e+02   1.0264091e+01
   5.5600000e+02   1.0263664e+01
   5.5700000e+02   1.0263945e+01
   5.5800000e+02   1.0263870e+01
   5.5900000e+02   1.0263785e+01
   5.6000000e+02   1.0263326e+01
   5.6100000e+02   1.0263941e+01
   5.6200000e+02   1.0264052e+01
   5.6300000e+02   1.0263898e+01
   5.6400000e+02   1.0263824e+01
   5.6500000e+02   1.0263629e+01
   5.6600000e+02   1.0263722e+01
   5.6700000e+02   1.0264035e+01
   5.6800000e+02   1.0263869e+01
   5.6900000e+02   1.0263966e+01
   5.7000000e+02   1.0264000e+01
   5.7100000e+02   1.0263828e+01
   5.7200000e+02   1.0263836e+01
   5.7300000e+02   1.0263416e+01
   5.7400000e+02   1.0263665e+01
   5.7500000e+02   1.0263331e+01
   5.7600000e+02   1.0263461e+01
   5.7700000e+02   1.0263484e+01
   5.7800000e+02   1.0263707e+01
   5.7900000e+02   1.0263494e+01
   5.8000000e+02   1.0263293e+01
   5.8100000e+02   1.0263186e+01
   5.8200000e+02   1.0262982e+01
   5.8300000e+02   1.0263027e+01
   5.8400000e+02   1.0263056e+01
   5.8500000e+02   1.0263442e+01
   5.8600000e+02   1.0263378e+01
   5.8700000e+02   1.0263367e+01
   5.8800000e+02   1.0263338e+01
   5.8900000e+02   1.0263470e+01
   5.9000000e+02   1.0263334e+01
   5.9100000e+02   1.0263288e+01
   5.9200000e+02   1.0263512e+01
   5.9300000e+02   1.0263201e+01
   5.9400000e+02   1.0263226e+01
   5.9500000e+02   1.0263422e+01
   5.9600000e+02   1.0263263e+01
   5.9700000e+02   1.0263057e+01
   5.9800000e+02   1.0263112e+01
   5.9900000e+02   1.0263636e+01
   6.0000000e+02   1.0263362e+01
   6.0100000e+02   1.0263310e+01
   6.0200000e+02   1.0263412e+01
   6.0300000e+02   1.0263039e+01
   6.0400000e+02   1.0263055e+01
   6.0500000e+02   1.0263415e+01
   6.0600000e+02   1.0263015e+01
   6.0700000e+02   1.0262806e+01
   6.0800000e+02   1.0263442e+01
   6.0900000e+02   1.0262936e+01
   6.1000000e+02   1.0263001e+01
   6.1100000e+02   1.0262659e+01
   6.1200000e+02   1.0262964e+01
   6.1300000e+02   1.0263013e+01
   6.1400000e+02   1.0262679e+01
   6.1500000e+02   1.0262753e+01
   6.1600000e+02   1.0262665e+01
   6.1700000e+02   1.0262549e+01
   6.1800000e+02   1.0262689e+01
   6.1900000e+02   1.0262481e+01
   6.2000000e+02   1.0262387e+01
   6.2100000e+02   1.0262633e+01
   6.2200000e+02   1.0262580e+01
   6.2300000e+02   1.0262852e+01
   6.2400000e+02   1.0262500e+01
   6.2500000e+02   1.0262530e+01
   6.2600000e+02   1.0262801e+01
   6.2700000e+02   1.0262440e+01
   6.2800000e+02   1.0262747e+01
   6.2900000e+02   1.0262256e+01
   6.3000000e+02   1.0262461e+01
   6.3100000e+02   1.0262386e+01
   6.3200000e+02   1.0262800e+01
   6.3300000e+02   1.0262220e+01
   6.3400000e+02   1.0262372e+01
   6.3500000e+02   1.0262460e+01
   6.3600000e+02   1.0262518e+01
   6.3700000e+02   1.0262492e+01
   6.3800000e+02   1.0262179e+01
   6.3900000e+02   1.0262443e+01
   6.4000000e+02   1.0262070e+01
   6.4100000e+02   1.0261966e+01
   6.4200000e+02   1.0261966e+01
   6.4300000e+02   1.0262434e+01
   6.4400000e+02   1.0262277e+01
   6.4500000e+02   1.0262268e+01
   6.4600000e+02   1.0262246e+01
   6.4700000e+02   1.0262408e+01
   6.4800000e+02   1.0262157e+01
   6.4900000e+02   1.0262127e+01
   6.5000000e+02   1.0261931e+01
   6.5100000e+02   1.0262223e+01
   6.5200000e+02   1.0261858e+01
   6.5300000e+02   1.0262006e+01
   6.5400000e+02   1.0262120e+01
   6.5500000e+02   1.0262255e+01
   6.5600000e+02   1.0262178e+01
   6.5700000e+02   1.0262248e+01
   6.5800000e+02   1.0262105e+01
   6.5900000e+02   1.0261867e+01
   6.6000000e+02   1.0262106e+01
   6.6100000e+02   1.0262068e+01
   6.6200000e+02   1.0261917e+01
   6.6300000e+02   1.0261947e+01
   6.6400000e+02   1.0261920e+01
   6.6500000e+02   1.0261945e+01
   6.6600000e+02   1.0261923e+01
   6.6700000e+02   1.0262117e+01
   6.6800000e+02   1.0262026e+01
   6.6900000e+02   1.0261849e+01
   6.7000000e+02   1.0261965e+01
   6.7100000e+02   1.0261946e+01
   6.7200000e+02   1.0261696e+01
   6.7300000e+02   1.0261925e+01
   6.7400000e+02   1.0261928e+01
   6.7500000e+02   1.0261428e+01
   6.7600000e+02   1.0261798e+01
   6.7700000e+02   1.0261650e+01
   6.7800000e+02   1.0261611e+01
   6.7900000e+02   1.0262069e+01
   6.8000000e+02   1.0261927e+01
   6.8100000e+02   1.0262090e+01
   6.8200000e+02   1.0262003e+01
   6.8300000e+02   1.0261736e+01
   6.8400000e+02   1.0262034e+01
   6.8500000e+02   1.0261941e+01
   6.8600000e+02   1.0262052e+01
   6.8700000e+02   1.0261995e+01
   6.8800000e+02   1.0261879e+01
   6.8900000e+02   1.0261952e+01
   6.9000000e+02   1.0261687e+01
   6.9100000e+02   1.0261774e+01
   6.9200000e+02   1.0261899e+01
   6.9300000e+02   1.0261751e+01
   6.9400000e+02   1.0261943e+01
   6.9500000e+02   1.0261669e+01
   6.9600000e+02   1.0261920e+01
   6.9700000e+02   1.0261643e+01
   6.9800000e+02   1.0261969e+01
   6.9900000e+02   1.0261931e+01
   7.0000000e+02   1.0261698e+01
   7.0100000e+02   1.0262008e+01
   7.0200000e+02   1.0261859e+01
   7.0300000e+02   1.0261662e+01
   7.0400000e+02   1.0261547e+01
   7.0500000e+02   1.0261847e+01
   7.0600000e+02   1.0261585e+01
   7.0700000e+02   1.0261645e+01
   7.0800000e+02   1.0261514e+01
   7.0900000e+02   1.0261670e+01
   7.1000000e+02   1.0261718e+01
   7.1100000e+02   1.0261641e+01
   7.1200000e+02   1.0261370e+01
   7.1300000e+02   1.0261590e+01
   7.1400000e+02   1.0261584e+01
   7.1500000e+02   1.0261334e+01
   7.1600000e+02   1.0261351e+01
   7.1700000e+02   1.0261382e+01
   7.1800000e+02   1.0261126e+01
   7.1900000e+02   1.0261431e+01
   7.2000000e+02   1.0261466e+01
   7.2100000e+02   1.0261484e+01
   7.2200000e+02   1.0261419e+01
   7.2300000e+02   1.0261553e+01
   7.2400000e+02   1.0261319e+01
   7.2500000e+02   1.0261408e+01
   7.2600000e+02   1.0261475e+01
   7.2700000e+02   1.0261517e+01
   7.2800000e+02   1.0261291e+01
   7.2900000e+02   1.0261380e+01
   7.3000000e+02   1.0261255e+01
   7.3100000e+02   1.0260957e+01
   7.3200000e+02   1.0261027e+01
   7.3300000e+02   1.0261065e+01
   7.3400000e+02   1.0261163e+01
   7.3500000e+02   1.0260787e+01
   7.3600000e+02   1.0260968e+01
   7.3700000e+02   1.0260677e+01
   7.3800000e+02   1.0260888e+01
   7.3900000e+02   1.0261041e+01
   7.4000000e+02   1.0260796e+01
   7.4100000e+02   1.0260800e+01
   7.4200000e+02   1.0260798e+01
   7.4300000e+02   1.0260755e+01
   7.4400000e+02   1.0260825e+01
   7.4500000e+02   1.0260708e+01
   7.4600000e+02   1.0260872e+01
   7.4700000e+02   1.0260770e+01
   7.4800000e+02   1.0260816e+01
   7.4900000e+02   1.0260915e+01
   7.5000000e+02   1.0261073e+01
   7.5100000e+02   1.0260706e+01
   7.5200000e+02   1.0260465e+01
   7.5300000e+02   1.0260750e+01
   7.5400000e+02   1.0260557e+01
   7.5500000e+02   1.0260756e+01
   7.5600000e+02   1.0260940e+01
   7.5700000e+02   1.0261001e+01
   7.5800000e+02   1.0260890e+01
   7.5900000e+02   1.0260585e+01
   7.6000000e+02   1.0260833e+01
   7.6100000e+02   1.0261048e+01
   7.6200000e+02   1.0260572e+01
   7.6300000e+02   1.0260548e+01
   7.6400000e+02   1.0260620e+01
   7.6500000e+02   1.0260417e+01
   7.6600000e+02   1.0260519e+01
   7.6700000e+02   1.0260174e+01
   7.6800000e+02   1.0260396e+01
   7.6900000e+02   1.0260655e+01
   7.7000000e+02   1.0260682e+01
   7.7100000e+02   1.0260574e+01
   7.7200000e+02   1.0260724e+01
   7.7300000e+02   1.0260607e+01
   7.7400000e+02   1.0260536e+01
   7.7500000e+02   1.0260572e+01
   7.7600000e+02   1.0260592e+01
   7.7700000e+02   1.0260117e+01
   7.7800000e+02   1.0260602e+01
   7.7900000e+02   1.0260315e+01
   7.8000000e+02   1.0260537e+01
