   0.0000000e+00   1.0301345e+01
   1.0000000e+00   1.0296780e+01
   2.0000000e+00   1.0296006e+01
   3.0000000e+00   1.0295614e+01
   4.0000000e+00   1.0294884e+01
   5.0000000e+00   1.0293546e+01
   6.0000000e+00   1.0293246e+01
   7.0000000e+00   1.0292719e+01
   8.0000000e+00   1.0292542e+01
   9.0000000e+00   1.0292257e+01
   1.0000000e+01   1.0291872e+01
   1.1000000e+01   1.0291768e+01
   1.2000000e+01   1.0291520e+01
   1.3000000e+01   1.0291423e+01
   1.4000000e+01   1.0290901e+01
   1.5000000e+01   1.0290965e+01
   1.6000000e+01   1.0290733e+01
   1.7000000e+01   1.0290737e+01
   1.8000000e+01   1.0290435e+01
   1.9000000e+01   1.0290304e+01
   2.0000000e+01   1.0289868e+01
   2.1000000e+01   1.0289982e+01
   2.2000000e+01   1.0289777e+01
   2.3000000e+01   1.0289771e+01
   2.4000000e+01   1.0289650e+01
   2.5000000e+01   1.0289437e+01
   2.6000000e+01   1.0289332e+01
   2.7000000e+01   1.0289284e+01
   2.8000000e+01   1.0289098e+01
   2.9000000e+01   1.0288958e+01
   3.0000000e+01   1.0288790e+01
   3.1000000e+01   1.0288580e+01
   3.2000000e+01   1.0288587e+01
   3.3000000e+01   1.0288368e+01
   3.4000000e+01   1.0288140e+01
   3.5000000e+01   1.0288085e+01
   3.6000000e+01   1.0288071e+01
   3.7000000e+01   1.0287849e+01
   3.8000000e+01   1.0287835e+01
   3.9000000e+01   1.0287584e+01
   4.0000000e+01   1.0287742e+01
   4.1000000e+01   1.0287483e+01
   4.2000000e+01   1.0287447e+01
   4.3000000e+01   1.0287051e+01
   4.4000000e+01   1.0287165e+01
   4.5000000e+01   1.0287100e+01
   4.6000000e+01   1.0286987e+01
   4.7000000e+01   1.0286704e+01
   4.8000000e+01   1.0286714e+01
   4.9000000e+01   1.0286910e+01
   5.0000000e+01   1.0286855e+01
   5.1000000e+01   1.0286521e+01
   5.2000000e+01   1.0286385e+01
   5.3000000e+01   1.0286331e+01
   5.4000000e+01   1.0286061e+01
   5.5000000e+01   1.0286165e+01
   5.6000000e+01   1.0285970e+01
   5.7000000e+01   1.0286124e+01
   5.8000000e+01   1.0285767e+01
   5.9000000e+01   1.0285860e+01
   6.0000000e+01   1.0286021e+01
   6.1000000e+01   1.0285883e+01
   6.2000000e+01   1.0285924e+01
   6.3000000e+01   1.0285621e+01
   6.4000000e+01   1.0285726e+01
   6.5000000e+01   1.0285631e+01
   6.6000000e+01   1.0285523e+01
   6.7000000e+01   1.0285539e+01
   6.8000000e+01   1.0285534e+01
   6.9000000e+01   1.0285361e+01
   7.0000000e+01   1.0285092e+01
   7.1000000e+01   1.0285361e+01
   7.2000000e+01   1.0285148e+01
   7.3000000e+01   1.0285137e+01
   7.4000000e+01   1.0285332e+01
   7.5000000e+01   1.0285306e+01
   7.6000000e+01   1.0284758e+01
   7.7000000e+01   1.0284975e+01
   7.8000000e+01   1.0284781e+01
   7.9000000e+01   1.0284812e+01
   8.0000000e+01   1.0284847e+01
   8.1000000e+01   1.0284837e+01
   8.2000000e+01   1.0284607e+01
   8.3000000e+01   1.0284427e+01
   8.4000000e+01   1.0284244e+01
   8.5000000e+01   1.0284415e+01
   8.6000000e+01   1.0284394e+01
   8.7000000e+01   1.0284171e+01
   8.8000000e+01   1.0284036e+01
   8.9000000e+01   1.0284048e+01
   9.0000000e+01   1.0284295e+01
   9.1000000e+01   1.0284274e+01
   9.2000000e+01   1.0283793e+01
   9.3000000e+01   1.0284266e+01
   9.4000000e+01   1.0283902e+01
   9.5000000e+01   1.0283962e+01
   9.6000000e+01   1.0283839e+01
   9.7000000e+01   1.0283805e+01
   9.8000000e+01   1.0283920e+01
   9.9000000e+01   1.0283600e+01
   1.0000000e+02   1.0283531e+01
   1.0100000e+02   1.0283724e+01
   1.0200000e+02   1.0283491e+01
   1.0300000e+02   1.0283718e+01
   1.0400000e+02   1.0283109e+01
   1.0500000e+02   1.0283093e+01
   1.0600000e+02   1.0282969e+01
   1.0700000e+02   1.0283195e+01
   1.0800000e+02   1.0283043e+01
   1.0900000e+02   1.0282934e+01
   1.1000000e+02   1.0282876e+01
   1.1100000e+02   1.0282823e+01
   1.1200000e+02   1.0282668e+01
   1.1300000e+02   1.0282922e+01
   1.1400000e+02   1.0282768e+01
   1.1500000e+02   1.0282593e+01
   1.1600000e+02   1.0282511e+01
   1.1700000e+02   1.0282678e+01
   1.1800000e+02   1.0282250e+01
   1.1900000e+02   1.0282360e+01
   1.2000000e+02   1.0282267e+01
   1.2100000e+02   1.0282108e+01
   1.2200000e+02   1.0282043e+01
   1.2300000e+02   1.0281938e+01
   1.2400000e+02   1.0281920e+01
   1.2500000e+02   1.0282060e+01
   1.2600000e+02   1.0281828e+01
   1.2700000e+02   1.0281866e+01
   1.2800000e+02   1.0281829e+01
   1.2900000e+02   1.0281967e+01
   1.3000000e+02   1.0281753e+01
   1.3100000e+02   1.0281611e+01
   1.3200000e+02   1.0281857e+01
   1.3300000e+02   1.0281810e+01
   1.3400000e+02   1.0281691e+01
   1.3500000e+02   1.0281890e+01
   1.3600000e+02   1.0281758e+01
   1.3700000e+02   1.0281564e+01
   1.3800000e+02   1.0281529e+01
   1.3900000e+02   1.0281527e+01
   1.4000000e+02   1.0281547e+01
   1.4100000e+02   1.0281374e+01
   1.4200000e+02   1.0281193e+01
   1.4300000e+02   1.0281332e+01
   1.4400000e+02   1.0281302e+01
   1.4500000e+02   1.0281299e+01
   1.4600000e+02   1.0281095e+01
   1.4700000e+02   1.0281180e+01
   1.4800000e+02   1.0280981e+01
   1.4900000e+02   1.0281035e+01
   1.5000000e+02   1.0281053e+01
   1.5100000e+02   1.0281139e+01
   1.5200000e+02   1.0281004e+01
   1.5300000e+02   1.0280776e+01
   1.5400000e+02   1.0280710e+01
   1.5500000e+02   1.0280607e+01
   1.5600000e+02   1.0280700e+01
   1.5700000e+02   1.0280621e+01
   1.5800000e+02   1.0280723e+01
   1.5900000e+02   1.0280771e+01
   1.6000000e+02   1.0280728e+01
   1.6100000e+02   1.0280365e+01
   1.6200000e+02   1.0280466e+01
   1.6300000e+02   1.0280180e+01
   1.6400000e+02   1.0280427e+01
   1.6500000e+02   1.0280381e+01
   1.6600000e+02   1.0280036e+01
   1.6700000e+02   1.0275459e+01
   1.6800000e+02   1.0258089e+01
   1.6900000e+02   1.0242060e+01
   1.7000000e+02   1.0246011e+01
   1.7100000e+02   1.0257409e+01
   1.7200000e+02   1.0265654e+01
   1.7300000e+02   1.0270408e+01
   1.7400000e+02   1.0273639e+01
   1.7500000e+02   1.0275556e+01
   1.7600000e+02   1.0277328e+01
   1.7700000e+02   1.0277851e+01
   1.7800000e+02   1.0276339e+01
   1.7900000e+02   1.0233631e+01
   1.8000000e+02   1.0174616e+01
   1.8100000e+02   1.0184965e+01
   1.8200000e+02   1.0201558e+01
   1.8300000e+02   1.0206736e+01
   1.8400000e+02   1.0214321e+01
   1.8500000e+02   1.0220438e+01
   1.8600000e+02   1.0225682e+01
   1.8700000e+02   1.0232904e+01
   1.8800000e+02   1.0240973e+01
   1.8900000e+02   1.0248714e+01
   1.9000000e+02   1.0255410e+01
   1.9100000e+02   1.0263060e+01
   1.9200000e+02   1.0269172e+01
   1.9300000e+02   1.0272826e+01
   1.9400000e+02   1.0274634e+01
   1.9500000e+02   1.0275635e+01
   1.9600000e+02   1.0276216e+01
   1.9700000e+02   1.0276542e+01
   1.9800000e+02   1.0277001e+01
   1.9900000e+02   1.0277222e+01
   2.0000000e+02   1.0277452e+01
   2.0100000e+02   1.0277848e+01
   2.0200000e+02   1.0278074e+01
   2.0300000e+02   1.0278098e+01
   2.0400000e+02   1.0278197e+01
   2.0500000e+02   1.0278304e+01
   2.0600000e+02   1.0278348e+01
   2.0700000e+02   1.0278717e+01
   2.0800000e+02   1.0278521e+01
   2.0900000e+02   1.0278726e+01
   2.1000000e+02   1.0278324e+01
   2.1100000e+02   1.0278712e+01
   2.1200000e+02   1.0278415e+01
   2.1300000e+02   1.0278484e+01
   2.1400000e+02   1.0278401e+01
   2.1500000e+02   1.0278169e+01
   2.1600000e+02   1.0278291e+01
   2.1700000e+02   1.0278242e+01
   2.1800000e+02   1.0277887e+01
   2.1900000e+02   1.0277732e+01
   2.2000000e+02   1.0277406e+01
   2.2100000e+02   1.0277311e+01
   2.2200000e+02   1.0276573e+01
   2.2300000e+02   1.0275956e+01
   2.2400000e+02   1.0275201e+01
   2.2500000e+02   1.0274985e+01
   2.2600000e+02   1.0274332e+01
   2.2700000e+02   1.0274241e+01
   2.2800000e+02   1.0274067e+01
   2.2900000e+02   1.0274090e+01
   2.3000000e+02   1.0274362e+01
   2.3100000e+02   1.0274704e+01
   2.3200000e+02   1.0274766e+01
   2.3300000e+02   1.0275241e+01
   2.3400000e+02   1.0275222e+01
   2.3500000e+02   1.0275657e+01
   2.3600000e+02   1.0275666e+01
   2.3700000e+02   1.0275891e+01
   2.3800000e+02   1.0275990e+01
   2.3900000e+02   1.0275800e+01
   2.4000000e+02   1.0275695e+01
   2.4100000e+02   1.0275364e+01
   2.4200000e+02   1.0274775e+01
   2.4300000e+02   1.0273722e+01
   2.4400000e+02   1.0271561e+01
   2.4500000e+02   1.0267226e+01
   2.4600000e+02   1.0262000e+01
   2.4700000e+02   1.0255707e+01
   2.4800000e+02   1.0249566e+01
   2.4900000e+02   1.0245092e+01
   2.5000000e+02   1.0242792e+01
   2.5100000e+02   1.0242352e+01
   2.5200000e+02   1.0243373e+01
   2.5300000e+02   1.0244497e+01
   2.5400000e+02   1.0245454e+01
   2.5500000e+02   1.0245638e+01
   2.5600000e+02   1.0245480e+01
   2.5700000e+02   1.0244963e+01
   2.5800000e+02   1.0244016e+01
   2.5900000e+02   1.0242924e+01
   2.6000000e+02   1.0241244e+01
   2.6100000e+02   1.0239296e+01
   2.6200000e+02   1.0237871e+01
   2.6300000e+02   1.0236688e+01
   2.6400000e+02   1.0236749e+01
   2.6500000e+02   1.0237906e+01
   2.6600000e+02   1.0240557e+01
   2.6700000e+02   1.0243878e+01
   2.6800000e+02   1.0247252e+01
   2.6900000e+02   1.0250751e+01
   2.7000000e+02   1.0253645e+01
   2.7100000e+02   1.0256468e+01
   2.7200000e+02   1.0258386e+01
   2.7300000e+02   1.0259879e+01
   2.7400000e+02   1.0261495e+01
   2.7500000e+02   1.0262273e+01
   2.7600000e+02   1.0263724e+01
   2.7700000e+02   1.0264228e+01
   2.7800000e+02   1.0265512e+01
   2.7900000e+02   1.0265968e+01
   2.8000000e+02   1.0266515e+01
   2.8100000e+02   1.0267035e+01
   2.8200000e+02   1.0267357e+01
   2.8300000e+02   1.0267862e+01
   2.8400000e+02   1.0268562e+01
   2.8500000e+02   1.0269591e+01
   2.8600000e+02   1.0270057e+01
   2.8700000e+02   1.0270399e+01
   2.8800000e+02   1.0270764e+01
   2.8900000e+02   1.0271449e+01
   2.9000000e+02   1.0272170e+01
   2.9100000e+02   1.0272603e+01
   2.9200000e+02   1.0272718e+01
   2.9300000e+02   1.0273084e+01
   2.9400000e+02   1.0273424e+01
   2.9500000e+02   1.0273751e+01
   2.9600000e+02   1.0273761e+01
   2.9700000e+02   1.0273894e+01
   2.9800000e+02   1.0273853e+01
   2.9900000e+02   1.0273707e+01
   3.0000000e+02   1.0273158e+01
   3.0100000e+02   1.0272460e+01
   3.0200000e+02   1.0271522e+01
   3.0300000e+02   1.0270024e+01
   3.0400000e+02   1.0268108e+01
   3.0500000e+02   1.0265474e+01
   3.0600000e+02   1.0262086e+01
   3.0700000e+02   1.0257449e+01
   3.0800000e+02   1.0252175e+01
   3.0900000e+02   1.0246951e+01
   3.1000000e+02   1.0241838e+01
   3.1100000e+02   1.0238450e+01
   3.1200000e+02   1.0236053e+01
   3.1300000e+02   1.0234452e+01
   3.1400000e+02   1.0233093e+01
   3.1500000e+02   1.0230381e+01
   3.1600000e+02   1.0226289e+01
   3.1700000e+02   1.0220666e+01
   3.1800000e+02   1.0213894e+01
   3.1900000e+02   1.0208001e+01
   3.2000000e+02   1.0202749e+01
   3.2100000e+02   1.0199398e+01
   3.2200000e+02   1.0197843e+01
   3.2300000e+02   1.0198007e+01
   3.2400000e+02   1.0200077e+01
   3.2500000e+02   1.0203701e+01
   3.2600000e+02   1.0208926e+01
   3.2700000e+02   1.0215569e+01
   3.2800000e+02   1.0222398e+01
   3.2900000e+02   1.0229547e+01
   3.3000000e+02   1.0236082e+01
   3.3100000e+02   1.0241405e+01
   3.3200000e+02   1.0245726e+01
   3.3300000e+02   1.0248466e+01
   3.3400000e+02   1.0250336e+01
   3.3500000e+02   1.0251131e+01
   3.3600000e+02   1.0250834e+01
   3.3700000e+02   1.0250502e+01
   3.3800000e+02   1.0250260e+01
   3.3900000e+02   1.0250931e+01
   3.4000000e+02   1.0251675e+01
   3.4100000e+02   1.0253307e+01
   3.4200000e+02   1.0255202e+01
   3.4300000e+02   1.0257401e+01
   3.4400000e+02   1.0259645e+01
   3.4500000e+02   1.0261632e+01
   3.4600000e+02   1.0263552e+01
   3.4700000e+02   1.0265513e+01
   3.4800000e+02   1.0267079e+01
   3.4900000e+02   1.0268406e+01
   3.5000000e+02   1.0269025e+01
   3.5100000e+02   1.0270230e+01
   3.5200000e+02   1.0270678e+01
   3.5300000e+02   1.0271173e+01
   3.5400000e+02   1.0271363e+01
   3.5500000e+02   1.0271204e+01
   3.5600000e+02   1.0271294e+01
   3.5700000e+02   1.0270914e+01
   3.5800000e+02   1.0270347e+01
   3.5900000e+02   1.0270073e+01
   3.6000000e+02   1.0270083e+01
   3.6100000e+02   1.0269930e+01
   3.6200000e+02   1.0269884e+01
   3.6300000e+02   1.0269620e+01
   3.6400000e+02   1.0269842e+01
   3.6500000e+02   1.0270097e+01
   3.6600000e+02   1.0270647e+01
   3.6700000e+02   1.0271022e+01
   3.6800000e+02   1.0271200e+01
   3.6900000e+02   1.0271739e+01
   3.7000000e+02   1.0272064e+01
   3.7100000e+02   1.0272034e+01
   3.7200000e+02   1.0272602e+01
   3.7300000e+02   1.0272459e+01
   3.7400000e+02   1.0272920e+01
   3.7500000e+02   1.0272772e+01
   3.7600000e+02   1.0272680e+01
   3.7700000e+02   1.0272871e+01
   3.7800000e+02   1.0272849e+01
   3.7900000e+02   1.0272712e+01
   3.8000000e+02   1.0272689e+01
   3.8100000e+02   1.0272609e+01
   3.8200000e+02   1.0272286e+01
   3.8300000e+02   1.0272036e+01
   3.8400000e+02   1.0271677e+01
   3.8500000e+02   1.0271317e+01
   3.8600000e+02   1.0270845e+01
   3.8700000e+02   1.0270393e+01
   3.8800000e+02   1.0270021e+01
   3.8900000e+02   1.0269909e+01
   3.9000000e+02   1.0269896e+01
   3.9100000e+02   1.0270098e+01
   3.9200000e+02   1.0270022e+01
   3.9300000e+02   1.0270304e+01
   3.9400000e+02   1.0270825e+01
   3.9500000e+02   1.0270885e+01
   3.9600000e+02   1.0271298e+01
   3.9700000e+02   1.0271380e+01
   3.9800000e+02   1.0271689e+01
   3.9900000e+02   1.0271926e+01
   4.0000000e+02   1.0272061e+01
   4.0100000e+02   1.0272232e+01
   4.0200000e+02   1.0272461e+01
   4.0300000e+02   1.0272414e+01
   4.0400000e+02   1.0272108e+01
   4.0500000e+02   1.0272657e+01
   4.0600000e+02   1.0272697e+01
   4.0700000e+02   1.0272538e+01
   4.0800000e+02   1.0272463e+01
   4.0900000e+02   1.0272505e+01
   4.1000000e+02   1.0272403e+01
   4.1100000e+02   1.0272613e+01
   4.1200000e+02   1.0272614e+01
   4.1300000e+02   1.0272540e+01
   4.1400000e+02   1.0272575e+01
   4.1500000e+02   1.0272657e+01
   4.1600000e+02   1.0272518e+01
   4.1700000e+02   1.0272481e+01
   4.1800000e+02   1.0272410e+01
   4.1900000e+02   1.0272414e+01
   4.2000000e+02   1.0272223e+01
   4.2100000e+02   1.0272225e+01
   4.2200000e+02   1.0272376e+01
   4.2300000e+02   1.0272425e+01
   4.2400000e+02   1.0272415e+01
   4.2500000e+02   1.0272581e+01
   4.2600000e+02   1.0272294e+01
   4.2700000e+02   1.0272283e+01
   4.2800000e+02   1.0272280e+01
   4.2900000e+02   1.0272243e+01
   4.3000000e+02   1.0272196e+01
   4.3100000e+02   1.0272386e+01
   4.3200000e+02   1.0272319e+01
   4.3300000e+02   1.0272233e+01
   4.3400000e+02   1.0272058e+01
   4.3500000e+02   1.0272163e+01
   4.3600000e+02   1.0271864e+01
   4.3700000e+02   1.0271269e+01
   4.3800000e+02   1.0270834e+01
   4.3900000e+02   1.0269896e+01
   4.4000000e+02   1.0268613e+01
   4.4100000e+02   1.0267525e+01
   4.4200000e+02   1.0265696e+01
   4.4300000e+02   1.0263763e+01
   4.4400000e+02   1.0262228e+01
   4.4500000e+02   1.0260134e+01
   4.4600000e+02   1.0258701e+01
   4.4700000e+02   1.0257908e+01
   4.4800000e+02   1.0257524e+01
   4.4900000e+02   1.0257681e+01
   4.5000000e+02   1.0258025e+01
   4.5100000e+02   1.0259030e+01
   4.5200000e+02   1.0260045e+01
   4.5300000e+02   1.0261517e+01
   4.5400000e+02   1.0262901e+01
   4.5500000e+02   1.0264191e+01
   4.5600000e+02   1.0265318e+01
   4.5700000e+02   1.0266465e+01
   4.5800000e+02   1.0267303e+01
   4.5900000e+02   1.0268277e+01
   4.6000000e+02   1.0268804e+01
   4.6100000e+02   1.0269449e+01
   4.6200000e+02   1.0269770e+01
   4.6300000e+02   1.0270408e+01
   4.6400000e+02   1.0270373e+01
   4.6500000e+02   1.0270601e+01
   4.6600000e+02   1.0270608e+01
   4.6700000e+02   1.0270910e+01
   4.6800000e+02   1.0270984e+01
   4.6900000e+02   1.0271022e+01
   4.7000000e+02   1.0270969e+01
   4.7100000e+02   1.0271176e+01
   4.7200000e+02   1.0270933e+01
   4.7300000e+02   1.0271099e+01
   4.7400000e+02   1.0271169e+01
   4.7500000e+02   1.0271123e+01
   4.7600000e+02   1.0271232e+01
   4.7700000e+02   1.0271424e+01
   4.7800000e+02   1.0271213e+01
   4.7900000e+02   1.0271265e+01
   4.8000000e+02   1.0271102e+01
   4.8100000e+02   1.0271356e+01
   4.8200000e+02   1.0271276e+01
   4.8300000e+02   1.0271256e+01
   4.8400000e+02   1.0271260e+01
   4.8500000e+02   1.0271291e+01
   4.8600000e+02   1.0271281e+01
   4.8700000e+02   1.0270891e+01
   4.8800000e+02   1.0271129e+01
   4.8900000e+02   1.0270908e+01
   4.9000000e+02   1.0271097e+01
   4.9100000e+02   1.0270999e+01
   4.9200000e+02   1.0270968e+01
   4.9300000e+02   1.0271026e+01
   4.9400000e+02   1.0270860e+01
   4.9500000e+02   1.0271004e+01
   4.9600000e+02   1.0270983e+01
   4.9700000e+02   1.0270804e+01
   4.9800000e+02   1.0270768e+01
   4.9900000e+02   1.0270708e+01
   5.0000000e+02   1.0270556e+01
   5.0100000e+02   1.0270818e+01
   5.0200000e+02   1.0270546e+01
   5.0300000e+02   1.0270773e+01
   5.0400000e+02   1.0270593e+01
   5.0500000e+02   1.0270696e+01
   5.0600000e+02   1.0270668e+01
   5.0700000e+02   1.0270719e+01
   5.0800000e+02   1.0270606e+01
   5.0900000e+02   1.0270600e+01
   5.1000000e+02   1.0270521e+01
   5.1100000e+02   1.0271075e+01
   5.1200000e+02   1.0270562e+01
   5.1300000e+02   1.0270812e+01
   5.1400000e+02   1.0270426e+01
   5.1500000e+02   1.0270543e+01
   5.1600000e+02   1.0270312e+01
   5.1700000e+02   1.0270172e+01
   5.1800000e+02   1.0270641e+01
   5.1900000e+02   1.0270367e+01
   5.2000000e+02   1.0270417e+01
   5.2100000e+02   1.0270433e+01
   5.2200000e+02   1.0270294e+01
   5.2300000e+02   1.0270568e+01
   5.2400000e+02   1.0270212e+01
   5.2500000e+02   1.0270366e+01
   5.2600000e+02   1.0270296e+01
   5.2700000e+02   1.0270580e+01
   5.2800000e+02   1.0270228e+01
   5.2900000e+02   1.0270219e+01
   5.3000000e+02   1.0270366e+01
   5.3100000e+02   1.0270341e+01
   5.3200000e+02   1.0270248e+01
   5.3300000e+02   1.0270157e+01
   5.3400000e+02   1.0270213e+01
   5.3500000e+02   1.0270082e+01
   5.3600000e+02   1.0270279e+01
   5.3700000e+02   1.0270136e+01
   5.3800000e+02   1.0270402e+01
   5.3900000e+02   1.0270215e+01
   5.4000000e+02   1.0270194e+01
   5.4100000e+02   1.0270119e+01
   5.4200000e+02   1.0270109e+01
   5.4300000e+02   1.0270184e+01
   5.4400000e+02   1.0270136e+01
   5.4500000e+02   1.0270092e+01
   5.4600000e+02   1.0270293e+01
   5.4700000e+02   1.0269797e+01
   5.4800000e+02   1.0269982e+01
   5.4900000e+02   1.0270098e+01
   5.5000000e+02   1.0269578e+01
   5.5100000e+02   1.0269888e+01
   5.5200000e+02   1.0269807e+01
   5.5300000e+02   1.0269806e+01
   5.5400000e+02   1.0269448e+01
   5.5500000e+02   1.0269724e+01
   5.5600000e+02   1.0269783e+01
   5.5700000e+02   1.0269690e+01
   5.5800000e+02   1.0269594e+01
   5.5900000e+02   1.0269510e+01
   5.6000000e+02   1.0269606e+01
   5.6100000e+02   1.0269648e+01
   5.6200000e+02   1.0269744e+01
   5.6300000e+02   1.0269522e+01
   5.6400000e+02   1.0269569e+01
   5.6500000e+02   1.0269480e+01
   5.6600000e+02   1.0269697e+01
   5.6700000e+02   1.0269524e+01
   5.6800000e+02   1.0269515e+01
   5.6900000e+02   1.0269478e+01
   5.7000000e+02   1.0269369e+01
   5.7100000e+02   1.0269422e+01
   5.7200000e+02   1.0269447e+01
   5.7300000e+02   1.0269544e+01
   5.7400000e+02   1.0269404e+01
   5.7500000e+02   1.0269563e+01
   5.7600000e+02   1.0269262e+01
   5.7700000e+02   1.0269317e+01
   5.7800000e+02   1.0269221e+01
   5.7900000e+02   1.0269220e+01
   5.8000000e+02   1.0269309e+01
   5.8100000e+02   1.0269153e+01
   5.8200000e+02   1.0269148e+01
   5.8300000e+02   1.0269281e+01
   5.8400000e+02   1.0269154e+01
   5.8500000e+02   1.0269257e+01
   5.8600000e+02   1.0269104e+01
   5.8700000e+02   1.0269133e+01
   5.8800000e+02   1.0269194e+01
   5.8900000e+02   1.0269156e+01
   5.9000000e+02   1.0269125e+01
   5.9100000e+02   1.0269173e+01
   5.9200000e+02   1.0269176e+01
   5.9300000e+02   1.0269154e+01
   5.9400000e+02   1.0269001e+01
   5.9500000e+02   1.0269048e+01
   5.9600000e+02   1.0269127e+01
   5.9700000e+02   1.0268953e+01
   5.9800000e+02   1.0269200e+01
   5.9900000e+02   1.0269247e+01
   6.0000000e+02   1.0268701e+01
   6.0100000e+02   1.0269027e+01
   6.0200000e+02   1.0268696e+01
   6.0300000e+02   1.0268928e+01
   6.0400000e+02   1.0268962e+01
   6.0500000e+02   1.0268980e+01
   6.0600000e+02   1.0268699e+01
   6.0700000e+02   1.0268879e+01
   6.0800000e+02   1.0268748e+01
   6.0900000e+02   1.0268791e+01
   6.1000000e+02   1.0268850e+01
   6.1100000e+02   1.0268503e+01
   6.1200000e+02   1.0268525e+01
   6.1300000e+02   1.0268749e+01
   6.1400000e+02   1.0268757e+01
   6.1500000e+02   1.0268615e+01
   6.1600000e+02   1.0268678e+01
   6.1700000e+02   1.0268606e+01
   6.1800000e+02   1.0268701e+01
   6.1900000e+02   1.0268720e+01
   6.2000000e+02   1.0268605e+01
   6.2100000e+02   1.0268450e+01
   6.2200000e+02   1.0268609e+01
   6.2300000e+02   1.0268570e+01
   6.2400000e+02   1.0268667e+01
   6.2500000e+02   1.0268344e+01
   6.2600000e+02   1.0268394e+01
   6.2700000e+02   1.0268250e+01
   6.2800000e+02   1.0268440e+01
   6.2900000e+02   1.0268430e+01
   6.3000000e+02   1.0268287e+01
   6.3100000e+02   1.0268197e+01
   6.3200000e+02   1.0268370e+01
   6.3300000e+02   1.0268126e+01
   6.3400000e+02   1.0268330e+01
   6.3500000e+02   1.0268280e+01
   6.3600000e+02   1.0268297e+01
   6.3700000e+02   1.0268358e+01
   6.3800000e+02   1.0268350e+01
   6.3900000e+02   1.0268252e+01
   6.4000000e+02   1.0268232e+01
   6.4100000e+02   1.0268408e+01
   6.4200000e+02   1.0268171e+01
   6.4300000e+02   1.0268348e+01
   6.4400000e+02   1.0268289e+01
   6.4500000e+02   1.0268246e+01
   6.4600000e+02   1.0268234e+01
   6.4700000e+02   1.0268301e+01
   6.4800000e+02   1.0268413e+01
   6.4900000e+02   1.0268422e+01
   6.5000000e+02   1.0268242e+01
   6.5100000e+02   1.0268152e+01
   6.5200000e+02   1.0268229e+01
   6.5300000e+02   1.0268200e+01
   6.5400000e+02   1.0268136e+01
   6.5500000e+02   1.0268241e+01
   6.5600000e+02   1.0267977e+01
   6.5700000e+02   1.0268122e+01
   6.5800000e+02   1.0267933e+01
   6.5900000e+02   1.0267817e+01
   6.6000000e+02   1.0268066e+01
   6.6100000e+02   1.0268045e+01
   6.6200000e+02   1.0268086e+01
   6.6300000e+02   1.0267783e+01
   6.6400000e+02   1.0267933e+01
   6.6500000e+02   1.0267973e+01
   6.6600000e+02   1.0267749e+01
   6.6700000e+02   1.0267804e+01
   6.6800000e+02   1.0267697e+01
   6.6900000e+02   1.0267973e+01
   6.7000000e+02   1.0267405e+01
   6.7100000e+02   1.0267783e+01
   6.7200000e+02   1.0267847e+01
   6.7300000e+02   1.0267580e+01
   6.7400000e+02   1.0267474e+01
   6.7500000e+02   1.0267442e+01
   6.7600000e+02   1.0267451e+01
   6.7700000e+02   1.0267161e+01
   6.7800000e+02   1.0267275e+01
   6.7900000e+02   1.0267252e+01
   6.8000000e+02   1.0267454e+01
   6.8100000e+02   1.0267391e+01
   6.8200000e+02   1.0267134e+01
   6.8300000e+02   1.0267308e+01
   6.8400000e+02   1.0267390e+01
   6.8500000e+02   1.0267083e+01
   6.8600000e+02   1.0267165e+01
   6.8700000e+02   1.0267178e+01
   6.8800000e+02   1.0267278e+01
   6.8900000e+02   1.0267111e+01
   6.9000000e+02   1.0267223e+01
   6.9100000e+02   1.0267242e+01
   6.9200000e+02   1.0267293e+01
   6.9300000e+02   1.0266981e+01
   6.9400000e+02   1.0267265e+01
   6.9500000e+02   1.0267204e+01
   6.9600000e+02   1.0267118e+01
   6.9700000e+02   1.0267408e+01
   6.9800000e+02   1.0267095e+01
   6.9900000e+02   1.0266953e+01
   7.0000000e+02   1.0267191e+01
   7.0100000e+02   1.0267081e+01
   7.0200000e+02   1.0267121e+01
   7.0300000e+02   1.0267235e+01
   7.0400000e+02   1.0267165e+01
   7.0500000e+02   1.0267308e+01
   7.0600000e+02   1.0267180e+01
   7.0700000e+02   1.0267365e+01
   7.0800000e+02   1.0267104e+01
   7.0900000e+02   1.0267353e+01
   7.1000000e+02   1.0267071e+01
   7.1100000e+02   1.0267138e+01
   7.1200000e+02   1.0267093e+01
   7.1300000e+02   1.0267049e+01
   7.1400000e+02   1.0267061e+01
   7.1500000e+02   1.0266971e+01
   7.1600000e+02   1.0267180e+01
   7.1700000e+02   1.0266973e+01
   7.1800000e+02   1.0267067e+01
   7.1900000e+02   1.0266967e+01
   7.2000000e+02   1.0267069e+01
   7.2100000e+02   1.0267136e+01
   7.2200000e+02   1.0267008e+01
   7.2300000e+02   1.0266847e+01
   7.2400000e+02   1.0266870e+01
   7.2500000e+02   1.0266915e+01
   7.2600000e+02   1.0266631e+01
   7.2700000e+02   1.0267048e+01
   7.2800000e+02   1.0266806e+01
   7.2900000e+02   1.0266870e+01
   7.3000000e+02   1.0266871e+01
   7.3100000e+02   1.0266683e+01
   7.3200000e+02   1.0266614e+01
   7.3300000e+02   1.0266725e+01
   7.3400000e+02   1.0266798e+01
   7.3500000e+02   1.0266871e+01
   7.3600000e+02   1.0266840e+01
   7.3700000e+02   1.0266584e+01
   7.3800000e+02   1.0266633e+01
   7.3900000e+02   1.0266818e+01
   7.4000000e+02   1.0266767e+01
   7.4100000e+02   1.0266733e+01
   7.4200000e+02   1.0266962e+01
   7.4300000e+02   1.0266700e+01
   7.4400000e+02   1.0266788e+01
   7.4500000e+02   1.0266629e+01
   7.4600000e+02   1.0266608e+01
   7.4700000e+02   1.0266569e+01
   7.4800000e+02   1.0266787e+01
   7.4900000e+02   1.0266591e+01
   7.5000000e+02   1.0266592e+01
   7.5100000e+02   1.0266489e+01
   7.5200000e+02   1.0266474e+01
   7.5300000e+02   1.0266799e+01
   7.5400000e+02   1.0266631e+01
   7.5500000e+02   1.0266593e+01
   7.5600000e+02   1.0266582e+01
   7.5700000e+02   1.0266515e+01
   7.5800000e+02   1.0266694e+01
   7.5900000e+02   1.0266489e+01
   7.6000000e+02   1.0266394e+01
   7.6100000e+02   1.0266369e+01
   7.6200000e+02   1.0266277e+01
   7.6300000e+02   1.0266415e+01
   7.6400000e+02   1.0266286e+01
   7.6500000e+02   1.0266411e+01
   7.6600000e+02   1.0266470e+01
   7.6700000e+02   1.0266417e+01
   7.6800000e+02   1.0266408e+01
   7.6900000e+02   1.0266204e+01
   7.7000000e+02   1.0266261e+01
   7.7100000e+02   1.0266292e+01
   7.7200000e+02   1.0266273e+01
   7.7300000e+02   1.0266078e+01
   7.7400000e+02   1.0266289e+01
   7.7500000e+02   1.0266183e+01
   7.7600000e+02   1.0266248e+01
   7.7700000e+02   1.0266040e+01
   7.7800000e+02   1.0266099e+01
   7.7900000e+02   1.0266073e+01
   7.8000000e+02   1.0266162e+01
