   0.0000000e+00   1.0234269e+01
   1.0000000e+00   1.0230286e+01
   2.0000000e+00   1.0229038e+01
   3.0000000e+00   1.0228667e+01
   4.0000000e+00   1.0228051e+01
   5.0000000e+00   1.0227346e+01
   6.0000000e+00   1.0227016e+01
   7.0000000e+00   1.0226956e+01
   8.0000000e+00   1.0226727e+01
   9.0000000e+00   1.0226251e+01
   1.0000000e+01   1.0226120e+01
   1.1000000e+01   1.0225767e+01
   1.2000000e+01   1.0225901e+01
   1.3000000e+01   1.0225730e+01
   1.4000000e+01   1.0225492e+01
   1.5000000e+01   1.0224932e+01
   1.6000000e+01   1.0224863e+01
   1.7000000e+01   1.0224846e+01
   1.8000000e+01   1.0224974e+01
   1.9000000e+01   1.0224622e+01
   2.0000000e+01   1.0224427e+01
   2.1000000e+01   1.0224161e+01
   2.2000000e+01   1.0224299e+01
   2.3000000e+01   1.0224244e+01
   2.4000000e+01   1.0223735e+01
   2.5000000e+01   1.0223930e+01
   2.6000000e+01   1.0223461e+01
   2.7000000e+01   1.0223428e+01
   2.8000000e+01   1.0223176e+01
   2.9000000e+01   1.0223307e+01
   3.0000000e+01   1.0222958e+01
   3.1000000e+01   1.0222819e+01
   3.2000000e+01   1.0222987e+01
   3.3000000e+01   1.0222846e+01
   3.4000000e+01   1.0222718e+01
   3.5000000e+01   1.0222738e+01
   3.6000000e+01   1.0222588e+01
   3.7000000e+01   1.0222471e+01
   3.8000000e+01   1.0222275e+01
   3.9000000e+01   1.0222360e+01
   4.0000000e+01   1.0222214e+01
   4.1000000e+01   1.0222242e+01
   4.2000000e+01   1.0222248e+01
   4.3000000e+01   1.0222249e+01
   4.4000000e+01   1.0221851e+01
   4.5000000e+01   1.0221964e+01
   4.6000000e+01   1.0222074e+01
   4.7000000e+01   1.0221706e+01
   4.8000000e+01   1.0221665e+01
   4.9000000e+01   1.0221760e+01
   5.0000000e+01   1.0221796e+01
   5.1000000e+01   1.0221701e+01
   5.2000000e+01   1.0221428e+01
   5.3000000e+01   1.0221522e+01
   5.4000000e+01   1.0221167e+01
   5.5000000e+01   1.0221168e+01
   5.6000000e+01   1.0221100e+01
   5.7000000e+01   1.0221126e+01
   5.8000000e+01   1.0221051e+01
   5.9000000e+01   1.0221212e+01
   6.0000000e+01   1.0220550e+01
   6.1000000e+01   1.0220856e+01
   6.2000000e+01   1.0220525e+01
   6.3000000e+01   1.0220589e+01
   6.4000000e+01   1.0220278e+01
   6.5000000e+01   1.0220391e+01
   6.6000000e+01   1.0220276e+01
   6.7000000e+01   1.0220097e+01
   6.8000000e+01   1.0220271e+01
   6.9000000e+01   1.0220344e+01
   7.0000000e+01   1.0220153e+01
   7.1000000e+01   1.0220078e+01
   7.2000000e+01   1.0219806e+01
   7.3000000e+01   1.0220081e+01
   7.4000000e+01   1.0219855e+01
   7.5000000e+01   1.0219885e+01
   7.6000000e+01   1.0219650e+01
   7.7000000e+01   1.0219703e+01
   7.8000000e+01   1.0219725e+01
   7.9000000e+01   1.0219545e+01
   8.0000000e+01   1.0219632e+01
   8.1000000e+01   1.0219529e+01
   8.2000000e+01   1.0219596e+01
   8.3000000e+01   1.0219382e+01
   8.4000000e+01   1.0219332e+01
   8.5000000e+01   1.0219331e+01
   8.6000000e+01   1.0219353e+01
   8.7000000e+01   1.0219006e+01
   8.8000000e+01   1.0219275e+01
   8.9000000e+01   1.0219245e+01
   9.0000000e+01   1.0219183e+01
   9.1000000e+01   1.0219082e+01
   9.2000000e+01   1.0218898e+01
   9.3000000e+01   1.0218781e+01
   9.4000000e+01   1.0218905e+01
   9.5000000e+01   1.0219144e+01
   9.6000000e+01   1.0218755e+01
   9.7000000e+01   1.0218662e+01
   9.8000000e+01   1.0218720e+01
   9.9000000e+01   1.0218612e+01
   1.0000000e+02   1.0218762e+01
   1.0100000e+02   1.0218348e+01
   1.0200000e+02   1.0218629e+01
   1.0300000e+02   1.0218540e+01
   1.0400000e+02   1.0218536e+01
   1.0500000e+02   1.0218642e+01
   1.0600000e+02   1.0218727e+01
   1.0700000e+02   1.0218610e+01
   1.0800000e+02   1.0218576e+01
   1.0900000e+02   1.0218393e+01
   1.1000000e+02   1.0218518e+01
   1.1100000e+02   1.0218774e+01
   1.1200000e+02   1.0218401e+01
   1.1300000e+02   1.0218777e+01
   1.1400000e+02   1.0218482e+01
   1.1500000e+02   1.0218268e+01
   1.1600000e+02   1.0218348e+01
   1.1700000e+02   1.0218250e+01
   1.1800000e+02   1.0218019e+01
   1.1900000e+02   1.0218137e+01
   1.2000000e+02   1.0218000e+01
   1.2100000e+02   1.0217789e+01
   1.2200000e+02   1.0217766e+01
   1.2300000e+02   1.0217808e+01
   1.2400000e+02   1.0217644e+01
   1.2500000e+02   1.0217703e+01
   1.2600000e+02   1.0217798e+01
   1.2700000e+02   1.0217735e+01
   1.2800000e+02   1.0217690e+01
   1.2900000e+02   1.0217554e+01
   1.3000000e+02   1.0217696e+01
   1.3100000e+02   1.0217509e+01
   1.3200000e+02   1.0217517e+01
   1.3300000e+02   1.0217465e+01
   1.3400000e+02   1.0217306e+01
   1.3500000e+02   1.0217670e+01
   1.3600000e+02   1.0217292e+01
   1.3700000e+02   1.0217268e+01
   1.3800000e+02   1.0217349e+01
   1.3900000e+02   1.0216949e+01
   1.4000000e+02   1.0217110e+01
   1.4100000e+02   1.0217021e+01
   1.4200000e+02   1.0217200e+01
   1.4300000e+02   1.0217212e+01
   1.4400000e+02   1.0217189e+01
   1.4500000e+02   1.0217284e+01
   1.4600000e+02   1.0217119e+01
   1.4700000e+02   1.0217207e+01
   1.4800000e+02   1.0217275e+01
   1.4900000e+02   1.0217298e+01
   1.5000000e+02   1.0217057e+01
   1.5100000e+02   1.0217174e+01
   1.5200000e+02   1.0217199e+01
   1.5300000e+02   1.0217059e+01
   1.5400000e+02   1.0216866e+01
   1.5500000e+02   1.0217008e+01
   1.5600000e+02   1.0216930e+01
   1.5700000e+02   1.0216813e+01
   1.5800000e+02   1.0216964e+01
   1.5900000e+02   1.0216873e+01
   1.6000000e+02   1.0216666e+01
   1.6100000e+02   1.0216985e+01
   1.6200000e+02   1.0217014e+01
   1.6300000e+02   1.0216838e+01
   1.6400000e+02   1.0216734e+01
   1.6500000e+02   1.0216654e+01
   1.6600000e+02   1.0216486e+01
   1.6700000e+02   1.0213121e+01
   1.6800000e+02   1.0198129e+01
   1.6900000e+02   1.0183802e+01
   1.7000000e+02   1.0188517e+01
   1.7100000e+02   1.0200087e+01
   1.7200000e+02   1.0208336e+01
   1.7300000e+02   1.0211456e+01
   1.7400000e+02   1.0212426e+01
   1.7500000e+02   1.0212304e+01
   1.7600000e+02   1.0212327e+01
   1.7700000e+02   1.0212407e+01
   1.7800000e+02   1.0212282e+01
   1.7900000e+02   1.0197658e+01
   1.8000000e+02   1.0154302e+01
   1.8100000e+02   1.0151170e+01
   1.8200000e+02   1.0157514e+01
   1.8300000e+02   1.0160549e+01
   1.8400000e+02   1.0164874e+01
   1.8500000e+02   1.0167960e+01
   1.8600000e+02   1.0169559e+01
   1.8700000e+02   1.0171650e+01
   1.8800000e+02   1.0174474e+01
   1.8900000e+02   1.0177931e+01
   1.9000000e+02   1.0183618e+01
   1.9100000e+02   1.0189909e+01
   1.9200000e+02   1.0195189e+01
   1.9300000e+02   1.0200028e+01
   1.9400000e+02   1.0203106e+01
   1.9500000e+02   1.0205121e+01
   1.9600000e+02   1.0206531e+01
   1.9700000e+02   1.0207714e+01
   1.9800000e+02   1.0208662e+01
   1.9900000e+02   1.0209508e+01
   2.0000000e+02   1.0210352e+01
   2.0100000e+02   1.0210922e+01
   2.0200000e+02   1.0211219e+01
   2.0300000e+02   1.0211566e+01
   2.0400000e+02   1.0211951e+01
   2.0500000e+02   1.0212257e+01
   2.0600000e+02   1.0212511e+01
   2.0700000e+02   1.0213021e+01
   2.0800000e+02   1.0213510e+01
   2.0900000e+02   1.0213613e+01
   2.1000000e+02   1.0213892e+01
   2.1100000e+02   1.0214078e+01
   2.1200000e+02   1.0214510e+01
   2.1300000e+02   1.0214400e+01
   2.1400000e+02   1.0214515e+01
   2.1500000e+02   1.0214509e+01
   2.1600000e+02   1.0214564e+01
   2.1700000e+02   1.0214622e+01
   2.1800000e+02   1.0214933e+01
   2.1900000e+02   1.0214104e+01
   2.2000000e+02   1.0214199e+01
   2.2100000e+02   1.0213796e+01
   2.2200000e+02   1.0213464e+01
   2.2300000e+02   1.0212858e+01
   2.2400000e+02   1.0212101e+01
   2.2500000e+02   1.0211209e+01
   2.2600000e+02   1.0210449e+01
   2.2700000e+02   1.0210680e+01
   2.2800000e+02   1.0210270e+01
   2.2900000e+02   1.0210611e+01
   2.3000000e+02   1.0210850e+01
   2.3100000e+02   1.0211370e+01
   2.3200000e+02   1.0211505e+01
   2.3300000e+02   1.0211712e+01
   2.3400000e+02   1.0211932e+01
   2.3500000e+02   1.0211873e+01
   2.3600000e+02   1.0211830e+01
   2.3700000e+02   1.0211609e+01
   2.3800000e+02   1.0211887e+01
   2.3900000e+02   1.0212029e+01
   2.4000000e+02   1.0211695e+01
   2.4100000e+02   1.0211614e+01
   2.4200000e+02   1.0211574e+01
   2.4300000e+02   1.0210700e+01
   2.4400000e+02   1.0208660e+01
   2.4500000e+02   1.0205589e+01
   2.4600000e+02   1.0200574e+01
   2.4700000e+02   1.0194659e+01
   2.4800000e+02   1.0188646e+01
   2.4900000e+02   1.0183825e+01
   2.5000000e+02   1.0181903e+01
   2.5100000e+02   1.0182338e+01
   2.5200000e+02   1.0184402e+01
   2.5300000e+02   1.0186858e+01
   2.5400000e+02   1.0188530e+01
   2.5500000e+02   1.0188921e+01
   2.5600000e+02   1.0187914e+01
   2.5700000e+02   1.0185915e+01
   2.5800000e+02   1.0183373e+01
   2.5900000e+02   1.0180831e+01
   2.6000000e+02   1.0178630e+01
   2.6100000e+02   1.0176544e+01
   2.6200000e+02   1.0174795e+01
   2.6300000e+02   1.0173874e+01
   2.6400000e+02   1.0173366e+01
   2.6500000e+02   1.0174190e+01
   2.6600000e+02   1.0176177e+01
   2.6700000e+02   1.0179623e+01
   2.6800000e+02   1.0182636e+01
   2.6900000e+02   1.0185448e+01
   2.7000000e+02   1.0188325e+01
   2.7100000e+02   1.0189937e+01
   2.7200000e+02   1.0190939e+01
   2.7300000e+02   1.0191338e+01
   2.7400000e+02   1.0191911e+01
   2.7500000e+02   1.0192031e+01
   2.7600000e+02   1.0193189e+01
   2.7700000e+02   1.0194279e+01
   2.7800000e+02   1.0195585e+01
   2.7900000e+02   1.0196484e+01
   2.8000000e+02   1.0197941e+01
   2.8100000e+02   1.0198601e+01
   2.8200000e+02   1.0199435e+01
   2.8300000e+02   1.0200309e+01
   2.8400000e+02   1.0201029e+01
   2.8500000e+02   1.0201950e+01
   2.8600000e+02   1.0202652e+01
   2.8700000e+02   1.0203198e+01
   2.8800000e+02   1.0204043e+01
   2.8900000e+02   1.0204592e+01
   2.9000000e+02   1.0205362e+01
   2.9100000e+02   1.0205960e+01
   2.9200000e+02   1.0206642e+01
   2.9300000e+02   1.0207315e+01
   2.9400000e+02   1.0207674e+01
   2.9500000e+02   1.0208002e+01
   2.9600000e+02   1.0208661e+01
   2.9700000e+02   1.0209229e+01
   2.9800000e+02   1.0209359e+01
   2.9900000e+02   1.0209355e+01
   3.0000000e+02   1.0209241e+01
   3.0100000e+02   1.0209253e+01
   3.0200000e+02   1.0208485e+01
   3.0300000e+02   1.0207673e+01
   3.0400000e+02   1.0206693e+01
   3.0500000e+02   1.0204621e+01
   3.0600000e+02   1.0202386e+01
   3.0700000e+02   1.0199202e+01
   3.0800000e+02   1.0195107e+01
   3.0900000e+02   1.0190571e+01
   3.1000000e+02   1.0185640e+01
   3.1100000e+02   1.0181614e+01
   3.1200000e+02   1.0178296e+01
   3.1300000e+02   1.0177210e+01
   3.1400000e+02   1.0176406e+01
   3.1500000e+02   1.0176395e+01
   3.1600000e+02   1.0174954e+01
   3.1700000e+02   1.0171525e+01
   3.1800000e+02   1.0165514e+01
   3.1900000e+02   1.0158827e+01
   3.2000000e+02   1.0151668e+01
   3.2100000e+02   1.0145594e+01
   3.2200000e+02   1.0142184e+01
   3.2300000e+02   1.0140722e+01
   3.2400000e+02   1.0141383e+01
   3.2500000e+02   1.0143849e+01
   3.2600000e+02   1.0147326e+01
   3.2700000e+02   1.0151765e+01
   3.2800000e+02   1.0156793e+01
   3.2900000e+02   1.0161657e+01
   3.3000000e+02   1.0166757e+01
   3.3100000e+02   1.0170773e+01
   3.3200000e+02   1.0174384e+01
   3.3300000e+02   1.0176603e+01
   3.3400000e+02   1.0178388e+01
   3.3500000e+02   1.0178626e+01
   3.3600000e+02   1.0178724e+01
   3.3700000e+02   1.0178469e+01
   3.3800000e+02   1.0178109e+01
   3.3900000e+02   1.0177947e+01
   3.4000000e+02   1.0179031e+01
   3.4100000e+02   1.0180349e+01
   3.4200000e+02   1.0182709e+01
   3.4300000e+02   1.0185668e+01
   3.4400000e+02   1.0187928e+01
   3.4500000e+02   1.0190858e+01
   3.4600000e+02   1.0193045e+01
   3.4700000e+02   1.0195055e+01
   3.4800000e+02   1.0196895e+01
   3.4900000e+02   1.0198216e+01
   3.5000000e+02   1.0199531e+01
   3.5100000e+02   1.0200689e+01
   3.5200000e+02   1.0201472e+01
   3.5300000e+02   1.0202346e+01
   3.5400000e+02   1.0203952e+01
   3.5500000e+02   1.0205176e+01
   3.5600000e+02   1.0205188e+01
   3.5700000e+02   1.0205859e+01
   3.5800000e+02   1.0205477e+01
   3.5900000e+02   1.0206200e+01
   3.6000000e+02   1.0205962e+01
   3.6100000e+02   1.0206038e+01
   3.6200000e+02   1.0206123e+01
   3.6300000e+02   1.0205973e+01
   3.6400000e+02   1.0205994e+01
   3.6500000e+02   1.0206599e+01
   3.6600000e+02   1.0207420e+01
   3.6700000e+02   1.0207432e+01
   3.6800000e+02   1.0208338e+01
   3.6900000e+02   1.0208615e+01
   3.7000000e+02   1.0208548e+01
   3.7100000e+02   1.0209524e+01
   3.7200000e+02   1.0209314e+01
   3.7300000e+02   1.0209997e+01
   3.7400000e+02   1.0209610e+01
   3.7500000e+02   1.0210239e+01
   3.7600000e+02   1.0210416e+01
   3.7700000e+02   1.0210425e+01
   3.7800000e+02   1.0210219e+01
   3.7900000e+02   1.0210430e+01
   3.8000000e+02   1.0210520e+01
   3.8100000e+02   1.0210778e+01
   3.8200000e+02   1.0211120e+01
   3.8300000e+02   1.0210685e+01
   3.8400000e+02   1.0210612e+01
   3.8500000e+02   1.0210640e+01
   3.8600000e+02   1.0210274e+01
   3.8700000e+02   1.0209712e+01
   3.8800000e+02   1.0209124e+01
   3.8900000e+02   1.0208696e+01
   3.9000000e+02   1.0208529e+01
   3.9100000e+02   1.0208344e+01
   3.9200000e+02   1.0208213e+01
   3.9300000e+02   1.0208324e+01
   3.9400000e+02   1.0208450e+01
   3.9500000e+02   1.0208861e+01
   3.9600000e+02   1.0208882e+01
   3.9700000e+02   1.0209451e+01
   3.9800000e+02   1.0209898e+01
   3.9900000e+02   1.0209449e+01
   4.0000000e+02   1.0209987e+01
   4.0100000e+02   1.0210016e+01
   4.0200000e+02   1.0210218e+01
   4.0300000e+02   1.0210558e+01
   4.0400000e+02   1.0210297e+01
   4.0500000e+02   1.0210738e+01
   4.0600000e+02   1.0210783e+01
   4.0700000e+02   1.0210719e+01
   4.0800000e+02   1.0211070e+01
   4.0900000e+02   1.0210751e+01
   4.1000000e+02   1.0211084e+01
   4.1100000e+02   1.0210826e+01
   4.1200000e+02   1.0211481e+01
   4.1300000e+02   1.0211250e+01
   4.1400000e+02   1.0211353e+01
   4.1500000e+02   1.0211316e+01
   4.1600000e+02   1.0211460e+01
   4.1700000e+02   1.0211025e+01
   4.1800000e+02   1.0211124e+01
   4.1900000e+02   1.0210836e+01
   4.2000000e+02   1.0211170e+01
   4.2100000e+02   1.0211151e+01
   4.2200000e+02   1.0211229e+01
   4.2300000e+02   1.0211147e+01
   4.2400000e+02   1.0211390e+01
   4.2500000e+02   1.0211434e+01
   4.2600000e+02   1.0211189e+01
   4.2700000e+02   1.0211413e+01
   4.2800000e+02   1.0211431e+01
   4.2900000e+02   1.0211341e+01
   4.3000000e+02   1.0211345e+01
   4.3100000e+02   1.0211300e+01
   4.3200000e+02   1.0211565e+01
   4.3300000e+02   1.0211414e+01
   4.3400000e+02   1.0211425e+01
   4.3500000e+02   1.0211505e+01
   4.3600000e+02   1.0211176e+01
   4.3700000e+02   1.0211457e+01
   4.3800000e+02   1.0211050e+01
   4.3900000e+02   1.0210667e+01
   4.4000000e+02   1.0210438e+01
   4.4100000e+02   1.0209317e+01
   4.4200000e+02   1.0208608e+01
   4.4300000e+02   1.0207382e+01
   4.4400000e+02   1.0205586e+01
   4.4500000e+02   1.0203445e+01
   4.4600000e+02   1.0201205e+01
   4.4700000e+02   1.0199366e+01
   4.4800000e+02   1.0197495e+01
   4.4900000e+02   1.0196066e+01
   4.5000000e+02   1.0194855e+01
   4.5100000e+02   1.0195021e+01
   4.5200000e+02   1.0195203e+01
   4.5300000e+02   1.0195886e+01
   4.5400000e+02   1.0197103e+01
   4.5500000e+02   1.0198461e+01
   4.5600000e+02   1.0199585e+01
   4.5700000e+02   1.0200614e+01
   4.5800000e+02   1.0202031e+01
   4.5900000e+02   1.0202749e+01
   4.6000000e+02   1.0203358e+01
   4.6100000e+02   1.0203845e+01
   4.6200000e+02   1.0204409e+01
   4.6300000e+02   1.0205286e+01
   4.6400000e+02   1.0205722e+01
   4.6500000e+02   1.0206188e+01
   4.6600000e+02   1.0206533e+01
   4.6700000e+02   1.0206771e+01
   4.6800000e+02   1.0207325e+01
   4.6900000e+02   1.0207735e+01
   4.7000000e+02   1.0207979e+01
   4.7100000e+02   1.0208221e+01
   4.7200000e+02   1.0208263e+01
   4.7300000e+02   1.0208704e+01
   4.7400000e+02   1.0208614e+01
   4.7500000e+02   1.0208753e+01
   4.7600000e+02   1.0209170e+01
   4.7700000e+02   1.0209151e+01
   4.7800000e+02   1.0209237e+01
   4.7900000e+02   1.0209587e+01
   4.8000000e+02   1.0209612e+01
   4.8100000e+02   1.0209728e+01
   4.8200000e+02   1.0209735e+01
   4.8300000e+02   1.0210035e+01
   4.8400000e+02   1.0210204e+01
   4.8500000e+02   1.0210061e+01
   4.8600000e+02   1.0210171e+01
   4.8700000e+02   1.0210379e+01
   4.8800000e+02   1.0210633e+01
   4.8900000e+02   1.0210689e+01
   4.9000000e+02   1.0210493e+01
   4.9100000e+02   1.0210419e+01
   4.9200000e+02   1.0210437e+01
   4.9300000e+02   1.0210757e+01
   4.9400000e+02   1.0210567e+01
   4.9500000e+02   1.0210546e+01
   4.9600000e+02   1.0210670e+01
   4.9700000e+02   1.0210655e+01
   4.9800000e+02   1.0210761e+01
   4.9900000e+02   1.0210595e+01
   5.0000000e+02   1.0210788e+01
   5.0100000e+02   1.0210634e+01
   5.0200000e+02   1.0210667e+01
   5.0300000e+02   1.0210502e+01
   5.0400000e+02   1.0210506e+01
   5.0500000e+02   1.0210421e+01
   5.0600000e+02   1.0210205e+01
   5.0700000e+02   1.0210615e+01
   5.0800000e+02   1.0210160e+01
   5.0900000e+02   1.0210489e+01
   5.1000000e+02   1.0210219e+01
   5.1100000e+02   1.0210209e+01
   5.1200000e+02   1.0210447e+01
   5.1300000e+02   1.0210191e+01
   5.1400000e+02   1.0210362e+01
   5.1500000e+02   1.0210499e+01
   5.1600000e+02   1.0210285e+01
   5.1700000e+02   1.0210126e+01
   5.1800000e+02   1.0210485e+01
   5.1900000e+02   1.0210374e+01
   5.2000000e+02   1.0210215e+01
   5.2100000e+02   1.0210093e+01
   5.2200000e+02   1.0209975e+01
   5.2300000e+02   1.0210229e+01
   5.2400000e+02   1.0210135e+01
   5.2500000e+02   1.0210312e+01
   5.2600000e+02   1.0209805e+01
   5.2700000e+02   1.0210222e+01
   5.2800000e+02   1.0209538e+01
   5.2900000e+02   1.0210444e+01
   5.3000000e+02   1.0210068e+01
   5.3100000e+02   1.0210071e+01
   5.3200000e+02   1.0209987e+01
   5.3300000e+02   1.0210180e+01
   5.3400000e+02   1.0210037e+01
   5.3500000e+02   1.0210048e+01
   5.3600000e+02   1.0210073e+01
   5.3700000e+02   1.0210244e+01
   5.3800000e+02   1.0210004e+01
   5.3900000e+02   1.0209802e+01
   5.4000000e+02   1.0209914e+01
   5.4100000e+02   1.0209737e+01
   5.4200000e+02   1.0209768e+01
   5.4300000e+02   1.0209768e+01
   5.4400000e+02   1.0209702e+01
   5.4500000e+02   1.0209990e+01
   5.4600000e+02   1.0209884e+01
   5.4700000e+02   1.0209721e+01
   5.4800000e+02   1.0210086e+01
   5.4900000e+02   1.0209614e+01
   5.5000000e+02   1.0209556e+01
   5.5100000e+02   1.0209371e+01
   5.5200000e+02   1.0209780e+01
   5.5300000e+02   1.0209567e+01
   5.5400000e+02   1.0209312e+01
   5.5500000e+02   1.0209407e+01
   5.5600000e+02   1.0209461e+01
   5.5700000e+02   1.0209608e+01
   5.5800000e+02   1.0209315e+01
   5.5900000e+02   1.0209446e+01
   5.6000000e+02   1.0209724e+01
   5.6100000e+02   1.0209746e+01
   5.6200000e+02   1.0209753e+01
   5.6300000e+02   1.0209578e+01
   5.6400000e+02   1.0209619e+01
   5.6500000e+02   1.0209631e+01
   5.6600000e+02   1.0209584e+01
   5.6700000e+02   1.0209495e+01
   5.6800000e+02   1.0209288e+01
   5.6900000e+02   1.0209458e+01
   5.7000000e+02   1.0209225e+01
   5.7100000e+02   1.0209326e+01
   5.7200000e+02   1.0209329e+01
   5.7300000e+02   1.0209195e+01
   5.7400000e+02   1.0209250e+01
   5.7500000e+02   1.0209330e+01
   5.7600000e+02   1.0209403e+01
   5.7700000e+02   1.0209526e+01
   5.7800000e+02   1.0209261e+01
   5.7900000e+02   1.0209373e+01
   5.8000000e+02   1.0209352e+01
   5.8100000e+02   1.0209427e+01
   5.8200000e+02   1.0209205e+01
   5.8300000e+02   1.0209004e+01
   5.8400000e+02   1.0209101e+01
   5.8500000e+02   1.0209221e+01
   5.8600000e+02   1.0209266e+01
   5.8700000e+02   1.0209104e+01
   5.8800000e+02   1.0209051e+01
   5.8900000e+02   1.0209064e+01
   5.9000000e+02   1.0209108e+01
   5.9100000e+02   1.0208991e+01
   5.9200000e+02   1.0209265e+01
   5.9300000e+02   1.0209201e+01
   5.9400000e+02   1.0209188e+01
   5.9500000e+02   1.0209358e+01
   5.9600000e+02   1.0209406e+01
   5.9700000e+02   1.0209286e+01
   5.9800000e+02   1.0209115e+01
   5.9900000e+02   1.0209092e+01
   6.0000000e+02   1.0209146e+01
   6.0100000e+02   1.0209130e+01
   6.0200000e+02   1.0209172e+01
   6.0300000e+02   1.0209073e+01
   6.0400000e+02   1.0208917e+01
   6.0500000e+02   1.0209231e+01
   6.0600000e+02   1.0209059e+01
   6.0700000e+02   1.0208969e+01
   6.0800000e+02   1.0208918e+01
   6.0900000e+02   1.0208889e+01
   6.1000000e+02   1.0208924e+01
   6.1100000e+02   1.0208736e+01
   6.1200000e+02   1.0208501e+01
   6.1300000e+02   1.0208697e+01
   6.1400000e+02   1.0208687e+01
   6.1500000e+02   1.0208780e+01
   6.1600000e+02   1.0208511e+01
   6.1700000e+02   1.0208605e+01
   6.1800000e+02   1.0208628e+01
   6.1900000e+02   1.0208292e+01
   6.2000000e+02   1.0208799e+01
   6.2100000e+02   1.0208456e+01
   6.2200000e+02   1.0208662e+01
   6.2300000e+02   1.0208675e+01
   6.2400000e+02   1.0208736e+01
   6.2500000e+02   1.0208755e+01
   6.2600000e+02   1.0208916e+01
   6.2700000e+02   1.0208720e+01
   6.2800000e+02   1.0208635e+01
   6.2900000e+02   1.0208493e+01
   6.3000000e+02   1.0208663e+01
   6.3100000e+02   1.0208543e+01
   6.3200000e+02   1.0208584e+01
   6.3300000e+02   1.0208304e+01
   6.3400000e+02   1.0208492e+01
   6.3500000e+02   1.0208374e+01
   6.3600000e+02   1.0208740e+01
   6.3700000e+02   1.0208471e+01
   6.3800000e+02   1.0208307e+01
   6.3900000e+02   1.0208246e+01
   6.4000000e+02   1.0208352e+01
   6.4100000e+02   1.0208535e+01
   6.4200000e+02   1.0208447e+01
   6.4300000e+02   1.0208418e+01
   6.4400000e+02   1.0208309e+01
   6.4500000e+02   1.0208283e+01
   6.4600000e+02   1.0208350e+01
   6.4700000e+02   1.0208388e+01
   6.4800000e+02   1.0208370e+01
   6.4900000e+02   1.0208311e+01
   6.5000000e+02   1.0208745e+01
   6.5100000e+02   1.0208432e+01
   6.5200000e+02   1.0208512e+01
   6.5300000e+02   1.0208386e+01
   6.5400000e+02   1.0208534e+01
   6.5500000e+02   1.0208396e+01
   6.5600000e+02   1.0208266e+01
   6.5700000e+02   1.0208240e+01
   6.5800000e+02   1.0208366e+01
   6.5900000e+02   1.0208403e+01
   6.6000000e+02   1.0208562e+01
   6.6100000e+02   1.0208339e+01
   6.6200000e+02   1.0208445e+01
   6.6300000e+02   1.0208306e+01
   6.6400000e+02   1.0208426e+01
   6.6500000e+02   1.0208238e+01
   6.6600000e+02   1.0208548e+01
   6.6700000e+02   1.0208248e+01
   6.6800000e+02   1.0208291e+01
   6.6900000e+02   1.0208098e+01
   6.7000000e+02   1.0208092e+01
   6.7100000e+02   1.0207991e+01
   6.7200000e+02   1.0208041e+01
   6.7300000e+02   1.0208065e+01
   6.7400000e+02   1.0208087e+01
   6.7500000e+02   1.0208082e+01
   6.7600000e+02   1.0208009e+01
   6.7700000e+02   1.0208058e+01
   6.7800000e+02   1.0207909e+01
   6.7900000e+02   1.0207913e+01
   6.8000000e+02   1.0208087e+01
   6.8100000e+02   1.0207879e+01
   6.8200000e+02   1.0207983e+01
   6.8300000e+02   1.0207873e+01
   6.8400000e+02   1.0208354e+01
   6.8500000e+02   1.0208140e+01
   6.8600000e+02   1.0207648e+01
   6.8700000e+02   1.0207994e+01
   6.8800000e+02   1.0207899e+01
   6.8900000e+02   1.0207913e+01
   6.9000000e+02   1.0208102e+01
   6.9100000e+02   1.0207926e+01
   6.9200000e+02   1.0207932e+01
   6.9300000e+02   1.0208063e+01
   6.9400000e+02   1.0207703e+01
   6.9500000e+02   1.0207802e+01
   6.9600000e+02   1.0207754e+01
   6.9700000e+02   1.0207781e+01
   6.9800000e+02   1.0208039e+01
   6.9900000e+02   1.0207906e+01
   7.0000000e+02   1.0208001e+01
   7.0100000e+02   1.0207733e+01
   7.0200000e+02   1.0207775e+01
   7.0300000e+02   1.0207638e+01
   7.0400000e+02   1.0207860e+01
   7.0500000e+02   1.0207405e+01
   7.0600000e+02   1.0207632e+01
   7.0700000e+02   1.0207372e+01
   7.0800000e+02   1.0207361e+01
   7.0900000e+02   1.0207424e+01
   7.1000000e+02   1.0207567e+01
   7.1100000e+02   1.0207266e+01
   7.1200000e+02   1.0207384e+01
   7.1300000e+02   1.0207470e+01
   7.1400000e+02   1.0207157e+01
   7.1500000e+02   1.0207233e+01
   7.1600000e+02   1.0207454e+01
   7.1700000e+02   1.0207193e+01
   7.1800000e+02   1.0207362e+01
   7.1900000e+02   1.0207348e+01
   7.2000000e+02   1.0207056e+01
   7.2100000e+02   1.0207153e+01
   7.2200000e+02   1.0207181e+01
   7.2300000e+02   1.0207553e+01
   7.2400000e+02   1.0207134e+01
   7.2500000e+02   1.0207066e+01
   7.2600000e+02   1.0207520e+01
   7.2700000e+02   1.0207272e+01
   7.2800000e+02   1.0207288e+01
   7.2900000e+02   1.0207423e+01
   7.3000000e+02   1.0207470e+01
   7.3100000e+02   1.0207433e+01
   7.3200000e+02   1.0207279e+01
   7.3300000e+02   1.0207223e+01
   7.3400000e+02   1.0207237e+01
   7.3500000e+02   1.0207440e+01
   7.3600000e+02   1.0207358e+01
   7.3700000e+02   1.0207680e+01
   7.3800000e+02   1.0207181e+01
   7.3900000e+02   1.0207226e+01
   7.4000000e+02   1.0207254e+01
   7.4100000e+02   1.0207434e+01
   7.4200000e+02   1.0207463e+01
   7.4300000e+02   1.0207421e+01
   7.4400000e+02   1.0207461e+01
   7.4500000e+02   1.0207614e+01
   7.4600000e+02   1.0207553e+01
   7.4700000e+02   1.0207088e+01
   7.4800000e+02   1.0207267e+01
   7.4900000e+02   1.0207485e+01
   7.5000000e+02   1.0207048e+01
   7.5100000e+02   1.0207345e+01
   7.5200000e+02   1.0207088e+01
   7.5300000e+02   1.0207012e+01
   7.5400000e+02   1.0206974e+01
   7.5500000e+02   1.0207296e+01
   7.5600000e+02   1.0207284e+01
   7.5700000e+02   1.0207047e+01
   7.5800000e+02   1.0207275e+01
   7.5900000e+02   1.0207196e+01
   7.6000000e+02   1.0207369e+01
   7.6100000e+02   1.0207147e+01
   7.6200000e+02   1.0207164e+01
   7.6300000e+02   1.0207277e+01
   7.6400000e+02   1.0207103e+01
   7.6500000e+02   1.0207351e+01
   7.6600000e+02   1.0207004e+01
   7.6700000e+02   1.0207290e+01
   7.6800000e+02   1.0207079e+01
   7.6900000e+02   1.0207196e+01
   7.7000000e+02   1.0207246e+01
   7.7100000e+02   1.0206990e+01
   7.7200000e+02   1.0207063e+01
   7.7300000e+02   1.0206872e+01
   7.7400000e+02   1.0206930e+01
   7.7500000e+02   1.0206847e+01
   7.7600000e+02   1.0206837e+01
   7.7700000e+02   1.0206776e+01
   7.7800000e+02   1.0206785e+01
   7.7900000e+02   1.0207006e+01
   7.8000000e+02   1.0206635e+01
