   0.0000000e+00   1.0298243e+01
   1.0000000e+00   1.0294322e+01
   2.0000000e+00   1.0293141e+01
   3.0000000e+00   1.0292430e+01
   4.0000000e+00   1.0292290e+01
   5.0000000e+00   1.0291627e+01
   6.0000000e+00   1.0291618e+01
   7.0000000e+00   1.0291175e+01
   8.0000000e+00   1.0290994e+01
   9.0000000e+00   1.0290756e+01
   1.0000000e+01   1.0290604e+01
   1.1000000e+01   1.0290492e+01
   1.2000000e+01   1.0290306e+01
   1.3000000e+01   1.0289964e+01
   1.4000000e+01   1.0289866e+01
   1.5000000e+01   1.0289821e+01
   1.6000000e+01   1.0289725e+01
   1.7000000e+01   1.0289597e+01
   1.8000000e+01   1.0289561e+01
   1.9000000e+01   1.0289705e+01
   2.0000000e+01   1.0289324e+01
   2.1000000e+01   1.0288982e+01
   2.2000000e+01   1.0288945e+01
   2.3000000e+01   1.0288908e+01
   2.4000000e+01   1.0289007e+01
   2.5000000e+01   1.0288682e+01
   2.6000000e+01   1.0288840e+01
   2.7000000e+01   1.0288776e+01
   2.8000000e+01   1.0288493e+01
   2.9000000e+01   1.0288240e+01
   3.0000000e+01   1.0288531e+01
   3.1000000e+01   1.0288308e+01
   3.2000000e+01   1.0287974e+01
   3.3000000e+01   1.0287859e+01
   3.4000000e+01   1.0287711e+01
   3.5000000e+01   1.0287673e+01
   3.6000000e+01   1.0287733e+01
   3.7000000e+01   1.0287771e+01
   3.8000000e+01   1.0287684e+01
   3.9000000e+01   1.0287349e+01
   4.0000000e+01   1.0287210e+01
   4.1000000e+01   1.0287523e+01
   4.2000000e+01   1.0287387e+01
   4.3000000e+01   1.0287183e+01
   4.4000000e+01   1.0286989e+01
   4.5000000e+01   1.0286982e+01
   4.6000000e+01   1.0287111e+01
   4.7000000e+01   1.0287027e+01
   4.8000000e+01   1.0287133e+01
   4.9000000e+01   1.0286916e+01
   5.0000000e+01   1.0286525e+01
   5.1000000e+01   1.0286851e+01
   5.2000000e+01   1.0286896e+01
   5.3000000e+01   1.0286455e+01
   5.4000000e+01   1.0286598e+01
   5.5000000e+01   1.0286550e+01
   5.6000000e+01   1.0286521e+01
   5.7000000e+01   1.0286173e+01
   5.8000000e+01   1.0286440e+01
   5.9000000e+01   1.0286298e+01
   6.0000000e+01   1.0286144e+01
   6.1000000e+01   1.0286205e+01
   6.2000000e+01   1.0285837e+01
   6.3000000e+01   1.0285834e+01
   6.4000000e+01   1.0285951e+01
   6.5000000e+01   1.0286024e+01
   6.6000000e+01   1.0285674e+01
   6.7000000e+01   1.0285581e+01
   6.8000000e+01   1.0285582e+01
   6.9000000e+01   1.0285685e+01
   7.0000000e+01   1.0285481e+01
   7.1000000e+01   1.0285570e+01
   7.2000000e+01   1.0285511e+01
   7.3000000e+01   1.0285699e+01
   7.4000000e+01   1.0285526e+01
   7.5000000e+01   1.0285467e+01
   7.6000000e+01   1.0285432e+01
   7.7000000e+01   1.0285196e+01
   7.8000000e+01   1.0285264e+01
   7.9000000e+01   1.0285303e+01
   8.0000000e+01   1.0285212e+01
   8.1000000e+01   1.0285283e+01
   8.2000000e+01   1.0285027e+01
   8.3000000e+01   1.0285144e+01
   8.4000000e+01   1.0285231e+01
   8.5000000e+01   1.0285200e+01
   8.6000000e+01   1.0284899e+01
   8.7000000e+01   1.0284871e+01
   8.8000000e+01   1.0285058e+01
   8.9000000e+01   1.0284959e+01
   9.0000000e+01   1.0284752e+01
   9.1000000e+01   1.0284912e+01
   9.2000000e+01   1.0284454e+01
   9.3000000e+01   1.0284645e+01
   9.4000000e+01   1.0284847e+01
   9.5000000e+01   1.0284659e+01
   9.6000000e+01   1.0284528e+01
   9.7000000e+01   1.0284913e+01
   9.8000000e+01   1.0284327e+01
   9.9000000e+01   1.0284303e+01
   1.0000000e+02   1.0284309e+01
   1.0100000e+02   1.0284511e+01
   1.0200000e+02   1.0284309e+01
   1.0300000e+02   1.0284219e+01
   1.0400000e+02   1.0284373e+01
   1.0500000e+02   1.0284083e+01
   1.0600000e+02   1.0284109e+01
   1.0700000e+02   1.0284079e+01
   1.0800000e+02   1.0283700e+01
   1.0900000e+02   1.0283999e+01
   1.1000000e+02   1.0284029e+01
   1.1100000e+02   1.0283508e+01
   1.1200000e+02   1.0283997e+01
   1.1300000e+02   1.0283593e+01
   1.1400000e+02   1.0283825e+01
   1.1500000e+02   1.0283695e+01
   1.1600000e+02   1.0283770e+01
   1.1700000e+02   1.0283653e+01
   1.1800000e+02   1.0283637e+01
   1.1900000e+02   1.0283619e+01
   1.2000000e+02   1.0283498e+01
   1.2100000e+02   1.0283495e+01
   1.2200000e+02   1.0283597e+01
   1.2300000e+02   1.0283455e+01
   1.2400000e+02   1.0283693e+01
   1.2500000e+02   1.0283540e+01
   1.2600000e+02   1.0283454e+01
   1.2700000e+02   1.0283399e+01
   1.2800000e+02   1.0283505e+01
   1.2900000e+02   1.0283451e+01
   1.3000000e+02   1.0283250e+01
   1.3100000e+02   1.0283256e+01
   1.3200000e+02   1.0283088e+01
   1.3300000e+02   1.0283148e+01
   1.3400000e+02   1.0283308e+01
   1.3500000e+02   1.0283078e+01
   1.3600000e+02   1.0283244e+01
   1.3700000e+02   1.0283047e+01
   1.3800000e+02   1.0282838e+01
   1.3900000e+02   1.0282885e+01
   1.4000000e+02   1.0282905e+01
   1.4100000e+02   1.0283123e+01
   1.4200000e+02   1.0282800e+01
   1.4300000e+02   1.0283155e+01
   1.4400000e+02   1.0282685e+01
   1.4500000e+02   1.0282864e+01
   1.4600000e+02   1.0282816e+01
   1.4700000e+02   1.0282795e+01
   1.4800000e+02   1.0282647e+01
   1.4900000e+02   1.0282487e+01
   1.5000000e+02   1.0282797e+01
   1.5100000e+02   1.0282762e+01
   1.5200000e+02   1.0282698e+01
   1.5300000e+02   1.0282668e+01
   1.5400000e+02   1.0282696e+01
   1.5500000e+02   1.0282412e+01
   1.5600000e+02   1.0282661e+01
   1.5700000e+02   1.0282419e+01
   1.5800000e+02   1.0282218e+01
   1.5900000e+02   1.0282203e+01
   1.6000000e+02   1.0282322e+01
   1.6100000e+02   1.0282502e+01
   1.6200000e+02   1.0282293e+01
   1.6300000e+02   1.0282290e+01
   1.6400000e+02   1.0282095e+01
   1.6500000e+02   1.0281956e+01
   1.6600000e+02   1.0282003e+01
   1.6700000e+02   1.0278034e+01
   1.6800000e+02   1.0260535e+01
   1.6900000e+02   1.0239336e+01
   1.7000000e+02   1.0239971e+01
   1.7100000e+02   1.0254333e+01
   1.7200000e+02   1.0267670e+01
   1.7300000e+02   1.0275179e+01
   1.7400000e+02   1.0278908e+01
   1.7500000e+02   1.0280371e+01
   1.7600000e+02   1.0280976e+01
   1.7700000e+02   1.0281299e+01
   1.7800000e+02   1.0280082e+01
   1.7900000e+02   1.0245006e+01
   1.8000000e+02   1.0195309e+01
   1.8100000e+02   1.0204244e+01
   1.8200000e+02   1.0216615e+01
   1.8300000e+02   1.0221630e+01
   1.8400000e+02   1.0227892e+01
   1.8500000e+02   1.0232352e+01
   1.8600000e+02   1.0235487e+01
   1.8700000e+02   1.0237304e+01
   1.8800000e+02   1.0237700e+01
   1.8900000e+02   1.0238906e+01
   1.9000000e+02   1.0245262e+01
   1.9100000e+02   1.0253807e+01
   1.9200000e+02   1.0263799e+01
   1.9300000e+02   1.0271368e+01
   1.9400000e+02   1.0276329e+01
   1.9500000e+02   1.0279181e+01
   1.9600000e+02   1.0279973e+01
   1.9700000e+02   1.0280194e+01
   1.9800000e+02   1.0280504e+01
   1.9900000e+02   1.0280443e+01
   2.0000000e+02   1.0280651e+01
   2.0100000e+02   1.0280545e+01
   2.0200000e+02   1.0280569e+01
   2.0300000e+02   1.0280841e+01
   2.0400000e+02   1.0280618e+01
   2.0500000e+02   1.0280722e+01
   2.0600000e+02   1.0280770e+01
   2.0700000e+02   1.0280878e+01
   2.0800000e+02   1.0280956e+01
   2.0900000e+02   1.0280925e+01
   2.1000000e+02   1.0280864e+01
   2.1100000e+02   1.0280933e+01
   2.1200000e+02   1.0280760e+01
   2.1300000e+02   1.0280879e+01
   2.1400000e+02   1.0280457e+01
   2.1500000e+02   1.0280723e+01
   2.1600000e+02   1.0280505e+01
   2.1700000e+02   1.0280732e+01
   2.1800000e+02   1.0280614e+01
   2.1900000e+02   1.0280637e+01
   2.2000000e+02   1.0280386e+01
   2.2100000e+02   1.0280009e+01
   2.2200000e+02   1.0279663e+01
   2.2300000e+02   1.0279159e+01
   2.2400000e+02   1.0278767e+01
   2.2500000e+02   1.0278278e+01
   2.2600000e+02   1.0278180e+01
   2.2700000e+02   1.0277544e+01
   2.2800000e+02   1.0277407e+01
   2.2900000e+02   1.0277609e+01
   2.3000000e+02   1.0278069e+01
   2.3100000e+02   1.0278054e+01
   2.3200000e+02   1.0278409e+01
   2.3300000e+02   1.0278521e+01
   2.3400000e+02   1.0278888e+01
   2.3500000e+02   1.0278987e+01
   2.3600000e+02   1.0279635e+01
   2.3700000e+02   1.0279468e+01
   2.3800000e+02   1.0279566e+01
   2.3900000e+02   1.0279363e+01
   2.4000000e+02   1.0279407e+01
   2.4100000e+02   1.0279400e+01
   2.4200000e+02   1.0278672e+01
   2.4300000e+02   1.0277577e+01
   2.4400000e+02   1.0276375e+01
   2.4500000e+02   1.0273400e+01
   2.4600000e+02   1.0268976e+01
   2.4700000e+02   1.0263803e+01
   2.4800000e+02   1.0258440e+01
   2.4900000e+02   1.0253788e+01
   2.5000000e+02   1.0250903e+01
   2.5100000e+02   1.0249548e+01
   2.5200000e+02   1.0250122e+01
   2.5300000e+02   1.0251784e+01
   2.5400000e+02   1.0253897e+01
   2.5500000e+02   1.0255855e+01
   2.5600000e+02   1.0256900e+01
   2.5700000e+02   1.0257472e+01
   2.5800000e+02   1.0256641e+01
   2.5900000e+02   1.0255192e+01
   2.6000000e+02   1.0253533e+01
   2.6100000e+02   1.0252144e+01
   2.6200000e+02   1.0250070e+01
   2.6300000e+02   1.0249051e+01
   2.6400000e+02   1.0248540e+01
   2.6500000e+02   1.0248666e+01
   2.6600000e+02   1.0249877e+01
   2.6700000e+02   1.0252600e+01
   2.6800000e+02   1.0255363e+01
   2.6900000e+02   1.0258642e+01
   2.7000000e+02   1.0261937e+01
   2.7100000e+02   1.0264798e+01
   2.7200000e+02   1.0266975e+01
   2.7300000e+02   1.0268639e+01
   2.7400000e+02   1.0269206e+01
   2.7500000e+02   1.0270238e+01
   2.7600000e+02   1.0270437e+01
   2.7700000e+02   1.0271095e+01
   2.7800000e+02   1.0271639e+01
   2.7900000e+02   1.0271620e+01
   2.8000000e+02   1.0272186e+01
   2.8100000e+02   1.0272715e+01
   2.8200000e+02   1.0273186e+01
   2.8300000e+02   1.0273602e+01
   2.8400000e+02   1.0273986e+01
   2.8500000e+02   1.0274607e+01
   2.8600000e+02   1.0274689e+01
   2.8700000e+02   1.0275168e+01
   2.8800000e+02   1.0275308e+01
   2.8900000e+02   1.0275997e+01
   2.9000000e+02   1.0276250e+01
   2.9100000e+02   1.0276452e+01
   2.9200000e+02   1.0277059e+01
   2.9300000e+02   1.0276695e+01
   2.9400000e+02   1.0277194e+01
   2.9500000e+02   1.0277129e+01
   2.9600000e+02   1.0277348e+01
   2.9700000e+02   1.0277548e+01
   2.9800000e+02   1.0277686e+01
   2.9900000e+02   1.0278029e+01
   3.0000000e+02   1.0277567e+01
   3.0100000e+02   1.0276928e+01
   3.0200000e+02   1.0276340e+01
   3.0300000e+02   1.0275247e+01
   3.0400000e+02   1.0273920e+01
   3.0500000e+02   1.0271820e+01
   3.0600000e+02   1.0269136e+01
   3.0700000e+02   1.0265792e+01
   3.0800000e+02   1.0261667e+01
   3.0900000e+02   1.0256304e+01
   3.1000000e+02   1.0250337e+01
   3.1100000e+02   1.0244493e+01
   3.1200000e+02   1.0239946e+01
   3.1300000e+02   1.0236731e+01
   3.1400000e+02   1.0234219e+01
   3.1500000e+02   1.0233322e+01
   3.1600000e+02   1.0232268e+01
   3.1700000e+02   1.0229849e+01
   3.1800000e+02   1.0226250e+01
   3.1900000e+02   1.0220604e+01
   3.2000000e+02   1.0214066e+01
   3.2100000e+02   1.0207262e+01
   3.2200000e+02   1.0201817e+01
   3.2300000e+02   1.0198318e+01
   3.2400000e+02   1.0197267e+01
   3.2500000e+02   1.0197757e+01
   3.2600000e+02   1.0201992e+01
   3.2700000e+02   1.0207436e+01
   3.2800000e+02   1.0214927e+01
   3.2900000e+02   1.0223027e+01
   3.3000000e+02   1.0231257e+01
   3.3100000e+02   1.0239667e+01
   3.3200000e+02   1.0247075e+01
   3.3300000e+02   1.0252809e+01
   3.3400000e+02   1.0257323e+01
   3.3500000e+02   1.0260076e+01
   3.3600000e+02   1.0261133e+01
   3.3700000e+02   1.0260783e+01
   3.3800000e+02   1.0259786e+01
   3.3900000e+02   1.0257673e+01
   3.4000000e+02   1.0256570e+01
   3.4100000e+02   1.0255889e+01
   3.4200000e+02   1.0256417e+01
   3.4300000e+02   1.0257224e+01
   3.4400000e+02   1.0259287e+01
   3.4500000e+02   1.0261648e+01
   3.4600000e+02   1.0264213e+01
   3.4700000e+02   1.0267170e+01
   3.4800000e+02   1.0269416e+01
   3.4900000e+02   1.0271241e+01
   3.5000000e+02   1.0272938e+01
   3.5100000e+02   1.0273957e+01
   3.5200000e+02   1.0274709e+01
   3.5300000e+02   1.0275678e+01
   3.5400000e+02   1.0276270e+01
   3.5500000e+02   1.0276177e+01
   3.5600000e+02   1.0276511e+01
   3.5700000e+02   1.0276327e+01
   3.5800000e+02   1.0276038e+01
   3.5900000e+02   1.0275569e+01
   3.6000000e+02   1.0275320e+01
   3.6100000e+02   1.0274848e+01
   3.6200000e+02   1.0274467e+01
   3.6300000e+02   1.0273651e+01
   3.6400000e+02   1.0273388e+01
   3.6500000e+02   1.0273248e+01
   3.6600000e+02   1.0273688e+01
   3.6700000e+02   1.0273733e+01
   3.6800000e+02   1.0273999e+01
   3.6900000e+02   1.0274723e+01
   3.7000000e+02   1.0275267e+01
   3.7100000e+02   1.0275751e+01
   3.7200000e+02   1.0275939e+01
   3.7300000e+02   1.0276397e+01
   3.7400000e+02   1.0276698e+01
   3.7500000e+02   1.0277099e+01
   3.7600000e+02   1.0277090e+01
   3.7700000e+02   1.0277209e+01
   3.7800000e+02   1.0277130e+01
   3.7900000e+02   1.0277303e+01
   3.8000000e+02   1.0277108e+01
   3.8100000e+02   1.0277020e+01
   3.8200000e+02   1.0277217e+01
   3.8300000e+02   1.0277379e+01
   3.8400000e+02   1.0277110e+01
   3.8500000e+02   1.0276957e+01
   3.8600000e+02   1.0276813e+01
   3.8700000e+02   1.0276209e+01
   3.8800000e+02   1.0275942e+01
   3.8900000e+02   1.0275129e+01
   3.9000000e+02   1.0274717e+01
   3.9100000e+02   1.0274160e+01
   3.9200000e+02   1.0273862e+01
   3.9300000e+02   1.0273293e+01
   3.9400000e+02   1.0273362e+01
   3.9500000e+02   1.0273641e+01
   3.9600000e+02   1.0273353e+01
   3.9700000e+02   1.0274026e+01
   3.9800000e+02   1.0274546e+01
   3.9900000e+02   1.0274760e+01
   4.0000000e+02   1.0275420e+01
   4.0100000e+02   1.0276113e+01
   4.0200000e+02   1.0276125e+01
   4.0300000e+02   1.0276478e+01
   4.0400000e+02   1.0276528e+01
   4.0500000e+02   1.0276954e+01
   4.0600000e+02   1.0276735e+01
   4.0700000e+02   1.0277117e+01
   4.0800000e+02   1.0276889e+01
   4.0900000e+02   1.0276857e+01
   4.1000000e+02   1.0276973e+01
   4.1100000e+02   1.0277055e+01
   4.1200000e+02   1.0276926e+01
   4.1300000e+02   1.0276941e+01
   4.1400000e+02   1.0277012e+01
   4.1500000e+02   1.0276614e+01
   4.1600000e+02   1.0276798e+01
   4.1700000e+02   1.0277142e+01
   4.1800000e+02   1.0276904e+01
   4.1900000e+02   1.0276599e+01
   4.2000000e+02   1.0276687e+01
   4.2100000e+02   1.0277008e+01
   4.2200000e+02   1.0276718e+01
   4.2300000e+02   1.0276723e+01
   4.2400000e+02   1.0276899e+01
   4.2500000e+02   1.0276779e+01
   4.2600000e+02   1.0276611e+01
   4.2700000e+02   1.0276726e+01
   4.2800000e+02   1.0276894e+01
   4.2900000e+02   1.0276753e+01
   4.3000000e+02   1.0276786e+01
   4.3100000e+02   1.0276674e+01
   4.3200000e+02   1.0276489e+01
   4.3300000e+02   1.0276301e+01
   4.3400000e+02   1.0276290e+01
   4.3500000e+02   1.0276290e+01
   4.3600000e+02   1.0276222e+01
   4.3700000e+02   1.0276261e+01
   4.3800000e+02   1.0276206e+01
   4.3900000e+02   1.0275902e+01
   4.4000000e+02   1.0275628e+01
   4.4100000e+02   1.0275155e+01
   4.4200000e+02   1.0274313e+01
   4.4300000e+02   1.0272893e+01
   4.4400000e+02   1.0270978e+01
   4.4500000e+02   1.0268574e+01
   4.4600000e+02   1.0265810e+01
   4.4700000e+02   1.0262238e+01
   4.4800000e+02   1.0259507e+01
   4.4900000e+02   1.0255997e+01
   4.5000000e+02   1.0253713e+01
   4.5100000e+02   1.0251604e+01
   4.5200000e+02   1.0251153e+01
   4.5300000e+02   1.0251049e+01
   4.5400000e+02   1.0252263e+01
   4.5500000e+02   1.0254080e+01
   4.5600000e+02   1.0256320e+01
   4.5700000e+02   1.0258995e+01
   4.5800000e+02   1.0261964e+01
   4.5900000e+02   1.0264487e+01
   4.6000000e+02   1.0266963e+01
   4.6100000e+02   1.0268846e+01
   4.6200000e+02   1.0270359e+01
   4.6300000e+02   1.0271992e+01
   4.6400000e+02   1.0272763e+01
   4.6500000e+02   1.0273688e+01
   4.6600000e+02   1.0274423e+01
   4.6700000e+02   1.0274777e+01
   4.6800000e+02   1.0275104e+01
   4.6900000e+02   1.0275438e+01
   4.7000000e+02   1.0275477e+01
   4.7100000e+02   1.0275503e+01
   4.7200000e+02   1.0275564e+01
   4.7300000e+02   1.0274545e+01
   4.7400000e+02   1.0275702e+01
   4.7500000e+02   1.0275743e+01
   4.7600000e+02   1.0276074e+01
   4.7700000e+02   1.0275833e+01
   4.7800000e+02   1.0275886e+01
   4.7900000e+02   1.0276042e+01
   4.8000000e+02   1.0276170e+01
   4.8100000e+02   1.0275830e+01
   4.8200000e+02   1.0275990e+01
   4.8300000e+02   1.0275878e+01
   4.8400000e+02   1.0275904e+01
   4.8500000e+02   1.0275978e+01
   4.8600000e+02   1.0275991e+01
   4.8700000e+02   1.0276208e+01
   4.8800000e+02   1.0275961e+01
   4.8900000e+02   1.0276231e+01
   4.9000000e+02   1.0276201e+01
   4.9100000e+02   1.0276070e+01
   4.9200000e+02   1.0276201e+01
   4.9300000e+02   1.0275768e+01
   4.9400000e+02   1.0275925e+01
   4.9500000e+02   1.0275832e+01
   4.9600000e+02   1.0275932e+01
   4.9700000e+02   1.0275737e+01
   4.9800000e+02   1.0275638e+01
   4.9900000e+02   1.0275707e+01
   5.0000000e+02   1.0275558e+01
   5.0100000e+02   1.0275559e+01
   5.0200000e+02   1.0275408e+01
   5.0300000e+02   1.0275627e+01
   5.0400000e+02   1.0275425e+01
   5.0500000e+02   1.0275682e+01
   5.0600000e+02   1.0275451e+01
   5.0700000e+02   1.0275398e+01
   5.0800000e+02   1.0275389e+01
   5.0900000e+02   1.0275250e+01
   5.1000000e+02   1.0274931e+01
   5.1100000e+02   1.0275465e+01
   5.1200000e+02   1.0275426e+01
   5.1300000e+02   1.0275101e+01
   5.1400000e+02   1.0275387e+01
   5.1500000e+02   1.0275423e+01
   5.1600000e+02   1.0275353e+01
   5.1700000e+02   1.0275423e+01
   5.1800000e+02   1.0275413e+01
   5.1900000e+02   1.0275429e+01
   5.2000000e+02   1.0275131e+01
   5.2100000e+02   1.0275265e+01
   5.2200000e+02   1.0275385e+01
   5.2300000e+02   1.0275203e+01
   5.2400000e+02   1.0275093e+01
   5.2500000e+02   1.0275479e+01
   5.2600000e+02   1.0275348e+01
   5.2700000e+02   1.0275427e+01
   5.2800000e+02   1.0275209e+01
   5.2900000e+02   1.0275043e+01
   5.3000000e+02   1.0275300e+01
   5.3100000e+02   1.0275008e+01
   5.3200000e+02   1.0275001e+01
   5.3300000e+02   1.0275182e+01
   5.3400000e+02   1.0274993e+01
   5.3500000e+02   1.0275002e+01
   5.3600000e+02   1.0274801e+01
   5.3700000e+02   1.0275057e+01
   5.3800000e+02   1.0274877e+01
   5.3900000e+02   1.0274749e+01
   5.4000000e+02   1.0275039e+01
   5.4100000e+02   1.0274979e+01
   5.4200000e+02   1.0274903e+01
   5.4300000e+02   1.0275045e+01
   5.4400000e+02   1.0274933e+01
   5.4500000e+02   1.0274545e+01
   5.4600000e+02   1.0274773e+01
   5.4700000e+02   1.0274996e+01
   5.4800000e+02   1.0274924e+01
   5.4900000e+02   1.0274668e+01
   5.5000000e+02   1.0274931e+01
   5.5100000e+02   1.0274934e+01
   5.5200000e+02   1.0274683e+01
   5.5300000e+02   1.0274760e+01
   5.5400000e+02   1.0275062e+01
   5.5500000e+02   1.0274867e+01
   5.5600000e+02   1.0274757e+01
   5.5700000e+02   1.0274943e+01
   5.5800000e+02   1.0274873e+01
   5.5900000e+02   1.0274801e+01
   5.6000000e+02   1.0274883e+01
   5.6100000e+02   1.0275165e+01
   5.6200000e+02   1.0274890e+01
   5.6300000e+02   1.0275219e+01
   5.6400000e+02   1.0274547e+01
   5.6500000e+02   1.0274750e+01
   5.6600000e+02   1.0274569e+01
   5.6700000e+02   1.0274812e+01
   5.6800000e+02   1.0274484e+01
   5.6900000e+02   1.0274783e+01
   5.7000000e+02   1.0274499e+01
   5.7100000e+02   1.0274593e+01
   5.7200000e+02   1.0274504e+01
   5.7300000e+02   1.0274365e+01
   5.7400000e+02   1.0274409e+01
   5.7500000e+02   1.0274776e+01
   5.7600000e+02   1.0274506e+01
   5.7700000e+02   1.0274587e+01
   5.7800000e+02   1.0274667e+01
   5.7900000e+02   1.0274732e+01
   5.8000000e+02   1.0274665e+01
   5.8100000e+02   1.0274635e+01
   5.8200000e+02   1.0274285e+01
   5.8300000e+02   1.0274618e+01
   5.8400000e+02   1.0274464e+01
   5.8500000e+02   1.0274370e+01
   5.8600000e+02   1.0274606e+01
   5.8700000e+02   1.0274337e+01
   5.8800000e+02   1.0274478e+01
   5.8900000e+02   1.0274623e+01
   5.9000000e+02   1.0274171e+01
   5.9100000e+02   1.0274333e+01
   5.9200000e+02   1.0274541e+01
   5.9300000e+02   1.0274202e+01
   5.9400000e+02   1.0274378e+01
   5.9500000e+02   1.0274286e+01
   5.9600000e+02   1.0274264e+01
   5.9700000e+02   1.0274366e+01
   5.9800000e+02   1.0274300e+01
   5.9900000e+02   1.0274217e+01
   6.0000000e+02   1.0274083e+01
   6.0100000e+02   1.0274139e+01
   6.0200000e+02   1.0274006e+01
   6.0300000e+02   1.0274262e+01
   6.0400000e+02   1.0273826e+01
   6.0500000e+02   1.0274222e+01
   6.0600000e+02   1.0274221e+01
   6.0700000e+02   1.0274196e+01
   6.0800000e+02   1.0274025e+01
   6.0900000e+02   1.0274051e+01
   6.1000000e+02   1.0274048e+01
   6.1100000e+02   1.0273999e+01
   6.1200000e+02   1.0273845e+01
   6.1300000e+02   1.0274279e+01
   6.1400000e+02   1.0273548e+01
   6.1500000e+02   1.0274062e+01
   6.1600000e+02   1.0274063e+01
   6.1700000e+02   1.0273673e+01
   6.1800000e+02   1.0274010e+01
   6.1900000e+02   1.0273792e+01
   6.2000000e+02   1.0273906e+01
   6.2100000e+02   1.0273938e+01
   6.2200000e+02   1.0274049e+01
   6.2300000e+02   1.0274143e+01
   6.2400000e+02   1.0274038e+01
   6.2500000e+02   1.0274012e+01
   6.2600000e+02   1.0274057e+01
   6.2700000e+02   1.0274003e+01
   6.2800000e+02   1.0274061e+01
   6.2900000e+02   1.0273935e+01
   6.3000000e+02   1.0273878e+01
   6.3100000e+02   1.0273982e+01
   6.3200000e+02   1.0273770e+01
   6.3300000e+02   1.0273923e+01
   6.3400000e+02   1.0273922e+01
   6.3500000e+02   1.0273776e+01
   6.3600000e+02   1.0273740e+01
   6.3700000e+02   1.0273622e+01
   6.3800000e+02   1.0273894e+01
   6.3900000e+02   1.0273495e+01
   6.4000000e+02   1.0273825e+01
   6.4100000e+02   1.0273599e+01
   6.4200000e+02   1.0273786e+01
   6.4300000e+02   1.0273793e+01
   6.4400000e+02   1.0273729e+01
   6.4500000e+02   1.0273718e+01
   6.4600000e+02   1.0273858e+01
   6.4700000e+02   1.0273798e+01
   6.4800000e+02   1.0273880e+01
   6.4900000e+02   1.0273567e+01
   6.5000000e+02   1.0273683e+01
   6.5100000e+02   1.0273486e+01
   6.5200000e+02   1.0273669e+01
   6.5300000e+02   1.0273884e+01
   6.5400000e+02   1.0273957e+01
   6.5500000e+02   1.0273393e+01
   6.5600000e+02   1.0273897e+01
   6.5700000e+02   1.0273667e+01
   6.5800000e+02   1.0273565e+01
   6.5900000e+02   1.0273733e+01
   6.6000000e+02   1.0273658e+01
   6.6100000e+02   1.0273213e+01
   6.6200000e+02   1.0273123e+01
   6.6300000e+02   1.0273355e+01
   6.6400000e+02   1.0273286e+01
   6.6500000e+02   1.0273181e+01
   6.6600000e+02   1.0273124e+01
   6.6700000e+02   1.0273131e+01
   6.6800000e+02   1.0273335e+01
   6.6900000e+02   1.0272992e+01
   6.7000000e+02   1.0273341e+01
   6.7100000e+02   1.0273192e+01
   6.7200000e+02   1.0273308e+01
   6.7300000e+02   1.0273317e+01
   6.7400000e+02   1.0273433e+01
   6.7500000e+02   1.0273488e+01
   6.7600000e+02   1.0273268e+01
   6.7700000e+02   1.0273294e+01
   6.7800000e+02   1.0273106e+01
   6.7900000e+02   1.0273358e+01
   6.8000000e+02   1.0273380e+01
   6.8100000e+02   1.0273251e+01
   6.8200000e+02   1.0273115e+01
   6.8300000e+02   1.0273169e+01
   6.8400000e+02   1.0272956e+01
   6.8500000e+02   1.0273072e+01
   6.8600000e+02   1.0273239e+01
   6.8700000e+02   1.0273154e+01
   6.8800000e+02   1.0273060e+01
   6.8900000e+02   1.0272898e+01
   6.9000000e+02   1.0273045e+01
   6.9100000e+02   1.0273113e+01
   6.9200000e+02   1.0273153e+01
   6.9300000e+02   1.0273166e+01
   6.9400000e+02   1.0273038e+01
   6.9500000e+02   1.0272998e+01
   6.9600000e+02   1.0272911e+01
   6.9700000e+02   1.0273037e+01
   6.9800000e+02   1.0272707e+01
   6.9900000e+02   1.0273097e+01
   7.0000000e+02   1.0272993e+01
   7.0100000e+02   1.0273152e+01
   7.0200000e+02   1.0273176e+01
   7.0300000e+02   1.0273253e+01
   7.0400000e+02   1.0273334e+01
   7.0500000e+02   1.0273199e+01
   7.0600000e+02   1.0272850e+01
   7.0700000e+02   1.0273028e+01
   7.0800000e+02   1.0272719e+01
   7.0900000e+02   1.0272923e+01
   7.1000000e+02   1.0272816e+01
   7.1100000e+02   1.0272434e+01
   7.1200000e+02   1.0272762e+01
   7.1300000e+02   1.0272999e+01
   7.1400000e+02   1.0272670e+01
   7.1500000e+02   1.0272797e+01
   7.1600000e+02   1.0272671e+01
   7.1700000e+02   1.0272788e+01
   7.1800000e+02   1.0272734e+01
   7.1900000e+02   1.0272734e+01
   7.2000000e+02   1.0272980e+01
   7.2100000e+02   1.0272644e+01
   7.2200000e+02   1.0272641e+01
   7.2300000e+02   1.0272659e+01
   7.2400000e+02   1.0272780e+01
   7.2500000e+02   1.0272925e+01
   7.2600000e+02   1.0272605e+01
   7.2700000e+02   1.0272576e+01
   7.2800000e+02   1.0272524e+01
   7.2900000e+02   1.0272537e+01
   7.3000000e+02   1.0272479e+01
   7.3100000e+02   1.0272622e+01
   7.3200000e+02   1.0272648e+01
   7.3300000e+02   1.0272429e+01
   7.3400000e+02   1.0272477e+01
   7.3500000e+02   1.0272251e+01
   7.3600000e+02   1.0272660e+01
   7.3700000e+02   1.0272296e+01
   7.3800000e+02   1.0272547e+01
   7.3900000e+02   1.0272546e+01
   7.4000000e+02   1.0272390e+01
   7.4100000e+02   1.0272562e+01
   7.4200000e+02   1.0272545e+01
   7.4300000e+02   1.0272368e+01
   7.4400000e+02   1.0272562e+01
   7.4500000e+02   1.0272312e+01
   7.4600000e+02   1.0272018e+01
   7.4700000e+02   1.0272461e+01
   7.4800000e+02   1.0272287e+01
   7.4900000e+02   1.0272355e+01
   7.5000000e+02   1.0272262e+01
   7.5100000e+02   1.0272568e+01
   7.5200000e+02   1.0272461e+01
   7.5300000e+02   1.0272314e+01
   7.5400000e+02   1.0272337e+01
   7.5500000e+02   1.0272157e+01
   7.5600000e+02   1.0272766e+01
   7.5700000e+02   1.0272503e+01
   7.5800000e+02   1.0272239e+01
   7.5900000e+02   1.0272493e+01
   7.6000000e+02   1.0272411e+01
   7.6100000e+02   1.0272377e+01
   7.6200000e+02   1.0272154e+01
   7.6300000e+02   1.0272212e+01
   7.6400000e+02   1.0272391e+01
   7.6500000e+02   1.0272126e+01
   7.6600000e+02   1.0272039e+01
   7.6700000e+02   1.0272176e+01
   7.6800000e+02   1.0271875e+01
   7.6900000e+02   1.0272174e+01
   7.7000000e+02   1.0272146e+01
   7.7100000e+02   1.0272295e+01
   7.7200000e+02   1.0272272e+01
   7.7300000e+02   1.0272142e+01
   7.7400000e+02   1.0272326e+01
   7.7500000e+02   1.0272270e+01
   7.7600000e+02   1.0272139e+01
   7.7700000e+02   1.0272283e+01
   7.7800000e+02   1.0272320e+01
   7.7900000e+02   1.0271826e+01
   7.8000000e+02   1.0272209e+01
