   0.0000000e+00   1.0248300e+01
   1.0000000e+00   1.0244222e+01
   2.0000000e+00   1.0243283e+01
   3.0000000e+00   1.0242407e+01
   4.0000000e+00   1.0242013e+01
   5.0000000e+00   1.0240963e+01
   6.0000000e+00   1.0240678e+01
   7.0000000e+00   1.0240366e+01
   8.0000000e+00   1.0240005e+01
   9.0000000e+00   1.0239646e+01
   1.0000000e+01   1.0239479e+01
   1.1000000e+01   1.0239342e+01
   1.2000000e+01   1.0239301e+01
   1.3000000e+01   1.0238917e+01
   1.4000000e+01   1.0238963e+01
   1.5000000e+01   1.0238682e+01
   1.6000000e+01   1.0238372e+01
   1.7000000e+01   1.0238285e+01
   1.8000000e+01   1.0238351e+01
   1.9000000e+01   1.0237923e+01
   2.0000000e+01   1.0237842e+01
   2.1000000e+01   1.0237635e+01
   2.2000000e+01   1.0237631e+01
   2.3000000e+01   1.0237390e+01
   2.4000000e+01   1.0237528e+01
   2.5000000e+01   1.0237384e+01
   2.6000000e+01   1.0237328e+01
   2.7000000e+01   1.0237334e+01
   2.8000000e+01   1.0237104e+01
   2.9000000e+01   1.0237275e+01
   3.0000000e+01   1.0236983e+01
   3.1000000e+01   1.0236902e+01
   3.2000000e+01   1.0236948e+01
   3.3000000e+01   1.0237004e+01
   3.4000000e+01   1.0236759e+01
   3.5000000e+01   1.0236651e+01
   3.6000000e+01   1.0236915e+01
   3.7000000e+01   1.0236538e+01
   3.8000000e+01   1.0236444e+01
   3.9000000e+01   1.0236201e+01
   4.0000000e+01   1.0235952e+01
   4.1000000e+01   1.0236131e+01
   4.2000000e+01   1.0235626e+01
   4.3000000e+01   1.0235968e+01
   4.4000000e+01   1.0235441e+01
   4.5000000e+01   1.0236202e+01
   4.6000000e+01   1.0235933e+01
   4.7000000e+01   1.0235608e+01
   4.8000000e+01   1.0235429e+01
   4.9000000e+01   1.0235469e+01
   5.0000000e+01   1.0235683e+01
   5.1000000e+01   1.0235672e+01
   5.2000000e+01   1.0235202e+01
   5.3000000e+01   1.0235224e+01
   5.4000000e+01   1.0235207e+01
   5.5000000e+01   1.0235254e+01
   5.6000000e+01   1.0235283e+01
   5.7000000e+01   1.0235191e+01
   5.8000000e+01   1.0234941e+01
   5.9000000e+01   1.0234694e+01
   6.0000000e+01   1.0234830e+01
   6.1000000e+01   1.0235074e+01
   6.2000000e+01   1.0235108e+01
   6.3000000e+01   1.0234895e+01
   6.4000000e+01   1.0234703e+01
   6.5000000e+01   1.0234794e+01
   6.6000000e+01   1.0234622e+01
   6.7000000e+01   1.0234444e+01
   6.8000000e+01   1.0234758e+01
   6.9000000e+01   1.0234772e+01
   7.0000000e+01   1.0234512e+01
   7.1000000e+01   1.0234486e+01
   7.2000000e+01   1.0234230e+01
   7.3000000e+01   1.0234606e+01
   7.4000000e+01   1.0234147e+01
   7.5000000e+01   1.0234211e+01
   7.6000000e+01   1.0234227e+01
   7.7000000e+01   1.0234002e+01
   7.8000000e+01   1.0234117e+01
   7.9000000e+01   1.0234004e+01
   8.0000000e+01   1.0233921e+01
   8.1000000e+01   1.0233842e+01
   8.2000000e+01   1.0233896e+01
   8.3000000e+01   1.0233747e+01
   8.4000000e+01   1.0233755e+01
   8.5000000e+01   1.0233683e+01
   8.6000000e+01   1.0233364e+01
   8.7000000e+01   1.0233357e+01
   8.8000000e+01   1.0233489e+01
   8.9000000e+01   1.0233379e+01
   9.0000000e+01   1.0233593e+01
   9.1000000e+01   1.0233176e+01
   9.2000000e+01   1.0233317e+01
   9.3000000e+01   1.0233291e+01
   9.4000000e+01   1.0233217e+01
   9.5000000e+01   1.0233176e+01
   9.6000000e+01   1.0233136e+01
   9.7000000e+01   1.0233078e+01
   9.8000000e+01   1.0233334e+01
   9.9000000e+01   1.0233027e+01
   1.0000000e+02   1.0233026e+01
   1.0100000e+02   1.0232811e+01
   1.0200000e+02   1.0232701e+01
   1.0300000e+02   1.0232536e+01
   1.0400000e+02   1.0232517e+01
   1.0500000e+02   1.0232418e+01
   1.0600000e+02   1.0232416e+01
   1.0700000e+02   1.0232297e+01
   1.0800000e+02   1.0232376e+01
   1.0900000e+02   1.0232107e+01
   1.1000000e+02   1.0232343e+01
   1.1100000e+02   1.0232143e+01
   1.1200000e+02   1.0232027e+01
   1.1300000e+02   1.0231901e+01
   1.1400000e+02   1.0231785e+01
   1.1500000e+02   1.0232097e+01
   1.1600000e+02   1.0231912e+01
   1.1700000e+02   1.0231802e+01
   1.1800000e+02   1.0232010e+01
   1.1900000e+02   1.0231728e+01
   1.2000000e+02   1.0231756e+01
   1.2100000e+02   1.0231626e+01
   1.2200000e+02   1.0231530e+01
   1.2300000e+02   1.0231642e+01
   1.2400000e+02   1.0231388e+01
   1.2500000e+02   1.0231695e+01
   1.2600000e+02   1.0231363e+01
   1.2700000e+02   1.0231458e+01
   1.2800000e+02   1.0231655e+01
   1.2900000e+02   1.0231463e+01
   1.3000000e+02   1.0231621e+01
   1.3100000e+02   1.0231556e+01
   1.3200000e+02   1.0231401e+01
   1.3300000e+02   1.0231321e+01
   1.3400000e+02   1.0231123e+01
   1.3500000e+02   1.0231177e+01
   1.3600000e+02   1.0231074e+01
   1.3700000e+02   1.0230926e+01
   1.3800000e+02   1.0231202e+01
   1.3900000e+02   1.0231116e+01
   1.4000000e+02   1.0230930e+01
   1.4100000e+02   1.0230914e+01
   1.4200000e+02   1.0231027e+01
   1.4300000e+02   1.0230734e+01
   1.4400000e+02   1.0230508e+01
   1.4500000e+02   1.0230576e+01
   1.4600000e+02   1.0230745e+01
   1.4700000e+02   1.0230592e+01
   1.4800000e+02   1.0230383e+01
   1.4900000e+02   1.0230331e+01
   1.5000000e+02   1.0230123e+01
   1.5100000e+02   1.0230107e+01
   1.5200000e+02   1.0230397e+01
   1.5300000e+02   1.0230357e+01
   1.5400000e+02   1.0230204e+01
   1.5500000e+02   1.0230189e+01
   1.5600000e+02   1.0230071e+01
   1.5700000e+02   1.0229887e+01
   1.5800000e+02   1.0229900e+01
   1.5900000e+02   1.0229960e+01
   1.6000000e+02   1.0229926e+01
   1.6100000e+02   1.0230224e+01
   1.6200000e+02   1.0229973e+01
   1.6300000e+02   1.0229889e+01
   1.6400000e+02   1.0229775e+01
   1.6500000e+02   1.0229561e+01
   1.6600000e+02   1.0229600e+01
   1.6700000e+02   1.0226606e+01
   1.6800000e+02   1.0212690e+01
   1.6900000e+02   1.0195833e+01
   1.7000000e+02   1.0198476e+01
   1.7100000e+02   1.0209112e+01
   1.7200000e+02   1.0217340e+01
   1.7300000e+02   1.0221200e+01
   1.7400000e+02   1.0222902e+01
   1.7500000e+02   1.0223819e+01
   1.7600000e+02   1.0224702e+01
   1.7700000e+02   1.0225247e+01
   1.7800000e+02   1.0226037e+01
   1.7900000e+02   1.0213041e+01
   1.8000000e+02   1.0162765e+01
   1.8100000e+02   1.0154764e+01
   1.8200000e+02   1.0162027e+01
   1.8300000e+02   1.0164972e+01
   1.8400000e+02   1.0170337e+01
   1.8500000e+02   1.0176439e+01
   1.8600000e+02   1.0181047e+01
   1.8700000e+02   1.0185019e+01
   1.8800000e+02   1.0187224e+01
   1.8900000e+02   1.0189797e+01
   1.9000000e+02   1.0195728e+01
   1.9100000e+02   1.0202867e+01
   1.9200000e+02   1.0207634e+01
   1.9300000e+02   1.0211503e+01
   1.9400000e+02   1.0216353e+01
   1.9500000e+02   1.0220545e+01
   1.9600000e+02   1.0222767e+01
   1.9700000e+02   1.0223946e+01
   1.9800000e+02   1.0224083e+01
   1.9900000e+02   1.0224828e+01
   2.0000000e+02   1.0224847e+01
   2.0100000e+02   1.0225519e+01
   2.0200000e+02   1.0225599e+01
   2.0300000e+02   1.0225961e+01
   2.0400000e+02   1.0226738e+01
   2.0500000e+02   1.0227055e+01
   2.0600000e+02   1.0227401e+01
   2.0700000e+02   1.0227799e+01
   2.0800000e+02   1.0227842e+01
   2.0900000e+02   1.0227621e+01
   2.1000000e+02   1.0227925e+01
   2.1100000e+02   1.0227708e+01
   2.1200000e+02   1.0227857e+01
   2.1300000e+02   1.0227878e+01
   2.1400000e+02   1.0227863e+01
   2.1500000e+02   1.0227964e+01
   2.1600000e+02   1.0228041e+01
   2.1700000e+02   1.0227872e+01
   2.1800000e+02   1.0227421e+01
   2.1900000e+02   1.0227675e+01
   2.2000000e+02   1.0227192e+01
   2.2100000e+02   1.0226775e+01
   2.2200000e+02   1.0225802e+01
   2.2300000e+02   1.0224929e+01
   2.2400000e+02   1.0224033e+01
   2.2500000e+02   1.0223035e+01
   2.2600000e+02   1.0222763e+01
   2.2700000e+02   1.0222355e+01
   2.2800000e+02   1.0222448e+01
   2.2900000e+02   1.0222992e+01
   2.3000000e+02   1.0223046e+01
   2.3100000e+02   1.0223357e+01
   2.3200000e+02   1.0223665e+01
   2.3300000e+02   1.0223817e+01
   2.3400000e+02   1.0224130e+01
   2.3500000e+02   1.0224292e+01
   2.3600000e+02   1.0224364e+01
   2.3700000e+02   1.0224405e+01
   2.3800000e+02   1.0224316e+01
   2.3900000e+02   1.0224515e+01
   2.4000000e+02   1.0224674e+01
   2.4100000e+02   1.0224477e+01
   2.4200000e+02   1.0224184e+01
   2.4300000e+02   1.0222856e+01
   2.4400000e+02   1.0221212e+01
   2.4500000e+02   1.0217467e+01
   2.4600000e+02   1.0212369e+01
   2.4700000e+02   1.0205736e+01
   2.4800000e+02   1.0198995e+01
   2.4900000e+02   1.0193269e+01
   2.5000000e+02   1.0190029e+01
   2.5100000e+02   1.0189539e+01
   2.5200000e+02   1.0190883e+01
   2.5300000e+02   1.0192368e+01
   2.5400000e+02   1.0194322e+01
   2.5500000e+02   1.0195108e+01
   2.5600000e+02   1.0194728e+01
   2.5700000e+02   1.0193276e+01
   2.5800000e+02   1.0191714e+01
   2.5900000e+02   1.0189902e+01
   2.6000000e+02   1.0188024e+01
   2.6100000e+02   1.0185968e+01
   2.6200000e+02   1.0184270e+01
   2.6300000e+02   1.0182852e+01
   2.6400000e+02   1.0182060e+01
   2.6500000e+02   1.0182287e+01
   2.6600000e+02   1.0183967e+01
   2.6700000e+02   1.0186797e+01
   2.6800000e+02   1.0190499e+01
   2.6900000e+02   1.0193851e+01
   2.7000000e+02   1.0197278e+01
   2.7100000e+02   1.0200068e+01
   2.7200000e+02   1.0202095e+01
   2.7300000e+02   1.0203749e+01
   2.7400000e+02   1.0204804e+01
   2.7500000e+02   1.0206117e+01
   2.7600000e+02   1.0207294e+01
   2.7700000e+02   1.0208159e+01
   2.7800000e+02   1.0209924e+01
   2.7900000e+02   1.0211003e+01
   2.8000000e+02   1.0212062e+01
   2.8100000e+02   1.0212656e+01
   2.8200000e+02   1.0213338e+01
   2.8300000e+02   1.0213937e+01
   2.8400000e+02   1.0214419e+01
   2.8500000e+02   1.0215464e+01
   2.8600000e+02   1.0216245e+01
   2.8700000e+02   1.0216789e+01
   2.8800000e+02   1.0217751e+01
   2.8900000e+02   1.0218532e+01
   2.9000000e+02   1.0219335e+01
   2.9100000e+02   1.0220012e+01
   2.9200000e+02   1.0220509e+01
   2.9300000e+02   1.0220689e+01
   2.9400000e+02   1.0221283e+01
   2.9500000e+02   1.0221985e+01
   2.9600000e+02   1.0221926e+01
   2.9700000e+02   1.0222495e+01
   2.9800000e+02   1.0222603e+01
   2.9900000e+02   1.0222735e+01
   3.0000000e+02   1.0222491e+01
   3.0100000e+02   1.0222321e+01
   3.0200000e+02   1.0221849e+01
   3.0300000e+02   1.0221185e+01
   3.0400000e+02   1.0220247e+01
   3.0500000e+02   1.0219008e+01
   3.0600000e+02   1.0216857e+01
   3.0700000e+02   1.0214354e+01
   3.0800000e+02   1.0211067e+01
   3.0900000e+02   1.0206913e+01
   3.1000000e+02   1.0201949e+01
   3.1100000e+02   1.0197318e+01
   3.1200000e+02   1.0193453e+01
   3.1300000e+02   1.0190958e+01
   3.1400000e+02   1.0189574e+01
   3.1500000e+02   1.0188948e+01
   3.1600000e+02   1.0187761e+01
   3.1700000e+02   1.0185204e+01
   3.1800000e+02   1.0180944e+01
   3.1900000e+02   1.0175180e+01
   3.2000000e+02   1.0169039e+01
   3.2100000e+02   1.0163252e+01
   3.2200000e+02   1.0159355e+01
   3.2300000e+02   1.0156776e+01
   3.2400000e+02   1.0155921e+01
   3.2500000e+02   1.0156886e+01
   3.2600000e+02   1.0159453e+01
   3.2700000e+02   1.0163076e+01
   3.2800000e+02   1.0167279e+01
   3.2900000e+02   1.0172267e+01
   3.3000000e+02   1.0177763e+01
   3.3100000e+02   1.0182759e+01
   3.3200000e+02   1.0187753e+01
   3.3300000e+02   1.0191566e+01
   3.3400000e+02   1.0194957e+01
   3.3500000e+02   1.0196829e+01
   3.3600000e+02   1.0197944e+01
   3.3700000e+02   1.0199046e+01
   3.3800000e+02   1.0198783e+01
   3.3900000e+02   1.0198620e+01
   3.4000000e+02   1.0198601e+01
   3.4100000e+02   1.0199257e+01
   3.4200000e+02   1.0200089e+01
   3.4300000e+02   1.0201839e+01
   3.4400000e+02   1.0203536e+01
   3.4500000e+02   1.0205535e+01
   3.4600000e+02   1.0207937e+01
   3.4700000e+02   1.0209772e+01
   3.4800000e+02   1.0211492e+01
   3.4900000e+02   1.0212966e+01
   3.5000000e+02   1.0214684e+01
   3.5100000e+02   1.0216366e+01
   3.5200000e+02   1.0217302e+01
   3.5300000e+02   1.0217868e+01
   3.5400000e+02   1.0218840e+01
   3.5500000e+02   1.0219282e+01
   3.5600000e+02   1.0219709e+01
   3.5700000e+02   1.0219980e+01
   3.5800000e+02   1.0220106e+01
   3.5900000e+02   1.0220085e+01
   3.6000000e+02   1.0219825e+01
   3.6100000e+02   1.0219509e+01
   3.6200000e+02   1.0219364e+01
   3.6300000e+02   1.0219051e+01
   3.6400000e+02   1.0219353e+01
   3.6500000e+02   1.0219217e+01
   3.6600000e+02   1.0219626e+01
   3.6700000e+02   1.0220128e+01
   3.6800000e+02   1.0220183e+01
   3.6900000e+02   1.0220408e+01
   3.7000000e+02   1.0221132e+01
   3.7100000e+02   1.0221031e+01
   3.7200000e+02   1.0221209e+01
   3.7300000e+02   1.0221732e+01
   3.7400000e+02   1.0221933e+01
   3.7500000e+02   1.0222270e+01
   3.7600000e+02   1.0222313e+01
   3.7700000e+02   1.0222240e+01
   3.7800000e+02   1.0222576e+01
   3.7900000e+02   1.0222376e+01
   3.8000000e+02   1.0222503e+01
   3.8100000e+02   1.0222782e+01
   3.8200000e+02   1.0222533e+01
   3.8300000e+02   1.0222636e+01
   3.8400000e+02   1.0222443e+01
   3.8500000e+02   1.0222234e+01
   3.8600000e+02   1.0221990e+01
   3.8700000e+02   1.0221910e+01
   3.8800000e+02   1.0221243e+01
   3.8900000e+02   1.0221021e+01
   3.9000000e+02   1.0220539e+01
   3.9100000e+02   1.0220536e+01
   3.9200000e+02   1.0219732e+01
   3.9300000e+02   1.0219741e+01
   3.9400000e+02   1.0219627e+01
   3.9500000e+02   1.0219821e+01
   3.9600000e+02   1.0219868e+01
   3.9700000e+02   1.0219754e+01
   3.9800000e+02   1.0220154e+01
   3.9900000e+02   1.0220394e+01
   4.0000000e+02   1.0220495e+01
   4.0100000e+02   1.0220949e+01
   4.0200000e+02   1.0221126e+01
   4.0300000e+02   1.0221308e+01
   4.0400000e+02   1.0221429e+01
   4.0500000e+02   1.0221655e+01
   4.0600000e+02   1.0221669e+01
   4.0700000e+02   1.0221533e+01
   4.0800000e+02   1.0221823e+01
   4.0900000e+02   1.0221806e+01
   4.1000000e+02   1.0221874e+01
   4.1100000e+02   1.0221756e+01
   4.1200000e+02   1.0221958e+01
   4.1300000e+02   1.0222424e+01
   4.1400000e+02   1.0222159e+01
   4.1500000e+02   1.0222090e+01
   4.1600000e+02   1.0222004e+01
   4.1700000e+02   1.0222281e+01
   4.1800000e+02   1.0221975e+01
   4.1900000e+02   1.0221798e+01
   4.2000000e+02   1.0222084e+01
   4.2100000e+02   1.0221825e+01
   4.2200000e+02   1.0221786e+01
   4.2300000e+02   1.0222217e+01
   4.2400000e+02   1.0221831e+01
   4.2500000e+02   1.0222031e+01
   4.2600000e+02   1.0221895e+01
   4.2700000e+02   1.0221746e+01
   4.2800000e+02   1.0222060e+01
   4.2900000e+02   1.0221818e+01
   4.3000000e+02   1.0221867e+01
   4.3100000e+02   1.0221858e+01
   4.3200000e+02   1.0222043e+01
   4.3300000e+02   1.0221931e+01
   4.3400000e+02   1.0221755e+01
   4.3500000e+02   1.0221492e+01
   4.3600000e+02   1.0221633e+01
   4.3700000e+02   1.0221713e+01
   4.3800000e+02   1.0221589e+01
   4.3900000e+02   1.0221132e+01
   4.4000000e+02   1.0221142e+01
   4.4100000e+02   1.0220932e+01
   4.4200000e+02   1.0220423e+01
   4.4300000e+02   1.0220024e+01
   4.4400000e+02   1.0219257e+01
   4.4500000e+02   1.0218506e+01
   4.4600000e+02   1.0217337e+01
   4.4700000e+02   1.0216338e+01
   4.4800000e+02   1.0214807e+01
   4.4900000e+02   1.0213774e+01
   4.5000000e+02   1.0212736e+01
   4.5100000e+02   1.0212393e+01
   4.5200000e+02   1.0212178e+01
   4.5300000e+02   1.0212136e+01
   4.5400000e+02   1.0212372e+01
   4.5500000e+02   1.0213011e+01
   4.5600000e+02   1.0213509e+01
   4.5700000e+02   1.0214293e+01
   4.5800000e+02   1.0215152e+01
   4.5900000e+02   1.0215741e+01
   4.6000000e+02   1.0216112e+01
   4.6100000e+02   1.0216874e+01
   4.6200000e+02   1.0217463e+01
   4.6300000e+02   1.0217998e+01
   4.6400000e+02   1.0218257e+01
   4.6500000e+02   1.0218534e+01
   4.6600000e+02   1.0218991e+01
   4.6700000e+02   1.0219141e+01
   4.6800000e+02   1.0219440e+01
   4.6900000e+02   1.0219247e+01
   4.7000000e+02   1.0219836e+01
   4.7100000e+02   1.0219663e+01
   4.7200000e+02   1.0219952e+01
   4.7300000e+02   1.0219851e+01
   4.7400000e+02   1.0219946e+01
   4.7500000e+02   1.0220292e+01
   4.7600000e+02   1.0220386e+01
   4.7700000e+02   1.0220409e+01
   4.7800000e+02   1.0220446e+01
   4.7900000e+02   1.0220533e+01
   4.8000000e+02   1.0220520e+01
   4.8100000e+02   1.0220522e+01
   4.8200000e+02   1.0220552e+01
   4.8300000e+02   1.0220727e+01
   4.8400000e+02   1.0220351e+01
   4.8500000e+02   1.0220561e+01
   4.8600000e+02   1.0220796e+01
   4.8700000e+02   1.0220456e+01
   4.8800000e+02   1.0220674e+01
   4.8900000e+02   1.0220599e+01
   4.9000000e+02   1.0220616e+01
   4.9100000e+02   1.0220409e+01
   4.9200000e+02   1.0220804e+01
   4.9300000e+02   1.0220556e+01
   4.9400000e+02   1.0220503e+01
   4.9500000e+02   1.0220458e+01
   4.9600000e+02   1.0220684e+01
   4.9700000e+02   1.0220668e+01
   4.9800000e+02   1.0220514e+01
   4.9900000e+02   1.0220144e+01
   5.0000000e+02   1.0220565e+01
   5.0100000e+02   1.0220319e+01
   5.0200000e+02   1.0220261e+01
   5.0300000e+02   1.0220476e+01
   5.0400000e+02   1.0220380e+01
   5.0500000e+02   1.0220188e+01
   5.0600000e+02   1.0220216e+01
   5.0700000e+02   1.0220152e+01
   5.0800000e+02   1.0220067e+01
   5.0900000e+02   1.0220028e+01
   5.1000000e+02   1.0220084e+01
   5.1100000e+02   1.0220058e+01
   5.1200000e+02   1.0220105e+01
   5.1300000e+02   1.0220283e+01
   5.1400000e+02   1.0219982e+01
   5.1500000e+02   1.0220330e+01
   5.1600000e+02   1.0220012e+01
   5.1700000e+02   1.0220110e+01
   5.1800000e+02   1.0220147e+01
   5.1900000e+02   1.0220233e+01
   5.2000000e+02   1.0219976e+01
   5.2100000e+02   1.0220050e+01
   5.2200000e+02   1.0219975e+01
   5.2300000e+02   1.0220074e+01
   5.2400000e+02   1.0220065e+01
   5.2500000e+02   1.0220010e+01
   5.2600000e+02   1.0219850e+01
   5.2700000e+02   1.0219884e+01
   5.2800000e+02   1.0220062e+01
   5.2900000e+02   1.0219935e+01
   5.3000000e+02   1.0220102e+01
   5.3100000e+02   1.0219789e+01
   5.3200000e+02   1.0220051e+01
   5.3300000e+02   1.0219758e+01
   5.3400000e+02   1.0219884e+01
   5.3500000e+02   1.0219850e+01
   5.3600000e+02   1.0219612e+01
   5.3700000e+02   1.0219694e+01
   5.3800000e+02   1.0220015e+01
   5.3900000e+02   1.0219997e+01
   5.4000000e+02   1.0219781e+01
   5.4100000e+02   1.0219787e+01
   5.4200000e+02   1.0220142e+01
   5.4300000e+02   1.0219853e+01
   5.4400000e+02   1.0219723e+01
   5.4500000e+02   1.0219716e+01
   5.4600000e+02   1.0219561e+01
   5.4700000e+02   1.0219375e+01
   5.4800000e+02   1.0219692e+01
   5.4900000e+02   1.0219269e+01
   5.5000000e+02   1.0219526e+01
   5.5100000e+02   1.0219567e+01
   5.5200000e+02   1.0219297e+01
   5.5300000e+02   1.0219386e+01
   5.5400000e+02   1.0219478e+01
   5.5500000e+02   1.0218911e+01
   5.5600000e+02   1.0219442e+01
   5.5700000e+02   1.0219339e+01
   5.5800000e+02   1.0219568e+01
   5.5900000e+02   1.0219368e+01
   5.6000000e+02   1.0219240e+01
   5.6100000e+02   1.0219247e+01
   5.6200000e+02   1.0219395e+01
   5.6300000e+02   1.0219536e+01
   5.6400000e+02   1.0219207e+01
   5.6500000e+02   1.0219485e+01
   5.6600000e+02   1.0219060e+01
   5.6700000e+02   1.0219569e+01
   5.6800000e+02   1.0219395e+01
   5.6900000e+02   1.0219470e+01
   5.7000000e+02   1.0219235e+01
   5.7100000e+02   1.0219575e+01
   5.7200000e+02   1.0219291e+01
   5.7300000e+02   1.0219722e+01
   5.7400000e+02   1.0219465e+01
   5.7500000e+02   1.0219375e+01
   5.7600000e+02   1.0219506e+01
   5.7700000e+02   1.0219086e+01
   5.7800000e+02   1.0219483e+01
   5.7900000e+02   1.0219058e+01
   5.8000000e+02   1.0219344e+01
   5.8100000e+02   1.0219095e+01
   5.8200000e+02   1.0219207e+01
   5.8300000e+02   1.0219041e+01
   5.8400000e+02   1.0219064e+01
   5.8500000e+02   1.0218891e+01
   5.8600000e+02   1.0218800e+01
   5.8700000e+02   1.0218850e+01
   5.8800000e+02   1.0218708e+01
   5.8900000e+02   1.0219173e+01
   5.9000000e+02   1.0218918e+01
   5.9100000e+02   1.0218515e+01
   5.9200000e+02   1.0218806e+01
   5.9300000e+02   1.0218798e+01
   5.9400000e+02   1.0218955e+01
   5.9500000e+02   1.0218682e+01
   5.9600000e+02   1.0218844e+01
   5.9700000e+02   1.0218687e+01
   5.9800000e+02   1.0218650e+01
   5.9900000e+02   1.0218705e+01
   6.0000000e+02   1.0218821e+01
   6.0100000e+02   1.0218404e+01
   6.0200000e+02   1.0218815e+01
   6.0300000e+02   1.0218755e+01
   6.0400000e+02   1.0218466e+01
   6.0500000e+02   1.0218479e+01
   6.0600000e+02   1.0218865e+01
   6.0700000e+02   1.0218769e+01
   6.0800000e+02   1.0218795e+01
   6.0900000e+02   1.0218555e+01
   6.1000000e+02   1.0218423e+01
   6.1100000e+02   1.0218504e+01
   6.1200000e+02   1.0218592e+01
   6.1300000e+02   1.0218548e+01
   6.1400000e+02   1.0218475e+01
   6.1500000e+02   1.0218432e+01
   6.1600000e+02   1.0218461e+01
   6.1700000e+02   1.0218344e+01
   6.1800000e+02   1.0218392e+01
   6.1900000e+02   1.0218482e+01
   6.2000000e+02   1.0218477e+01
   6.2100000e+02   1.0218446e+01
   6.2200000e+02   1.0218332e+01
   6.2300000e+02   1.0218476e+01
   6.2400000e+02   1.0218446e+01
   6.2500000e+02   1.0218403e+01
   6.2600000e+02   1.0218186e+01
   6.2700000e+02   1.0218272e+01
   6.2800000e+02   1.0218173e+01
   6.2900000e+02   1.0218168e+01
   6.3000000e+02   1.0218324e+01
   6.3100000e+02   1.0218345e+01
   6.3200000e+02   1.0218191e+01
   6.3300000e+02   1.0218355e+01
   6.3400000e+02   1.0218342e+01
   6.3500000e+02   1.0218260e+01
   6.3600000e+02   1.0218352e+01
   6.3700000e+02   1.0218451e+01
   6.3800000e+02   1.0218364e+01
   6.3900000e+02   1.0218202e+01
   6.4000000e+02   1.0218420e+01
   6.4100000e+02   1.0218260e+01
   6.4200000e+02   1.0218370e+01
   6.4300000e+02   1.0217934e+01
   6.4400000e+02   1.0218346e+01
   6.4500000e+02   1.0218010e+01
   6.4600000e+02   1.0218005e+01
   6.4700000e+02   1.0218239e+01
   6.4800000e+02   1.0218221e+01
   6.4900000e+02   1.0217952e+01
   6.5000000e+02   1.0218274e+01
   6.5100000e+02   1.0217820e+01
   6.5200000e+02   1.0218253e+01
   6.5300000e+02   1.0217752e+01
   6.5400000e+02   1.0217734e+01
   6.5500000e+02   1.0217567e+01
   6.5600000e+02   1.0217677e+01
   6.5700000e+02   1.0217496e+01
   6.5800000e+02   1.0217450e+01
   6.5900000e+02   1.0217834e+01
   6.6000000e+02   1.0217647e+01
   6.6100000e+02   1.0217874e+01
   6.6200000e+02   1.0217588e+01
   6.6300000e+02   1.0217452e+01
   6.6400000e+02   1.0217710e+01
   6.6500000e+02   1.0217811e+01
   6.6600000e+02   1.0217669e+01
   6.6700000e+02   1.0218050e+01
   6.6800000e+02   1.0217716e+01
   6.6900000e+02   1.0217592e+01
   6.7000000e+02   1.0217945e+01
   6.7100000e+02   1.0217694e+01
   6.7200000e+02   1.0217317e+01
   6.7300000e+02   1.0217821e+01
   6.7400000e+02   1.0217818e+01
   6.7500000e+02   1.0217424e+01
   6.7600000e+02   1.0217682e+01
   6.7700000e+02   1.0217727e+01
   6.7800000e+02   1.0217710e+01
   6.7900000e+02   1.0217858e+01
   6.8000000e+02   1.0217268e+01
   6.8100000e+02   1.0217840e+01
   6.8200000e+02   1.0217351e+01
   6.8300000e+02   1.0217534e+01
   6.8400000e+02   1.0217304e+01
   6.8500000e+02   1.0217249e+01
   6.8600000e+02   1.0217439e+01
   6.8700000e+02   1.0217588e+01
   6.8800000e+02   1.0217367e+01
   6.8900000e+02   1.0217273e+01
   6.9000000e+02   1.0217457e+01
   6.9100000e+02   1.0217643e+01
   6.9200000e+02   1.0217291e+01
   6.9300000e+02   1.0216942e+01
   6.9400000e+02   1.0216870e+01
   6.9500000e+02   1.0216873e+01
   6.9600000e+02   1.0217244e+01
   6.9700000e+02   1.0216771e+01
   6.9800000e+02   1.0217028e+01
   6.9900000e+02   1.0217282e+01
   7.0000000e+02   1.0217116e+01
   7.0100000e+02   1.0217345e+01
   7.0200000e+02   1.0217194e+01
   7.0300000e+02   1.0217562e+01
   7.0400000e+02   1.0217216e+01
   7.0500000e+02   1.0217097e+01
   7.0600000e+02   1.0217268e+01
   7.0700000e+02   1.0216972e+01
   7.0800000e+02   1.0216711e+01
   7.0900000e+02   1.0216848e+01
   7.1000000e+02   1.0216719e+01
   7.1100000e+02   1.0216741e+01
   7.1200000e+02   1.0216561e+01
   7.1300000e+02   1.0216397e+01
   7.1400000e+02   1.0216794e+01
   7.1500000e+02   1.0216768e+01
   7.1600000e+02   1.0216875e+01
   7.1700000e+02   1.0216833e+01
   7.1800000e+02   1.0217184e+01
   7.1900000e+02   1.0216894e+01
   7.2000000e+02   1.0217120e+01
   7.2100000e+02   1.0216872e+01
   7.2200000e+02   1.0216609e+01
   7.2300000e+02   1.0216612e+01
   7.2400000e+02   1.0216624e+01
   7.2500000e+02   1.0216842e+01
   7.2600000e+02   1.0216729e+01
   7.2700000e+02   1.0216669e+01
   7.2800000e+02   1.0216711e+01
   7.2900000e+02   1.0216507e+01
   7.3000000e+02   1.0216488e+01
   7.3100000e+02   1.0216816e+01
   7.3200000e+02   1.0216436e+01
   7.3300000e+02   1.0216541e+01
   7.3400000e+02   1.0216595e+01
   7.3500000e+02   1.0216295e+01
   7.3600000e+02   1.0216555e+01
   7.3700000e+02   1.0216284e+01
   7.3800000e+02   1.0216089e+01
   7.3900000e+02   1.0215936e+01
   7.4000000e+02   1.0216717e+01
   7.4100000e+02   1.0216510e+01
   7.4200000e+02   1.0216422e+01
   7.4300000e+02   1.0216423e+01
   7.4400000e+02   1.0216146e+01
   7.4500000e+02   1.0216538e+01
   7.4600000e+02   1.0216325e+01
   7.4700000e+02   1.0216425e+01
   7.4800000e+02   1.0216151e+01
   7.4900000e+02   1.0216087e+01
   7.5000000e+02   1.0216176e+01
   7.5100000e+02   1.0216373e+01
   7.5200000e+02   1.0216528e+01
   7.5300000e+02   1.0216667e+01
   7.5400000e+02   1.0216311e+01
   7.5500000e+02   1.0216232e+01
   7.5600000e+02   1.0216223e+01
   7.5700000e+02   1.0216275e+01
   7.5800000e+02   1.0216066e+01
   7.5900000e+02   1.0216375e+01
   7.6000000e+02   1.0216366e+01
   7.6100000e+02   1.0216135e+01
   7.6200000e+02   1.0216473e+01
   7.6300000e+02   1.0216060e+01
   7.6400000e+02   1.0216074e+01
   7.6500000e+02   1.0216271e+01
   7.6600000e+02   1.0216269e+01
   7.6700000e+02   1.0216072e+01
   7.6800000e+02   1.0216140e+01
   7.6900000e+02   1.0216096e+01
   7.7000000e+02   1.0216110e+01
   7.7100000e+02   1.0216296e+01
   7.7200000e+02   1.0215843e+01
   7.7300000e+02   1.0215895e+01
   7.7400000e+02   1.0215887e+01
   7.7500000e+02   1.0215634e+01
   7.7600000e+02   1.0215661e+01
   7.7700000e+02   1.0215858e+01
   7.7800000e+02   1.0215864e+01
   7.7900000e+02   1.0215824e+01
   7.8000000e+02   1.0215721e+01
