   0.0000000e+00   1.0229792e+01
   1.0000000e+00   1.0225800e+01
   2.0000000e+00   1.0224569e+01
   3.0000000e+00   1.0223939e+01
   4.0000000e+00   1.0223524e+01
   5.0000000e+00   1.0222423e+01
   6.0000000e+00   1.0222004e+01
   7.0000000e+00   1.0221733e+01
   8.0000000e+00   1.0221247e+01
   9.0000000e+00   1.0221062e+01
   1.0000000e+01   1.0220915e+01
   1.1000000e+01   1.0220847e+01
   1.2000000e+01   1.0220549e+01
   1.3000000e+01   1.0220268e+01
   1.4000000e+01   1.0220080e+01
   1.5000000e+01   1.0219770e+01
   1.6000000e+01   1.0219861e+01
   1.7000000e+01   1.0219783e+01
   1.8000000e+01   1.0219712e+01
   1.9000000e+01   1.0219502e+01
   2.0000000e+01   1.0219436e+01
   2.1000000e+01   1.0219117e+01
   2.2000000e+01   1.0219494e+01
   2.3000000e+01   1.0219140e+01
   2.4000000e+01   1.0219010e+01
   2.5000000e+01   1.0219148e+01
   2.6000000e+01   1.0218847e+01
   2.7000000e+01   1.0218805e+01
   2.8000000e+01   1.0218652e+01
   2.9000000e+01   1.0218342e+01
   3.0000000e+01   1.0218380e+01
   3.1000000e+01   1.0218245e+01
   3.2000000e+01   1.0218326e+01
   3.3000000e+01   1.0218141e+01
   3.4000000e+01   1.0218124e+01
   3.5000000e+01   1.0218048e+01
   3.6000000e+01   1.0217949e+01
   3.7000000e+01   1.0217770e+01
   3.8000000e+01   1.0217692e+01
   3.9000000e+01   1.0217775e+01
   4.0000000e+01   1.0217227e+01
   4.1000000e+01   1.0217432e+01
   4.2000000e+01   1.0217448e+01
   4.3000000e+01   1.0217373e+01
   4.4000000e+01   1.0217396e+01
   4.5000000e+01   1.0217004e+01
   4.6000000e+01   1.0216908e+01
   4.7000000e+01   1.0217048e+01
   4.8000000e+01   1.0217066e+01
   4.9000000e+01   1.0216964e+01
   5.0000000e+01   1.0216994e+01
   5.1000000e+01   1.0217028e+01
   5.2000000e+01   1.0217042e+01
   5.3000000e+01   1.0216719e+01
   5.4000000e+01   1.0216661e+01
   5.5000000e+01   1.0216784e+01
   5.6000000e+01   1.0216575e+01
   5.7000000e+01   1.0216424e+01
   5.8000000e+01   1.0216453e+01
   5.9000000e+01   1.0216510e+01
   6.0000000e+01   1.0216418e+01
   6.1000000e+01   1.0216173e+01
   6.2000000e+01   1.0216315e+01
   6.3000000e+01   1.0216040e+01
   6.4000000e+01   1.0215980e+01
   6.5000000e+01   1.0215869e+01
   6.6000000e+01   1.0215846e+01
   6.7000000e+01   1.0216057e+01
   6.8000000e+01   1.0215874e+01
   6.9000000e+01   1.0215774e+01
   7.0000000e+01   1.0215563e+01
   7.1000000e+01   1.0215548e+01
   7.2000000e+01   1.0215471e+01
   7.3000000e+01   1.0215509e+01
   7.4000000e+01   1.0215537e+01
   7.5000000e+01   1.0215154e+01
   7.6000000e+01   1.0215123e+01
   7.7000000e+01   1.0215487e+01
   7.8000000e+01   1.0214991e+01
   7.9000000e+01   1.0215454e+01
   8.0000000e+01   1.0215344e+01
   8.1000000e+01   1.0215172e+01
   8.2000000e+01   1.0214903e+01
   8.3000000e+01   1.0214872e+01
   8.4000000e+01   1.0215014e+01
   8.5000000e+01   1.0214969e+01
   8.6000000e+01   1.0214862e+01
   8.7000000e+01   1.0214645e+01
   8.8000000e+01   1.0214871e+01
   8.9000000e+01   1.0215014e+01
   9.0000000e+01   1.0214525e+01
   9.1000000e+01   1.0214503e+01
   9.2000000e+01   1.0214114e+01
   9.3000000e+01   1.0214519e+01
   9.4000000e+01   1.0214368e+01
   9.5000000e+01   1.0214088e+01
   9.6000000e+01   1.0214214e+01
   9.7000000e+01   1.0213986e+01
   9.8000000e+01   1.0214230e+01
   9.9000000e+01   1.0214043e+01
   1.0000000e+02   1.0214076e+01
   1.0100000e+02   1.0213944e+01
   1.0200000e+02   1.0213664e+01
   1.0300000e+02   1.0213910e+01
   1.0400000e+02   1.0213885e+01
   1.0500000e+02   1.0213483e+01
   1.0600000e+02   1.0213695e+01
   1.0700000e+02   1.0213491e+01
   1.0800000e+02   1.0213788e+01
   1.0900000e+02   1.0213492e+01
   1.1000000e+02   1.0213527e+01
   1.1100000e+02   1.0213511e+01
   1.1200000e+02   1.0213624e+01
   1.1300000e+02   1.0213303e+01
   1.1400000e+02   1.0213457e+01
   1.1500000e+02   1.0213353e+01
   1.1600000e+02   1.0213274e+01
   1.1700000e+02   1.0213302e+01
   1.1800000e+02   1.0213116e+01
   1.1900000e+02   1.0213246e+01
   1.2000000e+02   1.0213163e+01
   1.2100000e+02   1.0213080e+01
   1.2200000e+02   1.0213123e+01
   1.2300000e+02   1.0213051e+01
   1.2400000e+02   1.0213112e+01
   1.2500000e+02   1.0212957e+01
   1.2600000e+02   1.0212914e+01
   1.2700000e+02   1.0212791e+01
   1.2800000e+02   1.0212861e+01
   1.2900000e+02   1.0212680e+01
   1.3000000e+02   1.0212460e+01
   1.3100000e+02   1.0212518e+01
   1.3200000e+02   1.0212536e+01
   1.3300000e+02   1.0212583e+01
   1.3400000e+02   1.0212364e+01
   1.3500000e+02   1.0212331e+01
   1.3600000e+02   1.0212493e+01
   1.3700000e+02   1.0212320e+01
   1.3800000e+02   1.0212115e+01
   1.3900000e+02   1.0212300e+01
   1.4000000e+02   1.0212428e+01
   1.4100000e+02   1.0212353e+01
   1.4200000e+02   1.0212124e+01
   1.4300000e+02   1.0212483e+01
   1.4400000e+02   1.0212275e+01
   1.4500000e+02   1.0212052e+01
   1.4600000e+02   1.0212098e+01
   1.4700000e+02   1.0212001e+01
   1.4800000e+02   1.0211885e+01
   1.4900000e+02   1.0211890e+01
   1.5000000e+02   1.0212135e+01
   1.5100000e+02   1.0211866e+01
   1.5200000e+02   1.0211900e+01
   1.5300000e+02   1.0211635e+01
   1.5400000e+02   1.0211913e+01
   1.5500000e+02   1.0211905e+01
   1.5600000e+02   1.0211538e+01
   1.5700000e+02   1.0211685e+01
   1.5800000e+02   1.0211355e+01
   1.5900000e+02   1.0211532e+01
   1.6000000e+02   1.0211577e+01
   1.6100000e+02   1.0211846e+01
   1.6200000e+02   1.0211711e+01
   1.6300000e+02   1.0211441e+01
   1.6400000e+02   1.0211620e+01
   1.6500000e+02   1.0211466e+01
   1.6600000e+02   1.0211217e+01
   1.6700000e+02   1.0208520e+01
   1.6800000e+02   1.0194682e+01
   1.6900000e+02   1.0173556e+01
   1.7000000e+02   1.0172755e+01
   1.7100000e+02   1.0184993e+01
   1.7200000e+02   1.0196488e+01
   1.7300000e+02   1.0202819e+01
   1.7400000e+02   1.0206155e+01
   1.7500000e+02   1.0207530e+01
   1.7600000e+02   1.0208398e+01
   1.7700000e+02   1.0209183e+01
   1.7800000e+02   1.0209234e+01
   1.7900000e+02   1.0187533e+01
   1.8000000e+02   1.0120142e+01
   1.8100000e+02   1.0116271e+01
   1.8200000e+02   1.0135947e+01
   1.8300000e+02   1.0144192e+01
   1.8400000e+02   1.0152986e+01
   1.8500000e+02   1.0160509e+01
   1.8600000e+02   1.0165345e+01
   1.8700000e+02   1.0169318e+01
   1.8800000e+02   1.0172886e+01
   1.8900000e+02   1.0175866e+01
   1.9000000e+02   1.0179076e+01
   1.9100000e+02   1.0184878e+01
   1.9200000e+02   1.0193263e+01
   1.9300000e+02   1.0200199e+01
   1.9400000e+02   1.0204963e+01
   1.9500000e+02   1.0206733e+01
   1.9600000e+02   1.0207877e+01
   1.9700000e+02   1.0208017e+01
   1.9800000e+02   1.0208353e+01
   1.9900000e+02   1.0208966e+01
   2.0000000e+02   1.0209066e+01
   2.0100000e+02   1.0209314e+01
   2.0200000e+02   1.0209810e+01
   2.0300000e+02   1.0209593e+01
   2.0400000e+02   1.0209878e+01
   2.0500000e+02   1.0209586e+01
   2.0600000e+02   1.0210075e+01
   2.0700000e+02   1.0210128e+01
   2.0800000e+02   1.0210226e+01
   2.0900000e+02   1.0210229e+01
   2.1000000e+02   1.0210341e+01
   2.1100000e+02   1.0210223e+01
   2.1200000e+02   1.0210170e+01
   2.1300000e+02   1.0210261e+01
   2.1400000e+02   1.0210293e+01
   2.1500000e+02   1.0210224e+01
   2.1600000e+02   1.0210077e+01
   2.1700000e+02   1.0210463e+01
   2.1800000e+02   1.0210011e+01
   2.1900000e+02   1.0210118e+01
   2.2000000e+02   1.0210108e+01
   2.2100000e+02   1.0210137e+01
   2.2200000e+02   1.0209931e+01
   2.2300000e+02   1.0210207e+01
   2.2400000e+02   1.0209970e+01
   2.2500000e+02   1.0210122e+01
   2.2600000e+02   1.0209825e+01
   2.2700000e+02   1.0209875e+01
   2.2800000e+02   1.0210049e+01
   2.2900000e+02   1.0209966e+01
   2.3000000e+02   1.0209718e+01
   2.3100000e+02   1.0209784e+01
   2.3200000e+02   1.0209903e+01
   2.3300000e+02   1.0209965e+01
   2.3400000e+02   1.0209913e+01
   2.3500000e+02   1.0209935e+01
   2.3600000e+02   1.0209508e+01
   2.3700000e+02   1.0209749e+01
   2.3800000e+02   1.0209755e+01
   2.3900000e+02   1.0209570e+01
   2.4000000e+02   1.0209630e+01
   2.4100000e+02   1.0209675e+01
   2.4200000e+02   1.0209589e+01
   2.4300000e+02   1.0209658e+01
   2.4400000e+02   1.0209533e+01
   2.4500000e+02   1.0208831e+01
   2.4600000e+02   1.0208282e+01
   2.4700000e+02   1.0207681e+01
   2.4800000e+02   1.0206841e+01
   2.4900000e+02   1.0206185e+01
   2.5000000e+02   1.0205557e+01
   2.5100000e+02   1.0205284e+01
   2.5200000e+02   1.0205480e+01
   2.5300000e+02   1.0205545e+01
   2.5400000e+02   1.0205499e+01
   2.5500000e+02   1.0205661e+01
   2.5600000e+02   1.0205536e+01
   2.5700000e+02   1.0205603e+01
   2.5800000e+02   1.0205762e+01
   2.5900000e+02   1.0205295e+01
   2.6000000e+02   1.0205466e+01
   2.6100000e+02   1.0205214e+01
   2.6200000e+02   1.0204749e+01
   2.6300000e+02   1.0204720e+01
   2.6400000e+02   1.0204310e+01
   2.6500000e+02   1.0204375e+01
   2.6600000e+02   1.0204597e+01
   2.6700000e+02   1.0204989e+01
   2.6800000e+02   1.0205323e+01
   2.6900000e+02   1.0205506e+01
   2.7000000e+02   1.0205877e+01
   2.7100000e+02   1.0206178e+01
   2.7200000e+02   1.0206541e+01
   2.7300000e+02   1.0206798e+01
   2.7400000e+02   1.0206799e+01
   2.7500000e+02   1.0207001e+01
   2.7600000e+02   1.0207258e+01
   2.7700000e+02   1.0207228e+01
   2.7800000e+02   1.0207584e+01
   2.7900000e+02   1.0207779e+01
   2.8000000e+02   1.0207301e+01
   2.8100000e+02   1.0207650e+01
   2.8200000e+02   1.0207626e+01
   2.8300000e+02   1.0208111e+01
   2.8400000e+02   1.0207402e+01
   2.8500000e+02   1.0207693e+01
   2.8600000e+02   1.0207754e+01
   2.8700000e+02   1.0207561e+01
   2.8800000e+02   1.0207486e+01
   2.8900000e+02   1.0207458e+01
   2.9000000e+02   1.0207605e+01
   2.9100000e+02   1.0207490e+01
   2.9200000e+02   1.0207378e+01
   2.9300000e+02   1.0207764e+01
   2.9400000e+02   1.0207359e+01
   2.9500000e+02   1.0207541e+01
   2.9600000e+02   1.0207420e+01
   2.9700000e+02   1.0207829e+01
   2.9800000e+02   1.0207468e+01
   2.9900000e+02   1.0207574e+01
   3.0000000e+02   1.0207890e+01
   3.0100000e+02   1.0207135e+01
   3.0200000e+02   1.0207139e+01
   3.0300000e+02   1.0206405e+01
   3.0400000e+02   1.0205751e+01
   3.0500000e+02   1.0204836e+01
   3.0600000e+02   1.0203469e+01
   3.0700000e+02   1.0201747e+01
   3.0800000e+02   1.0199346e+01
   3.0900000e+02   1.0196624e+01
   3.1000000e+02   1.0193359e+01
   3.1100000e+02   1.0190328e+01
   3.1200000e+02   1.0187326e+01
   3.1300000e+02   1.0185498e+01
   3.1400000e+02   1.0184364e+01
   3.1500000e+02   1.0183378e+01
   3.1600000e+02   1.0182325e+01
   3.1700000e+02   1.0181016e+01
   3.1800000e+02   1.0178380e+01
   3.1900000e+02   1.0174766e+01
   3.2000000e+02   1.0170906e+01
   3.2100000e+02   1.0166870e+01
   3.2200000e+02   1.0163510e+01
   3.2300000e+02   1.0161102e+01
   3.2400000e+02   1.0160174e+01
   3.2500000e+02   1.0160012e+01
   3.2600000e+02   1.0161623e+01
   3.2700000e+02   1.0164031e+01
   3.2800000e+02   1.0167587e+01
   3.2900000e+02   1.0171664e+01
   3.3000000e+02   1.0176148e+01
   3.3100000e+02   1.0180783e+01
   3.3200000e+02   1.0184922e+01
   3.3300000e+02   1.0188209e+01
   3.3400000e+02   1.0191441e+01
   3.3500000e+02   1.0193079e+01
   3.3600000e+02   1.0193953e+01
   3.3700000e+02   1.0194199e+01
   3.3800000e+02   1.0193827e+01
   3.3900000e+02   1.0193467e+01
   3.4000000e+02   1.0193103e+01
   3.4100000e+02   1.0192906e+01
   3.4200000e+02   1.0193222e+01
   3.4300000e+02   1.0193974e+01
   3.4400000e+02   1.0194927e+01
   3.4500000e+02   1.0196756e+01
   3.4600000e+02   1.0197905e+01
   3.4700000e+02   1.0199505e+01
   3.4800000e+02   1.0200627e+01
   3.4900000e+02   1.0201750e+01
   3.5000000e+02   1.0202676e+01
   3.5100000e+02   1.0203639e+01
   3.5200000e+02   1.0204234e+01
   3.5300000e+02   1.0204603e+01
   3.5400000e+02   1.0204921e+01
   3.5500000e+02   1.0205495e+01
   3.5600000e+02   1.0205365e+01
   3.5700000e+02   1.0205670e+01
   3.5800000e+02   1.0205250e+01
   3.5900000e+02   1.0205521e+01
   3.6000000e+02   1.0205312e+01
   3.6100000e+02   1.0204694e+01
   3.6200000e+02   1.0204488e+01
   3.6300000e+02   1.0204417e+01
   3.6400000e+02   1.0204374e+01
   3.6500000e+02   1.0204181e+01
   3.6600000e+02   1.0204066e+01
   3.6700000e+02   1.0204580e+01
   3.6800000e+02   1.0204600e+01
   3.6900000e+02   1.0204764e+01
   3.7000000e+02   1.0205337e+01
   3.7100000e+02   1.0205206e+01
   3.7200000e+02   1.0205378e+01
   3.7300000e+02   1.0205727e+01
   3.7400000e+02   1.0205713e+01
   3.7500000e+02   1.0205654e+01
   3.7600000e+02   1.0206208e+01
   3.7700000e+02   1.0205956e+01
   3.7800000e+02   1.0206061e+01
   3.7900000e+02   1.0206239e+01
   3.8000000e+02   1.0206361e+01
   3.8100000e+02   1.0206135e+01
   3.8200000e+02   1.0206189e+01
   3.8300000e+02   1.0206095e+01
   3.8400000e+02   1.0205836e+01
   3.8500000e+02   1.0205908e+01
   3.8600000e+02   1.0205958e+01
   3.8700000e+02   1.0205343e+01
   3.8800000e+02   1.0205241e+01
   3.8900000e+02   1.0204726e+01
   3.9000000e+02   1.0204570e+01
   3.9100000e+02   1.0204146e+01
   3.9200000e+02   1.0203758e+01
   3.9300000e+02   1.0203687e+01
   3.9400000e+02   1.0203765e+01
   3.9500000e+02   1.0203654e+01
   3.9600000e+02   1.0203851e+01
   3.9700000e+02   1.0204339e+01
   3.9800000e+02   1.0204386e+01
   3.9900000e+02   1.0204548e+01
   4.0000000e+02   1.0205021e+01
   4.0100000e+02   1.0204891e+01
   4.0200000e+02   1.0205506e+01
   4.0300000e+02   1.0205464e+01
   4.0400000e+02   1.0205417e+01
   4.0500000e+02   1.0205800e+01
   4.0600000e+02   1.0206030e+01
   4.0700000e+02   1.0205693e+01
   4.0800000e+02   1.0205893e+01
   4.0900000e+02   1.0205446e+01
   4.1000000e+02   1.0205660e+01
   4.1100000e+02   1.0205336e+01
   4.1200000e+02   1.0205581e+01
   4.1300000e+02   1.0205958e+01
   4.1400000e+02   1.0205561e+01
   4.1500000e+02   1.0205298e+01
   4.1600000e+02   1.0205557e+01
   4.1700000e+02   1.0205554e+01
   4.1800000e+02   1.0205818e+01
   4.1900000e+02   1.0205577e+01
   4.2000000e+02   1.0205552e+01
   4.2100000e+02   1.0205550e+01
   4.2200000e+02   1.0205784e+01
   4.2300000e+02   1.0205653e+01
   4.2400000e+02   1.0205688e+01
   4.2500000e+02   1.0205615e+01
   4.2600000e+02   1.0205413e+01
   4.2700000e+02   1.0205530e+01
   4.2800000e+02   1.0205401e+01
   4.2900000e+02   1.0205716e+01
   4.3000000e+02   1.0205211e+01
   4.3100000e+02   1.0205265e+01
   4.3200000e+02   1.0205359e+01
   4.3300000e+02   1.0205519e+01
   4.3400000e+02   1.0205380e+01
   4.3500000e+02   1.0205034e+01
   4.3600000e+02   1.0205079e+01
   4.3700000e+02   1.0204958e+01
   4.3800000e+02   1.0204626e+01
   4.3900000e+02   1.0203638e+01
   4.4000000e+02   1.0202069e+01
   4.4100000e+02   1.0199845e+01
   4.4200000e+02   1.0196454e+01
   4.4300000e+02   1.0191252e+01
   4.4400000e+02   1.0184697e+01
   4.4500000e+02   1.0175741e+01
   4.4600000e+02   1.0165306e+01
   4.4700000e+02   1.0154047e+01
   4.4800000e+02   1.0142610e+01
   4.4900000e+02   1.0132247e+01
   4.5000000e+02   1.0123792e+01
   4.5100000e+02   1.0117980e+01
   4.5200000e+02   1.0115438e+01
   4.5300000e+02   1.0116397e+01
   4.5400000e+02   1.0120193e+01
   4.5500000e+02   1.0126044e+01
   4.5600000e+02   1.0133697e+01
   4.5700000e+02   1.0142162e+01
   4.5800000e+02   1.0151021e+01
   4.5900000e+02   1.0159402e+01
   4.6000000e+02   1.0167213e+01
   4.6100000e+02   1.0173988e+01
   4.6200000e+02   1.0179852e+01
   4.6300000e+02   1.0184698e+01
   4.6400000e+02   1.0188570e+01
   4.6500000e+02   1.0191840e+01
   4.6600000e+02   1.0194216e+01
   4.6700000e+02   1.0196044e+01
   4.6800000e+02   1.0197568e+01
   4.6900000e+02   1.0198710e+01
   4.7000000e+02   1.0199718e+01
   4.7100000e+02   1.0200362e+01
   4.7200000e+02   1.0201349e+01
   4.7300000e+02   1.0201918e+01
   4.7400000e+02   1.0202487e+01
   4.7500000e+02   1.0203004e+01
   4.7600000e+02   1.0203410e+01
   4.7700000e+02   1.0203612e+01
   4.7800000e+02   1.0203848e+01
   4.7900000e+02   1.0204055e+01
   4.8000000e+02   1.0204370e+01
   4.8100000e+02   1.0204376e+01
   4.8200000e+02   1.0204470e+01
   4.8300000e+02   1.0204452e+01
   4.8400000e+02   1.0204663e+01
   4.8500000e+02   1.0204495e+01
   4.8600000e+02   1.0204656e+01
   4.8700000e+02   1.0204526e+01
   4.8800000e+02   1.0204566e+01
   4.8900000e+02   1.0204452e+01
   4.9000000e+02   1.0204435e+01
   4.9100000e+02   1.0204610e+01
   4.9200000e+02   1.0204291e+01
   4.9300000e+02   1.0204598e+01
   4.9400000e+02   1.0204386e+01
   4.9500000e+02   1.0204266e+01
   4.9600000e+02   1.0204399e+01
   4.9700000e+02   1.0204355e+01
   4.9800000e+02   1.0203932e+01
   4.9900000e+02   1.0204293e+01
   5.0000000e+02   1.0204149e+01
   5.0100000e+02   1.0204180e+01
   5.0200000e+02   1.0204206e+01
   5.0300000e+02   1.0204224e+01
   5.0400000e+02   1.0203917e+01
   5.0500000e+02   1.0204158e+01
   5.0600000e+02   1.0204072e+01
   5.0700000e+02   1.0204038e+01
   5.0800000e+02   1.0203817e+01
   5.0900000e+02   1.0203929e+01
   5.1000000e+02   1.0204026e+01
   5.1100000e+02   1.0204371e+01
   5.1200000e+02   1.0204048e+01
   5.1300000e+02   1.0203931e+01
   5.1400000e+02   1.0204037e+01
   5.1500000e+02   1.0204020e+01
   5.1600000e+02   1.0203679e+01
   5.1700000e+02   1.0203993e+01
   5.1800000e+02   1.0204081e+01
   5.1900000e+02   1.0204116e+01
   5.2000000e+02   1.0204229e+01
   5.2100000e+02   1.0204080e+01
   5.2200000e+02   1.0203474e+01
   5.2300000e+02   1.0203914e+01
   5.2400000e+02   1.0203876e+01
   5.2500000e+02   1.0203770e+01
   5.2600000e+02   1.0203989e+01
   5.2700000e+02   1.0203653e+01
   5.2800000e+02   1.0203714e+01
   5.2900000e+02   1.0204119e+01
   5.3000000e+02   1.0203631e+01
   5.3100000e+02   1.0203852e+01
   5.3200000e+02   1.0203774e+01
   5.3300000e+02   1.0203843e+01
   5.3400000e+02   1.0203763e+01
   5.3500000e+02   1.0203854e+01
   5.3600000e+02   1.0203688e+01
   5.3700000e+02   1.0203700e+01
   5.3800000e+02   1.0203617e+01
   5.3900000e+02   1.0203719e+01
   5.4000000e+02   1.0203835e+01
   5.4100000e+02   1.0203823e+01
   5.4200000e+02   1.0203605e+01
   5.4300000e+02   1.0203604e+01
   5.4400000e+02   1.0203623e+01
   5.4500000e+02   1.0203211e+01
   5.4600000e+02   1.0203457e+01
   5.4700000e+02   1.0203572e+01
   5.4800000e+02   1.0203320e+01
   5.4900000e+02   1.0203319e+01
   5.5000000e+02   1.0203365e+01
   5.5100000e+02   1.0203344e+01
   5.5200000e+02   1.0203287e+01
   5.5300000e+02   1.0203277e+01
   5.5400000e+02   1.0203283e+01
   5.5500000e+02   1.0203380e+01
   5.5600000e+02   1.0203050e+01
   5.5700000e+02   1.0203048e+01
   5.5800000e+02   1.0203275e+01
   5.5900000e+02   1.0203325e+01
   5.6000000e+02   1.0203189e+01
   5.6100000e+02   1.0203341e+01
   5.6200000e+02   1.0203301e+01
   5.6300000e+02   1.0203289e+01
   5.6400000e+02   1.0203345e+01
   5.6500000e+02   1.0203305e+01
   5.6600000e+02   1.0203007e+01
   5.6700000e+02   1.0203043e+01
   5.6800000e+02   1.0203117e+01
   5.6900000e+02   1.0203109e+01
   5.7000000e+02   1.0203041e+01
   5.7100000e+02   1.0203066e+01
   5.7200000e+02   1.0203220e+01
   5.7300000e+02   1.0202928e+01
   5.7400000e+02   1.0203030e+01
   5.7500000e+02   1.0202890e+01
   5.7600000e+02   1.0203172e+01
   5.7700000e+02   1.0202909e+01
   5.7800000e+02   1.0202958e+01
   5.7900000e+02   1.0203117e+01
   5.8000000e+02   1.0203037e+01
   5.8100000e+02   1.0203018e+01
   5.8200000e+02   1.0203197e+01
   5.8300000e+02   1.0203020e+01
   5.8400000e+02   1.0202779e+01
   5.8500000e+02   1.0202879e+01
   5.8600000e+02   1.0202834e+01
   5.8700000e+02   1.0202935e+01
   5.8800000e+02   1.0203126e+01
   5.8900000e+02   1.0202917e+01
   5.9000000e+02   1.0203000e+01
   5.9100000e+02   1.0203160e+01
   5.9200000e+02   1.0203123e+01
   5.9300000e+02   1.0203019e+01
   5.9400000e+02   1.0202795e+01
   5.9500000e+02   1.0202912e+01
   5.9600000e+02   1.0202851e+01
   5.9700000e+02   1.0202469e+01
   5.9800000e+02   1.0202548e+01
   5.9900000e+02   1.0202473e+01
   6.0000000e+02   1.0202515e+01
   6.0100000e+02   1.0202456e+01
   6.0200000e+02   1.0202363e+01
   6.0300000e+02   1.0202459e+01
   6.0400000e+02   1.0202450e+01
   6.0500000e+02   1.0202588e+01
   6.0600000e+02   1.0202502e+01
   6.0700000e+02   1.0202483e+01
   6.0800000e+02   1.0202280e+01
   6.0900000e+02   1.0202152e+01
   6.1000000e+02   1.0202508e+01
   6.1100000e+02   1.0202294e+01
   6.1200000e+02   1.0202568e+01
   6.1300000e+02   1.0202785e+01
   6.1400000e+02   1.0202444e+01
   6.1500000e+02   1.0202588e+01
   6.1600000e+02   1.0202386e+01
   6.1700000e+02   1.0202425e+01
   6.1800000e+02   1.0202367e+01
   6.1900000e+02   1.0202711e+01
   6.2000000e+02   1.0202589e+01
   6.2100000e+02   1.0202548e+01
   6.2200000e+02   1.0202457e+01
   6.2300000e+02   1.0202526e+01
   6.2400000e+02   1.0202608e+01
   6.2500000e+02   1.0202676e+01
   6.2600000e+02   1.0202364e+01
   6.2700000e+02   1.0202334e+01
   6.2800000e+02   1.0202509e+01
   6.2900000e+02   1.0202660e+01
   6.3000000e+02   1.0202354e+01
   6.3100000e+02   1.0202342e+01
   6.3200000e+02   1.0202411e+01
   6.3300000e+02   1.0202392e+01
   6.3400000e+02   1.0202136e+01
   6.3500000e+02   1.0202148e+01
   6.3600000e+02   1.0202466e+01
   6.3700000e+02   1.0202232e+01
   6.3800000e+02   1.0202339e+01
   6.3900000e+02   1.0202475e+01
   6.4000000e+02   1.0202537e+01
   6.4100000e+02   1.0202393e+01
   6.4200000e+02   1.0202443e+01
   6.4300000e+02   1.0202457e+01
   6.4400000e+02   1.0202354e+01
   6.4500000e+02   1.0202412e+01
   6.4600000e+02   1.0202227e+01
   6.4700000e+02   1.0202311e+01
   6.4800000e+02   1.0202322e+01
   6.4900000e+02   1.0202029e+01
   6.5000000e+02   1.0202318e+01
   6.5100000e+02   1.0202228e+01
   6.5200000e+02   1.0202307e+01
   6.5300000e+02   1.0202441e+01
   6.5400000e+02   1.0202289e+01
   6.5500000e+02   1.0202032e+01
   6.5600000e+02   1.0202184e+01
   6.5700000e+02   1.0202029e+01
   6.5800000e+02   1.0201819e+01
   6.5900000e+02   1.0202117e+01
   6.6000000e+02   1.0202030e+01
   6.6100000e+02   1.0201916e+01
   6.6200000e+02   1.0202111e+01
   6.6300000e+02   1.0201934e+01
   6.6400000e+02   1.0201890e+01
   6.6500000e+02   1.0202098e+01
   6.6600000e+02   1.0202067e+01
   6.6700000e+02   1.0202084e+01
   6.6800000e+02   1.0202032e+01
   6.6900000e+02   1.0201981e+01
   6.7000000e+02   1.0201858e+01
   6.7100000e+02   1.0201826e+01
   6.7200000e+02   1.0201803e+01
   6.7300000e+02   1.0201842e+01
   6.7400000e+02   1.0201663e+01
   6.7500000e+02   1.0201575e+01
   6.7600000e+02   1.0201127e+01
   6.7700000e+02   1.0201057e+01
   6.7800000e+02   1.0200665e+01
   6.7900000e+02   1.0200499e+01
   6.8000000e+02   1.0200006e+01
   6.8100000e+02   1.0199698e+01
   6.8200000e+02   1.0199207e+01
   6.8300000e+02   1.0198545e+01
   6.8400000e+02   1.0198012e+01
   6.8500000e+02   1.0197378e+01
   6.8600000e+02   1.0197200e+01
   6.8700000e+02   1.0196858e+01
   6.8800000e+02   1.0196404e+01
   6.8900000e+02   1.0196238e+01
   6.9000000e+02   1.0196292e+01
   6.9100000e+02   1.0195909e+01
   6.9200000e+02   1.0195892e+01
   6.9300000e+02   1.0196271e+01
   6.9400000e+02   1.0196495e+01
   6.9500000e+02   1.0196770e+01
   6.9600000e+02   1.0197145e+01
   6.9700000e+02   1.0197428e+01
   6.9800000e+02   1.0198133e+01
   6.9900000e+02   1.0198342e+01
   7.0000000e+02   1.0198653e+01
   7.0100000e+02   1.0198881e+01
   7.0200000e+02   1.0199468e+01
   7.0300000e+02   1.0199918e+01
   7.0400000e+02   1.0199757e+01
   7.0500000e+02   1.0200251e+01
   7.0600000e+02   1.0200118e+01
   7.0700000e+02   1.0200373e+01
   7.0800000e+02   1.0200765e+01
   7.0900000e+02   1.0200732e+01
   7.1000000e+02   1.0200695e+01
   7.1100000e+02   1.0200764e+01
   7.1200000e+02   1.0200883e+01
   7.1300000e+02   1.0201110e+01
   7.1400000e+02   1.0201127e+01
   7.1500000e+02   1.0200925e+01
   7.1600000e+02   1.0200935e+01
   7.1700000e+02   1.0200989e+01
   7.1800000e+02   1.0201068e+01
   7.1900000e+02   1.0201529e+01
   7.2000000e+02   1.0201388e+01
   7.2100000e+02   1.0201578e+01
   7.2200000e+02   1.0201296e+01
   7.2300000e+02   1.0201404e+01
   7.2400000e+02   1.0201576e+01
   7.2500000e+02   1.0201311e+01
   7.2600000e+02   1.0201424e+01
   7.2700000e+02   1.0201670e+01
   7.2800000e+02   1.0201397e+01
   7.2900000e+02   1.0201511e+01
   7.3000000e+02   1.0201265e+01
   7.3100000e+02   1.0201202e+01
   7.3200000e+02   1.0201321e+01
   7.3300000e+02   1.0201094e+01
   7.3400000e+02   1.0201187e+01
   7.3500000e+02   1.0201131e+01
   7.3600000e+02   1.0201124e+01
   7.3700000e+02   1.0201359e+01
   7.3800000e+02   1.0201063e+01
   7.3900000e+02   1.0201344e+01
   7.4000000e+02   1.0201307e+01
   7.4100000e+02   1.0200882e+01
   7.4200000e+02   1.0201258e+01
   7.4300000e+02   1.0201071e+01
   7.4400000e+02   1.0201064e+01
   7.4500000e+02   1.0201043e+01
   7.4600000e+02   1.0200845e+01
   7.4700000e+02   1.0200780e+01
   7.4800000e+02   1.0200955e+01
   7.4900000e+02   1.0200814e+01
   7.5000000e+02   1.0200617e+01
   7.5100000e+02   1.0200639e+01
   7.5200000e+02   1.0200700e+01
   7.5300000e+02   1.0200349e+01
   7.5400000e+02   1.0200895e+01
   7.5500000e+02   1.0200892e+01
   7.5600000e+02   1.0200796e+01
   7.5700000e+02   1.0201140e+01
   7.5800000e+02   1.0200757e+01
   7.5900000e+02   1.0200911e+01
   7.6000000e+02   1.0201099e+01
   7.6100000e+02   1.0200772e+01
   7.6200000e+02   1.0201010e+01
   7.6300000e+02   1.0200942e+01
   7.6400000e+02   1.0200651e+01
   7.6500000e+02   1.0200669e+01
   7.6600000e+02   1.0200863e+01
   7.6700000e+02   1.0200677e+01
   7.6800000e+02   1.0200996e+01
   7.6900000e+02   1.0200607e+01
   7.7000000e+02   1.0200498e+01
   7.7100000e+02   1.0200534e+01
   7.7200000e+02   1.0200619e+01
   7.7300000e+02   1.0200577e+01
   7.7400000e+02   1.0200386e+01
   7.7500000e+02   1.0200274e+01
   7.7600000e+02   1.0200314e+01
   7.7700000e+02   1.0200728e+01
   7.7800000e+02   1.0200516e+01
   7.7900000e+02   1.0200597e+01
   7.8000000e+02   1.0200173e+01
