   0.0000000e+00   1.0322203e+01
   1.0000000e+00   1.0317791e+01
   2.0000000e+00   1.0317020e+01
   3.0000000e+00   1.0316397e+01
   4.0000000e+00   1.0316112e+01
   5.0000000e+00   1.0315896e+01
   6.0000000e+00   1.0315443e+01
   7.0000000e+00   1.0315068e+01
   8.0000000e+00   1.0314872e+01
   9.0000000e+00   1.0314616e+01
   1.0000000e+01   1.0314484e+01
   1.1000000e+01   1.0314090e+01
   1.2000000e+01   1.0313938e+01
   1.3000000e+01   1.0313687e+01
   1.4000000e+01   1.0313495e+01
   1.5000000e+01   1.0313383e+01
   1.6000000e+01   1.0313253e+01
   1.7000000e+01   1.0313053e+01
   1.8000000e+01   1.0313166e+01
   1.9000000e+01   1.0312732e+01
   2.0000000e+01   1.0312648e+01
   2.1000000e+01   1.0312816e+01
   2.2000000e+01   1.0312606e+01
   2.3000000e+01   1.0312370e+01
   2.4000000e+01   1.0312320e+01
   2.5000000e+01   1.0312086e+01
   2.6000000e+01   1.0312228e+01
   2.7000000e+01   1.0311760e+01
   2.8000000e+01   1.0311973e+01
   2.9000000e+01   1.0311788e+01
   3.0000000e+01   1.0311583e+01
   3.1000000e+01   1.0311526e+01
   3.2000000e+01   1.0311382e+01
   3.3000000e+01   1.0311459e+01
   3.4000000e+01   1.0311535e+01
   3.5000000e+01   1.0311239e+01
   3.6000000e+01   1.0311082e+01
   3.7000000e+01   1.0310803e+01
   3.8000000e+01   1.0311040e+01
   3.9000000e+01   1.0310963e+01
   4.0000000e+01   1.0310655e+01
   4.1000000e+01   1.0310520e+01
   4.2000000e+01   1.0310587e+01
   4.3000000e+01   1.0310532e+01
   4.4000000e+01   1.0310330e+01
   4.5000000e+01   1.0310744e+01
   4.6000000e+01   1.0310506e+01
   4.7000000e+01   1.0310051e+01
   4.8000000e+01   1.0310217e+01
   4.9000000e+01   1.0310057e+01
   5.0000000e+01   1.0310051e+01
   5.1000000e+01   1.0310170e+01
   5.2000000e+01   1.0309800e+01
   5.3000000e+01   1.0309967e+01
   5.4000000e+01   1.0309624e+01
   5.5000000e+01   1.0309761e+01
   5.6000000e+01   1.0309770e+01
   5.7000000e+01   1.0309473e+01
   5.8000000e+01   1.0309570e+01
   5.9000000e+01   1.0309559e+01
   6.0000000e+01   1.0309304e+01
   6.1000000e+01   1.0309474e+01
   6.2000000e+01   1.0309363e+01
   6.3000000e+01   1.0309324e+01
   6.4000000e+01   1.0309114e+01
   6.5000000e+01   1.0309211e+01
   6.6000000e+01   1.0309146e+01
   6.7000000e+01   1.0308841e+01
   6.8000000e+01   1.0308715e+01
   6.9000000e+01   1.0308863e+01
   7.0000000e+01   1.0308735e+01
   7.1000000e+01   1.0308759e+01
   7.2000000e+01   1.0308403e+01
   7.3000000e+01   1.0308528e+01
   7.4000000e+01   1.0308343e+01
   7.5000000e+01   1.0308137e+01
   7.6000000e+01   1.0308365e+01
   7.7000000e+01   1.0308234e+01
   7.8000000e+01   1.0308284e+01
   7.9000000e+01   1.0308379e+01
   8.0000000e+01   1.0307973e+01
   8.1000000e+01   1.0307951e+01
   8.2000000e+01   1.0308031e+01
   8.3000000e+01   1.0308051e+01
   8.4000000e+01   1.0307660e+01
   8.5000000e+01   1.0307805e+01
   8.6000000e+01   1.0308110e+01
   8.7000000e+01   1.0307730e+01
   8.8000000e+01   1.0307694e+01
   8.9000000e+01   1.0307672e+01
   9.0000000e+01   1.0307636e+01
   9.1000000e+01   1.0307645e+01
   9.2000000e+01   1.0307825e+01
   9.3000000e+01   1.0307505e+01
   9.4000000e+01   1.0307521e+01
   9.5000000e+01   1.0307418e+01
   9.6000000e+01   1.0307216e+01
   9.7000000e+01   1.0307563e+01
   9.8000000e+01   1.0307270e+01
   9.9000000e+01   1.0307401e+01
   1.0000000e+02   1.0307400e+01
   1.0100000e+02   1.0307030e+01
   1.0200000e+02   1.0307128e+01
   1.0300000e+02   1.0307211e+01
   1.0400000e+02   1.0306956e+01
   1.0500000e+02   1.0306920e+01
   1.0600000e+02   1.0306687e+01
   1.0700000e+02   1.0306821e+01
   1.0800000e+02   1.0306740e+01
   1.0900000e+02   1.0306476e+01
   1.1000000e+02   1.0306660e+01
   1.1100000e+02   1.0306523e+01
   1.1200000e+02   1.0306557e+01
   1.1300000e+02   1.0306411e+01
   1.1400000e+02   1.0306210e+01
   1.1500000e+02   1.0306307e+01
   1.1600000e+02   1.0306027e+01
   1.1700000e+02   1.0306171e+01
   1.1800000e+02   1.0306207e+01
   1.1900000e+02   1.0306178e+01
   1.2000000e+02   1.0306094e+01
   1.2100000e+02   1.0305800e+01
   1.2200000e+02   1.0306077e+01
   1.2300000e+02   1.0305932e+01
   1.2400000e+02   1.0306077e+01
   1.2500000e+02   1.0305879e+01
   1.2600000e+02   1.0305627e+01
   1.2700000e+02   1.0305488e+01
   1.2800000e+02   1.0305629e+01
   1.2900000e+02   1.0305394e+01
   1.3000000e+02   1.0305517e+01
   1.3100000e+02   1.0305471e+01
   1.3200000e+02   1.0305285e+01
   1.3300000e+02   1.0305486e+01
   1.3400000e+02   1.0305711e+01
   1.3500000e+02   1.0305250e+01
   1.3600000e+02   1.0305446e+01
   1.3700000e+02   1.0305256e+01
   1.3800000e+02   1.0305487e+01
   1.3900000e+02   1.0305397e+01
   1.4000000e+02   1.0305305e+01
   1.4100000e+02   1.0305272e+01
   1.4200000e+02   1.0305294e+01
   1.4300000e+02   1.0305364e+01
   1.4400000e+02   1.0305241e+01
   1.4500000e+02   1.0305008e+01
   1.4600000e+02   1.0305162e+01
   1.4700000e+02   1.0305060e+01
   1.4800000e+02   1.0305070e+01
   1.4900000e+02   1.0304992e+01
   1.5000000e+02   1.0305164e+01
   1.5100000e+02   1.0305040e+01
   1.5200000e+02   1.0305027e+01
   1.5300000e+02   1.0304648e+01
   1.5400000e+02   1.0305113e+01
   1.5500000e+02   1.0305018e+01
   1.5600000e+02   1.0305053e+01
   1.5700000e+02   1.0304665e+01
   1.5800000e+02   1.0304912e+01
   1.5900000e+02   1.0304682e+01
   1.6000000e+02   1.0304569e+01
   1.6100000e+02   1.0304756e+01
   1.6200000e+02   1.0304344e+01
   1.6300000e+02   1.0304590e+01
   1.6400000e+02   1.0304393e+01
   1.6500000e+02   1.0304379e+01
   1.6600000e+02   1.0304151e+01
   1.6700000e+02   1.0301777e+01
   1.6800000e+02   1.0288411e+01
   1.6900000e+02   1.0270816e+01
   1.7000000e+02   1.0272742e+01
   1.7100000e+02   1.0283805e+01
   1.7200000e+02   1.0292307e+01
   1.7300000e+02   1.0295805e+01
   1.7400000e+02   1.0297470e+01
   1.7500000e+02   1.0298415e+01
   1.7600000e+02   1.0299521e+01
   1.7700000e+02   1.0300158e+01
   1.7800000e+02   1.0300771e+01
   1.7900000e+02   1.0288904e+01
   1.8000000e+02   1.0225916e+01
   1.8100000e+02   1.0210477e+01
   1.8200000e+02   1.0229152e+01
   1.8300000e+02   1.0236611e+01
   1.8400000e+02   1.0243680e+01
   1.8500000e+02   1.0250350e+01
   1.8600000e+02   1.0253760e+01
   1.8700000e+02   1.0256053e+01
   1.8800000e+02   1.0260934e+01
   1.8900000e+02   1.0268155e+01
   1.9000000e+02   1.0276864e+01
   1.9100000e+02   1.0284058e+01
   1.9200000e+02   1.0289420e+01
   1.9300000e+02   1.0293010e+01
   1.9400000e+02   1.0295048e+01
   1.9500000e+02   1.0296241e+01
   1.9600000e+02   1.0297332e+01
   1.9700000e+02   1.0298210e+01
   1.9800000e+02   1.0298418e+01
   1.9900000e+02   1.0299134e+01
   2.0000000e+02   1.0299599e+01
   2.0100000e+02   1.0299819e+01
   2.0200000e+02   1.0300330e+01
   2.0300000e+02   1.0300905e+01
   2.0400000e+02   1.0301152e+01
   2.0500000e+02   1.0301768e+01
   2.0600000e+02   1.0302094e+01
   2.0700000e+02   1.0302343e+01
   2.0800000e+02   1.0302571e+01
   2.0900000e+02   1.0302395e+01
   2.1000000e+02   1.0302371e+01
   2.1100000e+02   1.0302304e+01
   2.1200000e+02   1.0302482e+01
   2.1300000e+02   1.0302270e+01
   2.1400000e+02   1.0302283e+01
   2.1500000e+02   1.0302328e+01
   2.1600000e+02   1.0302376e+01
   2.1700000e+02   1.0302528e+01
   2.1800000e+02   1.0302058e+01
   2.1900000e+02   1.0302295e+01
   2.2000000e+02   1.0301753e+01
   2.2100000e+02   1.0301605e+01
   2.2200000e+02   1.0301283e+01
   2.2300000e+02   1.0300633e+01
   2.2400000e+02   1.0300295e+01
   2.2500000e+02   1.0299697e+01
   2.2600000e+02   1.0299493e+01
   2.2700000e+02   1.0298846e+01
   2.2800000e+02   1.0298873e+01
   2.2900000e+02   1.0298915e+01
   2.3000000e+02   1.0299252e+01
   2.3100000e+02   1.0299353e+01
   2.3200000e+02   1.0299683e+01
   2.3300000e+02   1.0299675e+01
   2.3400000e+02   1.0299832e+01
   2.3500000e+02   1.0299918e+01
   2.3600000e+02   1.0299982e+01
   2.3700000e+02   1.0299912e+01
   2.3800000e+02   1.0299893e+01
   2.3900000e+02   1.0299994e+01
   2.4000000e+02   1.0299721e+01
   2.4100000e+02   1.0299866e+01
   2.4200000e+02   1.0299613e+01
   2.4300000e+02   1.0299046e+01
   2.4400000e+02   1.0297779e+01
   2.4500000e+02   1.0295200e+01
   2.4600000e+02   1.0291103e+01
   2.4700000e+02   1.0286354e+01
   2.4800000e+02   1.0280932e+01
   2.4900000e+02   1.0276635e+01
   2.5000000e+02   1.0273987e+01
   2.5100000e+02   1.0273272e+01
   2.5200000e+02   1.0273838e+01
   2.5300000e+02   1.0274998e+01
   2.5400000e+02   1.0275977e+01
   2.5500000e+02   1.0276747e+01
   2.5600000e+02   1.0276384e+01
   2.5700000e+02   1.0275433e+01
   2.5800000e+02   1.0274422e+01
   2.5900000e+02   1.0272899e+01
   2.6000000e+02   1.0271305e+01
   2.6100000e+02   1.0269724e+01
   2.6200000e+02   1.0268451e+01
   2.6300000e+02   1.0266867e+01
   2.6400000e+02   1.0266107e+01
   2.6500000e+02   1.0266101e+01
   2.6600000e+02   1.0267092e+01
   2.6700000e+02   1.0269144e+01
   2.6800000e+02   1.0271215e+01
   2.6900000e+02   1.0274185e+01
   2.7000000e+02   1.0276620e+01
   2.7100000e+02   1.0279160e+01
   2.7200000e+02   1.0280526e+01
   2.7300000e+02   1.0281966e+01
   2.7400000e+02   1.0283223e+01
   2.7500000e+02   1.0283991e+01
   2.7600000e+02   1.0284811e+01
   2.7700000e+02   1.0286250e+01
   2.7800000e+02   1.0287180e+01
   2.7900000e+02   1.0288201e+01
   2.8000000e+02   1.0289144e+01
   2.8100000e+02   1.0289407e+01
   2.8200000e+02   1.0290218e+01
   2.8300000e+02   1.0290679e+01
   2.8400000e+02   1.0291223e+01
   2.8500000e+02   1.0291767e+01
   2.8600000e+02   1.0292367e+01
   2.8700000e+02   1.0293200e+01
   2.8800000e+02   1.0293965e+01
   2.8900000e+02   1.0294158e+01
   2.9000000e+02   1.0294923e+01
   2.9100000e+02   1.0295331e+01
   2.9200000e+02   1.0295641e+01
   2.9300000e+02   1.0295905e+01
   2.9400000e+02   1.0296410e+01
   2.9500000e+02   1.0296896e+01
   2.9600000e+02   1.0297058e+01
   2.9700000e+02   1.0297189e+01
   2.9800000e+02   1.0297184e+01
   2.9900000e+02   1.0297586e+01
   3.0000000e+02   1.0297506e+01
   3.0100000e+02   1.0297097e+01
   3.0200000e+02   1.0296549e+01
   3.0300000e+02   1.0295591e+01
   3.0400000e+02   1.0294198e+01
   3.0500000e+02   1.0292400e+01
   3.0600000e+02   1.0290257e+01
   3.0700000e+02   1.0287117e+01
   3.0800000e+02   1.0282707e+01
   3.0900000e+02   1.0277711e+01
   3.1000000e+02   1.0272105e+01
   3.1100000e+02   1.0266058e+01
   3.1200000e+02   1.0260832e+01
   3.1300000e+02   1.0257423e+01
   3.1400000e+02   1.0255341e+01
   3.1500000e+02   1.0254187e+01
   3.1600000e+02   1.0252735e+01
   3.1700000e+02   1.0249566e+01
   3.1800000e+02   1.0244585e+01
   3.1900000e+02   1.0237530e+01
   3.2000000e+02   1.0230231e+01
   3.2100000e+02   1.0222620e+01
   3.2200000e+02   1.0216744e+01
   3.2300000e+02   1.0212750e+01
   3.2400000e+02   1.0211351e+01
   3.2500000e+02   1.0211407e+01
   3.2600000e+02   1.0213815e+01
   3.2700000e+02   1.0217412e+01
   3.2800000e+02   1.0222658e+01
   3.2900000e+02   1.0228717e+01
   3.3000000e+02   1.0235535e+01
   3.3100000e+02   1.0242539e+01
   3.3200000e+02   1.0249034e+01
   3.3300000e+02   1.0254341e+01
   3.3400000e+02   1.0259104e+01
   3.3500000e+02   1.0262698e+01
   3.3600000e+02   1.0264592e+01
   3.3700000e+02   1.0265419e+01
   3.3800000e+02   1.0265442e+01
   3.3900000e+02   1.0265340e+01
   3.4000000e+02   1.0265385e+01
   3.4100000e+02   1.0265649e+01
   3.4200000e+02   1.0266640e+01
   3.4300000e+02   1.0268633e+01
   3.4400000e+02   1.0271147e+01
   3.4500000e+02   1.0273718e+01
   3.4600000e+02   1.0276672e+01
   3.4700000e+02   1.0279265e+01
   3.4800000e+02   1.0281882e+01
   3.4900000e+02   1.0284115e+01
   3.5000000e+02   1.0286150e+01
   3.5100000e+02   1.0287892e+01
   3.5200000e+02   1.0289580e+01
   3.5300000e+02   1.0290879e+01
   3.5400000e+02   1.0291880e+01
   3.5500000e+02   1.0292870e+01
   3.5600000e+02   1.0293541e+01
   3.5700000e+02   1.0293390e+01
   3.5800000e+02   1.0293826e+01
   3.5900000e+02   1.0293619e+01
   3.6000000e+02   1.0293613e+01
   3.6100000e+02   1.0293101e+01
   3.6200000e+02   1.0292717e+01
   3.6300000e+02   1.0292405e+01
   3.6400000e+02   1.0292103e+01
   3.6500000e+02   1.0292196e+01
   3.6600000e+02   1.0292558e+01
   3.6700000e+02   1.0292636e+01
   3.6800000e+02   1.0293268e+01
   3.6900000e+02   1.0294156e+01
   3.7000000e+02   1.0294489e+01
   3.7100000e+02   1.0294800e+01
   3.7200000e+02   1.0295315e+01
   3.7300000e+02   1.0295774e+01
   3.7400000e+02   1.0295934e+01
   3.7500000e+02   1.0296497e+01
   3.7600000e+02   1.0296648e+01
   3.7700000e+02   1.0296988e+01
   3.7800000e+02   1.0297016e+01
   3.7900000e+02   1.0297265e+01
   3.8000000e+02   1.0297295e+01
   3.8100000e+02   1.0297240e+01
   3.8200000e+02   1.0297391e+01
   3.8300000e+02   1.0297386e+01
   3.8400000e+02   1.0297112e+01
   3.8500000e+02   1.0297098e+01
   3.8600000e+02   1.0296926e+01
   3.8700000e+02   1.0296626e+01
   3.8800000e+02   1.0296068e+01
   3.8900000e+02   1.0295613e+01
   3.9000000e+02   1.0295170e+01
   3.9100000e+02   1.0294568e+01
   3.9200000e+02   1.0293776e+01
   3.9300000e+02   1.0293463e+01
   3.9400000e+02   1.0293305e+01
   3.9500000e+02   1.0293548e+01
   3.9600000e+02   1.0293401e+01
   3.9700000e+02   1.0293523e+01
   3.9800000e+02   1.0294126e+01
   3.9900000e+02   1.0294147e+01
   4.0000000e+02   1.0294770e+01
   4.0100000e+02   1.0295190e+01
   4.0200000e+02   1.0295283e+01
   4.0300000e+02   1.0295545e+01
   4.0400000e+02   1.0296390e+01
   4.0500000e+02   1.0296229e+01
   4.0600000e+02   1.0296251e+01
   4.0700000e+02   1.0296354e+01
   4.0800000e+02   1.0296258e+01
   4.0900000e+02   1.0296387e+01
   4.1000000e+02   1.0296743e+01
   4.1100000e+02   1.0296880e+01
   4.1200000e+02   1.0296846e+01
   4.1300000e+02   1.0297055e+01
   4.1400000e+02   1.0297112e+01
   4.1500000e+02   1.0297233e+01
   4.1600000e+02   1.0297545e+01
   4.1700000e+02   1.0297152e+01
   4.1800000e+02   1.0297035e+01
   4.1900000e+02   1.0296993e+01
   4.2000000e+02   1.0297117e+01
   4.2100000e+02   1.0297189e+01
   4.2200000e+02   1.0297031e+01
   4.2300000e+02   1.0297318e+01
   4.2400000e+02   1.0297296e+01
   4.2500000e+02   1.0296891e+01
   4.2600000e+02   1.0297205e+01
   4.2700000e+02   1.0296910e+01
   4.2800000e+02   1.0296753e+01
   4.2900000e+02   1.0297420e+01
   4.3000000e+02   1.0296910e+01
   4.3100000e+02   1.0296886e+01
   4.3200000e+02   1.0296884e+01
   4.3300000e+02   1.0297173e+01
   4.3400000e+02   1.0297092e+01
   4.3500000e+02   1.0296985e+01
   4.3600000e+02   1.0297327e+01
   4.3700000e+02   1.0296807e+01
   4.3800000e+02   1.0296355e+01
   4.3900000e+02   1.0296087e+01
   4.4000000e+02   1.0296187e+01
   4.4100000e+02   1.0295132e+01
   4.4200000e+02   1.0293633e+01
   4.4300000e+02   1.0292304e+01
   4.4400000e+02   1.0289905e+01
   4.4500000e+02   1.0286150e+01
   4.4600000e+02   1.0282485e+01
   4.4700000e+02   1.0278118e+01
   4.4800000e+02   1.0273367e+01
   4.4900000e+02   1.0269405e+01
   4.5000000e+02   1.0265814e+01
   4.5100000e+02   1.0262821e+01
   4.5200000e+02   1.0260440e+01
   4.5300000e+02   1.0259726e+01
   4.5400000e+02   1.0260839e+01
   4.5500000e+02   1.0262474e+01
   4.5600000e+02   1.0264655e+01
   4.5700000e+02   1.0267320e+01
   4.5800000e+02   1.0270174e+01
   4.5900000e+02   1.0273446e+01
   4.6000000e+02   1.0276051e+01
   4.6100000e+02   1.0278154e+01
   4.6200000e+02   1.0280733e+01
   4.6300000e+02   1.0282854e+01
   4.6400000e+02   1.0284355e+01
   4.6500000e+02   1.0285737e+01
   4.6600000e+02   1.0287314e+01
   4.6700000e+02   1.0288521e+01
   4.6800000e+02   1.0289343e+01
   4.6900000e+02   1.0290442e+01
   4.7000000e+02   1.0290525e+01
   4.7100000e+02   1.0291326e+01
   4.7200000e+02   1.0292002e+01
   4.7300000e+02   1.0292916e+01
   4.7400000e+02   1.0293230e+01
   4.7500000e+02   1.0293685e+01
   4.7600000e+02   1.0293767e+01
   4.7700000e+02   1.0293985e+01
   4.7800000e+02   1.0294457e+01
   4.7900000e+02   1.0295291e+01
   4.8000000e+02   1.0295151e+01
   4.8100000e+02   1.0295455e+01
   4.8200000e+02   1.0295601e+01
   4.8300000e+02   1.0295323e+01
   4.8400000e+02   1.0295816e+01
   4.8500000e+02   1.0296189e+01
   4.8600000e+02   1.0295608e+01
   4.8700000e+02   1.0295897e+01
   4.8800000e+02   1.0295971e+01
   4.8900000e+02   1.0296056e+01
   4.9000000e+02   1.0296288e+01
   4.9100000e+02   1.0296256e+01
   4.9200000e+02   1.0295608e+01
   4.9300000e+02   1.0296102e+01
   4.9400000e+02   1.0296028e+01
   4.9500000e+02   1.0296358e+01
   4.9600000e+02   1.0296709e+01
   4.9700000e+02   1.0296294e+01
   4.9800000e+02   1.0296262e+01
   4.9900000e+02   1.0296108e+01
   5.0000000e+02   1.0295834e+01
   5.0100000e+02   1.0295823e+01
   5.0200000e+02   1.0295607e+01
   5.0300000e+02   1.0295830e+01
   5.0400000e+02   1.0296036e+01
   5.0500000e+02   1.0295568e+01
   5.0600000e+02   1.0295830e+01
   5.0700000e+02   1.0295914e+01
   5.0800000e+02   1.0295594e+01
   5.0900000e+02   1.0295790e+01
   5.1000000e+02   1.0295716e+01
   5.1100000e+02   1.0295350e+01
   5.1200000e+02   1.0295938e+01
   5.1300000e+02   1.0295498e+01
   5.1400000e+02   1.0295579e+01
   5.1500000e+02   1.0295302e+01
   5.1600000e+02   1.0295314e+01
   5.1700000e+02   1.0295584e+01
   5.1800000e+02   1.0295581e+01
   5.1900000e+02   1.0295879e+01
   5.2000000e+02   1.0295782e+01
   5.2100000e+02   1.0295855e+01
   5.2200000e+02   1.0295833e+01
   5.2300000e+02   1.0295938e+01
   5.2400000e+02   1.0295592e+01
   5.2500000e+02   1.0295281e+01
   5.2600000e+02   1.0295244e+01
   5.2700000e+02   1.0295794e+01
   5.2800000e+02   1.0295220e+01
   5.2900000e+02   1.0295302e+01
   5.3000000e+02   1.0295515e+01
   5.3100000e+02   1.0295405e+01
   5.3200000e+02   1.0295183e+01
   5.3300000e+02   1.0295098e+01
   5.3400000e+02   1.0295351e+01
   5.3500000e+02   1.0295413e+01
   5.3600000e+02   1.0295399e+01
   5.3700000e+02   1.0295223e+01
   5.3800000e+02   1.0295096e+01
   5.3900000e+02   1.0295172e+01
   5.4000000e+02   1.0295248e+01
   5.4100000e+02   1.0295160e+01
   5.4200000e+02   1.0295334e+01
   5.4300000e+02   1.0295239e+01
   5.4400000e+02   1.0295303e+01
   5.4500000e+02   1.0294995e+01
   5.4600000e+02   1.0295555e+01
   5.4700000e+02   1.0295051e+01
   5.4800000e+02   1.0295154e+01
   5.4900000e+02   1.0295076e+01
   5.5000000e+02   1.0295189e+01
   5.5100000e+02   1.0295319e+01
   5.5200000e+02   1.0295380e+01
   5.5300000e+02   1.0294992e+01
   5.5400000e+02   1.0295107e+01
   5.5500000e+02   1.0294692e+01
   5.5600000e+02   1.0295024e+01
   5.5700000e+02   1.0295083e+01
   5.5800000e+02   1.0295065e+01
   5.5900000e+02   1.0295173e+01
   5.6000000e+02   1.0294878e+01
   5.6100000e+02   1.0294899e+01
   5.6200000e+02   1.0295176e+01
   5.6300000e+02   1.0294974e+01
   5.6400000e+02   1.0294766e+01
   5.6500000e+02   1.0294746e+01
   5.6600000e+02   1.0294715e+01
   5.6700000e+02   1.0294780e+01
   5.6800000e+02   1.0294634e+01
   5.6900000e+02   1.0294830e+01
   5.7000000e+02   1.0294899e+01
   5.7100000e+02   1.0294590e+01
   5.7200000e+02   1.0294814e+01
   5.7300000e+02   1.0294605e+01
   5.7400000e+02   1.0294547e+01
   5.7500000e+02   1.0294754e+01
   5.7600000e+02   1.0294599e+01
   5.7700000e+02   1.0294536e+01
   5.7800000e+02   1.0294879e+01
   5.7900000e+02   1.0294678e+01
   5.8000000e+02   1.0294602e+01
   5.8100000e+02   1.0294731e+01
   5.8200000e+02   1.0294595e+01
   5.8300000e+02   1.0294682e+01
   5.8400000e+02   1.0294763e+01
   5.8500000e+02   1.0294615e+01
   5.8600000e+02   1.0294938e+01
   5.8700000e+02   1.0294576e+01
   5.8800000e+02   1.0294721e+01
   5.8900000e+02   1.0294477e+01
   5.9000000e+02   1.0294711e+01
   5.9100000e+02   1.0294747e+01
   5.9200000e+02   1.0294773e+01
   5.9300000e+02   1.0294716e+01
   5.9400000e+02   1.0294517e+01
   5.9500000e+02   1.0294520e+01
   5.9600000e+02   1.0294171e+01
   5.9700000e+02   1.0294715e+01
   5.9800000e+02   1.0294128e+01
   5.9900000e+02   1.0294316e+01
   6.0000000e+02   1.0294006e+01
   6.0100000e+02   1.0294115e+01
   6.0200000e+02   1.0294084e+01
   6.0300000e+02   1.0293892e+01
   6.0400000e+02   1.0294048e+01
   6.0500000e+02   1.0294154e+01
   6.0600000e+02   1.0294133e+01
   6.0700000e+02   1.0293812e+01
   6.0800000e+02   1.0293939e+01
   6.0900000e+02   1.0294058e+01
   6.1000000e+02   1.0293973e+01
   6.1100000e+02   1.0293805e+01
   6.1200000e+02   1.0293744e+01
   6.1300000e+02   1.0294076e+01
   6.1400000e+02   1.0293865e+01
   6.1500000e+02   1.0293808e+01
   6.1600000e+02   1.0293970e+01
   6.1700000e+02   1.0293923e+01
   6.1800000e+02   1.0293942e+01
   6.1900000e+02   1.0293816e+01
   6.2000000e+02   1.0293910e+01
   6.2100000e+02   1.0293241e+01
   6.2200000e+02   1.0293634e+01
   6.2300000e+02   1.0293650e+01
   6.2400000e+02   1.0293675e+01
   6.2500000e+02   1.0293826e+01
   6.2600000e+02   1.0293456e+01
   6.2700000e+02   1.0293625e+01
   6.2800000e+02   1.0293630e+01
   6.2900000e+02   1.0293385e+01
   6.3000000e+02   1.0293586e+01
   6.3100000e+02   1.0293481e+01
   6.3200000e+02   1.0293359e+01
   6.3300000e+02   1.0293304e+01
   6.3400000e+02   1.0293445e+01
   6.3500000e+02   1.0293528e+01
   6.3600000e+02   1.0293681e+01
   6.3700000e+02   1.0293514e+01
   6.3800000e+02   1.0293191e+01
   6.3900000e+02   1.0293686e+01
   6.4000000e+02   1.0293478e+01
   6.4100000e+02   1.0293482e+01
   6.4200000e+02   1.0293513e+01
   6.4300000e+02   1.0293631e+01
   6.4400000e+02   1.0293333e+01
   6.4500000e+02   1.0293101e+01
   6.4600000e+02   1.0293490e+01
   6.4700000e+02   1.0293167e+01
   6.4800000e+02   1.0293397e+01
   6.4900000e+02   1.0293240e+01
   6.5000000e+02   1.0293346e+01
   6.5100000e+02   1.0293257e+01
   6.5200000e+02   1.0293340e+01
   6.5300000e+02   1.0293332e+01
   6.5400000e+02   1.0293223e+01
   6.5500000e+02   1.0293442e+01
   6.5600000e+02   1.0293248e+01
   6.5700000e+02   1.0292889e+01
   6.5800000e+02   1.0293203e+01
   6.5900000e+02   1.0293130e+01
   6.6000000e+02   1.0293188e+01
   6.6100000e+02   1.0293217e+01
   6.6200000e+02   1.0293015e+01
   6.6300000e+02   1.0293085e+01
   6.6400000e+02   1.0293381e+01
   6.6500000e+02   1.0293329e+01
   6.6600000e+02   1.0293046e+01
   6.6700000e+02   1.0292995e+01
   6.6800000e+02   1.0293296e+01
   6.6900000e+02   1.0293154e+01
   6.7000000e+02   1.0293147e+01
   6.7100000e+02   1.0292842e+01
   6.7200000e+02   1.0292796e+01
   6.7300000e+02   1.0293063e+01
   6.7400000e+02   1.0292919e+01
   6.7500000e+02   1.0292995e+01
   6.7600000e+02   1.0292527e+01
   6.7700000e+02   1.0292701e+01
   6.7800000e+02   1.0292714e+01
   6.7900000e+02   1.0292712e+01
   6.8000000e+02   1.0292627e+01
   6.8100000e+02   1.0292798e+01
   6.8200000e+02   1.0292755e+01
   6.8300000e+02   1.0292556e+01
   6.8400000e+02   1.0292801e+01
   6.8500000e+02   1.0292356e+01
   6.8600000e+02   1.0292529e+01
   6.8700000e+02   1.0292425e+01
   6.8800000e+02   1.0292900e+01
   6.8900000e+02   1.0292643e+01
   6.9000000e+02   1.0292550e+01
   6.9100000e+02   1.0292559e+01
   6.9200000e+02   1.0292577e+01
   6.9300000e+02   1.0292450e+01
   6.9400000e+02   1.0292486e+01
   6.9500000e+02   1.0292275e+01
   6.9600000e+02   1.0292351e+01
   6.9700000e+02   1.0292466e+01
   6.9800000e+02   1.0292193e+01
   6.9900000e+02   1.0292379e+01
   7.0000000e+02   1.0292224e+01
   7.0100000e+02   1.0292402e+01
   7.0200000e+02   1.0292260e+01
   7.0300000e+02   1.0292303e+01
   7.0400000e+02   1.0292089e+01
   7.0500000e+02   1.0292454e+01
   7.0600000e+02   1.0292283e+01
   7.0700000e+02   1.0292256e+01
   7.0800000e+02   1.0292232e+01
   7.0900000e+02   1.0292476e+01
   7.1000000e+02   1.0292541e+01
   7.1100000e+02   1.0292605e+01
   7.1200000e+02   1.0292206e+01
   7.1300000e+02   1.0292324e+01
   7.1400000e+02   1.0292368e+01
   7.1500000e+02   1.0292427e+01
   7.1600000e+02   1.0292362e+01
   7.1700000e+02   1.0292536e+01
   7.1800000e+02   1.0292519e+01
   7.1900000e+02   1.0292322e+01
   7.2000000e+02   1.0292120e+01
   7.2100000e+02   1.0292264e+01
   7.2200000e+02   1.0292356e+01
   7.2300000e+02   1.0292183e+01
   7.2400000e+02   1.0292319e+01
   7.2500000e+02   1.0292347e+01
   7.2600000e+02   1.0292022e+01
   7.2700000e+02   1.0291984e+01
   7.2800000e+02   1.0292099e+01
   7.2900000e+02   1.0292150e+01
   7.3000000e+02   1.0292266e+01
   7.3100000e+02   1.0292264e+01
   7.3200000e+02   1.0292027e+01
   7.3300000e+02   1.0291973e+01
   7.3400000e+02   1.0291959e+01
   7.3500000e+02   1.0292304e+01
   7.3600000e+02   1.0292156e+01
   7.3700000e+02   1.0292397e+01
   7.3800000e+02   1.0292052e+01
   7.3900000e+02   1.0292217e+01
   7.4000000e+02   1.0292385e+01
   7.4100000e+02   1.0291952e+01
   7.4200000e+02   1.0291725e+01
   7.4300000e+02   1.0291885e+01
   7.4400000e+02   1.0291942e+01
   7.4500000e+02   1.0291779e+01
   7.4600000e+02   1.0292121e+01
   7.4700000e+02   1.0292230e+01
   7.4800000e+02   1.0292239e+01
   7.4900000e+02   1.0292127e+01
   7.5000000e+02   1.0292100e+01
   7.5100000e+02   1.0292158e+01
   7.5200000e+02   1.0292192e+01
   7.5300000e+02   1.0292082e+01
   7.5400000e+02   1.0291956e+01
   7.5500000e+02   1.0292103e+01
   7.5600000e+02   1.0291789e+01
   7.5700000e+02   1.0291966e+01
   7.5800000e+02   1.0292018e+01
   7.5900000e+02   1.0291728e+01
   7.6000000e+02   1.0291942e+01
   7.6100000e+02   1.0291912e+01
   7.6200000e+02   1.0291788e+01
   7.6300000e+02   1.0291747e+01
   7.6400000e+02   1.0291765e+01
   7.6500000e+02   1.0291862e+01
   7.6600000e+02   1.0291646e+01
   7.6700000e+02   1.0291572e+01
   7.6800000e+02   1.0291538e+01
   7.6900000e+02   1.0291637e+01
   7.7000000e+02   1.0291658e+01
   7.7100000e+02   1.0291603e+01
   7.7200000e+02   1.0291409e+01
   7.7300000e+02   1.0291325e+01
   7.7400000e+02   1.0291606e+01
   7.7500000e+02   1.0291662e+01
   7.7600000e+02   1.0291652e+01
   7.7700000e+02   1.0291492e+01
   7.7800000e+02   1.0291472e+01
   7.7900000e+02   1.0291625e+01
   7.8000000e+02   1.0291487e+01
