   0.0000000e+00   1.0238692e+01
   1.0000000e+00   1.0234397e+01
   2.0000000e+00   1.0233178e+01
   3.0000000e+00   1.0232431e+01
   4.0000000e+00   1.0231948e+01
   5.0000000e+00   1.0231831e+01
   6.0000000e+00   1.0230958e+01
   7.0000000e+00   1.0230915e+01
   8.0000000e+00   1.0230675e+01
   9.0000000e+00   1.0230493e+01
   1.0000000e+01   1.0230435e+01
   1.1000000e+01   1.0230118e+01
   1.2000000e+01   1.0229992e+01
   1.3000000e+01   1.0229786e+01
   1.4000000e+01   1.0229450e+01
   1.5000000e+01   1.0229303e+01
   1.6000000e+01   1.0229172e+01
   1.7000000e+01   1.0229067e+01
   1.8000000e+01   1.0228933e+01
   1.9000000e+01   1.0228631e+01
   2.0000000e+01   1.0228580e+01
   2.1000000e+01   1.0228431e+01
   2.2000000e+01   1.0228452e+01
   2.3000000e+01   1.0228244e+01
   2.4000000e+01   1.0228437e+01
   2.5000000e+01   1.0228266e+01
   2.6000000e+01   1.0227942e+01
   2.7000000e+01   1.0228048e+01
   2.8000000e+01   1.0227850e+01
   2.9000000e+01   1.0227608e+01
   3.0000000e+01   1.0227607e+01
   3.1000000e+01   1.0227489e+01
   3.2000000e+01   1.0227388e+01
   3.3000000e+01   1.0227321e+01
   3.4000000e+01   1.0227496e+01
   3.5000000e+01   1.0226940e+01
   3.6000000e+01   1.0227136e+01
   3.7000000e+01   1.0226929e+01
   3.8000000e+01   1.0226758e+01
   3.9000000e+01   1.0226982e+01
   4.0000000e+01   1.0226901e+01
   4.1000000e+01   1.0226563e+01
   4.2000000e+01   1.0226589e+01
   4.3000000e+01   1.0226648e+01
   4.4000000e+01   1.0226460e+01
   4.5000000e+01   1.0226346e+01
   4.6000000e+01   1.0226319e+01
   4.7000000e+01   1.0226037e+01
   4.8000000e+01   1.0226413e+01
   4.9000000e+01   1.0226133e+01
   5.0000000e+01   1.0226311e+01
   5.1000000e+01   1.0226064e+01
   5.2000000e+01   1.0226053e+01
   5.3000000e+01   1.0225693e+01
   5.4000000e+01   1.0225816e+01
   5.5000000e+01   1.0225747e+01
   5.6000000e+01   1.0225841e+01
   5.7000000e+01   1.0225817e+01
   5.8000000e+01   1.0225850e+01
   5.9000000e+01   1.0225778e+01
   6.0000000e+01   1.0225797e+01
   6.1000000e+01   1.0225868e+01
   6.2000000e+01   1.0225861e+01
   6.3000000e+01   1.0225666e+01
   6.4000000e+01   1.0225831e+01
   6.5000000e+01   1.0225736e+01
   6.6000000e+01   1.0225639e+01
   6.7000000e+01   1.0225622e+01
   6.8000000e+01   1.0225636e+01
   6.9000000e+01   1.0225506e+01
   7.0000000e+01   1.0225477e+01
   7.1000000e+01   1.0225280e+01
   7.2000000e+01   1.0225290e+01
   7.3000000e+01   1.0225475e+01
   7.4000000e+01   1.0225269e+01
   7.5000000e+01   1.0225323e+01
   7.6000000e+01   1.0225010e+01
   7.7000000e+01   1.0225112e+01
   7.8000000e+01   1.0225224e+01
   7.9000000e+01   1.0225089e+01
   8.0000000e+01   1.0225141e+01
   8.1000000e+01   1.0224988e+01
   8.2000000e+01   1.0224734e+01
   8.3000000e+01   1.0224697e+01
   8.4000000e+01   1.0224964e+01
   8.5000000e+01   1.0224679e+01
   8.6000000e+01   1.0224720e+01
   8.7000000e+01   1.0224734e+01
   8.8000000e+01   1.0224741e+01
   8.9000000e+01   1.0224768e+01
   9.0000000e+01   1.0224518e+01
   9.1000000e+01   1.0224602e+01
   9.2000000e+01   1.0224572e+01
   9.3000000e+01   1.0224373e+01
   9.4000000e+01   1.0224642e+01
   9.5000000e+01   1.0224471e+01
   9.6000000e+01   1.0224537e+01
   9.7000000e+01   1.0224387e+01
   9.8000000e+01   1.0224441e+01
   9.9000000e+01   1.0224511e+01
   1.0000000e+02   1.0224440e+01
   1.0100000e+02   1.0224602e+01
   1.0200000e+02   1.0224511e+01
   1.0300000e+02   1.0224236e+01
   1.0400000e+02   1.0224372e+01
   1.0500000e+02   1.0224192e+01
   1.0600000e+02   1.0224225e+01
   1.0700000e+02   1.0224136e+01
   1.0800000e+02   1.0223884e+01
   1.0900000e+02   1.0223941e+01
   1.1000000e+02   1.0223823e+01
   1.1100000e+02   1.0223886e+01
   1.1200000e+02   1.0223869e+01
   1.1300000e+02   1.0223968e+01
   1.1400000e+02   1.0223876e+01
   1.1500000e+02   1.0223902e+01
   1.1600000e+02   1.0223746e+01
   1.1700000e+02   1.0223563e+01
   1.1800000e+02   1.0223651e+01
   1.1900000e+02   1.0223621e+01
   1.2000000e+02   1.0223484e+01
   1.2100000e+02   1.0223593e+01
   1.2200000e+02   1.0223751e+01
   1.2300000e+02   1.0223690e+01
   1.2400000e+02   1.0223642e+01
   1.2500000e+02   1.0223498e+01
   1.2600000e+02   1.0223334e+01
   1.2700000e+02   1.0223347e+01
   1.2800000e+02   1.0223292e+01
   1.2900000e+02   1.0223366e+01
   1.3000000e+02   1.0223401e+01
   1.3100000e+02   1.0223433e+01
   1.3200000e+02   1.0223492e+01
   1.3300000e+02   1.0223208e+01
   1.3400000e+02   1.0223120e+01
   1.3500000e+02   1.0223018e+01
   1.3600000e+02   1.0222843e+01
   1.3700000e+02   1.0222915e+01
   1.3800000e+02   1.0222828e+01
   1.3900000e+02   1.0222914e+01
   1.4000000e+02   1.0222933e+01
   1.4100000e+02   1.0222790e+01
   1.4200000e+02   1.0222812e+01
   1.4300000e+02   1.0222638e+01
   1.4400000e+02   1.0222791e+01
   1.4500000e+02   1.0222647e+01
   1.4600000e+02   1.0222749e+01
   1.4700000e+02   1.0222721e+01
   1.4800000e+02   1.0222479e+01
   1.4900000e+02   1.0222549e+01
   1.5000000e+02   1.0222533e+01
   1.5100000e+02   1.0222297e+01
   1.5200000e+02   1.0222313e+01
   1.5300000e+02   1.0222535e+01
   1.5400000e+02   1.0222484e+01
   1.5500000e+02   1.0222271e+01
   1.5600000e+02   1.0222593e+01
   1.5700000e+02   1.0222338e+01
   1.5800000e+02   1.0222514e+01
   1.5900000e+02   1.0222601e+01
   1.6000000e+02   1.0222322e+01
   1.6100000e+02   1.0222543e+01
   1.6200000e+02   1.0222433e+01
   1.6300000e+02   1.0222359e+01
   1.6400000e+02   1.0222100e+01
   1.6500000e+02   1.0222313e+01
   1.6600000e+02   1.0221991e+01
   1.6700000e+02   1.0218396e+01
   1.6800000e+02   1.0203436e+01
   1.6900000e+02   1.0188711e+01
   1.7000000e+02   1.0193999e+01
   1.7100000e+02   1.0205496e+01
   1.7200000e+02   1.0213805e+01
   1.7300000e+02   1.0216718e+01
   1.7400000e+02   1.0217503e+01
   1.7500000e+02   1.0217705e+01
   1.7600000e+02   1.0217449e+01
   1.7700000e+02   1.0217666e+01
   1.7800000e+02   1.0217653e+01
   1.7900000e+02   1.0202104e+01
   1.8000000e+02   1.0157952e+01
   1.8100000e+02   1.0156400e+01
   1.8200000e+02   1.0162866e+01
   1.8300000e+02   1.0165787e+01
   1.8400000e+02   1.0170682e+01
   1.8500000e+02   1.0174174e+01
   1.8600000e+02   1.0175844e+01
   1.8700000e+02   1.0177197e+01
   1.8800000e+02   1.0179823e+01
   1.8900000e+02   1.0183655e+01
   1.9000000e+02   1.0189935e+01
   1.9100000e+02   1.0196411e+01
   1.9200000e+02   1.0201769e+01
   1.9300000e+02   1.0206641e+01
   1.9400000e+02   1.0209602e+01
   1.9500000e+02   1.0211721e+01
   1.9600000e+02   1.0213091e+01
   1.9700000e+02   1.0213933e+01
   1.9800000e+02   1.0214923e+01
   1.9900000e+02   1.0215956e+01
   2.0000000e+02   1.0216476e+01
   2.0100000e+02   1.0216881e+01
   2.0200000e+02   1.0217475e+01
   2.0300000e+02   1.0217895e+01
   2.0400000e+02   1.0218082e+01
   2.0500000e+02   1.0218617e+01
   2.0600000e+02   1.0218847e+01
   2.0700000e+02   1.0219378e+01
   2.0800000e+02   1.0219595e+01
   2.0900000e+02   1.0219852e+01
   2.1000000e+02   1.0220187e+01
   2.1100000e+02   1.0220537e+01
   2.1200000e+02   1.0220738e+01
   2.1300000e+02   1.0220808e+01
   2.1400000e+02   1.0221221e+01
   2.1500000e+02   1.0220697e+01
   2.1600000e+02   1.0221002e+01
   2.1700000e+02   1.0220876e+01
   2.1800000e+02   1.0221028e+01
   2.1900000e+02   1.0221083e+01
   2.2000000e+02   1.0220814e+01
   2.2100000e+02   1.0220902e+01
   2.2200000e+02   1.0220986e+01
   2.2300000e+02   1.0220882e+01
   2.2400000e+02   1.0220922e+01
   2.2500000e+02   1.0220956e+01
   2.2600000e+02   1.0221251e+01
   2.2700000e+02   1.0220806e+01
   2.2800000e+02   1.0220652e+01
   2.2900000e+02   1.0220851e+01
   2.3000000e+02   1.0220788e+01
   2.3100000e+02   1.0220729e+01
   2.3200000e+02   1.0220855e+01
   2.3300000e+02   1.0220457e+01
   2.3400000e+02   1.0220829e+01
   2.3500000e+02   1.0220924e+01
   2.3600000e+02   1.0220766e+01
   2.3700000e+02   1.0220537e+01
   2.3800000e+02   1.0220699e+01
   2.3900000e+02   1.0220909e+01
   2.4000000e+02   1.0220566e+01
   2.4100000e+02   1.0220794e+01
   2.4200000e+02   1.0220716e+01
   2.4300000e+02   1.0219974e+01
   2.4400000e+02   1.0219761e+01
   2.4500000e+02   1.0218957e+01
   2.4600000e+02   1.0217319e+01
   2.4700000e+02   1.0215221e+01
   2.4800000e+02   1.0213624e+01
   2.4900000e+02   1.0212592e+01
   2.5000000e+02   1.0211491e+01
   2.5100000e+02   1.0212174e+01
   2.5200000e+02   1.0212443e+01
   2.5300000e+02   1.0213255e+01
   2.5400000e+02   1.0213580e+01
   2.5500000e+02   1.0213021e+01
   2.5600000e+02   1.0213219e+01
   2.5700000e+02   1.0212689e+01
   2.5800000e+02   1.0211574e+01
   2.5900000e+02   1.0211221e+01
   2.6000000e+02   1.0210447e+01
   2.6100000e+02   1.0209466e+01
   2.6200000e+02   1.0208914e+01
   2.6300000e+02   1.0208719e+01
   2.6400000e+02   1.0208895e+01
   2.6500000e+02   1.0208869e+01
   2.6600000e+02   1.0209480e+01
   2.6700000e+02   1.0210156e+01
   2.6800000e+02   1.0211317e+01
   2.6900000e+02   1.0212013e+01
   2.7000000e+02   1.0212516e+01
   2.7100000e+02   1.0213195e+01
   2.7200000e+02   1.0213097e+01
   2.7300000e+02   1.0213606e+01
   2.7400000e+02   1.0213411e+01
   2.7500000e+02   1.0213686e+01
   2.7600000e+02   1.0213839e+01
   2.7700000e+02   1.0214149e+01
   2.7800000e+02   1.0214653e+01
   2.7900000e+02   1.0214924e+01
   2.8000000e+02   1.0215397e+01
   2.8100000e+02   1.0215552e+01
   2.8200000e+02   1.0215635e+01
   2.8300000e+02   1.0215760e+01
   2.8400000e+02   1.0216263e+01
   2.8500000e+02   1.0216445e+01
   2.8600000e+02   1.0216516e+01
   2.8700000e+02   1.0216949e+01
   2.8800000e+02   1.0216995e+01
   2.8900000e+02   1.0217286e+01
   2.9000000e+02   1.0217184e+01
   2.9100000e+02   1.0217269e+01
   2.9200000e+02   1.0217572e+01
   2.9300000e+02   1.0217727e+01
   2.9400000e+02   1.0217884e+01
   2.9500000e+02   1.0217844e+01
   2.9600000e+02   1.0218145e+01
   2.9700000e+02   1.0218184e+01
   2.9800000e+02   1.0217968e+01
   2.9900000e+02   1.0218296e+01
   3.0000000e+02   1.0217868e+01
   3.0100000e+02   1.0217173e+01
   3.0200000e+02   1.0216641e+01
   3.0300000e+02   1.0215492e+01
   3.0400000e+02   1.0214037e+01
   3.0500000e+02   1.0212075e+01
   3.0600000e+02   1.0209326e+01
   3.0700000e+02   1.0205801e+01
   3.0800000e+02   1.0201480e+01
   3.0900000e+02   1.0196519e+01
   3.1000000e+02   1.0191476e+01
   3.1100000e+02   1.0187217e+01
   3.1200000e+02   1.0184500e+01
   3.1300000e+02   1.0183405e+01
   3.1400000e+02   1.0183168e+01
   3.1500000e+02   1.0182302e+01
   3.1600000e+02   1.0180247e+01
   3.1700000e+02   1.0175704e+01
   3.1800000e+02   1.0168845e+01
   3.1900000e+02   1.0161073e+01
   3.2000000e+02   1.0153679e+01
   3.2100000e+02   1.0147720e+01
   3.2200000e+02   1.0143824e+01
   3.2300000e+02   1.0142868e+01
   3.2400000e+02   1.0144292e+01
   3.2500000e+02   1.0146884e+01
   3.2600000e+02   1.0150961e+01
   3.2700000e+02   1.0155607e+01
   3.2800000e+02   1.0161363e+01
   3.2900000e+02   1.0166414e+01
   3.3000000e+02   1.0171509e+01
   3.3100000e+02   1.0175449e+01
   3.3200000e+02   1.0179270e+01
   3.3300000e+02   1.0181390e+01
   3.3400000e+02   1.0182701e+01
   3.3500000e+02   1.0183020e+01
   3.3600000e+02   1.0182752e+01
   3.3700000e+02   1.0181837e+01
   3.3800000e+02   1.0181573e+01
   3.3900000e+02   1.0181791e+01
   3.4000000e+02   1.0182936e+01
   3.4100000e+02   1.0185114e+01
   3.4200000e+02   1.0188140e+01
   3.4300000e+02   1.0191031e+01
   3.4400000e+02   1.0193985e+01
   3.4500000e+02   1.0196864e+01
   3.4600000e+02   1.0199339e+01
   3.4700000e+02   1.0201238e+01
   3.4800000e+02   1.0202864e+01
   3.4900000e+02   1.0204481e+01
   3.5000000e+02   1.0205567e+01
   3.5100000e+02   1.0206972e+01
   3.5200000e+02   1.0208046e+01
   3.5300000e+02   1.0209197e+01
   3.5400000e+02   1.0210016e+01
   3.5500000e+02   1.0210684e+01
   3.5600000e+02   1.0211217e+01
   3.5700000e+02   1.0211578e+01
   3.5800000e+02   1.0211886e+01
   3.5900000e+02   1.0211639e+01
   3.6000000e+02   1.0211874e+01
   3.6100000e+02   1.0211590e+01
   3.6200000e+02   1.0211411e+01
   3.6300000e+02   1.0211695e+01
   3.6400000e+02   1.0211953e+01
   3.6500000e+02   1.0212857e+01
   3.6600000e+02   1.0213187e+01
   3.6700000e+02   1.0213721e+01
   3.6800000e+02   1.0214428e+01
   3.6900000e+02   1.0215068e+01
   3.7000000e+02   1.0215460e+01
   3.7100000e+02   1.0215873e+01
   3.7200000e+02   1.0216371e+01
   3.7300000e+02   1.0216719e+01
   3.7400000e+02   1.0216955e+01
   3.7500000e+02   1.0217111e+01
   3.7600000e+02   1.0217089e+01
   3.7700000e+02   1.0217362e+01
   3.7800000e+02   1.0217410e+01
   3.7900000e+02   1.0217658e+01
   3.8000000e+02   1.0217873e+01
   3.8100000e+02   1.0217655e+01
   3.8200000e+02   1.0217693e+01
   3.8300000e+02   1.0217346e+01
   3.8400000e+02   1.0217041e+01
   3.8500000e+02   1.0216934e+01
   3.8600000e+02   1.0216479e+01
   3.8700000e+02   1.0215981e+01
   3.8800000e+02   1.0215318e+01
   3.8900000e+02   1.0214994e+01
   3.9000000e+02   1.0214750e+01
   3.9100000e+02   1.0214397e+01
   3.9200000e+02   1.0214646e+01
   3.9300000e+02   1.0214524e+01
   3.9400000e+02   1.0215175e+01
   3.9500000e+02   1.0215568e+01
   3.9600000e+02   1.0215952e+01
   3.9700000e+02   1.0216300e+01
   3.9800000e+02   1.0216340e+01
   3.9900000e+02   1.0216617e+01
   4.0000000e+02   1.0216812e+01
   4.0100000e+02   1.0217242e+01
   4.0200000e+02   1.0217265e+01
   4.0300000e+02   1.0217243e+01
   4.0400000e+02   1.0217310e+01
   4.0500000e+02   1.0217328e+01
   4.0600000e+02   1.0217468e+01
   4.0700000e+02   1.0217641e+01
   4.0800000e+02   1.0217860e+01
   4.0900000e+02   1.0217717e+01
   4.1000000e+02   1.0217998e+01
   4.1100000e+02   1.0218040e+01
   4.1200000e+02   1.0218172e+01
   4.1300000e+02   1.0218082e+01
   4.1400000e+02   1.0218032e+01
   4.1500000e+02   1.0218113e+01
   4.1600000e+02   1.0218246e+01
   4.1700000e+02   1.0218480e+01
   4.1800000e+02   1.0218252e+01
   4.1900000e+02   1.0218346e+01
   4.2000000e+02   1.0218465e+01
   4.2100000e+02   1.0218327e+01
   4.2200000e+02   1.0218447e+01
   4.2300000e+02   1.0218418e+01
   4.2400000e+02   1.0218313e+01
   4.2500000e+02   1.0218504e+01
   4.2600000e+02   1.0218320e+01
   4.2700000e+02   1.0218225e+01
   4.2800000e+02   1.0218255e+01
   4.2900000e+02   1.0218517e+01
   4.3000000e+02   1.0218460e+01
   4.3100000e+02   1.0218574e+01
   4.3200000e+02   1.0218499e+01
   4.3300000e+02   1.0218459e+01
   4.3400000e+02   1.0218191e+01
   4.3500000e+02   1.0217963e+01
   4.3600000e+02   1.0217297e+01
   4.3700000e+02   1.0216380e+01
   4.3800000e+02   1.0214782e+01
   4.3900000e+02   1.0211908e+01
   4.4000000e+02   1.0207419e+01
   4.4100000e+02   1.0200703e+01
   4.4200000e+02   1.0191869e+01
   4.4300000e+02   1.0180312e+01
   4.4400000e+02   1.0166299e+01
   4.4500000e+02   1.0151512e+01
   4.4600000e+02   1.0136610e+01
   4.4700000e+02   1.0123493e+01
   4.4800000e+02   1.0113165e+01
   4.4900000e+02   1.0107522e+01
   4.5000000e+02   1.0105938e+01
   4.5100000e+02   1.0108631e+01
   4.5200000e+02   1.0114093e+01
   4.5300000e+02   1.0121517e+01
   4.5400000e+02   1.0129872e+01
   4.5500000e+02   1.0138312e+01
   4.5600000e+02   1.0146098e+01
   4.5700000e+02   1.0152938e+01
   4.5800000e+02   1.0158585e+01
   4.5900000e+02   1.0163924e+01
   4.6000000e+02   1.0168464e+01
   4.6100000e+02   1.0172380e+01
   4.6200000e+02   1.0175723e+01
   4.6300000e+02   1.0179181e+01
   4.6400000e+02   1.0182704e+01
   4.6500000e+02   1.0185949e+01
   4.6600000e+02   1.0188693e+01
   4.6700000e+02   1.0191402e+01
   4.6800000e+02   1.0193870e+01
   4.6900000e+02   1.0195955e+01
   4.7000000e+02   1.0197916e+01
   4.7100000e+02   1.0199798e+01
   4.7200000e+02   1.0201328e+01
   4.7300000e+02   1.0202996e+01
   4.7400000e+02   1.0204516e+01
   4.7500000e+02   1.0205925e+01
   4.7600000e+02   1.0207216e+01
   4.7700000e+02   1.0208582e+01
   4.7800000e+02   1.0210025e+01
   4.7900000e+02   1.0210854e+01
   4.8000000e+02   1.0212008e+01
   4.8100000e+02   1.0212944e+01
   4.8200000e+02   1.0213801e+01
   4.8300000e+02   1.0214939e+01
   4.8400000e+02   1.0215079e+01
   4.8500000e+02   1.0215662e+01
   4.8600000e+02   1.0215939e+01
   4.8700000e+02   1.0216518e+01
   4.8800000e+02   1.0216649e+01
   4.8900000e+02   1.0216708e+01
   4.9000000e+02   1.0217077e+01
   4.9100000e+02   1.0217474e+01
   4.9200000e+02   1.0217456e+01
   4.9300000e+02   1.0217633e+01
   4.9400000e+02   1.0217444e+01
   4.9500000e+02   1.0217456e+01
   4.9600000e+02   1.0217554e+01
   4.9700000e+02   1.0217615e+01
   4.9800000e+02   1.0217556e+01
   4.9900000e+02   1.0217592e+01
   5.0000000e+02   1.0217609e+01
   5.0100000e+02   1.0217557e+01
   5.0200000e+02   1.0217894e+01
   5.0300000e+02   1.0217318e+01
   5.0400000e+02   1.0217519e+01
   5.0500000e+02   1.0217437e+01
   5.0600000e+02   1.0217321e+01
   5.0700000e+02   1.0217459e+01
   5.0800000e+02   1.0217423e+01
   5.0900000e+02   1.0217595e+01
   5.1000000e+02   1.0217510e+01
   5.1100000e+02   1.0217302e+01
   5.1200000e+02   1.0217490e+01
   5.1300000e+02   1.0217588e+01
   5.1400000e+02   1.0217619e+01
   5.1500000e+02   1.0217490e+01
   5.1600000e+02   1.0217007e+01
   5.1700000e+02   1.0217228e+01
   5.1800000e+02   1.0217263e+01
   5.1900000e+02   1.0217266e+01
   5.2000000e+02   1.0217175e+01
   5.2100000e+02   1.0217044e+01
   5.2200000e+02   1.0217198e+01
   5.2300000e+02   1.0217147e+01
   5.2400000e+02   1.0217428e+01
   5.2500000e+02   1.0217420e+01
   5.2600000e+02   1.0217368e+01
   5.2700000e+02   1.0217389e+01
   5.2800000e+02   1.0217387e+01
   5.2900000e+02   1.0217494e+01
   5.3000000e+02   1.0217637e+01
   5.3100000e+02   1.0217553e+01
   5.3200000e+02   1.0217608e+01
   5.3300000e+02   1.0217503e+01
   5.3400000e+02   1.0217724e+01
   5.3500000e+02   1.0217618e+01
   5.3600000e+02   1.0217670e+01
   5.3700000e+02   1.0217613e+01
   5.3800000e+02   1.0217367e+01
   5.3900000e+02   1.0217269e+01
   5.4000000e+02   1.0217363e+01
   5.4100000e+02   1.0217492e+01
   5.4200000e+02   1.0217182e+01
   5.4300000e+02   1.0217404e+01
   5.4400000e+02   1.0217419e+01
   5.4500000e+02   1.0217468e+01
   5.4600000e+02   1.0217204e+01
   5.4700000e+02   1.0217351e+01
   5.4800000e+02   1.0217221e+01
   5.4900000e+02   1.0217474e+01
   5.5000000e+02   1.0217579e+01
   5.5100000e+02   1.0217121e+01
   5.5200000e+02   1.0217274e+01
   5.5300000e+02   1.0217121e+01
   5.5400000e+02   1.0217218e+01
   5.5500000e+02   1.0217476e+01
   5.5600000e+02   1.0217202e+01
   5.5700000e+02   1.0216964e+01
   5.5800000e+02   1.0217193e+01
   5.5900000e+02   1.0216903e+01
   5.6000000e+02   1.0217098e+01
   5.6100000e+02   1.0217310e+01
   5.6200000e+02   1.0217438e+01
   5.6300000e+02   1.0217008e+01
   5.6400000e+02   1.0217375e+01
   5.6500000e+02   1.0217209e+01
   5.6600000e+02   1.0217166e+01
   5.6700000e+02   1.0217069e+01
   5.6800000e+02   1.0217075e+01
   5.6900000e+02   1.0217186e+01
   5.7000000e+02   1.0216788e+01
   5.7100000e+02   1.0217116e+01
   5.7200000e+02   1.0216821e+01
   5.7300000e+02   1.0217038e+01
   5.7400000e+02   1.0216942e+01
   5.7500000e+02   1.0216712e+01
   5.7600000e+02   1.0216656e+01
   5.7700000e+02   1.0216692e+01
   5.7800000e+02   1.0216889e+01
   5.7900000e+02   1.0216573e+01
   5.8000000e+02   1.0216713e+01
   5.8100000e+02   1.0216970e+01
   5.8200000e+02   1.0216656e+01
   5.8300000e+02   1.0216675e+01
   5.8400000e+02   1.0216862e+01
   5.8500000e+02   1.0216753e+01
   5.8600000e+02   1.0216835e+01
   5.8700000e+02   1.0216702e+01
   5.8800000e+02   1.0216747e+01
   5.8900000e+02   1.0216607e+01
   5.9000000e+02   1.0216937e+01
   5.9100000e+02   1.0216589e+01
   5.9200000e+02   1.0216547e+01
   5.9300000e+02   1.0216678e+01
   5.9400000e+02   1.0216517e+01
   5.9500000e+02   1.0216531e+01
   5.9600000e+02   1.0216547e+01
   5.9700000e+02   1.0216591e+01
   5.9800000e+02   1.0216574e+01
   5.9900000e+02   1.0216246e+01
   6.0000000e+02   1.0216164e+01
   6.0100000e+02   1.0216428e+01
   6.0200000e+02   1.0216313e+01
   6.0300000e+02   1.0216587e+01
   6.0400000e+02   1.0216682e+01
   6.0500000e+02   1.0216590e+01
   6.0600000e+02   1.0216390e+01
   6.0700000e+02   1.0216610e+01
   6.0800000e+02   1.0216336e+01
   6.0900000e+02   1.0216495e+01
   6.1000000e+02   1.0216294e+01
   6.1100000e+02   1.0216438e+01
   6.1200000e+02   1.0216419e+01
   6.1300000e+02   1.0216708e+01
   6.1400000e+02   1.0216504e+01
   6.1500000e+02   1.0216228e+01
   6.1600000e+02   1.0216358e+01
   6.1700000e+02   1.0216441e+01
   6.1800000e+02   1.0216377e+01
   6.1900000e+02   1.0216493e+01
   6.2000000e+02   1.0216498e+01
   6.2100000e+02   1.0216672e+01
   6.2200000e+02   1.0216677e+01
   6.2300000e+02   1.0216599e+01
   6.2400000e+02   1.0216645e+01
   6.2500000e+02   1.0216461e+01
   6.2600000e+02   1.0216583e+01
   6.2700000e+02   1.0216418e+01
   6.2800000e+02   1.0216345e+01
   6.2900000e+02   1.0216470e+01
   6.3000000e+02   1.0216324e+01
   6.3100000e+02   1.0216586e+01
   6.3200000e+02   1.0216445e+01
   6.3300000e+02   1.0216324e+01
   6.3400000e+02   1.0216170e+01
   6.3500000e+02   1.0216467e+01
   6.3600000e+02   1.0216290e+01
   6.3700000e+02   1.0216320e+01
   6.3800000e+02   1.0216352e+01
   6.3900000e+02   1.0216210e+01
   6.4000000e+02   1.0216307e+01
   6.4100000e+02   1.0215911e+01
   6.4200000e+02   1.0216071e+01
   6.4300000e+02   1.0216191e+01
   6.4400000e+02   1.0216053e+01
   6.4500000e+02   1.0216207e+01
   6.4600000e+02   1.0216270e+01
   6.4700000e+02   1.0216236e+01
   6.4800000e+02   1.0216374e+01
   6.4900000e+02   1.0216144e+01
   6.5000000e+02   1.0216098e+01
   6.5100000e+02   1.0216331e+01
   6.5200000e+02   1.0215996e+01
   6.5300000e+02   1.0216054e+01
   6.5400000e+02   1.0216052e+01
   6.5500000e+02   1.0216085e+01
   6.5600000e+02   1.0215848e+01
   6.5700000e+02   1.0215847e+01
   6.5800000e+02   1.0215879e+01
   6.5900000e+02   1.0215868e+01
   6.6000000e+02   1.0216006e+01
   6.6100000e+02   1.0216122e+01
   6.6200000e+02   1.0215839e+01
   6.6300000e+02   1.0215917e+01
   6.6400000e+02   1.0215902e+01
   6.6500000e+02   1.0215938e+01
   6.6600000e+02   1.0216279e+01
   6.6700000e+02   1.0215904e+01
   6.6800000e+02   1.0215958e+01
   6.6900000e+02   1.0215844e+01
   6.7000000e+02   1.0215869e+01
   6.7100000e+02   1.0215443e+01
   6.7200000e+02   1.0215252e+01
   6.7300000e+02   1.0214823e+01
   6.7400000e+02   1.0214545e+01
   6.7500000e+02   1.0214188e+01
   6.7600000e+02   1.0213810e+01
   6.7700000e+02   1.0213341e+01
   6.7800000e+02   1.0212733e+01
   6.7900000e+02   1.0212038e+01
   6.8000000e+02   1.0211411e+01
   6.8100000e+02   1.0210785e+01
   6.8200000e+02   1.0210018e+01
   6.8300000e+02   1.0209642e+01
   6.8400000e+02   1.0209261e+01
   6.8500000e+02   1.0208811e+01
   6.8600000e+02   1.0208378e+01
   6.8700000e+02   1.0208370e+01
   6.8800000e+02   1.0207995e+01
   6.8900000e+02   1.0208506e+01
   6.9000000e+02   1.0208595e+01
   6.9100000e+02   1.0208985e+01
   6.9200000e+02   1.0209345e+01
   6.9300000e+02   1.0209637e+01
   6.9400000e+02   1.0210158e+01
   6.9500000e+02   1.0210280e+01
   6.9600000e+02   1.0210740e+01
   6.9700000e+02   1.0211415e+01
   6.9800000e+02   1.0211436e+01
   6.9900000e+02   1.0211759e+01
   7.0000000e+02   1.0212139e+01
   7.0100000e+02   1.0212220e+01
   7.0200000e+02   1.0212777e+01
   7.0300000e+02   1.0212970e+01
   7.0400000e+02   1.0213127e+01
   7.0500000e+02   1.0213131e+01
   7.0600000e+02   1.0213315e+01
   7.0700000e+02   1.0213722e+01
   7.0800000e+02   1.0213805e+01
   7.0900000e+02   1.0214043e+01
   7.1000000e+02   1.0214184e+01
   7.1100000e+02   1.0214343e+01
   7.1200000e+02   1.0214419e+01
   7.1300000e+02   1.0214270e+01
   7.1400000e+02   1.0214528e+01
   7.1500000e+02   1.0214749e+01
   7.1600000e+02   1.0214724e+01
   7.1700000e+02   1.0214945e+01
   7.1800000e+02   1.0214985e+01
   7.1900000e+02   1.0215138e+01
   7.2000000e+02   1.0215157e+01
   7.2100000e+02   1.0215188e+01
   7.2200000e+02   1.0215277e+01
   7.2300000e+02   1.0215352e+01
   7.2400000e+02   1.0215158e+01
   7.2500000e+02   1.0215326e+01
   7.2600000e+02   1.0215395e+01
   7.2700000e+02   1.0215312e+01
   7.2800000e+02   1.0215538e+01
   7.2900000e+02   1.0215392e+01
   7.3000000e+02   1.0215478e+01
   7.3100000e+02   1.0215247e+01
   7.3200000e+02   1.0215157e+01
   7.3300000e+02   1.0215443e+01
   7.3400000e+02   1.0215187e+01
   7.3500000e+02   1.0215019e+01
   7.3600000e+02   1.0215352e+01
   7.3700000e+02   1.0215351e+01
   7.3800000e+02   1.0215214e+01
   7.3900000e+02   1.0215106e+01
   7.4000000e+02   1.0215118e+01
   7.4100000e+02   1.0215462e+01
   7.4200000e+02   1.0215156e+01
   7.4300000e+02   1.0215388e+01
   7.4400000e+02   1.0215373e+01
   7.4500000e+02   1.0215239e+01
   7.4600000e+02   1.0215417e+01
   7.4700000e+02   1.0215186e+01
   7.4800000e+02   1.0215291e+01
   7.4900000e+02   1.0215114e+01
   7.5000000e+02   1.0215296e+01
   7.5100000e+02   1.0215173e+01
   7.5200000e+02   1.0215167e+01
   7.5300000e+02   1.0214934e+01
   7.5400000e+02   1.0214612e+01
   7.5500000e+02   1.0215036e+01
   7.5600000e+02   1.0214997e+01
   7.5700000e+02   1.0215100e+01
   7.5800000e+02   1.0214939e+01
   7.5900000e+02   1.0214878e+01
   7.6000000e+02   1.0214888e+01
   7.6100000e+02   1.0214747e+01
   7.6200000e+02   1.0214936e+01
   7.6300000e+02   1.0214909e+01
   7.6400000e+02   1.0214834e+01
   7.6500000e+02   1.0214991e+01
   7.6600000e+02   1.0214755e+01
   7.6700000e+02   1.0214882e+01
   7.6800000e+02   1.0214978e+01
   7.6900000e+02   1.0215159e+01
   7.7000000e+02   1.0215025e+01
   7.7100000e+02   1.0215084e+01
   7.7200000e+02   1.0215171e+01
   7.7300000e+02   1.0215215e+01
   7.7400000e+02   1.0215525e+01
   7.7500000e+02   1.0215420e+01
   7.7600000e+02   1.0215415e+01
   7.7700000e+02   1.0215550e+01
   7.7800000e+02   1.0215030e+01
   7.7900000e+02   1.0215187e+01
   7.8000000e+02   1.0215077e+01
