   0.0000000e+00   1.0267596e+01
   1.0000000e+00   1.0263595e+01
   2.0000000e+00   1.0262539e+01
   3.0000000e+00   1.0262325e+01
   4.0000000e+00   1.0261334e+01
   5.0000000e+00   1.0261282e+01
   6.0000000e+00   1.0260716e+01
   7.0000000e+00   1.0261044e+01
   8.0000000e+00   1.0260485e+01
   9.0000000e+00   1.0260390e+01
   1.0000000e+01   1.0260010e+01
   1.1000000e+01   1.0259993e+01
   1.2000000e+01   1.0259973e+01
   1.3000000e+01   1.0259745e+01
   1.4000000e+01   1.0259540e+01
   1.5000000e+01   1.0259665e+01
   1.6000000e+01   1.0259713e+01
   1.7000000e+01   1.0259523e+01
   1.8000000e+01   1.0259287e+01
   1.9000000e+01   1.0259261e+01
   2.0000000e+01   1.0259159e+01
   2.1000000e+01   1.0259028e+01
   2.2000000e+01   1.0258937e+01
   2.3000000e+01   1.0258894e+01
   2.4000000e+01   1.0258843e+01
   2.5000000e+01   1.0258519e+01
   2.6000000e+01   1.0258444e+01
   2.7000000e+01   1.0258411e+01
   2.8000000e+01   1.0258385e+01
   2.9000000e+01   1.0258221e+01
   3.0000000e+01   1.0258101e+01
   3.1000000e+01   1.0257921e+01
   3.2000000e+01   1.0257827e+01
   3.3000000e+01   1.0258067e+01
   3.4000000e+01   1.0257909e+01
   3.5000000e+01   1.0257954e+01
   3.6000000e+01   1.0257805e+01
   3.7000000e+01   1.0257897e+01
   3.8000000e+01   1.0257836e+01
   3.9000000e+01   1.0257639e+01
   4.0000000e+01   1.0257660e+01
   4.1000000e+01   1.0257627e+01
   4.2000000e+01   1.0257663e+01
   4.3000000e+01   1.0257491e+01
   4.4000000e+01   1.0257375e+01
   4.5000000e+01   1.0257241e+01
   4.6000000e+01   1.0257355e+01
   4.7000000e+01   1.0257345e+01
   4.8000000e+01   1.0257276e+01
   4.9000000e+01   1.0257331e+01
   5.0000000e+01   1.0257045e+01
   5.1000000e+01   1.0257161e+01
   5.2000000e+01   1.0257175e+01
   5.3000000e+01   1.0257091e+01
   5.4000000e+01   1.0257323e+01
   5.5000000e+01   1.0257089e+01
   5.6000000e+01   1.0257257e+01
   5.7000000e+01   1.0256894e+01
   5.8000000e+01   1.0256977e+01
   5.9000000e+01   1.0257034e+01
   6.0000000e+01   1.0257087e+01
   6.1000000e+01   1.0257029e+01
   6.2000000e+01   1.0257203e+01
   6.3000000e+01   1.0256960e+01
   6.4000000e+01   1.0257213e+01
   6.5000000e+01   1.0256837e+01
   6.6000000e+01   1.0257096e+01
   6.7000000e+01   1.0256907e+01
   6.8000000e+01   1.0256912e+01
   6.9000000e+01   1.0256629e+01
   7.0000000e+01   1.0256898e+01
   7.1000000e+01   1.0256719e+01
   7.2000000e+01   1.0256866e+01
   7.3000000e+01   1.0256638e+01
   7.4000000e+01   1.0256773e+01
   7.5000000e+01   1.0256745e+01
   7.6000000e+01   1.0256598e+01
   7.7000000e+01   1.0256849e+01
   7.8000000e+01   1.0256511e+01
   7.9000000e+01   1.0256392e+01
   8.0000000e+01   1.0256428e+01
   8.1000000e+01   1.0256300e+01
   8.2000000e+01   1.0256434e+01
   8.3000000e+01   1.0256366e+01
   8.4000000e+01   1.0256204e+01
   8.5000000e+01   1.0256299e+01
   8.6000000e+01   1.0256199e+01
   8.7000000e+01   1.0256264e+01
   8.8000000e+01   1.0256036e+01
   8.9000000e+01   1.0256235e+01
   9.0000000e+01   1.0256295e+01
   9.1000000e+01   1.0256234e+01
   9.2000000e+01   1.0256190e+01
   9.3000000e+01   1.0256166e+01
   9.4000000e+01   1.0255810e+01
   9.5000000e+01   1.0256168e+01
   9.6000000e+01   1.0256153e+01
   9.7000000e+01   1.0256161e+01
   9.8000000e+01   1.0256220e+01
   9.9000000e+01   1.0255927e+01
   1.0000000e+02   1.0255904e+01
   1.0100000e+02   1.0256095e+01
   1.0200000e+02   1.0255704e+01
   1.0300000e+02   1.0255982e+01
   1.0400000e+02   1.0255799e+01
   1.0500000e+02   1.0255845e+01
   1.0600000e+02   1.0256040e+01
   1.0700000e+02   1.0255912e+01
   1.0800000e+02   1.0255721e+01
   1.0900000e+02   1.0255705e+01
   1.1000000e+02   1.0255817e+01
   1.1100000e+02   1.0255860e+01
   1.1200000e+02   1.0255654e+01
   1.1300000e+02   1.0255905e+01
   1.1400000e+02   1.0255970e+01
   1.1500000e+02   1.0255762e+01
   1.1600000e+02   1.0256096e+01
   1.1700000e+02   1.0255825e+01
   1.1800000e+02   1.0255762e+01
   1.1900000e+02   1.0255916e+01
   1.2000000e+02   1.0255904e+01
   1.2100000e+02   1.0255378e+01
   1.2200000e+02   1.0255633e+01
   1.2300000e+02   1.0255600e+01
   1.2400000e+02   1.0255836e+01
   1.2500000e+02   1.0255546e+01
   1.2600000e+02   1.0255602e+01
   1.2700000e+02   1.0255720e+01
   1.2800000e+02   1.0255770e+01
   1.2900000e+02   1.0255660e+01
   1.3000000e+02   1.0255543e+01
   1.3100000e+02   1.0255684e+01
   1.3200000e+02   1.0255440e+01
   1.3300000e+02   1.0255394e+01
   1.3400000e+02   1.0255514e+01
   1.3500000e+02   1.0255365e+01
   1.3600000e+02   1.0255458e+01
   1.3700000e+02   1.0255500e+01
   1.3800000e+02   1.0255147e+01
   1.3900000e+02   1.0255469e+01
   1.4000000e+02   1.0255288e+01
   1.4100000e+02   1.0255419e+01
   1.4200000e+02   1.0255233e+01
   1.4300000e+02   1.0255455e+01
   1.4400000e+02   1.0255304e+01
   1.4500000e+02   1.0255313e+01
   1.4600000e+02   1.0255176e+01
   1.4700000e+02   1.0255224e+01
   1.4800000e+02   1.0255011e+01
   1.4900000e+02   1.0254943e+01
   1.5000000e+02   1.0255282e+01
   1.5100000e+02   1.0255144e+01
   1.5200000e+02   1.0255249e+01
   1.5300000e+02   1.0254975e+01
   1.5400000e+02   1.0255217e+01
   1.5500000e+02   1.0255249e+01
   1.5600000e+02   1.0255301e+01
   1.5700000e+02   1.0255177e+01
   1.5800000e+02   1.0254942e+01
   1.5900000e+02   1.0254984e+01
   1.6000000e+02   1.0254933e+01
   1.6100000e+02   1.0254948e+01
   1.6200000e+02   1.0254888e+01
   1.6300000e+02   1.0255013e+01
   1.6400000e+02   1.0254915e+01
   1.6500000e+02   1.0254912e+01
   1.6600000e+02   1.0254377e+01
   1.6700000e+02   1.0249361e+01
   1.6800000e+02   1.0231941e+01
   1.6900000e+02   1.0219055e+01
   1.7000000e+02   1.0226270e+01
   1.7100000e+02   1.0237932e+01
   1.7200000e+02   1.0245181e+01
   1.7300000e+02   1.0247859e+01
   1.7400000e+02   1.0249167e+01
   1.7500000e+02   1.0249638e+01
   1.7600000e+02   1.0250450e+01
   1.7700000e+02   1.0251186e+01
   1.7800000e+02   1.0249812e+01
   1.7900000e+02   1.0218268e+01
   1.8000000e+02   1.0170915e+01
   1.8100000e+02   1.0175941e+01
   1.8200000e+02   1.0188077e+01
   1.8300000e+02   1.0192788e+01
   1.8400000e+02   1.0198836e+01
   1.8500000e+02   1.0201892e+01
   1.8600000e+02   1.0203480e+01
   1.8700000e+02   1.0205858e+01
   1.8800000e+02   1.0211362e+01
   1.8900000e+02   1.0219315e+01
   1.9000000e+02   1.0228288e+01
   1.9100000e+02   1.0236052e+01
   1.9200000e+02   1.0241197e+01
   1.9300000e+02   1.0244074e+01
   1.9400000e+02   1.0246264e+01
   1.9500000e+02   1.0247874e+01
   1.9600000e+02   1.0248618e+01
   1.9700000e+02   1.0249664e+01
   1.9800000e+02   1.0250011e+01
   1.9900000e+02   1.0250676e+01
   2.0000000e+02   1.0251093e+01
   2.0100000e+02   1.0251503e+01
   2.0200000e+02   1.0251882e+01
   2.0300000e+02   1.0252406e+01
   2.0400000e+02   1.0252947e+01
   2.0500000e+02   1.0253435e+01
   2.0600000e+02   1.0253744e+01
   2.0700000e+02   1.0253974e+01
   2.0800000e+02   1.0253997e+01
   2.0900000e+02   1.0254060e+01
   2.1000000e+02   1.0254188e+01
   2.1100000e+02   1.0254071e+01
   2.1200000e+02   1.0254169e+01
   2.1300000e+02   1.0254221e+01
   2.1400000e+02   1.0254100e+01
   2.1500000e+02   1.0254004e+01
   2.1600000e+02   1.0254168e+01
   2.1700000e+02   1.0253909e+01
   2.1800000e+02   1.0254045e+01
   2.1900000e+02   1.0254369e+01
   2.2000000e+02   1.0254034e+01
   2.2100000e+02   1.0254235e+01
   2.2200000e+02   1.0254070e+01
   2.2300000e+02   1.0253949e+01
   2.2400000e+02   1.0253856e+01
   2.2500000e+02   1.0253912e+01
   2.2600000e+02   1.0254073e+01
   2.2700000e+02   1.0253817e+01
   2.2800000e+02   1.0254046e+01
   2.2900000e+02   1.0253759e+01
   2.3000000e+02   1.0253905e+01
   2.3100000e+02   1.0253610e+01
   2.3200000e+02   1.0253816e+01
   2.3300000e+02   1.0253782e+01
   2.3400000e+02   1.0253666e+01
   2.3500000e+02   1.0253862e+01
   2.3600000e+02   1.0253760e+01
   2.3700000e+02   1.0253741e+01
   2.3800000e+02   1.0253910e+01
   2.3900000e+02   1.0253610e+01
   2.4000000e+02   1.0253598e+01
   2.4100000e+02   1.0253634e+01
   2.4200000e+02   1.0253553e+01
   2.4300000e+02   1.0253455e+01
   2.4400000e+02   1.0252844e+01
   2.4500000e+02   1.0252178e+01
   2.4600000e+02   1.0250947e+01
   2.4700000e+02   1.0249759e+01
   2.4800000e+02   1.0248613e+01
   2.4900000e+02   1.0247757e+01
   2.5000000e+02   1.0247396e+01
   2.5100000e+02   1.0247326e+01
   2.5200000e+02   1.0247729e+01
   2.5300000e+02   1.0248079e+01
   2.5400000e+02   1.0248515e+01
   2.5500000e+02   1.0248179e+01
   2.5600000e+02   1.0248131e+01
   2.5700000e+02   1.0247587e+01
   2.5800000e+02   1.0247171e+01
   2.5900000e+02   1.0246902e+01
   2.6000000e+02   1.0246296e+01
   2.6100000e+02   1.0245897e+01
   2.6200000e+02   1.0245493e+01
   2.6300000e+02   1.0245348e+01
   2.6400000e+02   1.0245324e+01
   2.6500000e+02   1.0245411e+01
   2.6600000e+02   1.0246073e+01
   2.6700000e+02   1.0246599e+01
   2.6800000e+02   1.0247176e+01
   2.6900000e+02   1.0247937e+01
   2.7000000e+02   1.0248132e+01
   2.7100000e+02   1.0248822e+01
   2.7200000e+02   1.0248935e+01
   2.7300000e+02   1.0248970e+01
   2.7400000e+02   1.0249541e+01
   2.7500000e+02   1.0249584e+01
   2.7600000e+02   1.0249840e+01
   2.7700000e+02   1.0250171e+01
   2.7800000e+02   1.0250751e+01
   2.7900000e+02   1.0250751e+01
   2.8000000e+02   1.0250574e+01
   2.8100000e+02   1.0250898e+01
   2.8200000e+02   1.0250971e+01
   2.8300000e+02   1.0251339e+01
   2.8400000e+02   1.0251252e+01
   2.8500000e+02   1.0251256e+01
   2.8600000e+02   1.0251509e+01
   2.8700000e+02   1.0251496e+01
   2.8800000e+02   1.0251757e+01
   2.8900000e+02   1.0251876e+01
   2.9000000e+02   1.0251902e+01
   2.9100000e+02   1.0251731e+01
   2.9200000e+02   1.0252040e+01
   2.9300000e+02   1.0252027e+01
   2.9400000e+02   1.0252264e+01
   2.9500000e+02   1.0252281e+01
   2.9600000e+02   1.0252388e+01
   2.9700000e+02   1.0252613e+01
   2.9800000e+02   1.0252309e+01
   2.9900000e+02   1.0252108e+01
   3.0000000e+02   1.0251845e+01
   3.0100000e+02   1.0251310e+01
   3.0200000e+02   1.0250083e+01
   3.0300000e+02   1.0248881e+01
   3.0400000e+02   1.0247295e+01
   3.0500000e+02   1.0245143e+01
   3.0600000e+02   1.0242060e+01
   3.0700000e+02   1.0238061e+01
   3.0800000e+02   1.0233815e+01
   3.0900000e+02   1.0228800e+01
   3.1000000e+02   1.0224519e+01
   3.1100000e+02   1.0221302e+01
   3.1200000e+02   1.0219858e+01
   3.1300000e+02   1.0218969e+01
   3.1400000e+02   1.0218142e+01
   3.1500000e+02   1.0216393e+01
   3.1600000e+02   1.0212493e+01
   3.1700000e+02   1.0206988e+01
   3.1800000e+02   1.0200359e+01
   3.1900000e+02   1.0193501e+01
   3.2000000e+02   1.0188254e+01
   3.2100000e+02   1.0184916e+01
   3.2200000e+02   1.0183038e+01
   3.2300000e+02   1.0183424e+01
   3.2400000e+02   1.0185510e+01
   3.2500000e+02   1.0188651e+01
   3.2600000e+02   1.0193162e+01
   3.2700000e+02   1.0198257e+01
   3.2800000e+02   1.0203666e+01
   3.2900000e+02   1.0208967e+01
   3.3000000e+02   1.0213704e+01
   3.3100000e+02   1.0217926e+01
   3.3200000e+02   1.0220935e+01
   3.3300000e+02   1.0222969e+01
   3.3400000e+02   1.0223943e+01
   3.3500000e+02   1.0224038e+01
   3.3600000e+02   1.0223930e+01
   3.3700000e+02   1.0223644e+01
   3.3800000e+02   1.0223773e+01
   3.3900000e+02   1.0224589e+01
   3.4000000e+02   1.0226232e+01
   3.4100000e+02   1.0228193e+01
   3.4200000e+02   1.0230674e+01
   3.4300000e+02   1.0232792e+01
   3.4400000e+02   1.0235488e+01
   3.4500000e+02   1.0237738e+01
   3.4600000e+02   1.0239688e+01
   3.4700000e+02   1.0241203e+01
   3.4800000e+02   1.0242700e+01
   3.4900000e+02   1.0244050e+01
   3.5000000e+02   1.0245310e+01
   3.5100000e+02   1.0246174e+01
   3.5200000e+02   1.0246905e+01
   3.5300000e+02   1.0247595e+01
   3.5400000e+02   1.0247951e+01
   3.5500000e+02   1.0247873e+01
   3.5600000e+02   1.0248202e+01
   3.5700000e+02   1.0248131e+01
   3.5800000e+02   1.0247570e+01
   3.5900000e+02   1.0247342e+01
   3.6000000e+02   1.0247075e+01
   3.6100000e+02   1.0246904e+01
   3.6200000e+02   1.0247067e+01
   3.6300000e+02   1.0247102e+01
   3.6400000e+02   1.0247666e+01
   3.6500000e+02   1.0247780e+01
   3.6600000e+02   1.0248518e+01
   3.6700000e+02   1.0248952e+01
   3.6800000e+02   1.0249594e+01
   3.6900000e+02   1.0249933e+01
   3.7000000e+02   1.0250105e+01
   3.7100000e+02   1.0250560e+01
   3.7200000e+02   1.0250533e+01
   3.7300000e+02   1.0250849e+01
   3.7400000e+02   1.0250831e+01
   3.7500000e+02   1.0250906e+01
   3.7600000e+02   1.0251284e+01
   3.7700000e+02   1.0251446e+01
   3.7800000e+02   1.0251369e+01
   3.7900000e+02   1.0251220e+01
   3.8000000e+02   1.0251363e+01
   3.8100000e+02   1.0251360e+01
   3.8200000e+02   1.0250715e+01
   3.8300000e+02   1.0250687e+01
   3.8400000e+02   1.0250107e+01
   3.8500000e+02   1.0249658e+01
   3.8600000e+02   1.0249209e+01
   3.8700000e+02   1.0248672e+01
   3.8800000e+02   1.0247925e+01
   3.8900000e+02   1.0248016e+01
   3.9000000e+02   1.0247841e+01
   3.9100000e+02   1.0248305e+01
   3.9200000e+02   1.0248466e+01
   3.9300000e+02   1.0248855e+01
   3.9400000e+02   1.0249020e+01
   3.9500000e+02   1.0249417e+01
   3.9600000e+02   1.0249655e+01
   3.9700000e+02   1.0249748e+01
   3.9800000e+02   1.0250046e+01
   3.9900000e+02   1.0250455e+01
   4.0000000e+02   1.0250394e+01
   4.0100000e+02   1.0250865e+01
   4.0200000e+02   1.0250701e+01
   4.0300000e+02   1.0250916e+01
   4.0400000e+02   1.0251357e+01
   4.0500000e+02   1.0251104e+01
   4.0600000e+02   1.0251226e+01
   4.0700000e+02   1.0251280e+01
   4.0800000e+02   1.0251236e+01
   4.0900000e+02   1.0251487e+01
   4.1000000e+02   1.0251663e+01
   4.1100000e+02   1.0251389e+01
   4.1200000e+02   1.0251747e+01
   4.1300000e+02   1.0251918e+01
   4.1400000e+02   1.0251710e+01
   4.1500000e+02   1.0251502e+01
   4.1600000e+02   1.0251751e+01
   4.1700000e+02   1.0251883e+01
   4.1800000e+02   1.0251882e+01
   4.1900000e+02   1.0251491e+01
   4.2000000e+02   1.0251740e+01
   4.2100000e+02   1.0251640e+01
   4.2200000e+02   1.0251618e+01
   4.2300000e+02   1.0251499e+01
   4.2400000e+02   1.0251579e+01
   4.2500000e+02   1.0251587e+01
   4.2600000e+02   1.0251181e+01
   4.2700000e+02   1.0251648e+01
   4.2800000e+02   1.0251409e+01
   4.2900000e+02   1.0251822e+01
   4.3000000e+02   1.0251350e+01
   4.3100000e+02   1.0251674e+01
   4.3200000e+02   1.0251473e+01
   4.3300000e+02   1.0251060e+01
   4.3400000e+02   1.0250352e+01
   4.3500000e+02   1.0249041e+01
   4.3600000e+02   1.0247218e+01
   4.3700000e+02   1.0243747e+01
   4.3800000e+02   1.0238162e+01
   4.3900000e+02   1.0230560e+01
   4.4000000e+02   1.0219455e+01
   4.4100000e+02   1.0204853e+01
   4.4200000e+02   1.0186721e+01
   4.4300000e+02   1.0167680e+01
   4.4400000e+02   1.0147452e+01
   4.4500000e+02   1.0129148e+01
   4.4600000e+02   1.0114713e+01
   4.4700000e+02   1.0105134e+01
   4.4800000e+02   1.0101493e+01
   4.4900000e+02   1.0103437e+01
   4.5000000e+02   1.0109491e+01
   4.5100000e+02   1.0118693e+01
   4.5200000e+02   1.0130033e+01
   4.5300000e+02   1.0141798e+01
   4.5400000e+02   1.0153704e+01
   4.5500000e+02   1.0164510e+01
   4.5600000e+02   1.0174871e+01
   4.5700000e+02   1.0183740e+01
   4.5800000e+02   1.0191862e+01
   4.5900000e+02   1.0198600e+01
   4.6000000e+02   1.0204518e+01
   4.6100000e+02   1.0210615e+01
   4.6200000e+02   1.0214993e+01
   4.6300000e+02   1.0219183e+01
   4.6400000e+02   1.0222684e+01
   4.6500000e+02   1.0225865e+01
   4.6600000e+02   1.0229208e+01
   4.6700000e+02   1.0231257e+01
   4.6800000e+02   1.0233871e+01
   4.6900000e+02   1.0236199e+01
   4.7000000e+02   1.0237742e+01
   4.7100000e+02   1.0239963e+01
   4.7200000e+02   1.0242074e+01
   4.7300000e+02   1.0243783e+01
   4.7400000e+02   1.0245433e+01
   4.7500000e+02   1.0246583e+01
   4.7600000e+02   1.0247378e+01
   4.7700000e+02   1.0248290e+01
   4.7800000e+02   1.0249098e+01
   4.7900000e+02   1.0249731e+01
   4.8000000e+02   1.0249906e+01
   4.8100000e+02   1.0250142e+01
   4.8200000e+02   1.0250589e+01
   4.8300000e+02   1.0250584e+01
   4.8400000e+02   1.0251160e+01
   4.8500000e+02   1.0250875e+01
   4.8600000e+02   1.0250881e+01
   4.8700000e+02   1.0250808e+01
   4.8800000e+02   1.0251045e+01
   4.8900000e+02   1.0251125e+01
   4.9000000e+02   1.0251290e+01
   4.9100000e+02   1.0251177e+01
   4.9200000e+02   1.0251444e+01
   4.9300000e+02   1.0251737e+01
   4.9400000e+02   1.0250937e+01
   4.9500000e+02   1.0251075e+01
   4.9600000e+02   1.0251586e+01
   4.9700000e+02   1.0251403e+01
   4.9800000e+02   1.0251240e+01
   4.9900000e+02   1.0250864e+01
   5.0000000e+02   1.0250717e+01
   5.0100000e+02   1.0250937e+01
   5.0200000e+02   1.0251171e+01
   5.0300000e+02   1.0251360e+01
   5.0400000e+02   1.0251202e+01
   5.0500000e+02   1.0251196e+01
   5.0600000e+02   1.0251411e+01
   5.0700000e+02   1.0251198e+01
   5.0800000e+02   1.0251286e+01
   5.0900000e+02   1.0251380e+01
   5.1000000e+02   1.0251372e+01
   5.1100000e+02   1.0251220e+01
   5.1200000e+02   1.0251372e+01
   5.1300000e+02   1.0251321e+01
   5.1400000e+02   1.0251483e+01
   5.1500000e+02   1.0251142e+01
   5.1600000e+02   1.0251279e+01
   5.1700000e+02   1.0251216e+01
   5.1800000e+02   1.0251153e+01
   5.1900000e+02   1.0251013e+01
   5.2000000e+02   1.0251188e+01
   5.2100000e+02   1.0251346e+01
   5.2200000e+02   1.0251406e+01
   5.2300000e+02   1.0251155e+01
   5.2400000e+02   1.0251020e+01
   5.2500000e+02   1.0251006e+01
   5.2600000e+02   1.0251169e+01
   5.2700000e+02   1.0251073e+01
   5.2800000e+02   1.0251067e+01
   5.2900000e+02   1.0251319e+01
   5.3000000e+02   1.0251249e+01
   5.3100000e+02   1.0251217e+01
   5.3200000e+02   1.0251138e+01
   5.3300000e+02   1.0251002e+01
   5.3400000e+02   1.0251094e+01
   5.3500000e+02   1.0251094e+01
   5.3600000e+02   1.0251159e+01
   5.3700000e+02   1.0251135e+01
   5.3800000e+02   1.0251063e+01
   5.3900000e+02   1.0251258e+01
   5.4000000e+02   1.0251120e+01
   5.4100000e+02   1.0251190e+01
   5.4200000e+02   1.0250958e+01
   5.4300000e+02   1.0251067e+01
   5.4400000e+02   1.0251100e+01
   5.4500000e+02   1.0251031e+01
   5.4600000e+02   1.0251077e+01
   5.4700000e+02   1.0251186e+01
   5.4800000e+02   1.0251342e+01
   5.4900000e+02   1.0251325e+01
   5.5000000e+02   1.0251137e+01
   5.5100000e+02   1.0251136e+01
   5.5200000e+02   1.0251043e+01
   5.5300000e+02   1.0251260e+01
   5.5400000e+02   1.0251198e+01
   5.5500000e+02   1.0251187e+01
   5.5600000e+02   1.0251091e+01
   5.5700000e+02   1.0251028e+01
   5.5800000e+02   1.0250870e+01
   5.5900000e+02   1.0251093e+01
   5.6000000e+02   1.0251053e+01
   5.6100000e+02   1.0251074e+01
   5.6200000e+02   1.0250725e+01
   5.6300000e+02   1.0250745e+01
   5.6400000e+02   1.0250825e+01
   5.6500000e+02   1.0250967e+01
   5.6600000e+02   1.0251319e+01
   5.6700000e+02   1.0250871e+01
   5.6800000e+02   1.0251322e+01
   5.6900000e+02   1.0251242e+01
   5.7000000e+02   1.0251146e+01
   5.7100000e+02   1.0250951e+01
   5.7200000e+02   1.0251017e+01
   5.7300000e+02   1.0251041e+01
   5.7400000e+02   1.0251053e+01
   5.7500000e+02   1.0250861e+01
   5.7600000e+02   1.0251067e+01
   5.7700000e+02   1.0250918e+01
   5.7800000e+02   1.0251121e+01
   5.7900000e+02   1.0250900e+01
   5.8000000e+02   1.0250917e+01
   5.8100000e+02   1.0251096e+01
   5.8200000e+02   1.0250993e+01
   5.8300000e+02   1.0251049e+01
   5.8400000e+02   1.0251114e+01
   5.8500000e+02   1.0251059e+01
   5.8600000e+02   1.0251056e+01
   5.8700000e+02   1.0251000e+01
   5.8800000e+02   1.0250937e+01
   5.8900000e+02   1.0250976e+01
   5.9000000e+02   1.0250821e+01
   5.9100000e+02   1.0251012e+01
   5.9200000e+02   1.0251064e+01
   5.9300000e+02   1.0251059e+01
   5.9400000e+02   1.0251006e+01
   5.9500000e+02   1.0250954e+01
   5.9600000e+02   1.0250932e+01
   5.9700000e+02   1.0250955e+01
   5.9800000e+02   1.0250841e+01
   5.9900000e+02   1.0250912e+01
   6.0000000e+02   1.0250816e+01
   6.0100000e+02   1.0250873e+01
   6.0200000e+02   1.0250964e+01
   6.0300000e+02   1.0250873e+01
   6.0400000e+02   1.0250773e+01
   6.0500000e+02   1.0250658e+01
   6.0600000e+02   1.0250499e+01
   6.0700000e+02   1.0250695e+01
   6.0800000e+02   1.0250784e+01
   6.0900000e+02   1.0250626e+01
   6.1000000e+02   1.0250854e+01
   6.1100000e+02   1.0250968e+01
   6.1200000e+02   1.0250693e+01
   6.1300000e+02   1.0250603e+01
   6.1400000e+02   1.0250863e+01
   6.1500000e+02   1.0250864e+01
   6.1600000e+02   1.0250751e+01
   6.1700000e+02   1.0250926e+01
   6.1800000e+02   1.0250799e+01
   6.1900000e+02   1.0250915e+01
   6.2000000e+02   1.0250961e+01
   6.2100000e+02   1.0250795e+01
   6.2200000e+02   1.0250828e+01
   6.2300000e+02   1.0250719e+01
   6.2400000e+02   1.0250825e+01
   6.2500000e+02   1.0250911e+01
   6.2600000e+02   1.0250748e+01
   6.2700000e+02   1.0250709e+01
   6.2800000e+02   1.0250528e+01
   6.2900000e+02   1.0250564e+01
   6.3000000e+02   1.0250630e+01
   6.3100000e+02   1.0250825e+01
   6.3200000e+02   1.0250763e+01
   6.3300000e+02   1.0250688e+01
   6.3400000e+02   1.0250613e+01
   6.3500000e+02   1.0250593e+01
   6.3600000e+02   1.0250709e+01
   6.3700000e+02   1.0250600e+01
   6.3800000e+02   1.0250659e+01
   6.3900000e+02   1.0250658e+01
   6.4000000e+02   1.0250928e+01
   6.4100000e+02   1.0250608e+01
   6.4200000e+02   1.0250769e+01
   6.4300000e+02   1.0250612e+01
   6.4400000e+02   1.0250806e+01
   6.4500000e+02   1.0250669e+01
   6.4600000e+02   1.0250832e+01
   6.4700000e+02   1.0250778e+01
   6.4800000e+02   1.0250965e+01
   6.4900000e+02   1.0250524e+01
   6.5000000e+02   1.0250664e+01
   6.5100000e+02   1.0250640e+01
   6.5200000e+02   1.0250708e+01
   6.5300000e+02   1.0250856e+01
   6.5400000e+02   1.0250670e+01
   6.5500000e+02   1.0250742e+01
   6.5600000e+02   1.0250503e+01
   6.5700000e+02   1.0250675e+01
   6.5800000e+02   1.0250562e+01
   6.5900000e+02   1.0250464e+01
   6.6000000e+02   1.0250495e+01
   6.6100000e+02   1.0250487e+01
   6.6200000e+02   1.0250564e+01
   6.6300000e+02   1.0250500e+01
   6.6400000e+02   1.0250559e+01
   6.6500000e+02   1.0250170e+01
   6.6600000e+02   1.0249821e+01
   6.6700000e+02   1.0249651e+01
   6.6800000e+02   1.0249087e+01
   6.6900000e+02   1.0248528e+01
   6.7000000e+02   1.0247900e+01
   6.7100000e+02   1.0247212e+01
   6.7200000e+02   1.0246308e+01
   6.7300000e+02   1.0245212e+01
   6.7400000e+02   1.0244051e+01
   6.7500000e+02   1.0242910e+01
   6.7600000e+02   1.0241231e+01
   6.7700000e+02   1.0240140e+01
   6.7800000e+02   1.0238655e+01
   6.7900000e+02   1.0237288e+01
   6.8000000e+02   1.0235818e+01
   6.8100000e+02   1.0234997e+01
   6.8200000e+02   1.0234900e+01
   6.8300000e+02   1.0234539e+01
   6.8400000e+02   1.0233770e+01
   6.8500000e+02   1.0234345e+01
   6.8600000e+02   1.0235174e+01
   6.8700000e+02   1.0235625e+01
   6.8800000e+02   1.0235854e+01
   6.8900000e+02   1.0236838e+01
   6.9000000e+02   1.0237699e+01
   6.9100000e+02   1.0238475e+01
   6.9200000e+02   1.0239617e+01
   6.9300000e+02   1.0240731e+01
   6.9400000e+02   1.0241780e+01
   6.9500000e+02   1.0242939e+01
   6.9600000e+02   1.0243574e+01
   6.9700000e+02   1.0243851e+01
   6.9800000e+02   1.0245215e+01
   6.9900000e+02   1.0244966e+01
   7.0000000e+02   1.0245935e+01
   7.0100000e+02   1.0245946e+01
   7.0200000e+02   1.0246659e+01
   7.0300000e+02   1.0247024e+01
   7.0400000e+02   1.0247636e+01
   7.0500000e+02   1.0247563e+01
   7.0600000e+02   1.0247966e+01
   7.0700000e+02   1.0247962e+01
   7.0800000e+02   1.0248275e+01
   7.0900000e+02   1.0248637e+01
   7.1000000e+02   1.0248866e+01
   7.1100000e+02   1.0248859e+01
   7.1200000e+02   1.0248891e+01
   7.1300000e+02   1.0248941e+01
   7.1400000e+02   1.0249432e+01
   7.1500000e+02   1.0249878e+01
   7.1600000e+02   1.0249588e+01
   7.1700000e+02   1.0249355e+01
   7.1800000e+02   1.0249408e+01
   7.1900000e+02   1.0249643e+01
   7.2000000e+02   1.0249269e+01
   7.2100000e+02   1.0249715e+01
   7.2200000e+02   1.0249483e+01
   7.2300000e+02   1.0249660e+01
   7.2400000e+02   1.0249331e+01
   7.2500000e+02   1.0249798e+01
   7.2600000e+02   1.0249544e+01
   7.2700000e+02   1.0249422e+01
   7.2800000e+02   1.0249730e+01
   7.2900000e+02   1.0249671e+01
   7.3000000e+02   1.0249799e+01
   7.3100000e+02   1.0249656e+01
   7.3200000e+02   1.0249912e+01
   7.3300000e+02   1.0249841e+01
   7.3400000e+02   1.0249447e+01
   7.3500000e+02   1.0250033e+01
   7.3600000e+02   1.0249739e+01
   7.3700000e+02   1.0249290e+01
   7.3800000e+02   1.0250143e+01
   7.3900000e+02   1.0249611e+01
   7.4000000e+02   1.0250008e+01
   7.4100000e+02   1.0249642e+01
   7.4200000e+02   1.0249545e+01
   7.4300000e+02   1.0249737e+01
   7.4400000e+02   1.0249564e+01
   7.4500000e+02   1.0249613e+01
   7.4600000e+02   1.0249672e+01
   7.4700000e+02   1.0249770e+01
   7.4800000e+02   1.0249576e+01
   7.4900000e+02   1.0249844e+01
   7.5000000e+02   1.0249533e+01
   7.5100000e+02   1.0249564e+01
   7.5200000e+02   1.0249852e+01
   7.5300000e+02   1.0249709e+01
   7.5400000e+02   1.0249771e+01
   7.5500000e+02   1.0249826e+01
   7.5600000e+02   1.0249858e+01
   7.5700000e+02   1.0249783e+01
   7.5800000e+02   1.0249605e+01
   7.5900000e+02   1.0250022e+01
   7.6000000e+02   1.0249800e+01
   7.6100000e+02   1.0249689e+01
   7.6200000e+02   1.0249723e+01
   7.6300000e+02   1.0249621e+01
   7.6400000e+02   1.0249703e+01
   7.6500000e+02   1.0249704e+01
   7.6600000e+02   1.0249782e+01
   7.6700000e+02   1.0249716e+01
   7.6800000e+02   1.0249781e+01
   7.6900000e+02   1.0249445e+01
   7.7000000e+02   1.0249459e+01
   7.7100000e+02   1.0249613e+01
   7.7200000e+02   1.0249493e+01
   7.7300000e+02   1.0249726e+01
   7.7400000e+02   1.0249319e+01
   7.7500000e+02   1.0249659e+01
   7.7600000e+02   1.0249286e+01
   7.7700000e+02   1.0249534e+01
   7.7800000e+02   1.0249499e+01
   7.7900000e+02   1.0249311e+01
   7.8000000e+02   1.0249457e+01
