   0.0000000e+00   1.0239192e+01
   1.0000000e+00   1.0235161e+01
   2.0000000e+00   1.0233710e+01
   3.0000000e+00   1.0232906e+01
   4.0000000e+00   1.0232631e+01
   5.0000000e+00   1.0232728e+01
   6.0000000e+00   1.0232156e+01
   7.0000000e+00   1.0231752e+01
   8.0000000e+00   1.0231785e+01
   9.0000000e+00   1.0231248e+01
   1.0000000e+01   1.0231147e+01
   1.1000000e+01   1.0230967e+01
   1.2000000e+01   1.0230904e+01
   1.3000000e+01   1.0230294e+01
   1.4000000e+01   1.0230180e+01
   1.5000000e+01   1.0230075e+01
   1.6000000e+01   1.0229864e+01
   1.7000000e+01   1.0229783e+01
   1.8000000e+01   1.0229760e+01
   1.9000000e+01   1.0229509e+01
   2.0000000e+01   1.0229331e+01
   2.1000000e+01   1.0229242e+01
   2.2000000e+01   1.0229138e+01
   2.3000000e+01   1.0228986e+01
   2.4000000e+01   1.0229027e+01
   2.5000000e+01   1.0228954e+01
   2.6000000e+01   1.0228795e+01
   2.7000000e+01   1.0228716e+01
   2.8000000e+01   1.0228559e+01
   2.9000000e+01   1.0228501e+01
   3.0000000e+01   1.0228573e+01
   3.1000000e+01   1.0228337e+01
   3.2000000e+01   1.0228493e+01
   3.3000000e+01   1.0228139e+01
   3.4000000e+01   1.0228093e+01
   3.5000000e+01   1.0228341e+01
   3.6000000e+01   1.0227998e+01
   3.7000000e+01   1.0227848e+01
   3.8000000e+01   1.0227695e+01
   3.9000000e+01   1.0227748e+01
   4.0000000e+01   1.0227780e+01
   4.1000000e+01   1.0227600e+01
   4.2000000e+01   1.0227604e+01
   4.3000000e+01   1.0227283e+01
   4.4000000e+01   1.0227308e+01
   4.5000000e+01   1.0227432e+01
   4.6000000e+01   1.0227340e+01
   4.7000000e+01   1.0226963e+01
   4.8000000e+01   1.0227164e+01
   4.9000000e+01   1.0226950e+01
   5.0000000e+01   1.0227013e+01
   5.1000000e+01   1.0226884e+01
   5.2000000e+01   1.0226976e+01
   5.3000000e+01   1.0226703e+01
   5.4000000e+01   1.0226560e+01
   5.5000000e+01   1.0226601e+01
   5.6000000e+01   1.0226406e+01
   5.7000000e+01   1.0226434e+01
   5.8000000e+01   1.0226376e+01
   5.9000000e+01   1.0226007e+01
   6.0000000e+01   1.0226004e+01
   6.1000000e+01   1.0226097e+01
   6.2000000e+01   1.0225936e+01
   6.3000000e+01   1.0225790e+01
   6.4000000e+01   1.0225789e+01
   6.5000000e+01   1.0225509e+01
   6.6000000e+01   1.0225859e+01
   6.7000000e+01   1.0225517e+01
   6.8000000e+01   1.0225406e+01
   6.9000000e+01   1.0225548e+01
   7.0000000e+01   1.0225425e+01
   7.1000000e+01   1.0225472e+01
   7.2000000e+01   1.0225043e+01
   7.3000000e+01   1.0225153e+01
   7.4000000e+01   1.0224868e+01
   7.5000000e+01   1.0225177e+01
   7.6000000e+01   1.0224852e+01
   7.7000000e+01   1.0225241e+01
   7.8000000e+01   1.0224970e+01
   7.9000000e+01   1.0224676e+01
   8.0000000e+01   1.0224634e+01
   8.1000000e+01   1.0224377e+01
   8.2000000e+01   1.0224709e+01
   8.3000000e+01   1.0224521e+01
   8.4000000e+01   1.0224549e+01
   8.5000000e+01   1.0224540e+01
   8.6000000e+01   1.0224398e+01
   8.7000000e+01   1.0224317e+01
   8.8000000e+01   1.0224435e+01
   8.9000000e+01   1.0224127e+01
   9.0000000e+01   1.0224248e+01
   9.1000000e+01   1.0224279e+01
   9.2000000e+01   1.0224269e+01
   9.3000000e+01   1.0224063e+01
   9.4000000e+01   1.0224037e+01
   9.5000000e+01   1.0223956e+01
   9.6000000e+01   1.0223991e+01
   9.7000000e+01   1.0223687e+01
   9.8000000e+01   1.0223974e+01
   9.9000000e+01   1.0223796e+01
   1.0000000e+02   1.0223884e+01
   1.0100000e+02   1.0223599e+01
   1.0200000e+02   1.0223526e+01
   1.0300000e+02   1.0223472e+01
   1.0400000e+02   1.0223586e+01
   1.0500000e+02   1.0223638e+01
   1.0600000e+02   1.0223362e+01
   1.0700000e+02   1.0223325e+01
   1.0800000e+02   1.0223729e+01
   1.0900000e+02   1.0223770e+01
   1.1000000e+02   1.0223380e+01
   1.1100000e+02   1.0223162e+01
   1.1200000e+02   1.0223441e+01
   1.1300000e+02   1.0222973e+01
   1.1400000e+02   1.0223255e+01
   1.1500000e+02   1.0223344e+01
   1.1600000e+02   1.0222949e+01
   1.1700000e+02   1.0223206e+01
   1.1800000e+02   1.0222985e+01
   1.1900000e+02   1.0223152e+01
   1.2000000e+02   1.0222852e+01
   1.2100000e+02   1.0222874e+01
   1.2200000e+02   1.0222903e+01
   1.2300000e+02   1.0222523e+01
   1.2400000e+02   1.0222605e+01
   1.2500000e+02   1.0222615e+01
   1.2600000e+02   1.0222511e+01
   1.2700000e+02   1.0222510e+01
   1.2800000e+02   1.0222495e+01
   1.2900000e+02   1.0222553e+01
   1.3000000e+02   1.0222544e+01
   1.3100000e+02   1.0222479e+01
   1.3200000e+02   1.0222304e+01
   1.3300000e+02   1.0222345e+01
   1.3400000e+02   1.0222331e+01
   1.3500000e+02   1.0222350e+01
   1.3600000e+02   1.0222386e+01
   1.3700000e+02   1.0222165e+01
   1.3800000e+02   1.0222344e+01
   1.3900000e+02   1.0222337e+01
   1.4000000e+02   1.0221898e+01
   1.4100000e+02   1.0222010e+01
   1.4200000e+02   1.0222158e+01
   1.4300000e+02   1.0221852e+01
   1.4400000e+02   1.0222088e+01
   1.4500000e+02   1.0221882e+01
   1.4600000e+02   1.0221998e+01
   1.4700000e+02   1.0221781e+01
   1.4800000e+02   1.0221725e+01
   1.4900000e+02   1.0222022e+01
   1.5000000e+02   1.0221754e+01
   1.5100000e+02   1.0221732e+01
   1.5200000e+02   1.0221662e+01
   1.5300000e+02   1.0221840e+01
   1.5400000e+02   1.0221661e+01
   1.5500000e+02   1.0221778e+01
   1.5600000e+02   1.0221863e+01
   1.5700000e+02   1.0221794e+01
   1.5800000e+02   1.0221750e+01
   1.5900000e+02   1.0221657e+01
   1.6000000e+02   1.0221717e+01
   1.6100000e+02   1.0221388e+01
   1.6200000e+02   1.0221600e+01
   1.6300000e+02   1.0221559e+01
   1.6400000e+02   1.0221397e+01
   1.6500000e+02   1.0221372e+01
   1.6600000e+02   1.0220967e+01
   1.6700000e+02   1.0218037e+01
   1.6800000e+02   1.0203306e+01
   1.6900000e+02   1.0186806e+01
   1.7000000e+02   1.0190820e+01
   1.7100000e+02   1.0202246e+01
   1.7200000e+02   1.0210243e+01
   1.7300000e+02   1.0213757e+01
   1.7400000e+02   1.0214910e+01
   1.7500000e+02   1.0215948e+01
   1.7600000e+02   1.0216539e+01
   1.7700000e+02   1.0217279e+01
   1.7800000e+02   1.0217429e+01
   1.7900000e+02   1.0199877e+01
   1.8000000e+02   1.0141768e+01
   1.8100000e+02   1.0136318e+01
   1.8200000e+02   1.0148189e+01
   1.8300000e+02   1.0153750e+01
   1.8400000e+02   1.0160901e+01
   1.8500000e+02   1.0167047e+01
   1.8600000e+02   1.0170149e+01
   1.8700000e+02   1.0172573e+01
   1.8800000e+02   1.0176850e+01
   1.8900000e+02   1.0185384e+01
   1.9000000e+02   1.0195257e+01
   1.9100000e+02   1.0202592e+01
   1.9200000e+02   1.0207249e+01
   1.9300000e+02   1.0210279e+01
   1.9400000e+02   1.0212176e+01
   1.9500000e+02   1.0213667e+01
   1.9600000e+02   1.0214632e+01
   1.9700000e+02   1.0215314e+01
   1.9800000e+02   1.0215982e+01
   1.9900000e+02   1.0216319e+01
   2.0000000e+02   1.0216701e+01
   2.0100000e+02   1.0216970e+01
   2.0200000e+02   1.0217576e+01
   2.0300000e+02   1.0217831e+01
   2.0400000e+02   1.0218383e+01
   2.0500000e+02   1.0218859e+01
   2.0600000e+02   1.0219212e+01
   2.0700000e+02   1.0219481e+01
   2.0800000e+02   1.0219452e+01
   2.0900000e+02   1.0219409e+01
   2.1000000e+02   1.0219541e+01
   2.1100000e+02   1.0219926e+01
   2.1200000e+02   1.0219757e+01
   2.1300000e+02   1.0219572e+01
   2.1400000e+02   1.0219747e+01
   2.1500000e+02   1.0219642e+01
   2.1600000e+02   1.0219923e+01
   2.1700000e+02   1.0219628e+01
   2.1800000e+02   1.0219580e+01
   2.1900000e+02   1.0219357e+01
   2.2000000e+02   1.0219122e+01
   2.2100000e+02   1.0218925e+01
   2.2200000e+02   1.0218276e+01
   2.2300000e+02   1.0218270e+01
   2.2400000e+02   1.0217440e+01
   2.2500000e+02   1.0216909e+01
   2.2600000e+02   1.0216741e+01
   2.2700000e+02   1.0216576e+01
   2.2800000e+02   1.0216449e+01
   2.2900000e+02   1.0216483e+01
   2.3000000e+02   1.0216905e+01
   2.3100000e+02   1.0216877e+01
   2.3200000e+02   1.0217066e+01
   2.3300000e+02   1.0217368e+01
   2.3400000e+02   1.0217316e+01
   2.3500000e+02   1.0217426e+01
   2.3600000e+02   1.0217274e+01
   2.3700000e+02   1.0217774e+01
   2.3800000e+02   1.0217563e+01
   2.3900000e+02   1.0217236e+01
   2.4000000e+02   1.0217461e+01
   2.4100000e+02   1.0217498e+01
   2.4200000e+02   1.0216999e+01
   2.4300000e+02   1.0216383e+01
   2.4400000e+02   1.0214873e+01
   2.4500000e+02   1.0212129e+01
   2.4600000e+02   1.0208549e+01
   2.4700000e+02   1.0203584e+01
   2.4800000e+02   1.0198570e+01
   2.4900000e+02   1.0194455e+01
   2.5000000e+02   1.0192374e+01
   2.5100000e+02   1.0192180e+01
   2.5200000e+02   1.0193151e+01
   2.5300000e+02   1.0194377e+01
   2.5400000e+02   1.0195592e+01
   2.5500000e+02   1.0195771e+01
   2.5600000e+02   1.0195652e+01
   2.5700000e+02   1.0194564e+01
   2.5800000e+02   1.0193179e+01
   2.5900000e+02   1.0191646e+01
   2.6000000e+02   1.0190345e+01
   2.6100000e+02   1.0189032e+01
   2.6200000e+02   1.0187495e+01
   2.6300000e+02   1.0186414e+01
   2.6400000e+02   1.0185799e+01
   2.6500000e+02   1.0186076e+01
   2.6600000e+02   1.0187447e+01
   2.6700000e+02   1.0189390e+01
   2.6800000e+02   1.0192311e+01
   2.6900000e+02   1.0194856e+01
   2.7000000e+02   1.0197178e+01
   2.7100000e+02   1.0198939e+01
   2.7200000e+02   1.0200394e+01
   2.7300000e+02   1.0201377e+01
   2.7400000e+02   1.0202383e+01
   2.7500000e+02   1.0202786e+01
   2.7600000e+02   1.0203791e+01
   2.7700000e+02   1.0204775e+01
   2.7800000e+02   1.0205650e+01
   2.7900000e+02   1.0206498e+01
   2.8000000e+02   1.0207397e+01
   2.8100000e+02   1.0207971e+01
   2.8200000e+02   1.0208205e+01
   2.8300000e+02   1.0208897e+01
   2.8400000e+02   1.0209492e+01
   2.8500000e+02   1.0210024e+01
   2.8600000e+02   1.0210579e+01
   2.8700000e+02   1.0211417e+01
   2.8800000e+02   1.0211654e+01
   2.8900000e+02   1.0212241e+01
   2.9000000e+02   1.0212725e+01
   2.9100000e+02   1.0213325e+01
   2.9200000e+02   1.0213645e+01
   2.9300000e+02   1.0214046e+01
   2.9400000e+02   1.0214561e+01
   2.9500000e+02   1.0214757e+01
   2.9600000e+02   1.0215019e+01
   2.9700000e+02   1.0215187e+01
   2.9800000e+02   1.0215299e+01
   2.9900000e+02   1.0215512e+01
   3.0000000e+02   1.0215166e+01
   3.0100000e+02   1.0214806e+01
   3.0200000e+02   1.0214204e+01
   3.0300000e+02   1.0212970e+01
   3.0400000e+02   1.0211450e+01
   3.0500000e+02   1.0209375e+01
   3.0600000e+02   1.0206368e+01
   3.0700000e+02   1.0203347e+01
   3.0800000e+02   1.0198389e+01
   3.0900000e+02   1.0193248e+01
   3.1000000e+02   1.0187363e+01
   3.1100000e+02   1.0181653e+01
   3.1200000e+02   1.0177802e+01
   3.1300000e+02   1.0175247e+01
   3.1400000e+02   1.0173726e+01
   3.1500000e+02   1.0172640e+01
   3.1600000e+02   1.0170721e+01
   3.1700000e+02   1.0166895e+01
   3.1800000e+02   1.0160935e+01
   3.1900000e+02   1.0153637e+01
   3.2000000e+02   1.0145687e+01
   3.2100000e+02   1.0139119e+01
   3.2200000e+02   1.0134443e+01
   3.2300000e+02   1.0131850e+01
   3.2400000e+02   1.0131593e+01
   3.2500000e+02   1.0133575e+01
   3.2600000e+02   1.0136894e+01
   3.2700000e+02   1.0141315e+01
   3.2800000e+02   1.0147602e+01
   3.2900000e+02   1.0154191e+01
   3.3000000e+02   1.0160762e+01
   3.3100000e+02   1.0167020e+01
   3.3200000e+02   1.0172781e+01
   3.3300000e+02   1.0177283e+01
   3.3400000e+02   1.0180654e+01
   3.3500000e+02   1.0182889e+01
   3.3600000e+02   1.0184021e+01
   3.3700000e+02   1.0184098e+01
   3.3800000e+02   1.0183688e+01
   3.3900000e+02   1.0183280e+01
   3.4000000e+02   1.0183798e+01
   3.4100000e+02   1.0184918e+01
   3.4200000e+02   1.0186808e+01
   3.4300000e+02   1.0188919e+01
   3.4400000e+02   1.0191521e+01
   3.4500000e+02   1.0194564e+01
   3.4600000e+02   1.0197023e+01
   3.4700000e+02   1.0199566e+01
   3.4800000e+02   1.0201961e+01
   3.4900000e+02   1.0203595e+01
   3.5000000e+02   1.0205571e+01
   3.5100000e+02   1.0207227e+01
   3.5200000e+02   1.0208392e+01
   3.5300000e+02   1.0209585e+01
   3.5400000e+02   1.0210636e+01
   3.5500000e+02   1.0211113e+01
   3.5600000e+02   1.0211631e+01
   3.5700000e+02   1.0211808e+01
   3.5800000e+02   1.0211688e+01
   3.5900000e+02   1.0211459e+01
   3.6000000e+02   1.0211349e+01
   3.6100000e+02   1.0210769e+01
   3.6200000e+02   1.0210071e+01
   3.6300000e+02   1.0210467e+01
   3.6400000e+02   1.0210663e+01
   3.6500000e+02   1.0210664e+01
   3.6600000e+02   1.0211199e+01
   3.6700000e+02   1.0211574e+01
   3.6800000e+02   1.0211805e+01
   3.6900000e+02   1.0212327e+01
   3.7000000e+02   1.0212567e+01
   3.7100000e+02   1.0213474e+01
   3.7200000e+02   1.0214062e+01
   3.7300000e+02   1.0214141e+01
   3.7400000e+02   1.0214177e+01
   3.7500000e+02   1.0214406e+01
   3.7600000e+02   1.0214864e+01
   3.7700000e+02   1.0214863e+01
   3.7800000e+02   1.0214846e+01
   3.7900000e+02   1.0215094e+01
   3.8000000e+02   1.0215312e+01
   3.8100000e+02   1.0214696e+01
   3.8200000e+02   1.0214963e+01
   3.8300000e+02   1.0214796e+01
   3.8400000e+02   1.0214651e+01
   3.8500000e+02   1.0214343e+01
   3.8600000e+02   1.0213882e+01
   3.8700000e+02   1.0213601e+01
   3.8800000e+02   1.0213006e+01
   3.8900000e+02   1.0212522e+01
   3.9000000e+02   1.0211960e+01
   3.9100000e+02   1.0211658e+01
   3.9200000e+02   1.0211546e+01
   3.9300000e+02   1.0211227e+01
   3.9400000e+02   1.0211241e+01
   3.9500000e+02   1.0211480e+01
   3.9600000e+02   1.0211808e+01
   3.9700000e+02   1.0212149e+01
   3.9800000e+02   1.0212789e+01
   3.9900000e+02   1.0212822e+01
   4.0000000e+02   1.0213337e+01
   4.0100000e+02   1.0213758e+01
   4.0200000e+02   1.0213897e+01
   4.0300000e+02   1.0214200e+01
   4.0400000e+02   1.0214210e+01
   4.0500000e+02   1.0214344e+01
   4.0600000e+02   1.0214632e+01
   4.0700000e+02   1.0214537e+01
   4.0800000e+02   1.0214898e+01
   4.0900000e+02   1.0214461e+01
   4.1000000e+02   1.0215031e+01
   4.1100000e+02   1.0215016e+01
   4.1200000e+02   1.0215052e+01
   4.1300000e+02   1.0215454e+01
   4.1400000e+02   1.0215382e+01
   4.1500000e+02   1.0215180e+01
   4.1600000e+02   1.0215496e+01
   4.1700000e+02   1.0215261e+01
   4.1800000e+02   1.0215264e+01
   4.1900000e+02   1.0215352e+01
   4.2000000e+02   1.0215449e+01
   4.2100000e+02   1.0215468e+01
   4.2200000e+02   1.0215337e+01
   4.2300000e+02   1.0215362e+01
   4.2400000e+02   1.0215080e+01
   4.2500000e+02   1.0215321e+01
   4.2600000e+02   1.0215210e+01
   4.2700000e+02   1.0215225e+01
   4.2800000e+02   1.0215135e+01
   4.2900000e+02   1.0215117e+01
   4.3000000e+02   1.0215367e+01
   4.3100000e+02   1.0215206e+01
   4.3200000e+02   1.0215284e+01
   4.3300000e+02   1.0215070e+01
   4.3400000e+02   1.0214890e+01
   4.3500000e+02   1.0214992e+01
   4.3600000e+02   1.0215020e+01
   4.3700000e+02   1.0214549e+01
   4.3800000e+02   1.0214414e+01
   4.3900000e+02   1.0213871e+01
   4.4000000e+02   1.0213249e+01
   4.4100000e+02   1.0211885e+01
   4.4200000e+02   1.0210136e+01
   4.4300000e+02   1.0207640e+01
   4.4400000e+02   1.0204603e+01
   4.4500000e+02   1.0200989e+01
   4.4600000e+02   1.0196491e+01
   4.4700000e+02   1.0192623e+01
   4.4800000e+02   1.0188686e+01
   4.4900000e+02   1.0185227e+01
   4.5000000e+02   1.0182772e+01
   4.5100000e+02   1.0181445e+01
   4.5200000e+02   1.0181521e+01
   4.5300000e+02   1.0182459e+01
   4.5400000e+02   1.0184475e+01
   4.5500000e+02   1.0187349e+01
   4.5600000e+02   1.0189839e+01
   4.5700000e+02   1.0191834e+01
   4.5800000e+02   1.0195211e+01
   4.5900000e+02   1.0197274e+01
   4.6000000e+02   1.0199320e+01
   4.6100000e+02   1.0201740e+01
   4.6200000e+02   1.0202863e+01
   4.6300000e+02   1.0204455e+01
   4.6400000e+02   1.0206273e+01
   4.6500000e+02   1.0207267e+01
   4.6600000e+02   1.0208100e+01
   4.6700000e+02   1.0208894e+01
   4.6800000e+02   1.0209677e+01
   4.6900000e+02   1.0210539e+01
   4.7000000e+02   1.0210843e+01
   4.7100000e+02   1.0211426e+01
   4.7200000e+02   1.0211682e+01
   4.7300000e+02   1.0212035e+01
   4.7400000e+02   1.0212123e+01
   4.7500000e+02   1.0212265e+01
   4.7600000e+02   1.0212992e+01
   4.7700000e+02   1.0213448e+01
   4.7800000e+02   1.0213458e+01
   4.7900000e+02   1.0213775e+01
   4.8000000e+02   1.0213612e+01
   4.8100000e+02   1.0213922e+01
   4.8200000e+02   1.0214250e+01
   4.8300000e+02   1.0214337e+01
   4.8400000e+02   1.0214178e+01
   4.8500000e+02   1.0213786e+01
   4.8600000e+02   1.0213800e+01
   4.8700000e+02   1.0214426e+01
   4.8800000e+02   1.0214471e+01
   4.8900000e+02   1.0214593e+01
   4.9000000e+02   1.0214300e+01
   4.9100000e+02   1.0214409e+01
   4.9200000e+02   1.0214596e+01
   4.9300000e+02   1.0214370e+01
   4.9400000e+02   1.0214168e+01
   4.9500000e+02   1.0214346e+01
   4.9600000e+02   1.0214362e+01
   4.9700000e+02   1.0214249e+01
   4.9800000e+02   1.0214074e+01
   4.9900000e+02   1.0214262e+01
   5.0000000e+02   1.0214312e+01
   5.0100000e+02   1.0214123e+01
   5.0200000e+02   1.0214219e+01
   5.0300000e+02   1.0214189e+01
   5.0400000e+02   1.0214216e+01
   5.0500000e+02   1.0214329e+01
   5.0600000e+02   1.0214391e+01
   5.0700000e+02   1.0214134e+01
   5.0800000e+02   1.0213946e+01
   5.0900000e+02   1.0214072e+01
   5.1000000e+02   1.0213966e+01
   5.1100000e+02   1.0214078e+01
   5.1200000e+02   1.0214374e+01
   5.1300000e+02   1.0214205e+01
   5.1400000e+02   1.0214146e+01
   5.1500000e+02   1.0214129e+01
   5.1600000e+02   1.0214260e+01
   5.1700000e+02   1.0214525e+01
   5.1800000e+02   1.0214150e+01
   5.1900000e+02   1.0214147e+01
   5.2000000e+02   1.0214166e+01
   5.2100000e+02   1.0214014e+01
   5.2200000e+02   1.0213752e+01
   5.2300000e+02   1.0213972e+01
   5.2400000e+02   1.0213835e+01
   5.2500000e+02   1.0213962e+01
   5.2600000e+02   1.0213877e+01
   5.2700000e+02   1.0214004e+01
   5.2800000e+02   1.0214008e+01
   5.2900000e+02   1.0213639e+01
   5.3000000e+02   1.0213999e+01
   5.3100000e+02   1.0213824e+01
   5.3200000e+02   1.0213829e+01
   5.3300000e+02   1.0213763e+01
   5.3400000e+02   1.0213980e+01
   5.3500000e+02   1.0213845e+01
   5.3600000e+02   1.0213752e+01
   5.3700000e+02   1.0213635e+01
   5.3800000e+02   1.0213771e+01
   5.3900000e+02   1.0213568e+01
   5.4000000e+02   1.0213543e+01
   5.4100000e+02   1.0213615e+01
   5.4200000e+02   1.0213665e+01
   5.4300000e+02   1.0213365e+01
   5.4400000e+02   1.0213292e+01
   5.4500000e+02   1.0213320e+01
   5.4600000e+02   1.0213705e+01
   5.4700000e+02   1.0213507e+01
   5.4800000e+02   1.0213459e+01
   5.4900000e+02   1.0213157e+01
   5.5000000e+02   1.0213307e+01
   5.5100000e+02   1.0213352e+01
   5.5200000e+02   1.0213348e+01
   5.5300000e+02   1.0213309e+01
   5.5400000e+02   1.0213291e+01
   5.5500000e+02   1.0213210e+01
   5.5600000e+02   1.0213352e+01
   5.5700000e+02   1.0213130e+01
   5.5800000e+02   1.0213359e+01
   5.5900000e+02   1.0213125e+01
   5.6000000e+02   1.0213303e+01
   5.6100000e+02   1.0213127e+01
   5.6200000e+02   1.0212869e+01
   5.6300000e+02   1.0213246e+01
   5.6400000e+02   1.0213344e+01
   5.6500000e+02   1.0213132e+01
   5.6600000e+02   1.0213086e+01
   5.6700000e+02   1.0213029e+01
   5.6800000e+02   1.0213254e+01
   5.6900000e+02   1.0213234e+01
   5.7000000e+02   1.0213181e+01
   5.7100000e+02   1.0213322e+01
   5.7200000e+02   1.0213152e+01
   5.7300000e+02   1.0212862e+01
   5.7400000e+02   1.0213071e+01
   5.7500000e+02   1.0212983e+01
   5.7600000e+02   1.0213111e+01
   5.7700000e+02   1.0212818e+01
   5.7800000e+02   1.0213066e+01
   5.7900000e+02   1.0212814e+01
   5.8000000e+02   1.0212900e+01
   5.8100000e+02   1.0212806e+01
   5.8200000e+02   1.0212848e+01
   5.8300000e+02   1.0213003e+01
   5.8400000e+02   1.0213071e+01
   5.8500000e+02   1.0212898e+01
   5.8600000e+02   1.0212789e+01
   5.8700000e+02   1.0212657e+01
   5.8800000e+02   1.0212692e+01
   5.8900000e+02   1.0212877e+01
   5.9000000e+02   1.0212779e+01
   5.9100000e+02   1.0212771e+01
   5.9200000e+02   1.0212807e+01
   5.9300000e+02   1.0212996e+01
   5.9400000e+02   1.0212644e+01
   5.9500000e+02   1.0212585e+01
   5.9600000e+02   1.0212541e+01
   5.9700000e+02   1.0212621e+01
   5.9800000e+02   1.0212592e+01
   5.9900000e+02   1.0212416e+01
   6.0000000e+02   1.0212510e+01
   6.0100000e+02   1.0212803e+01
   6.0200000e+02   1.0212607e+01
   6.0300000e+02   1.0212784e+01
   6.0400000e+02   1.0212586e+01
   6.0500000e+02   1.0212542e+01
   6.0600000e+02   1.0212288e+01
   6.0700000e+02   1.0212549e+01
   6.0800000e+02   1.0212512e+01
   6.0900000e+02   1.0212492e+01
   6.1000000e+02   1.0212432e+01
   6.1100000e+02   1.0212579e+01
   6.1200000e+02   1.0212458e+01
   6.1300000e+02   1.0212458e+01
   6.1400000e+02   1.0212664e+01
   6.1500000e+02   1.0212530e+01
   6.1600000e+02   1.0212292e+01
   6.1700000e+02   1.0212518e+01
   6.1800000e+02   1.0212293e+01
   6.1900000e+02   1.0212651e+01
   6.2000000e+02   1.0212613e+01
   6.2100000e+02   1.0212553e+01
   6.2200000e+02   1.0212500e+01
   6.2300000e+02   1.0212409e+01
   6.2400000e+02   1.0212085e+01
   6.2500000e+02   1.0212430e+01
   6.2600000e+02   1.0212335e+01
   6.2700000e+02   1.0212274e+01
   6.2800000e+02   1.0212404e+01
   6.2900000e+02   1.0211994e+01
   6.3000000e+02   1.0212111e+01
   6.3100000e+02   1.0212005e+01
   6.3200000e+02   1.0212067e+01
   6.3300000e+02   1.0212155e+01
   6.3400000e+02   1.0212075e+01
   6.3500000e+02   1.0212180e+01
   6.3600000e+02   1.0212240e+01
   6.3700000e+02   1.0211981e+01
   6.3800000e+02   1.0211942e+01
   6.3900000e+02   1.0211971e+01
   6.4000000e+02   1.0211719e+01
   6.4100000e+02   1.0211845e+01
   6.4200000e+02   1.0212027e+01
   6.4300000e+02   1.0212166e+01
   6.4400000e+02   1.0211893e+01
   6.4500000e+02   1.0211692e+01
   6.4600000e+02   1.0212016e+01
   6.4700000e+02   1.0211906e+01
   6.4800000e+02   1.0211949e+01
   6.4900000e+02   1.0211907e+01
   6.5000000e+02   1.0211999e+01
   6.5100000e+02   1.0212129e+01
   6.5200000e+02   1.0211848e+01
   6.5300000e+02   1.0211725e+01
   6.5400000e+02   1.0212134e+01
   6.5500000e+02   1.0211872e+01
   6.5600000e+02   1.0211633e+01
   6.5700000e+02   1.0212004e+01
   6.5800000e+02   1.0211532e+01
   6.5900000e+02   1.0211933e+01
   6.6000000e+02   1.0211618e+01
   6.6100000e+02   1.0211629e+01
   6.6200000e+02   1.0211899e+01
   6.6300000e+02   1.0211600e+01
   6.6400000e+02   1.0211728e+01
   6.6500000e+02   1.0211448e+01
   6.6600000e+02   1.0211798e+01
   6.6700000e+02   1.0212084e+01
   6.6800000e+02   1.0211532e+01
   6.6900000e+02   1.0211939e+01
   6.7000000e+02   1.0211512e+01
   6.7100000e+02   1.0211517e+01
   6.7200000e+02   1.0211712e+01
   6.7300000e+02   1.0211749e+01
   6.7400000e+02   1.0211209e+01
   6.7500000e+02   1.0211657e+01
   6.7600000e+02   1.0211372e+01
   6.7700000e+02   1.0211550e+01
   6.7800000e+02   1.0211417e+01
   6.7900000e+02   1.0211546e+01
   6.8000000e+02   1.0211778e+01
   6.8100000e+02   1.0211523e+01
   6.8200000e+02   1.0211558e+01
   6.8300000e+02   1.0211388e+01
   6.8400000e+02   1.0211163e+01
   6.8500000e+02   1.0211082e+01
   6.8600000e+02   1.0211052e+01
   6.8700000e+02   1.0211127e+01
   6.8800000e+02   1.0211091e+01
   6.8900000e+02   1.0210735e+01
   6.9000000e+02   1.0211077e+01
   6.9100000e+02   1.0210980e+01
   6.9200000e+02   1.0211006e+01
   6.9300000e+02   1.0210930e+01
   6.9400000e+02   1.0210806e+01
   6.9500000e+02   1.0211107e+01
   6.9600000e+02   1.0210784e+01
   6.9700000e+02   1.0211030e+01
   6.9800000e+02   1.0211068e+01
   6.9900000e+02   1.0211025e+01
   7.0000000e+02   1.0211018e+01
   7.0100000e+02   1.0210659e+01
   7.0200000e+02   1.0210790e+01
   7.0300000e+02   1.0210842e+01
   7.0400000e+02   1.0210821e+01
   7.0500000e+02   1.0210759e+01
   7.0600000e+02   1.0210921e+01
   7.0700000e+02   1.0210935e+01
   7.0800000e+02   1.0211046e+01
   7.0900000e+02   1.0211077e+01
   7.1000000e+02   1.0210861e+01
   7.1100000e+02   1.0210961e+01
   7.1200000e+02   1.0211045e+01
   7.1300000e+02   1.0211201e+01
   7.1400000e+02   1.0211008e+01
   7.1500000e+02   1.0211028e+01
   7.1600000e+02   1.0210758e+01
   7.1700000e+02   1.0211265e+01
   7.1800000e+02   1.0211387e+01
   7.1900000e+02   1.0210955e+01
   7.2000000e+02   1.0211211e+01
   7.2100000e+02   1.0211235e+01
   7.2200000e+02   1.0211327e+01
   7.2300000e+02   1.0211253e+01
   7.2400000e+02   1.0210770e+01
   7.2500000e+02   1.0211092e+01
   7.2600000e+02   1.0210881e+01
   7.2700000e+02   1.0211250e+01
   7.2800000e+02   1.0210961e+01
   7.2900000e+02   1.0210867e+01
   7.3000000e+02   1.0210718e+01
   7.3100000e+02   1.0210814e+01
   7.3200000e+02   1.0210960e+01
   7.3300000e+02   1.0210623e+01
   7.3400000e+02   1.0210659e+01
   7.3500000e+02   1.0210905e+01
   7.3600000e+02   1.0210685e+01
   7.3700000e+02   1.0210922e+01
   7.3800000e+02   1.0210185e+01
   7.3900000e+02   1.0210699e+01
   7.4000000e+02   1.0210488e+01
   7.4100000e+02   1.0210449e+01
   7.4200000e+02   1.0210725e+01
   7.4300000e+02   1.0210640e+01
   7.4400000e+02   1.0210192e+01
   7.4500000e+02   1.0210251e+01
   7.4600000e+02   1.0210499e+01
   7.4700000e+02   1.0210368e+01
   7.4800000e+02   1.0210558e+01
   7.4900000e+02   1.0210325e+01
   7.5000000e+02   1.0210523e+01
   7.5100000e+02   1.0210562e+01
   7.5200000e+02   1.0210247e+01
   7.5300000e+02   1.0210100e+01
   7.5400000e+02   1.0210110e+01
   7.5500000e+02   1.0210051e+01
   7.5600000e+02   1.0210313e+01
   7.5700000e+02   1.0210132e+01
   7.5800000e+02   1.0210208e+01
   7.5900000e+02   1.0209922e+01
   7.6000000e+02   1.0210238e+01
   7.6100000e+02   1.0209992e+01
   7.6200000e+02   1.0210069e+01
   7.6300000e+02   1.0210135e+01
   7.6400000e+02   1.0210035e+01
   7.6500000e+02   1.0209903e+01
   7.6600000e+02   1.0210019e+01
   7.6700000e+02   1.0210608e+01
   7.6800000e+02   1.0210108e+01
   7.6900000e+02   1.0210373e+01
   7.7000000e+02   1.0210325e+01
   7.7100000e+02   1.0210560e+01
   7.7200000e+02   1.0210190e+01
   7.7300000e+02   1.0210551e+01
   7.7400000e+02   1.0210519e+01
   7.7500000e+02   1.0210618e+01
   7.7600000e+02   1.0210287e+01
   7.7700000e+02   1.0210268e+01
   7.7800000e+02   1.0210477e+01
   7.7900000e+02   1.0210457e+01
   7.8000000e+02   1.0210102e+01
