   0.0000000e+00   1.0298703e+01
   1.0000000e+00   1.0294110e+01
   2.0000000e+00   1.0292927e+01
   3.0000000e+00   1.0292277e+01
   4.0000000e+00   1.0291575e+01
   5.0000000e+00   1.0290838e+01
   6.0000000e+00   1.0290321e+01
   7.0000000e+00   1.0289927e+01
   8.0000000e+00   1.0289721e+01
   9.0000000e+00   1.0289468e+01
   1.0000000e+01   1.0289026e+01
   1.1000000e+01   1.0289148e+01
   1.2000000e+01   1.0288634e+01
   1.3000000e+01   1.0288624e+01
   1.4000000e+01   1.0288277e+01
   1.5000000e+01   1.0288010e+01
   1.6000000e+01   1.0287924e+01
   1.7000000e+01   1.0288007e+01
   1.8000000e+01   1.0287898e+01
   1.9000000e+01   1.0287551e+01
   2.0000000e+01   1.0287522e+01
   2.1000000e+01   1.0287186e+01
   2.2000000e+01   1.0287154e+01
   2.3000000e+01   1.0286672e+01
   2.4000000e+01   1.0286769e+01
   2.5000000e+01   1.0286612e+01
   2.6000000e+01   1.0286310e+01
   2.7000000e+01   1.0286231e+01
   2.8000000e+01   1.0285888e+01
   2.9000000e+01   1.0285989e+01
   3.0000000e+01   1.0285484e+01
   3.1000000e+01   1.0285599e+01
   3.2000000e+01   1.0285183e+01
   3.3000000e+01   1.0285114e+01
   3.4000000e+01   1.0285153e+01
   3.5000000e+01   1.0284929e+01
   3.6000000e+01   1.0285065e+01
   3.7000000e+01   1.0284848e+01
   3.8000000e+01   1.0284837e+01
   3.9000000e+01   1.0284666e+01
   4.0000000e+01   1.0284468e+01
   4.1000000e+01   1.0284603e+01
   4.2000000e+01   1.0284286e+01
   4.3000000e+01   1.0284544e+01
   4.4000000e+01   1.0284289e+01
   4.5000000e+01   1.0284269e+01
   4.6000000e+01   1.0284235e+01
   4.7000000e+01   1.0284189e+01
   4.8000000e+01   1.0284020e+01
   4.9000000e+01   1.0284241e+01
   5.0000000e+01   1.0283845e+01
   5.1000000e+01   1.0283938e+01
   5.2000000e+01   1.0283700e+01
   5.3000000e+01   1.0283542e+01
   5.4000000e+01   1.0283658e+01
   5.5000000e+01   1.0283493e+01
   5.6000000e+01   1.0283335e+01
   5.7000000e+01   1.0283239e+01
   5.8000000e+01   1.0283086e+01
   5.9000000e+01   1.0282936e+01
   6.0000000e+01   1.0283035e+01
   6.1000000e+01   1.0282883e+01
   6.2000000e+01   1.0282773e+01
   6.3000000e+01   1.0282741e+01
   6.4000000e+01   1.0282705e+01
   6.5000000e+01   1.0282422e+01
   6.6000000e+01   1.0282535e+01
   6.7000000e+01   1.0282529e+01
   6.8000000e+01   1.0282296e+01
   6.9000000e+01   1.0282154e+01
   7.0000000e+01   1.0282312e+01
   7.1000000e+01   1.0282165e+01
   7.2000000e+01   1.0282262e+01
   7.3000000e+01   1.0282166e+01
   7.4000000e+01   1.0281921e+01
   7.5000000e+01   1.0281633e+01
   7.6000000e+01   1.0281680e+01
   7.7000000e+01   1.0281573e+01
   7.8000000e+01   1.0281544e+01
   7.9000000e+01   1.0281364e+01
   8.0000000e+01   1.0281366e+01
   8.1000000e+01   1.0281284e+01
   8.2000000e+01   1.0281469e+01
   8.3000000e+01   1.0281159e+01
   8.4000000e+01   1.0281172e+01
   8.5000000e+01   1.0281086e+01
   8.6000000e+01   1.0280987e+01
   8.7000000e+01   1.0281033e+01
   8.8000000e+01   1.0280978e+01
   8.9000000e+01   1.0281326e+01
   9.0000000e+01   1.0280819e+01
   9.1000000e+01   1.0281010e+01
   9.2000000e+01   1.0280751e+01
   9.3000000e+01   1.0280910e+01
   9.4000000e+01   1.0280800e+01
   9.5000000e+01   1.0280687e+01
   9.6000000e+01   1.0280641e+01
   9.7000000e+01   1.0280426e+01
   9.8000000e+01   1.0280433e+01
   9.9000000e+01   1.0280369e+01
   1.0000000e+02   1.0280547e+01
   1.0100000e+02   1.0280065e+01
   1.0200000e+02   1.0280173e+01
   1.0300000e+02   1.0280237e+01
   1.0400000e+02   1.0280300e+01
   1.0500000e+02   1.0280012e+01
   1.0600000e+02   1.0280155e+01
   1.0700000e+02   1.0280134e+01
   1.0800000e+02   1.0279925e+01
   1.0900000e+02   1.0279817e+01
   1.1000000e+02   1.0279584e+01
   1.1100000e+02   1.0279417e+01
   1.1200000e+02   1.0279488e+01
   1.1300000e+02   1.0279415e+01
   1.1400000e+02   1.0279228e+01
   1.1500000e+02   1.0279414e+01
   1.1600000e+02   1.0279291e+01
   1.1700000e+02   1.0279206e+01
   1.1800000e+02   1.0279282e+01
   1.1900000e+02   1.0279446e+01
   1.2000000e+02   1.0279083e+01
   1.2100000e+02   1.0278954e+01
   1.2200000e+02   1.0278988e+01
   1.2300000e+02   1.0279101e+01
   1.2400000e+02   1.0278833e+01
   1.2500000e+02   1.0278685e+01
   1.2600000e+02   1.0278614e+01
   1.2700000e+02   1.0278604e+01
   1.2800000e+02   1.0278614e+01
   1.2900000e+02   1.0278383e+01
   1.3000000e+02   1.0278658e+01
   1.3100000e+02   1.0278498e+01
   1.3200000e+02   1.0278250e+01
   1.3300000e+02   1.0278223e+01
   1.3400000e+02   1.0278113e+01
   1.3500000e+02   1.0278210e+01
   1.3600000e+02   1.0278050e+01
   1.3700000e+02   1.0278172e+01
   1.3800000e+02   1.0278013e+01
   1.3900000e+02   1.0277879e+01
   1.4000000e+02   1.0277904e+01
   1.4100000e+02   1.0277918e+01
   1.4200000e+02   1.0277837e+01
   1.4300000e+02   1.0277848e+01
   1.4400000e+02   1.0277841e+01
   1.4500000e+02   1.0277843e+01
   1.4600000e+02   1.0277669e+01
   1.4700000e+02   1.0277555e+01
   1.4800000e+02   1.0277527e+01
   1.4900000e+02   1.0277448e+01
   1.5000000e+02   1.0277280e+01
   1.5100000e+02   1.0277293e+01
   1.5200000e+02   1.0277230e+01
   1.5300000e+02   1.0277103e+01
   1.5400000e+02   1.0277259e+01
   1.5500000e+02   1.0277268e+01
   1.5600000e+02   1.0277103e+01
   1.5700000e+02   1.0277170e+01
   1.5800000e+02   1.0277181e+01
   1.5900000e+02   1.0277010e+01
   1.6000000e+02   1.0276923e+01
   1.6100000e+02   1.0276762e+01
   1.6200000e+02   1.0276913e+01
   1.6300000e+02   1.0276469e+01
   1.6400000e+02   1.0276575e+01
   1.6500000e+02   1.0276474e+01
   1.6600000e+02   1.0276156e+01
   1.6700000e+02   1.0272878e+01
   1.6800000e+02   1.0257603e+01
   1.6900000e+02   1.0241775e+01
   1.7000000e+02   1.0245959e+01
   1.7100000e+02   1.0258467e+01
   1.7200000e+02   1.0267270e+01
   1.7300000e+02   1.0270397e+01
   1.7400000e+02   1.0271257e+01
   1.7500000e+02   1.0271170e+01
   1.7600000e+02   1.0271205e+01
   1.7700000e+02   1.0271518e+01
   1.7800000e+02   1.0271426e+01
   1.7900000e+02   1.0254803e+01
   1.8000000e+02   1.0209388e+01
   1.8100000e+02   1.0205884e+01
   1.8200000e+02   1.0214245e+01
   1.8300000e+02   1.0217274e+01
   1.8400000e+02   1.0221181e+01
   1.8500000e+02   1.0222382e+01
   1.8600000e+02   1.0222746e+01
   1.8700000e+02   1.0224443e+01
   1.8800000e+02   1.0229637e+01
   1.8900000e+02   1.0235951e+01
   1.9000000e+02   1.0243025e+01
   1.9100000e+02   1.0251698e+01
   1.9200000e+02   1.0257604e+01
   1.9300000e+02   1.0261306e+01
   1.9400000e+02   1.0263921e+01
   1.9500000e+02   1.0265472e+01
   1.9600000e+02   1.0266941e+01
   1.9700000e+02   1.0267863e+01
   1.9800000e+02   1.0268724e+01
   1.9900000e+02   1.0269389e+01
   2.0000000e+02   1.0269863e+01
   2.0100000e+02   1.0270154e+01
   2.0200000e+02   1.0270601e+01
   2.0300000e+02   1.0270745e+01
   2.0400000e+02   1.0271273e+01
   2.0500000e+02   1.0271727e+01
   2.0600000e+02   1.0272511e+01
   2.0700000e+02   1.0272748e+01
   2.0800000e+02   1.0272589e+01
   2.0900000e+02   1.0272941e+01
   2.1000000e+02   1.0273274e+01
   2.1100000e+02   1.0273264e+01
   2.1200000e+02   1.0273307e+01
   2.1300000e+02   1.0273512e+01
   2.1400000e+02   1.0273685e+01
   2.1500000e+02   1.0273911e+01
   2.1600000e+02   1.0273971e+01
   2.1700000e+02   1.0274041e+01
   2.1800000e+02   1.0273883e+01
   2.1900000e+02   1.0273833e+01
   2.2000000e+02   1.0273512e+01
   2.2100000e+02   1.0273105e+01
   2.2200000e+02   1.0272478e+01
   2.2300000e+02   1.0271762e+01
   2.2400000e+02   1.0270924e+01
   2.2500000e+02   1.0270248e+01
   2.2600000e+02   1.0269668e+01
   2.2700000e+02   1.0269696e+01
   2.2800000e+02   1.0269730e+01
   2.2900000e+02   1.0269926e+01
   2.3000000e+02   1.0270324e+01
   2.3100000e+02   1.0270755e+01
   2.3200000e+02   1.0270835e+01
   2.3300000e+02   1.0271019e+01
   2.3400000e+02   1.0271236e+01
   2.3500000e+02   1.0271312e+01
   2.3600000e+02   1.0271006e+01
   2.3700000e+02   1.0271195e+01
   2.3800000e+02   1.0271261e+01
   2.3900000e+02   1.0271077e+01
   2.4000000e+02   1.0271319e+01
   2.4100000e+02   1.0271138e+01
   2.4200000e+02   1.0270860e+01
   2.4300000e+02   1.0269761e+01
   2.4400000e+02   1.0267290e+01
   2.4500000e+02   1.0263607e+01
   2.4600000e+02   1.0258032e+01
   2.4700000e+02   1.0251412e+01
   2.4800000e+02   1.0245103e+01
   2.4900000e+02   1.0240659e+01
   2.5000000e+02   1.0239042e+01
   2.5100000e+02   1.0240001e+01
   2.5200000e+02   1.0242199e+01
   2.5300000e+02   1.0244760e+01
   2.5400000e+02   1.0245933e+01
   2.5500000e+02   1.0245851e+01
   2.5600000e+02   1.0244408e+01
   2.5700000e+02   1.0241835e+01
   2.5800000e+02   1.0239214e+01
   2.5900000e+02   1.0237045e+01
   2.6000000e+02   1.0234532e+01
   2.6100000e+02   1.0232797e+01
   2.6200000e+02   1.0231457e+01
   2.6300000e+02   1.0230722e+01
   2.6400000e+02   1.0230712e+01
   2.6500000e+02   1.0231762e+01
   2.6600000e+02   1.0234777e+01
   2.6700000e+02   1.0237947e+01
   2.6800000e+02   1.0241517e+01
   2.6900000e+02   1.0244548e+01
   2.7000000e+02   1.0246326e+01
   2.7100000e+02   1.0248170e+01
   2.7200000e+02   1.0248555e+01
   2.7300000e+02   1.0249274e+01
   2.7400000e+02   1.0250233e+01
   2.7500000e+02   1.0250599e+01
   2.7600000e+02   1.0251919e+01
   2.7700000e+02   1.0253188e+01
   2.7800000e+02   1.0254577e+01
   2.7900000e+02   1.0255317e+01
   2.8000000e+02   1.0256741e+01
   2.8100000e+02   1.0257542e+01
   2.8200000e+02   1.0258011e+01
   2.8300000e+02   1.0258523e+01
   2.8400000e+02   1.0259470e+01
   2.8500000e+02   1.0260108e+01
   2.8600000e+02   1.0261008e+01
   2.8700000e+02   1.0261719e+01
   2.8800000e+02   1.0262826e+01
   2.8900000e+02   1.0263419e+01
   2.9000000e+02   1.0264024e+01
   2.9100000e+02   1.0264328e+01
   2.9200000e+02   1.0265316e+01
   2.9300000e+02   1.0265601e+01
   2.9400000e+02   1.0266289e+01
   2.9500000e+02   1.0266790e+01
   2.9600000e+02   1.0266870e+01
   2.9700000e+02   1.0267293e+01
   2.9800000e+02   1.0267372e+01
   2.9900000e+02   1.0267568e+01
   3.0000000e+02   1.0267167e+01
   3.0100000e+02   1.0266766e+01
   3.0200000e+02   1.0266780e+01
   3.0300000e+02   1.0265110e+01
   3.0400000e+02   1.0263572e+01
   3.0500000e+02   1.0261866e+01
   3.0600000e+02   1.0259576e+01
   3.0700000e+02   1.0255984e+01
   3.0800000e+02   1.0251241e+01
   3.0900000e+02   1.0246694e+01
   3.1000000e+02   1.0242596e+01
   3.1100000e+02   1.0239372e+01
   3.1200000e+02   1.0237298e+01
   3.1300000e+02   1.0236866e+01
   3.1400000e+02   1.0236817e+01
   3.1500000e+02   1.0235555e+01
   3.1600000e+02   1.0232492e+01
   3.1700000e+02   1.0227386e+01
   3.1800000e+02   1.0221055e+01
   3.1900000e+02   1.0214130e+01
   3.2000000e+02   1.0208489e+01
   3.2100000e+02   1.0205016e+01
   3.2200000e+02   1.0203425e+01
   3.2300000e+02   1.0204342e+01
   3.2400000e+02   1.0206471e+01
   3.2500000e+02   1.0209632e+01
   3.2600000e+02   1.0214176e+01
   3.2700000e+02   1.0218642e+01
   3.2800000e+02   1.0223198e+01
   3.2900000e+02   1.0227657e+01
   3.3000000e+02   1.0231379e+01
   3.3100000e+02   1.0234973e+01
   3.3200000e+02   1.0237581e+01
   3.3300000e+02   1.0238991e+01
   3.3400000e+02   1.0239827e+01
   3.3500000e+02   1.0240063e+01
   3.3600000e+02   1.0239666e+01
   3.3700000e+02   1.0239283e+01
   3.3800000e+02   1.0239305e+01
   3.3900000e+02   1.0240347e+01
   3.4000000e+02   1.0241818e+01
   3.4100000e+02   1.0243873e+01
   3.4200000e+02   1.0246207e+01
   3.4300000e+02   1.0248519e+01
   3.4400000e+02   1.0250662e+01
   3.4500000e+02   1.0252847e+01
   3.4600000e+02   1.0254787e+01
   3.4700000e+02   1.0255761e+01
   3.4800000e+02   1.0256906e+01
   3.4900000e+02   1.0258190e+01
   3.5000000e+02   1.0259302e+01
   3.5100000e+02   1.0260129e+01
   3.5200000e+02   1.0260651e+01
   3.5300000e+02   1.0261664e+01
   3.5400000e+02   1.0262607e+01
   3.5500000e+02   1.0262553e+01
   3.5600000e+02   1.0263166e+01
   3.5700000e+02   1.0263372e+01
   3.5800000e+02   1.0262920e+01
   3.5900000e+02   1.0263403e+01
   3.6000000e+02   1.0263463e+01
   3.6100000e+02   1.0263352e+01
   3.6200000e+02   1.0263338e+01
   3.6300000e+02   1.0263357e+01
   3.6400000e+02   1.0264025e+01
   3.6500000e+02   1.0264333e+01
   3.6600000e+02   1.0264790e+01
   3.6700000e+02   1.0265191e+01
   3.6800000e+02   1.0265685e+01
   3.6900000e+02   1.0266135e+01
   3.7000000e+02   1.0266584e+01
   3.7100000e+02   1.0266343e+01
   3.7200000e+02   1.0266840e+01
   3.7300000e+02   1.0266534e+01
   3.7400000e+02   1.0267062e+01
   3.7500000e+02   1.0267268e+01
   3.7600000e+02   1.0267078e+01
   3.7700000e+02   1.0267411e+01
   3.7800000e+02   1.0267016e+01
   3.7900000e+02   1.0267623e+01
   3.8000000e+02   1.0266981e+01
   3.8100000e+02   1.0267272e+01
   3.8200000e+02   1.0267222e+01
   3.8300000e+02   1.0267078e+01
   3.8400000e+02   1.0266820e+01
   3.8500000e+02   1.0266398e+01
   3.8600000e+02   1.0265981e+01
   3.8700000e+02   1.0265740e+01
   3.8800000e+02   1.0265215e+01
   3.8900000e+02   1.0265073e+01
   3.9000000e+02   1.0265042e+01
   3.9100000e+02   1.0265481e+01
   3.9200000e+02   1.0265059e+01
   3.9300000e+02   1.0265724e+01
   3.9400000e+02   1.0265524e+01
   3.9500000e+02   1.0265431e+01
   3.9600000e+02   1.0265925e+01
   3.9700000e+02   1.0266330e+01
   3.9800000e+02   1.0266881e+01
   3.9900000e+02   1.0266685e+01
   4.0000000e+02   1.0266661e+01
   4.0100000e+02   1.0266725e+01
   4.0200000e+02   1.0267067e+01
   4.0300000e+02   1.0266995e+01
   4.0400000e+02   1.0266804e+01
   4.0500000e+02   1.0266936e+01
   4.0600000e+02   1.0266716e+01
   4.0700000e+02   1.0267168e+01
   4.0800000e+02   1.0266866e+01
   4.0900000e+02   1.0266778e+01
   4.1000000e+02   1.0266885e+01
   4.1100000e+02   1.0266892e+01
   4.1200000e+02   1.0266843e+01
   4.1300000e+02   1.0266782e+01
   4.1400000e+02   1.0266856e+01
   4.1500000e+02   1.0267143e+01
   4.1600000e+02   1.0266923e+01
   4.1700000e+02   1.0267175e+01
   4.1800000e+02   1.0267074e+01
   4.1900000e+02   1.0267241e+01
   4.2000000e+02   1.0266822e+01
   4.2100000e+02   1.0266787e+01
   4.2200000e+02   1.0266727e+01
   4.2300000e+02   1.0266903e+01
   4.2400000e+02   1.0266747e+01
   4.2500000e+02   1.0266755e+01
   4.2600000e+02   1.0266752e+01
   4.2700000e+02   1.0266878e+01
   4.2800000e+02   1.0266826e+01
   4.2900000e+02   1.0266676e+01
   4.3000000e+02   1.0266985e+01
   4.3100000e+02   1.0266731e+01
   4.3200000e+02   1.0266774e+01
   4.3300000e+02   1.0266579e+01
   4.3400000e+02   1.0266744e+01
   4.3500000e+02   1.0267188e+01
   4.3600000e+02   1.0266560e+01
   4.3700000e+02   1.0266130e+01
   4.3800000e+02   1.0266492e+01
   4.3900000e+02   1.0265829e+01
   4.4000000e+02   1.0265366e+01
   4.4100000e+02   1.0264304e+01
   4.4200000e+02   1.0263629e+01
   4.4300000e+02   1.0262082e+01
   4.4400000e+02   1.0261123e+01
   4.4500000e+02   1.0259930e+01
   4.4600000e+02   1.0258732e+01
   4.4700000e+02   1.0257812e+01
   4.4800000e+02   1.0257631e+01
   4.4900000e+02   1.0257198e+01
   4.5000000e+02   1.0257510e+01
   4.5100000e+02   1.0258332e+01
   4.5200000e+02   1.0258317e+01
   4.5300000e+02   1.0258960e+01
   4.5400000e+02   1.0260146e+01
   4.5500000e+02   1.0260619e+01
   4.5600000e+02   1.0261117e+01
   4.5700000e+02   1.0261592e+01
   4.5800000e+02   1.0261978e+01
   4.5900000e+02   1.0262534e+01
   4.6000000e+02   1.0262641e+01
   4.6100000e+02   1.0263132e+01
   4.6200000e+02   1.0263443e+01
   4.6300000e+02   1.0263263e+01
   4.6400000e+02   1.0263623e+01
   4.6500000e+02   1.0263793e+01
   4.6600000e+02   1.0263951e+01
   4.6700000e+02   1.0264234e+01
   4.6800000e+02   1.0264423e+01
   4.6900000e+02   1.0264369e+01
   4.7000000e+02   1.0264755e+01
   4.7100000e+02   1.0264744e+01
   4.7200000e+02   1.0264840e+01
   4.7300000e+02   1.0265109e+01
   4.7400000e+02   1.0264911e+01
   4.7500000e+02   1.0265007e+01
   4.7600000e+02   1.0265133e+01
   4.7700000e+02   1.0265217e+01
   4.7800000e+02   1.0265181e+01
   4.7900000e+02   1.0265203e+01
   4.8000000e+02   1.0265212e+01
   4.8100000e+02   1.0265271e+01
   4.8200000e+02   1.0265403e+01
   4.8300000e+02   1.0265545e+01
   4.8400000e+02   1.0265480e+01
   4.8500000e+02   1.0265385e+01
   4.8600000e+02   1.0265417e+01
   4.8700000e+02   1.0265459e+01
   4.8800000e+02   1.0265472e+01
   4.8900000e+02   1.0265159e+01
   4.9000000e+02   1.0265354e+01
   4.9100000e+02   1.0265258e+01
   4.9200000e+02   1.0265193e+01
   4.9300000e+02   1.0265444e+01
   4.9400000e+02   1.0265103e+01
   4.9500000e+02   1.0265524e+01
   4.9600000e+02   1.0265433e+01
   4.9700000e+02   1.0265288e+01
   4.9800000e+02   1.0265564e+01
   4.9900000e+02   1.0265508e+01
   5.0000000e+02   1.0265327e+01
   5.0100000e+02   1.0265343e+01
   5.0200000e+02   1.0265546e+01
   5.0300000e+02   1.0265631e+01
   5.0400000e+02   1.0265541e+01
   5.0500000e+02   1.0265267e+01
   5.0600000e+02   1.0265456e+01
   5.0700000e+02   1.0265186e+01
   5.0800000e+02   1.0265192e+01
   5.0900000e+02   1.0265292e+01
   5.1000000e+02   1.0265360e+01
   5.1100000e+02   1.0265178e+01
   5.1200000e+02   1.0265098e+01
   5.1300000e+02   1.0265283e+01
   5.1400000e+02   1.0265216e+01
   5.1500000e+02   1.0265138e+01
   5.1600000e+02   1.0265004e+01
   5.1700000e+02   1.0265199e+01
   5.1800000e+02   1.0265179e+01
   5.1900000e+02   1.0265333e+01
   5.2000000e+02   1.0264951e+01
   5.2100000e+02   1.0264986e+01
   5.2200000e+02   1.0265098e+01
   5.2300000e+02   1.0265001e+01
   5.2400000e+02   1.0264917e+01
   5.2500000e+02   1.0265021e+01
   5.2600000e+02   1.0264900e+01
   5.2700000e+02   1.0265070e+01
   5.2800000e+02   1.0265004e+01
   5.2900000e+02   1.0265030e+01
   5.3000000e+02   1.0264788e+01
   5.3100000e+02   1.0264948e+01
   5.3200000e+02   1.0264714e+01
   5.3300000e+02   1.0264775e+01
   5.3400000e+02   1.0264744e+01
   5.3500000e+02   1.0264580e+01
   5.3600000e+02   1.0264794e+01
   5.3700000e+02   1.0264623e+01
   5.3800000e+02   1.0264547e+01
   5.3900000e+02   1.0264443e+01
   5.4000000e+02   1.0264563e+01
   5.4100000e+02   1.0264378e+01
   5.4200000e+02   1.0264329e+01
   5.4300000e+02   1.0264182e+01
   5.4400000e+02   1.0264514e+01
   5.4500000e+02   1.0264180e+01
   5.4600000e+02   1.0263948e+01
   5.4700000e+02   1.0264150e+01
   5.4800000e+02   1.0264274e+01
   5.4900000e+02   1.0264413e+01
   5.5000000e+02   1.0264240e+01
   5.5100000e+02   1.0264156e+01
   5.5200000e+02   1.0264270e+01
   5.5300000e+02   1.0264016e+01
   5.5400000e+02   1.0264058e+01
   5.5500000e+02   1.0264250e+01
   5.5600000e+02   1.0264072e+01
   5.5700000e+02   1.0264270e+01
   5.5800000e+02   1.0264105e+01
   5.5900000e+02   1.0263926e+01
   5.6000000e+02   1.0263770e+01
   5.6100000e+02   1.0264045e+01
   5.6200000e+02   1.0263784e+01
   5.6300000e+02   1.0263996e+01
   5.6400000e+02   1.0264052e+01
   5.6500000e+02   1.0263861e+01
   5.6600000e+02   1.0263739e+01
   5.6700000e+02   1.0264072e+01
   5.6800000e+02   1.0263644e+01
   5.6900000e+02   1.0263585e+01
   5.7000000e+02   1.0263693e+01
   5.7100000e+02   1.0263836e+01
   5.7200000e+02   1.0263679e+01
   5.7300000e+02   1.0263332e+01
   5.7400000e+02   1.0263594e+01
   5.7500000e+02   1.0263447e+01
   5.7600000e+02   1.0263638e+01
   5.7700000e+02   1.0263612e+01
   5.7800000e+02   1.0263545e+01
   5.7900000e+02   1.0263610e+01
   5.8000000e+02   1.0263460e+01
   5.8100000e+02   1.0263449e+01
   5.8200000e+02   1.0263352e+01
   5.8300000e+02   1.0263215e+01
   5.8400000e+02   1.0263573e+01
   5.8500000e+02   1.0263686e+01
   5.8600000e+02   1.0263237e+01
   5.8700000e+02   1.0263551e+01
   5.8800000e+02   1.0263263e+01
   5.8900000e+02   1.0263054e+01
   5.9000000e+02   1.0263102e+01
   5.9100000e+02   1.0263116e+01
   5.9200000e+02   1.0263315e+01
   5.9300000e+02   1.0263179e+01
   5.9400000e+02   1.0263211e+01
   5.9500000e+02   1.0263582e+01
   5.9600000e+02   1.0263227e+01
   5.9700000e+02   1.0263254e+01
   5.9800000e+02   1.0263210e+01
   5.9900000e+02   1.0263059e+01
   6.0000000e+02   1.0263044e+01
   6.0100000e+02   1.0263217e+01
   6.0200000e+02   1.0263031e+01
   6.0300000e+02   1.0262872e+01
   6.0400000e+02   1.0262972e+01
   6.0500000e+02   1.0263174e+01
   6.0600000e+02   1.0263172e+01
   6.0700000e+02   1.0262894e+01
   6.0800000e+02   1.0263005e+01
   6.0900000e+02   1.0262809e+01
   6.1000000e+02   1.0262810e+01
   6.1100000e+02   1.0262662e+01
   6.1200000e+02   1.0262939e+01
   6.1300000e+02   1.0262620e+01
   6.1400000e+02   1.0262696e+01
   6.1500000e+02   1.0263090e+01
   6.1600000e+02   1.0262812e+01
   6.1700000e+02   1.0262737e+01
   6.1800000e+02   1.0262804e+01
   6.1900000e+02   1.0262792e+01
   6.2000000e+02   1.0262513e+01
   6.2100000e+02   1.0262473e+01
   6.2200000e+02   1.0262597e+01
   6.2300000e+02   1.0262417e+01
   6.2400000e+02   1.0262481e+01
   6.2500000e+02   1.0262395e+01
   6.2600000e+02   1.0262086e+01
   6.2700000e+02   1.0262383e+01
   6.2800000e+02   1.0262703e+01
   6.2900000e+02   1.0262312e+01
   6.3000000e+02   1.0262415e+01
   6.3100000e+02   1.0262601e+01
   6.3200000e+02   1.0262405e+01
   6.3300000e+02   1.0262205e+01
   6.3400000e+02   1.0262550e+01
   6.3500000e+02   1.0262551e+01
   6.3600000e+02   1.0262583e+01
   6.3700000e+02   1.0262434e+01
   6.3800000e+02   1.0262525e+01
   6.3900000e+02   1.0262333e+01
   6.4000000e+02   1.0262406e+01
   6.4100000e+02   1.0262432e+01
   6.4200000e+02   1.0262141e+01
   6.4300000e+02   1.0262387e+01
   6.4400000e+02   1.0262323e+01
   6.4500000e+02   1.0262368e+01
   6.4600000e+02   1.0262107e+01
   6.4700000e+02   1.0262227e+01
   6.4800000e+02   1.0262004e+01
   6.4900000e+02   1.0262070e+01
   6.5000000e+02   1.0262083e+01
   6.5100000e+02   1.0262146e+01
   6.5200000e+02   1.0262204e+01
   6.5300000e+02   1.0261936e+01
   6.5400000e+02   1.0261773e+01
   6.5500000e+02   1.0262369e+01
   6.5600000e+02   1.0262015e+01
   6.5700000e+02   1.0261698e+01
   6.5800000e+02   1.0261995e+01
   6.5900000e+02   1.0261936e+01
   6.6000000e+02   1.0261953e+01
   6.6100000e+02   1.0262081e+01
   6.6200000e+02   1.0261937e+01
   6.6300000e+02   1.0261892e+01
   6.6400000e+02   1.0261890e+01
   6.6500000e+02   1.0261886e+01
   6.6600000e+02   1.0261801e+01
   6.6700000e+02   1.0261799e+01
   6.6800000e+02   1.0262015e+01
   6.6900000e+02   1.0261781e+01
   6.7000000e+02   1.0261923e+01
   6.7100000e+02   1.0261808e+01
   6.7200000e+02   1.0261724e+01
   6.7300000e+02   1.0261747e+01
   6.7400000e+02   1.0261678e+01
   6.7500000e+02   1.0261855e+01
   6.7600000e+02   1.0261726e+01
   6.7700000e+02   1.0261615e+01
   6.7800000e+02   1.0261363e+01
   6.7900000e+02   1.0261479e+01
   6.8000000e+02   1.0261409e+01
   6.8100000e+02   1.0261256e+01
   6.8200000e+02   1.0261433e+01
   6.8300000e+02   1.0261090e+01
   6.8400000e+02   1.0261246e+01
   6.8500000e+02   1.0261258e+01
   6.8600000e+02   1.0261365e+01
   6.8700000e+02   1.0261453e+01
   6.8800000e+02   1.0261335e+01
   6.8900000e+02   1.0261318e+01
   6.9000000e+02   1.0260963e+01
   6.9100000e+02   1.0261173e+01
   6.9200000e+02   1.0261160e+01
   6.9300000e+02   1.0261120e+01
   6.9400000e+02   1.0261089e+01
   6.9500000e+02   1.0261214e+01
   6.9600000e+02   1.0261084e+01
   6.9700000e+02   1.0261110e+01
   6.9800000e+02   1.0261162e+01
   6.9900000e+02   1.0261100e+01
   7.0000000e+02   1.0260938e+01
   7.0100000e+02   1.0260791e+01
   7.0200000e+02   1.0260854e+01
   7.0300000e+02   1.0260623e+01
   7.0400000e+02   1.0260647e+01
   7.0500000e+02   1.0260908e+01
   7.0600000e+02   1.0260951e+01
   7.0700000e+02   1.0260590e+01
   7.0800000e+02   1.0260826e+01
   7.0900000e+02   1.0260746e+01
   7.1000000e+02   1.0260699e+01
   7.1100000e+02   1.0260174e+01
   7.1200000e+02   1.0260595e+01
   7.1300000e+02   1.0260511e+01
   7.1400000e+02   1.0260313e+01
   7.1500000e+02   1.0260489e+01
   7.1600000e+02   1.0260522e+01
   7.1700000e+02   1.0260483e+01
   7.1800000e+02   1.0260590e+01
   7.1900000e+02   1.0260536e+01
   7.2000000e+02   1.0260544e+01
   7.2100000e+02   1.0260586e+01
   7.2200000e+02   1.0260603e+01
   7.2300000e+02   1.0260611e+01
   7.2400000e+02   1.0260653e+01
   7.2500000e+02   1.0260532e+01
   7.2600000e+02   1.0260717e+01
   7.2700000e+02   1.0260634e+01
   7.2800000e+02   1.0260593e+01
   7.2900000e+02   1.0260461e+01
   7.3000000e+02   1.0260302e+01
   7.3100000e+02   1.0260210e+01
   7.3200000e+02   1.0260166e+01
   7.3300000e+02   1.0259887e+01
   7.3400000e+02   1.0260088e+01
   7.3500000e+02   1.0260073e+01
   7.3600000e+02   1.0260062e+01
   7.3700000e+02   1.0260303e+01
   7.3800000e+02   1.0260157e+01
   7.3900000e+02   1.0260026e+01
   7.4000000e+02   1.0259750e+01
   7.4100000e+02   1.0259927e+01
   7.4200000e+02   1.0260014e+01
   7.4300000e+02   1.0259912e+01
   7.4400000e+02   1.0259963e+01
   7.4500000e+02   1.0259973e+01
   7.4600000e+02   1.0259806e+01
   7.4700000e+02   1.0259934e+01
   7.4800000e+02   1.0259880e+01
   7.4900000e+02   1.0259931e+01
   7.5000000e+02   1.0260066e+01
   7.5100000e+02   1.0259904e+01
   7.5200000e+02   1.0259889e+01
   7.5300000e+02   1.0259846e+01
   7.5400000e+02   1.0259774e+01
   7.5500000e+02   1.0259714e+01
   7.5600000e+02   1.0259661e+01
   7.5700000e+02   1.0259670e+01
   7.5800000e+02   1.0259430e+01
   7.5900000e+02   1.0259770e+01
   7.6000000e+02   1.0259656e+01
   7.6100000e+02   1.0259647e+01
   7.6200000e+02   1.0259905e+01
   7.6300000e+02   1.0259829e+01
   7.6400000e+02   1.0259808e+01
   7.6500000e+02   1.0259620e+01
   7.6600000e+02   1.0259821e+01
   7.6700000e+02   1.0259795e+01
   7.6800000e+02   1.0259588e+01
   7.6900000e+02   1.0259674e+01
   7.7000000e+02   1.0259550e+01
   7.7100000e+02   1.0259619e+01
   7.7200000e+02   1.0259531e+01
   7.7300000e+02   1.0259353e+01
   7.7400000e+02   1.0259541e+01
   7.7500000e+02   1.0259409e+01
   7.7600000e+02   1.0259432e+01
   7.7700000e+02   1.0259340e+01
   7.7800000e+02   1.0259352e+01
   7.7900000e+02   1.0259216e+01
   7.8000000e+02   1.0259436e+01
