   0.0000000e+00   1.0235396e+01
   1.0000000e+00   1.0231281e+01
   2.0000000e+00   1.0230098e+01
   3.0000000e+00   1.0229437e+01
   4.0000000e+00   1.0228925e+01
   5.0000000e+00   1.0228691e+01
   6.0000000e+00   1.0228199e+01
   7.0000000e+00   1.0228057e+01
   8.0000000e+00   1.0227759e+01
   9.0000000e+00   1.0227517e+01
   1.0000000e+01   1.0227305e+01
   1.1000000e+01   1.0227110e+01
   1.2000000e+01   1.0226746e+01
   1.3000000e+01   1.0226651e+01
   1.4000000e+01   1.0226441e+01
   1.5000000e+01   1.0226163e+01
   1.6000000e+01   1.0226019e+01
   1.7000000e+01   1.0225882e+01
   1.8000000e+01   1.0225745e+01
   1.9000000e+01   1.0225705e+01
   2.0000000e+01   1.0225582e+01
   2.1000000e+01   1.0225288e+01
   2.2000000e+01   1.0225068e+01
   2.3000000e+01   1.0225234e+01
   2.4000000e+01   1.0224760e+01
   2.5000000e+01   1.0224873e+01
   2.6000000e+01   1.0224602e+01
   2.7000000e+01   1.0224639e+01
   2.8000000e+01   1.0224394e+01
   2.9000000e+01   1.0224171e+01
   3.0000000e+01   1.0224109e+01
   3.1000000e+01   1.0224004e+01
   3.2000000e+01   1.0223886e+01
   3.3000000e+01   1.0223828e+01
   3.4000000e+01   1.0223597e+01
   3.5000000e+01   1.0223665e+01
   3.6000000e+01   1.0223212e+01
   3.7000000e+01   1.0223169e+01
   3.8000000e+01   1.0223328e+01
   3.9000000e+01   1.0222792e+01
   4.0000000e+01   1.0222972e+01
   4.1000000e+01   1.0222694e+01
   4.2000000e+01   1.0222762e+01
   4.3000000e+01   1.0222503e+01
   4.4000000e+01   1.0222594e+01
   4.5000000e+01   1.0222274e+01
   4.6000000e+01   1.0222461e+01
   4.7000000e+01   1.0222467e+01
   4.8000000e+01   1.0222078e+01
   4.9000000e+01   1.0222348e+01
   5.0000000e+01   1.0222145e+01
   5.1000000e+01   1.0222247e+01
   5.2000000e+01   1.0222131e+01
   5.3000000e+01   1.0221963e+01
   5.4000000e+01   1.0222006e+01
   5.5000000e+01   1.0221986e+01
   5.6000000e+01   1.0221843e+01
   5.7000000e+01   1.0221601e+01
   5.8000000e+01   1.0221787e+01
   5.9000000e+01   1.0221596e+01
   6.0000000e+01   1.0221767e+01
   6.1000000e+01   1.0221310e+01
   6.2000000e+01   1.0221317e+01
   6.3000000e+01   1.0221266e+01
   6.4000000e+01   1.0221276e+01
   6.5000000e+01   1.0221053e+01
   6.6000000e+01   1.0221164e+01
   6.7000000e+01   1.0221156e+01
   6.8000000e+01   1.0220906e+01
   6.9000000e+01   1.0220930e+01
   7.0000000e+01   1.0220732e+01
   7.1000000e+01   1.0220874e+01
   7.2000000e+01   1.0220525e+01
   7.3000000e+01   1.0220787e+01
   7.4000000e+01   1.0220462e+01
   7.5000000e+01   1.0220144e+01
   7.6000000e+01   1.0220289e+01
   7.7000000e+01   1.0220110e+01
   7.8000000e+01   1.0220078e+01
   7.9000000e+01   1.0220147e+01
   8.0000000e+01   1.0219806e+01
   8.1000000e+01   1.0219801e+01
   8.2000000e+01   1.0219930e+01
   8.3000000e+01   1.0219882e+01
   8.4000000e+01   1.0219520e+01
   8.5000000e+01   1.0219714e+01
   8.6000000e+01   1.0219572e+01
   8.7000000e+01   1.0219628e+01
   8.8000000e+01   1.0219768e+01
   8.9000000e+01   1.0219588e+01
   9.0000000e+01   1.0219608e+01
   9.1000000e+01   1.0219281e+01
   9.2000000e+01   1.0219696e+01
   9.3000000e+01   1.0219559e+01
   9.4000000e+01   1.0219336e+01
   9.5000000e+01   1.0219321e+01
   9.6000000e+01   1.0219056e+01
   9.7000000e+01   1.0219188e+01
   9.8000000e+01   1.0219067e+01
   9.9000000e+01   1.0219191e+01
   1.0000000e+02   1.0218967e+01
   1.0100000e+02   1.0219231e+01
   1.0200000e+02   1.0218871e+01
   1.0300000e+02   1.0218964e+01
   1.0400000e+02   1.0219118e+01
   1.0500000e+02   1.0218796e+01
   1.0600000e+02   1.0218950e+01
   1.0700000e+02   1.0218626e+01
   1.0800000e+02   1.0218910e+01
   1.0900000e+02   1.0218534e+01
   1.1000000e+02   1.0218631e+01
   1.1100000e+02   1.0218411e+01
   1.1200000e+02   1.0218340e+01
   1.1300000e+02   1.0218471e+01
   1.1400000e+02   1.0218375e+01
   1.1500000e+02   1.0218395e+01
   1.1600000e+02   1.0218296e+01
   1.1700000e+02   1.0218429e+01
   1.1800000e+02   1.0218270e+01
   1.1900000e+02   1.0218270e+01
   1.2000000e+02   1.0218195e+01
   1.2100000e+02   1.0218021e+01
   1.2200000e+02   1.0218203e+01
   1.2300000e+02   1.0217693e+01
   1.2400000e+02   1.0217749e+01
   1.2500000e+02   1.0217965e+01
   1.2600000e+02   1.0217831e+01
   1.2700000e+02   1.0217589e+01
   1.2800000e+02   1.0217794e+01
   1.2900000e+02   1.0217596e+01
   1.3000000e+02   1.0217782e+01
   1.3100000e+02   1.0217670e+01
   1.3200000e+02   1.0217550e+01
   1.3300000e+02   1.0217501e+01
   1.3400000e+02   1.0217123e+01
   1.3500000e+02   1.0217266e+01
   1.3600000e+02   1.0217118e+01
   1.3700000e+02   1.0217186e+01
   1.3800000e+02   1.0217115e+01
   1.3900000e+02   1.0216906e+01
   1.4000000e+02   1.0216730e+01
   1.4100000e+02   1.0217073e+01
   1.4200000e+02   1.0217132e+01
   1.4300000e+02   1.0216848e+01
   1.4400000e+02   1.0216887e+01
   1.4500000e+02   1.0216882e+01
   1.4600000e+02   1.0216665e+01
   1.4700000e+02   1.0216722e+01
   1.4800000e+02   1.0216500e+01
   1.4900000e+02   1.0216843e+01
   1.5000000e+02   1.0216450e+01
   1.5100000e+02   1.0216399e+01
   1.5200000e+02   1.0216537e+01
   1.5300000e+02   1.0216542e+01
   1.5400000e+02   1.0216491e+01
   1.5500000e+02   1.0216578e+01
   1.5600000e+02   1.0216516e+01
   1.5700000e+02   1.0216406e+01
   1.5800000e+02   1.0216393e+01
   1.5900000e+02   1.0216208e+01
   1.6000000e+02   1.0216504e+01
   1.6100000e+02   1.0216220e+01
   1.6200000e+02   1.0216274e+01
   1.6300000e+02   1.0216225e+01
   1.6400000e+02   1.0216042e+01
   1.6500000e+02   1.0215960e+01
   1.6600000e+02   1.0215684e+01
   1.6700000e+02   1.0212078e+01
   1.6800000e+02   1.0197770e+01
   1.6900000e+02   1.0183100e+01
   1.7000000e+02   1.0187624e+01
   1.7100000e+02   1.0199577e+01
   1.7200000e+02   1.0207237e+01
   1.7300000e+02   1.0210578e+01
   1.7400000e+02   1.0211077e+01
   1.7500000e+02   1.0211259e+01
   1.7600000e+02   1.0211194e+01
   1.7700000e+02   1.0211674e+01
   1.7800000e+02   1.0211078e+01
   1.7900000e+02   1.0196768e+01
   1.8000000e+02   1.0153447e+01
   1.8100000e+02   1.0150326e+01
   1.8200000e+02   1.0156985e+01
   1.8300000e+02   1.0160140e+01
   1.8400000e+02   1.0163991e+01
   1.8500000e+02   1.0166945e+01
   1.8600000e+02   1.0167483e+01
   1.8700000e+02   1.0168844e+01
   1.8800000e+02   1.0174148e+01
   1.8900000e+02   1.0179468e+01
   1.9000000e+02   1.0184345e+01
   1.9100000e+02   1.0189155e+01
   1.9200000e+02   1.0193766e+01
   1.9300000e+02   1.0198543e+01
   1.9400000e+02   1.0202191e+01
   1.9500000e+02   1.0204569e+01
   1.9600000e+02   1.0206065e+01
   1.9700000e+02   1.0207375e+01
   1.9800000e+02   1.0208092e+01
   1.9900000e+02   1.0209011e+01
   2.0000000e+02   1.0209594e+01
   2.0100000e+02   1.0210156e+01
   2.0200000e+02   1.0210742e+01
   2.0300000e+02   1.0211015e+01
   2.0400000e+02   1.0211491e+01
   2.0500000e+02   1.0211802e+01
   2.0600000e+02   1.0212091e+01
   2.0700000e+02   1.0212537e+01
   2.0800000e+02   1.0212752e+01
   2.0900000e+02   1.0213220e+01
   2.1000000e+02   1.0213460e+01
   2.1100000e+02   1.0213470e+01
   2.1200000e+02   1.0213773e+01
   2.1300000e+02   1.0214015e+01
   2.1400000e+02   1.0213989e+01
   2.1500000e+02   1.0214025e+01
   2.1600000e+02   1.0214012e+01
   2.1700000e+02   1.0214384e+01
   2.1800000e+02   1.0214434e+01
   2.1900000e+02   1.0214323e+01
   2.2000000e+02   1.0214565e+01
   2.2100000e+02   1.0214022e+01
   2.2200000e+02   1.0214036e+01
   2.2300000e+02   1.0213944e+01
   2.2400000e+02   1.0213999e+01
   2.2500000e+02   1.0213868e+01
   2.2600000e+02   1.0213848e+01
   2.2700000e+02   1.0213718e+01
   2.2800000e+02   1.0213956e+01
   2.2900000e+02   1.0213402e+01
   2.3000000e+02   1.0213598e+01
   2.3100000e+02   1.0213820e+01
   2.3200000e+02   1.0213828e+01
   2.3300000e+02   1.0213540e+01
   2.3400000e+02   1.0213694e+01
   2.3500000e+02   1.0213782e+01
   2.3600000e+02   1.0213593e+01
   2.3700000e+02   1.0213717e+01
   2.3800000e+02   1.0213192e+01
   2.3900000e+02   1.0213201e+01
   2.4000000e+02   1.0213373e+01
   2.4100000e+02   1.0213206e+01
   2.4200000e+02   1.0212885e+01
   2.4300000e+02   1.0212733e+01
   2.4400000e+02   1.0211987e+01
   2.4500000e+02   1.0211219e+01
   2.4600000e+02   1.0209929e+01
   2.4700000e+02   1.0208533e+01
   2.4800000e+02   1.0206665e+01
   2.4900000e+02   1.0205569e+01
   2.5000000e+02   1.0205031e+01
   2.5100000e+02   1.0205046e+01
   2.5200000e+02   1.0205711e+01
   2.5300000e+02   1.0206454e+01
   2.5400000e+02   1.0206940e+01
   2.5500000e+02   1.0206674e+01
   2.5600000e+02   1.0206657e+01
   2.5700000e+02   1.0205997e+01
   2.5800000e+02   1.0205421e+01
   2.5900000e+02   1.0204517e+01
   2.6000000e+02   1.0203745e+01
   2.6100000e+02   1.0203043e+01
   2.6200000e+02   1.0202755e+01
   2.6300000e+02   1.0202181e+01
   2.6400000e+02   1.0201830e+01
   2.6500000e+02   1.0201598e+01
   2.6600000e+02   1.0202306e+01
   2.6700000e+02   1.0203271e+01
   2.6800000e+02   1.0204034e+01
   2.6900000e+02   1.0204869e+01
   2.7000000e+02   1.0205146e+01
   2.7100000e+02   1.0205510e+01
   2.7200000e+02   1.0206045e+01
   2.7300000e+02   1.0206068e+01
   2.7400000e+02   1.0206286e+01
   2.7500000e+02   1.0206037e+01
   2.7600000e+02   1.0206478e+01
   2.7700000e+02   1.0206839e+01
   2.7800000e+02   1.0207069e+01
   2.7900000e+02   1.0207154e+01
   2.8000000e+02   1.0207641e+01
   2.8100000e+02   1.0207861e+01
   2.8200000e+02   1.0207984e+01
   2.8300000e+02   1.0208154e+01
   2.8400000e+02   1.0208453e+01
   2.8500000e+02   1.0208676e+01
   2.8600000e+02   1.0208746e+01
   2.8700000e+02   1.0209166e+01
   2.8800000e+02   1.0209234e+01
   2.8900000e+02   1.0209535e+01
   2.9000000e+02   1.0209396e+01
   2.9100000e+02   1.0209323e+01
   2.9200000e+02   1.0209929e+01
   2.9300000e+02   1.0209728e+01
   2.9400000e+02   1.0209856e+01
   2.9500000e+02   1.0210048e+01
   2.9600000e+02   1.0210006e+01
   2.9700000e+02   1.0210317e+01
   2.9800000e+02   1.0210522e+01
   2.9900000e+02   1.0210063e+01
   3.0000000e+02   1.0210022e+01
   3.0100000e+02   1.0209649e+01
   3.0200000e+02   1.0208861e+01
   3.0300000e+02   1.0207778e+01
   3.0400000e+02   1.0206473e+01
   3.0500000e+02   1.0204799e+01
   3.0600000e+02   1.0202518e+01
   3.0700000e+02   1.0199439e+01
   3.0800000e+02   1.0195336e+01
   3.0900000e+02   1.0190458e+01
   3.1000000e+02   1.0185375e+01
   3.1100000e+02   1.0180632e+01
   3.1200000e+02   1.0177533e+01
   3.1300000e+02   1.0175628e+01
   3.1400000e+02   1.0175062e+01
   3.1500000e+02   1.0174614e+01
   3.1600000e+02   1.0172834e+01
   3.1700000e+02   1.0169390e+01
   3.1800000e+02   1.0163661e+01
   3.1900000e+02   1.0156436e+01
   3.2000000e+02   1.0148889e+01
   3.2100000e+02   1.0142587e+01
   3.2200000e+02   1.0137981e+01
   3.2300000e+02   1.0135780e+01
   3.2400000e+02   1.0135973e+01
   3.2500000e+02   1.0137806e+01
   3.2600000e+02   1.0140896e+01
   3.2700000e+02   1.0145158e+01
   3.2800000e+02   1.0149986e+01
   3.2900000e+02   1.0155698e+01
   3.3000000e+02   1.0160952e+01
   3.3100000e+02   1.0165551e+01
   3.3200000e+02   1.0169353e+01
   3.3300000e+02   1.0172110e+01
   3.3400000e+02   1.0173992e+01
   3.3500000e+02   1.0174669e+01
   3.3600000e+02   1.0174614e+01
   3.3700000e+02   1.0174016e+01
   3.3800000e+02   1.0173410e+01
   3.3900000e+02   1.0173101e+01
   3.4000000e+02   1.0173736e+01
   3.4100000e+02   1.0175233e+01
   3.4200000e+02   1.0177669e+01
   3.4300000e+02   1.0180667e+01
   3.4400000e+02   1.0183503e+01
   3.4500000e+02   1.0186590e+01
   3.4600000e+02   1.0188890e+01
   3.4700000e+02   1.0191236e+01
   3.4800000e+02   1.0193179e+01
   3.4900000e+02   1.0194491e+01
   3.5000000e+02   1.0196118e+01
   3.5100000e+02   1.0197346e+01
   3.5200000e+02   1.0198272e+01
   3.5300000e+02   1.0199474e+01
   3.5400000e+02   1.0200668e+01
   3.5500000e+02   1.0201524e+01
   3.5600000e+02   1.0202118e+01
   3.5700000e+02   1.0202502e+01
   3.5800000e+02   1.0202726e+01
   3.5900000e+02   1.0202773e+01
   3.6000000e+02   1.0203096e+01
   3.6100000e+02   1.0203093e+01
   3.6200000e+02   1.0202794e+01
   3.6300000e+02   1.0202441e+01
   3.6400000e+02   1.0202917e+01
   3.6500000e+02   1.0203329e+01
   3.6600000e+02   1.0204106e+01
   3.6700000e+02   1.0204671e+01
   3.6800000e+02   1.0204984e+01
   3.6900000e+02   1.0205888e+01
   3.7000000e+02   1.0206219e+01
   3.7100000e+02   1.0206589e+01
   3.7200000e+02   1.0207178e+01
   3.7300000e+02   1.0207354e+01
   3.7400000e+02   1.0207693e+01
   3.7500000e+02   1.0207800e+01
   3.7600000e+02   1.0208217e+01
   3.7700000e+02   1.0208330e+01
   3.7800000e+02   1.0208641e+01
   3.7900000e+02   1.0208652e+01
   3.8000000e+02   1.0208632e+01
   3.8100000e+02   1.0208946e+01
   3.8200000e+02   1.0208803e+01
   3.8300000e+02   1.0208895e+01
   3.8400000e+02   1.0208779e+01
   3.8500000e+02   1.0208311e+01
   3.8600000e+02   1.0207881e+01
   3.8700000e+02   1.0207493e+01
   3.8800000e+02   1.0206913e+01
   3.8900000e+02   1.0206665e+01
   3.9000000e+02   1.0205929e+01
   3.9100000e+02   1.0205536e+01
   3.9200000e+02   1.0205252e+01
   3.9300000e+02   1.0205223e+01
   3.9400000e+02   1.0205343e+01
   3.9500000e+02   1.0205784e+01
   3.9600000e+02   1.0206156e+01
   3.9700000e+02   1.0206291e+01
   3.9800000e+02   1.0206686e+01
   3.9900000e+02   1.0206918e+01
   4.0000000e+02   1.0207184e+01
   4.0100000e+02   1.0207318e+01
   4.0200000e+02   1.0207505e+01
   4.0300000e+02   1.0207802e+01
   4.0400000e+02   1.0207743e+01
   4.0500000e+02   1.0207931e+01
   4.0600000e+02   1.0207980e+01
   4.0700000e+02   1.0207937e+01
   4.0800000e+02   1.0208681e+01
   4.0900000e+02   1.0207954e+01
   4.1000000e+02   1.0208388e+01
   4.1100000e+02   1.0208066e+01
   4.1200000e+02   1.0208614e+01
   4.1300000e+02   1.0208886e+01
   4.1400000e+02   1.0208446e+01
   4.1500000e+02   1.0208633e+01
   4.1600000e+02   1.0208915e+01
   4.1700000e+02   1.0208718e+01
   4.1800000e+02   1.0208721e+01
   4.1900000e+02   1.0208790e+01
   4.2000000e+02   1.0208513e+01
   4.2100000e+02   1.0208548e+01
   4.2200000e+02   1.0208684e+01
   4.2300000e+02   1.0208524e+01
   4.2400000e+02   1.0208719e+01
   4.2500000e+02   1.0208349e+01
   4.2600000e+02   1.0208723e+01
   4.2700000e+02   1.0208581e+01
   4.2800000e+02   1.0208549e+01
   4.2900000e+02   1.0208295e+01
   4.3000000e+02   1.0208676e+01
   4.3100000e+02   1.0208656e+01
   4.3200000e+02   1.0208524e+01
   4.3300000e+02   1.0208345e+01
   4.3400000e+02   1.0208226e+01
   4.3500000e+02   1.0208281e+01
   4.3600000e+02   1.0208108e+01
   4.3700000e+02   1.0207529e+01
   4.3800000e+02   1.0206858e+01
   4.3900000e+02   1.0205190e+01
   4.4000000e+02   1.0202539e+01
   4.4100000e+02   1.0198063e+01
   4.4200000e+02   1.0191161e+01
   4.4300000e+02   1.0182087e+01
   4.4400000e+02   1.0170553e+01
   4.4500000e+02   1.0156512e+01
   4.4600000e+02   1.0141664e+01
   4.4700000e+02   1.0126890e+01
   4.4800000e+02   1.0113204e+01
   4.4900000e+02   1.0102761e+01
   4.5000000e+02   1.0096219e+01
   4.5100000e+02   1.0093824e+01
   4.5200000e+02   1.0095779e+01
   4.5300000e+02   1.0100895e+01
   4.5400000e+02   1.0108188e+01
   4.5500000e+02   1.0116347e+01
   4.5600000e+02   1.0125128e+01
   4.5700000e+02   1.0132991e+01
   4.5800000e+02   1.0139890e+01
   4.5900000e+02   1.0146177e+01
   4.6000000e+02   1.0151539e+01
   4.6100000e+02   1.0156098e+01
   4.6200000e+02   1.0160044e+01
   4.6300000e+02   1.0163497e+01
   4.6400000e+02   1.0167458e+01
   4.6500000e+02   1.0170344e+01
   4.6600000e+02   1.0173527e+01
   4.6700000e+02   1.0176500e+01
   4.6800000e+02   1.0179529e+01
   4.6900000e+02   1.0181757e+01
   4.7000000e+02   1.0183884e+01
   4.7100000e+02   1.0186233e+01
   4.7200000e+02   1.0188286e+01
   4.7300000e+02   1.0189990e+01
   4.7400000e+02   1.0191806e+01
   4.7500000e+02   1.0193438e+01
   4.7600000e+02   1.0194763e+01
   4.7700000e+02   1.0196175e+01
   4.7800000e+02   1.0197553e+01
   4.7900000e+02   1.0198986e+01
   4.8000000e+02   1.0199785e+01
   4.8100000e+02   1.0201079e+01
   4.8200000e+02   1.0201980e+01
   4.8300000e+02   1.0203087e+01
   4.8400000e+02   1.0203651e+01
   4.8500000e+02   1.0204380e+01
   4.8600000e+02   1.0204608e+01
   4.8700000e+02   1.0205587e+01
   4.8800000e+02   1.0205925e+01
   4.8900000e+02   1.0206330e+01
   4.9000000e+02   1.0206498e+01
   4.9100000e+02   1.0206507e+01
   4.9200000e+02   1.0207005e+01
   4.9300000e+02   1.0207117e+01
   4.9400000e+02   1.0207367e+01
   4.9500000e+02   1.0207389e+01
   4.9600000e+02   1.0207524e+01
   4.9700000e+02   1.0207577e+01
   4.9800000e+02   1.0207550e+01
   4.9900000e+02   1.0207486e+01
   5.0000000e+02   1.0207492e+01
   5.0100000e+02   1.0207565e+01
   5.0200000e+02   1.0207491e+01
   5.0300000e+02   1.0207895e+01
   5.0400000e+02   1.0207610e+01
   5.0500000e+02   1.0207627e+01
   5.0600000e+02   1.0208075e+01
   5.0700000e+02   1.0207682e+01
   5.0800000e+02   1.0207710e+01
   5.0900000e+02   1.0207689e+01
   5.1000000e+02   1.0207475e+01
   5.1100000e+02   1.0207478e+01
   5.1200000e+02   1.0207745e+01
   5.1300000e+02   1.0207704e+01
   5.1400000e+02   1.0207818e+01
   5.1500000e+02   1.0207605e+01
   5.1600000e+02   1.0207476e+01
   5.1700000e+02   1.0207658e+01
   5.1800000e+02   1.0207475e+01
   5.1900000e+02   1.0207712e+01
   5.2000000e+02   1.0207370e+01
   5.2100000e+02   1.0207559e+01
   5.2200000e+02   1.0207258e+01
   5.2300000e+02   1.0207537e+01
   5.2400000e+02   1.0207451e+01
   5.2500000e+02   1.0207253e+01
   5.2600000e+02   1.0207287e+01
   5.2700000e+02   1.0207254e+01
   5.2800000e+02   1.0207435e+01
   5.2900000e+02   1.0207517e+01
   5.3000000e+02   1.0207633e+01
   5.3100000e+02   1.0207286e+01
   5.3200000e+02   1.0207644e+01
   5.3300000e+02   1.0207188e+01
   5.3400000e+02   1.0207336e+01
   5.3500000e+02   1.0207261e+01
   5.3600000e+02   1.0207414e+01
   5.3700000e+02   1.0206810e+01
   5.3800000e+02   1.0207358e+01
   5.3900000e+02   1.0206972e+01
   5.4000000e+02   1.0207060e+01
   5.4100000e+02   1.0207095e+01
   5.4200000e+02   1.0207057e+01
   5.4300000e+02   1.0207115e+01
   5.4400000e+02   1.0207114e+01
   5.4500000e+02   1.0207073e+01
   5.4600000e+02   1.0207066e+01
   5.4700000e+02   1.0207022e+01
   5.4800000e+02   1.0207050e+01
   5.4900000e+02   1.0207223e+01
   5.5000000e+02   1.0207072e+01
   5.5100000e+02   1.0207006e+01
   5.5200000e+02   1.0206799e+01
   5.5300000e+02   1.0206622e+01
   5.5400000e+02   1.0206857e+01
   5.5500000e+02   1.0207062e+01
   5.5600000e+02   1.0206754e+01
   5.5700000e+02   1.0206718e+01
   5.5800000e+02   1.0206672e+01
   5.5900000e+02   1.0206671e+01
   5.6000000e+02   1.0206473e+01
   5.6100000e+02   1.0206642e+01
   5.6200000e+02   1.0206455e+01
   5.6300000e+02   1.0206574e+01
   5.6400000e+02   1.0206573e+01
   5.6500000e+02   1.0206722e+01
   5.6600000e+02   1.0206509e+01
   5.6700000e+02   1.0206383e+01
   5.6800000e+02   1.0206641e+01
   5.6900000e+02   1.0206519e+01
   5.7000000e+02   1.0206626e+01
   5.7100000e+02   1.0206484e+01
   5.7200000e+02   1.0206661e+01
   5.7300000e+02   1.0206639e+01
   5.7400000e+02   1.0206294e+01
   5.7500000e+02   1.0206373e+01
   5.7600000e+02   1.0206654e+01
   5.7700000e+02   1.0206498e+01
   5.7800000e+02   1.0206295e+01
   5.7900000e+02   1.0206236e+01
   5.8000000e+02   1.0206327e+01
   5.8100000e+02   1.0206415e+01
   5.8200000e+02   1.0206642e+01
   5.8300000e+02   1.0206619e+01
   5.8400000e+02   1.0206232e+01
   5.8500000e+02   1.0206271e+01
   5.8600000e+02   1.0206171e+01
   5.8700000e+02   1.0206161e+01
   5.8800000e+02   1.0206551e+01
   5.8900000e+02   1.0206444e+01
   5.9000000e+02   1.0206191e+01
   5.9100000e+02   1.0205991e+01
   5.9200000e+02   1.0206240e+01
   5.9300000e+02   1.0206413e+01
   5.9400000e+02   1.0206637e+01
   5.9500000e+02   1.0206315e+01
   5.9600000e+02   1.0206228e+01
   5.9700000e+02   1.0206669e+01
   5.9800000e+02   1.0206072e+01
   5.9900000e+02   1.0206369e+01
   6.0000000e+02   1.0206277e+01
   6.0100000e+02   1.0205954e+01
   6.0200000e+02   1.0206244e+01
   6.0300000e+02   1.0205993e+01
   6.0400000e+02   1.0206285e+01
   6.0500000e+02   1.0206045e+01
   6.0600000e+02   1.0206093e+01
   6.0700000e+02   1.0206279e+01
   6.0800000e+02   1.0205803e+01
   6.0900000e+02   1.0206043e+01
   6.1000000e+02   1.0206274e+01
   6.1100000e+02   1.0206248e+01
   6.1200000e+02   1.0205972e+01
   6.1300000e+02   1.0205819e+01
   6.1400000e+02   1.0206196e+01
   6.1500000e+02   1.0205948e+01
   6.1600000e+02   1.0205574e+01
   6.1700000e+02   1.0205697e+01
   6.1800000e+02   1.0205845e+01
   6.1900000e+02   1.0205783e+01
   6.2000000e+02   1.0205884e+01
   6.2100000e+02   1.0205635e+01
   6.2200000e+02   1.0205673e+01
   6.2300000e+02   1.0205952e+01
   6.2400000e+02   1.0205505e+01
   6.2500000e+02   1.0205630e+01
   6.2600000e+02   1.0205817e+01
   6.2700000e+02   1.0205711e+01
   6.2800000e+02   1.0205734e+01
   6.2900000e+02   1.0205582e+01
   6.3000000e+02   1.0205667e+01
   6.3100000e+02   1.0205515e+01
   6.3200000e+02   1.0205469e+01
   6.3300000e+02   1.0205722e+01
   6.3400000e+02   1.0205390e+01
   6.3500000e+02   1.0205698e+01
   6.3600000e+02   1.0205340e+01
   6.3700000e+02   1.0205677e+01
   6.3800000e+02   1.0205597e+01
   6.3900000e+02   1.0205352e+01
   6.4000000e+02   1.0205444e+01
   6.4100000e+02   1.0205470e+01
   6.4200000e+02   1.0205369e+01
   6.4300000e+02   1.0205516e+01
   6.4400000e+02   1.0205583e+01
   6.4500000e+02   1.0205471e+01
   6.4600000e+02   1.0205396e+01
   6.4700000e+02   1.0205824e+01
   6.4800000e+02   1.0205435e+01
   6.4900000e+02   1.0205411e+01
   6.5000000e+02   1.0205822e+01
   6.5100000e+02   1.0205149e+01
   6.5200000e+02   1.0205654e+01
   6.5300000e+02   1.0205528e+01
   6.5400000e+02   1.0205354e+01
   6.5500000e+02   1.0205790e+01
   6.5600000e+02   1.0205863e+01
   6.5700000e+02   1.0205568e+01
   6.5800000e+02   1.0205430e+01
   6.5900000e+02   1.0205293e+01
   6.6000000e+02   1.0205469e+01
   6.6100000e+02   1.0205884e+01
   6.6200000e+02   1.0205712e+01
   6.6300000e+02   1.0205469e+01
   6.6400000e+02   1.0205153e+01
   6.6500000e+02   1.0205470e+01
   6.6600000e+02   1.0205508e+01
   6.6700000e+02   1.0205623e+01
   6.6800000e+02   1.0205446e+01
   6.6900000e+02   1.0205191e+01
   6.7000000e+02   1.0205278e+01
   6.7100000e+02   1.0205320e+01
   6.7200000e+02   1.0205024e+01
   6.7300000e+02   1.0204866e+01
   6.7400000e+02   1.0204732e+01
   6.7500000e+02   1.0204577e+01
   6.7600000e+02   1.0204349e+01
   6.7700000e+02   1.0203473e+01
   6.7800000e+02   1.0203393e+01
   6.7900000e+02   1.0203032e+01
   6.8000000e+02   1.0202752e+01
   6.8100000e+02   1.0201732e+01
   6.8200000e+02   1.0201386e+01
   6.8300000e+02   1.0200555e+01
   6.8400000e+02   1.0200097e+01
   6.8500000e+02   1.0199143e+01
   6.8600000e+02   1.0198621e+01
   6.8700000e+02   1.0198177e+01
   6.8800000e+02   1.0198036e+01
   6.8900000e+02   1.0197912e+01
   6.9000000e+02   1.0197767e+01
   6.9100000e+02   1.0198056e+01
   6.9200000e+02   1.0198098e+01
   6.9300000e+02   1.0197862e+01
   6.9400000e+02   1.0198240e+01
   6.9500000e+02   1.0198682e+01
   6.9600000e+02   1.0199029e+01
   6.9700000e+02   1.0199164e+01
   6.9800000e+02   1.0199755e+01
   6.9900000e+02   1.0199788e+01
   7.0000000e+02   1.0200471e+01
   7.0100000e+02   1.0200639e+01
   7.0200000e+02   1.0200745e+01
   7.0300000e+02   1.0201072e+01
   7.0400000e+02   1.0201443e+01
   7.0500000e+02   1.0201857e+01
   7.0600000e+02   1.0202403e+01
   7.0700000e+02   1.0202546e+01
   7.0800000e+02   1.0202828e+01
   7.0900000e+02   1.0202714e+01
   7.1000000e+02   1.0203029e+01
   7.1100000e+02   1.0202968e+01
   7.1200000e+02   1.0203650e+01
   7.1300000e+02   1.0203141e+01
   7.1400000e+02   1.0203680e+01
   7.1500000e+02   1.0203540e+01
   7.1600000e+02   1.0203858e+01
   7.1700000e+02   1.0203807e+01
   7.1800000e+02   1.0203523e+01
   7.1900000e+02   1.0204165e+01
   7.2000000e+02   1.0204157e+01
   7.2100000e+02   1.0204101e+01
   7.2200000e+02   1.0204147e+01
   7.2300000e+02   1.0203893e+01
   7.2400000e+02   1.0204018e+01
   7.2500000e+02   1.0204284e+01
   7.2600000e+02   1.0204260e+01
   7.2700000e+02   1.0204259e+01
   7.2800000e+02   1.0204274e+01
   7.2900000e+02   1.0204298e+01
   7.3000000e+02   1.0204128e+01
   7.3100000e+02   1.0204414e+01
   7.3200000e+02   1.0204371e+01
   7.3300000e+02   1.0204590e+01
   7.3400000e+02   1.0204206e+01
   7.3500000e+02   1.0204494e+01
   7.3600000e+02   1.0204192e+01
   7.3700000e+02   1.0204533e+01
   7.3800000e+02   1.0204263e+01
   7.3900000e+02   1.0204471e+01
   7.4000000e+02   1.0203928e+01
   7.4100000e+02   1.0204016e+01
   7.4200000e+02   1.0204376e+01
   7.4300000e+02   1.0204372e+01
   7.4400000e+02   1.0204088e+01
   7.4500000e+02   1.0203950e+01
   7.4600000e+02   1.0204057e+01
   7.4700000e+02   1.0203861e+01
   7.4800000e+02   1.0204392e+01
   7.4900000e+02   1.0204014e+01
   7.5000000e+02   1.0203975e+01
   7.5100000e+02   1.0203913e+01
   7.5200000e+02   1.0203758e+01
   7.5300000e+02   1.0203998e+01
   7.5400000e+02   1.0203964e+01
   7.5500000e+02   1.0203897e+01
   7.5600000e+02   1.0203827e+01
   7.5700000e+02   1.0204063e+01
   7.5800000e+02   1.0204152e+01
   7.5900000e+02   1.0204162e+01
   7.6000000e+02   1.0203979e+01
   7.6100000e+02   1.0204203e+01
   7.6200000e+02   1.0204038e+01
   7.6300000e+02   1.0203898e+01
   7.6400000e+02   1.0204045e+01
   7.6500000e+02   1.0204208e+01
   7.6600000e+02   1.0204107e+01
   7.6700000e+02   1.0203919e+01
   7.6800000e+02   1.0203793e+01
   7.6900000e+02   1.0203729e+01
   7.7000000e+02   1.0203838e+01
   7.7100000e+02   1.0203727e+01
   7.7200000e+02   1.0203883e+01
   7.7300000e+02   1.0203582e+01
   7.7400000e+02   1.0203622e+01
   7.7500000e+02   1.0203732e+01
   7.7600000e+02   1.0203359e+01
   7.7700000e+02   1.0203801e+01
   7.7800000e+02   1.0203760e+01
   7.7900000e+02   1.0203598e+01
   7.8000000e+02   1.0203758e+01
