   0.0000000e+00   1.0293559e+01
   1.0000000e+00   1.0289514e+01
   2.0000000e+00   1.0288141e+01
   3.0000000e+00   1.0287731e+01
   4.0000000e+00   1.0286970e+01
   5.0000000e+00   1.0286308e+01
   6.0000000e+00   1.0285701e+01
   7.0000000e+00   1.0285409e+01
   8.0000000e+00   1.0284886e+01
   9.0000000e+00   1.0284769e+01
   1.0000000e+01   1.0284251e+01
   1.1000000e+01   1.0284141e+01
   1.2000000e+01   1.0284184e+01
   1.3000000e+01   1.0283886e+01
   1.4000000e+01   1.0283691e+01
   1.5000000e+01   1.0283554e+01
   1.6000000e+01   1.0283379e+01
   1.7000000e+01   1.0283033e+01
   1.8000000e+01   1.0282846e+01
   1.9000000e+01   1.0282506e+01
   2.0000000e+01   1.0282804e+01
   2.1000000e+01   1.0282133e+01
   2.2000000e+01   1.0282105e+01
   2.3000000e+01   1.0282270e+01
   2.4000000e+01   1.0282115e+01
   2.5000000e+01   1.0281900e+01
   2.6000000e+01   1.0281811e+01
   2.7000000e+01   1.0281954e+01
   2.8000000e+01   1.0281501e+01
   2.9000000e+01   1.0281567e+01
   3.0000000e+01   1.0281648e+01
   3.1000000e+01   1.0281203e+01
   3.2000000e+01   1.0281283e+01
   3.3000000e+01   1.0281105e+01
   3.4000000e+01   1.0281050e+01
   3.5000000e+01   1.0281073e+01
   3.6000000e+01   1.0280894e+01
   3.7000000e+01   1.0280947e+01
   3.8000000e+01   1.0280756e+01
   3.9000000e+01   1.0280716e+01
   4.0000000e+01   1.0280557e+01
   4.1000000e+01   1.0280308e+01
   4.2000000e+01   1.0280144e+01
   4.3000000e+01   1.0280067e+01
   4.4000000e+01   1.0280148e+01
   4.5000000e+01   1.0280084e+01
   4.6000000e+01   1.0279995e+01
   4.7000000e+01   1.0279797e+01
   4.8000000e+01   1.0280088e+01
   4.9000000e+01   1.0279908e+01
   5.0000000e+01   1.0279679e+01
   5.1000000e+01   1.0279954e+01
   5.2000000e+01   1.0279800e+01
   5.3000000e+01   1.0279702e+01
   5.4000000e+01   1.0279497e+01
   5.5000000e+01   1.0279343e+01
   5.6000000e+01   1.0279242e+01
   5.7000000e+01   1.0279094e+01
   5.8000000e+01   1.0279141e+01
   5.9000000e+01   1.0279010e+01
   6.0000000e+01   1.0278977e+01
   6.1000000e+01   1.0278923e+01
   6.2000000e+01   1.0279001e+01
   6.3000000e+01   1.0278599e+01
   6.4000000e+01   1.0278689e+01
   6.5000000e+01   1.0278593e+01
   6.6000000e+01   1.0278728e+01
   6.7000000e+01   1.0278570e+01
   6.8000000e+01   1.0278524e+01
   6.9000000e+01   1.0278298e+01
   7.0000000e+01   1.0278575e+01
   7.1000000e+01   1.0278448e+01
   7.2000000e+01   1.0278092e+01
   7.3000000e+01   1.0278220e+01
   7.4000000e+01   1.0278518e+01
   7.5000000e+01   1.0278380e+01
   7.6000000e+01   1.0278355e+01
   7.7000000e+01   1.0278079e+01
   7.8000000e+01   1.0277750e+01
   7.9000000e+01   1.0278033e+01
   8.0000000e+01   1.0278060e+01
   8.1000000e+01   1.0277849e+01
   8.2000000e+01   1.0277766e+01
   8.3000000e+01   1.0277508e+01
   8.4000000e+01   1.0277610e+01
   8.5000000e+01   1.0277751e+01
   8.6000000e+01   1.0277572e+01
   8.7000000e+01   1.0277604e+01
   8.8000000e+01   1.0277483e+01
   8.9000000e+01   1.0277188e+01
   9.0000000e+01   1.0277262e+01
   9.1000000e+01   1.0277370e+01
   9.2000000e+01   1.0277146e+01
   9.3000000e+01   1.0276984e+01
   9.4000000e+01   1.0277158e+01
   9.5000000e+01   1.0276926e+01
   9.6000000e+01   1.0276870e+01
   9.7000000e+01   1.0276969e+01
   9.8000000e+01   1.0276650e+01
   9.9000000e+01   1.0276755e+01
   1.0000000e+02   1.0276674e+01
   1.0100000e+02   1.0276818e+01
   1.0200000e+02   1.0276478e+01
   1.0300000e+02   1.0276592e+01
   1.0400000e+02   1.0276483e+01
   1.0500000e+02   1.0276480e+01
   1.0600000e+02   1.0276468e+01
   1.0700000e+02   1.0276645e+01
   1.0800000e+02   1.0276223e+01
   1.0900000e+02   1.0276225e+01
   1.1000000e+02   1.0276365e+01
   1.1100000e+02   1.0276260e+01
   1.1200000e+02   1.0276297e+01
   1.1300000e+02   1.0275991e+01
   1.1400000e+02   1.0275898e+01
   1.1500000e+02   1.0275986e+01
   1.1600000e+02   1.0275764e+01
   1.1700000e+02   1.0275965e+01
   1.1800000e+02   1.0275793e+01
   1.1900000e+02   1.0275632e+01
   1.2000000e+02   1.0275730e+01
   1.2100000e+02   1.0275594e+01
   1.2200000e+02   1.0275533e+01
   1.2300000e+02   1.0275491e+01
   1.2400000e+02   1.0275351e+01
   1.2500000e+02   1.0275327e+01
   1.2600000e+02   1.0275148e+01
   1.2700000e+02   1.0275149e+01
   1.2800000e+02   1.0275281e+01
   1.2900000e+02   1.0274926e+01
   1.3000000e+02   1.0274973e+01
   1.3100000e+02   1.0275080e+01
   1.3200000e+02   1.0275025e+01
   1.3300000e+02   1.0274967e+01
   1.3400000e+02   1.0275000e+01
   1.3500000e+02   1.0275041e+01
   1.3600000e+02   1.0275011e+01
   1.3700000e+02   1.0275034e+01
   1.3800000e+02   1.0274998e+01
   1.3900000e+02   1.0275249e+01
   1.4000000e+02   1.0274826e+01
   1.4100000e+02   1.0274870e+01
   1.4200000e+02   1.0274845e+01
   1.4300000e+02   1.0274619e+01
   1.4400000e+02   1.0274747e+01
   1.4500000e+02   1.0274378e+01
   1.4600000e+02   1.0274430e+01
   1.4700000e+02   1.0274575e+01
   1.4800000e+02   1.0274440e+01
   1.4900000e+02   1.0274384e+01
   1.5000000e+02   1.0274627e+01
   1.5100000e+02   1.0274503e+01
   1.5200000e+02   1.0274137e+01
   1.5300000e+02   1.0274207e+01
   1.5400000e+02   1.0274137e+01
   1.5500000e+02   1.0274428e+01
   1.5600000e+02   1.0274358e+01
   1.5700000e+02   1.0274015e+01
   1.5800000e+02   1.0274272e+01
   1.5900000e+02   1.0274477e+01
   1.6000000e+02   1.0274135e+01
   1.6100000e+02   1.0274043e+01
   1.6200000e+02   1.0274100e+01
   1.6300000e+02   1.0274144e+01
   1.6400000e+02   1.0274160e+01
   1.6500000e+02   1.0273907e+01
   1.6600000e+02   1.0273516e+01
   1.6700000e+02   1.0267249e+01
   1.6800000e+02   1.0250546e+01
   1.6900000e+02   1.0242182e+01
   1.7000000e+02   1.0250424e+01
   1.7100000e+02   1.0260494e+01
   1.7200000e+02   1.0266252e+01
   1.7300000e+02   1.0268221e+01
   1.7400000e+02   1.0268894e+01
   1.7500000e+02   1.0268611e+01
   1.7600000e+02   1.0269252e+01
   1.7700000e+02   1.0269783e+01
   1.7800000e+02   1.0268301e+01
   1.7900000e+02   1.0239235e+01
   1.8000000e+02   1.0204604e+01
   1.8100000e+02   1.0210022e+01
   1.8200000e+02   1.0215253e+01
   1.8300000e+02   1.0219869e+01
   1.8400000e+02   1.0226718e+01
   1.8500000e+02   1.0231153e+01
   1.8600000e+02   1.0232932e+01
   1.8700000e+02   1.0233266e+01
   1.8800000e+02   1.0233546e+01
   1.8900000e+02   1.0236029e+01
   1.9000000e+02   1.0241842e+01
   1.9100000e+02   1.0248036e+01
   1.9200000e+02   1.0252619e+01
   1.9300000e+02   1.0257820e+01
   1.9400000e+02   1.0261799e+01
   1.9500000e+02   1.0264030e+01
   1.9600000e+02   1.0265491e+01
   1.9700000e+02   1.0266972e+01
   1.9800000e+02   1.0267284e+01
   1.9900000e+02   1.0268174e+01
   2.0000000e+02   1.0268617e+01
   2.0100000e+02   1.0269299e+01
   2.0200000e+02   1.0269534e+01
   2.0300000e+02   1.0269613e+01
   2.0400000e+02   1.0270179e+01
   2.0500000e+02   1.0270224e+01
   2.0600000e+02   1.0270537e+01
   2.0700000e+02   1.0271037e+01
   2.0800000e+02   1.0271032e+01
   2.0900000e+02   1.0271411e+01
   2.1000000e+02   1.0271762e+01
   2.1100000e+02   1.0272116e+01
   2.1200000e+02   1.0272504e+01
   2.1300000e+02   1.0272469e+01
   2.1400000e+02   1.0272613e+01
   2.1500000e+02   1.0272495e+01
   2.1600000e+02   1.0272675e+01
   2.1700000e+02   1.0272461e+01
   2.1800000e+02   1.0272647e+01
   2.1900000e+02   1.0272735e+01
   2.2000000e+02   1.0272624e+01
   2.2100000e+02   1.0272536e+01
   2.2200000e+02   1.0272437e+01
   2.2300000e+02   1.0272384e+01
   2.2400000e+02   1.0272298e+01
   2.2500000e+02   1.0272210e+01
   2.2600000e+02   1.0272164e+01
   2.2700000e+02   1.0272327e+01
   2.2800000e+02   1.0272010e+01
   2.2900000e+02   1.0272268e+01
   2.3000000e+02   1.0272063e+01
   2.3100000e+02   1.0272103e+01
   2.3200000e+02   1.0272237e+01
   2.3300000e+02   1.0272063e+01
   2.3400000e+02   1.0272189e+01
   2.3500000e+02   1.0272151e+01
   2.3600000e+02   1.0271855e+01
   2.3700000e+02   1.0271854e+01
   2.3800000e+02   1.0271984e+01
   2.3900000e+02   1.0271734e+01
   2.4000000e+02   1.0272040e+01
   2.4100000e+02   1.0271798e+01
   2.4200000e+02   1.0272086e+01
   2.4300000e+02   1.0271511e+01
   2.4400000e+02   1.0271360e+01
   2.4500000e+02   1.0270786e+01
   2.4600000e+02   1.0269823e+01
   2.4700000e+02   1.0268454e+01
   2.4800000e+02   1.0267583e+01
   2.4900000e+02   1.0266692e+01
   2.5000000e+02   1.0266551e+01
   2.5100000e+02   1.0266466e+01
   2.5200000e+02   1.0267137e+01
   2.5300000e+02   1.0267354e+01
   2.5400000e+02   1.0267561e+01
   2.5500000e+02   1.0267595e+01
   2.5600000e+02   1.0267653e+01
   2.5700000e+02   1.0266903e+01
   2.5800000e+02   1.0266134e+01
   2.5900000e+02   1.0266081e+01
   2.6000000e+02   1.0265773e+01
   2.6100000e+02   1.0265239e+01
   2.6200000e+02   1.0264906e+01
   2.6300000e+02   1.0264944e+01
   2.6400000e+02   1.0264743e+01
   2.6500000e+02   1.0265132e+01
   2.6600000e+02   1.0265276e+01
   2.6700000e+02   1.0265837e+01
   2.6800000e+02   1.0266392e+01
   2.6900000e+02   1.0266715e+01
   2.7000000e+02   1.0267222e+01
   2.7100000e+02   1.0267394e+01
   2.7200000e+02   1.0267292e+01
   2.7300000e+02   1.0267517e+01
   2.7400000e+02   1.0267304e+01
   2.7500000e+02   1.0267552e+01
   2.7600000e+02   1.0267477e+01
   2.7700000e+02   1.0267905e+01
   2.7800000e+02   1.0267994e+01
   2.7900000e+02   1.0268523e+01
   2.8000000e+02   1.0268334e+01
   2.8100000e+02   1.0268344e+01
   2.8200000e+02   1.0268551e+01
   2.8300000e+02   1.0269035e+01
   2.8400000e+02   1.0269007e+01
   2.8500000e+02   1.0268860e+01
   2.8600000e+02   1.0269076e+01
   2.8700000e+02   1.0269146e+01
   2.8800000e+02   1.0269264e+01
   2.8900000e+02   1.0269043e+01
   2.9000000e+02   1.0269375e+01
   2.9100000e+02   1.0269460e+01
   2.9200000e+02   1.0269360e+01
   2.9300000e+02   1.0269682e+01
   2.9400000e+02   1.0269487e+01
   2.9500000e+02   1.0269350e+01
   2.9600000e+02   1.0269577e+01
   2.9700000e+02   1.0269525e+01
   2.9800000e+02   1.0269576e+01
   2.9900000e+02   1.0269273e+01
   3.0000000e+02   1.0269441e+01
   3.0100000e+02   1.0268926e+01
   3.0200000e+02   1.0268630e+01
   3.0300000e+02   1.0267473e+01
   3.0400000e+02   1.0266379e+01
   3.0500000e+02   1.0264508e+01
   3.0600000e+02   1.0262264e+01
   3.0700000e+02   1.0259767e+01
   3.0800000e+02   1.0256001e+01
   3.0900000e+02   1.0251902e+01
   3.1000000e+02   1.0247947e+01
   3.1100000e+02   1.0244275e+01
   3.1200000e+02   1.0242488e+01
   3.1300000e+02   1.0241815e+01
   3.1400000e+02   1.0241208e+01
   3.1500000e+02   1.0240164e+01
   3.1600000e+02   1.0238272e+01
   3.1700000e+02   1.0234149e+01
   3.1800000e+02   1.0228411e+01
   3.1900000e+02   1.0222071e+01
   3.2000000e+02   1.0216491e+01
   3.2100000e+02   1.0211821e+01
   3.2200000e+02   1.0209333e+01
   3.2300000e+02   1.0208575e+01
   3.2400000e+02   1.0209688e+01
   3.2500000e+02   1.0211861e+01
   3.2600000e+02   1.0214989e+01
   3.2700000e+02   1.0218988e+01
   3.2800000e+02   1.0223195e+01
   3.2900000e+02   1.0227784e+01
   3.3000000e+02   1.0231992e+01
   3.3100000e+02   1.0235429e+01
   3.3200000e+02   1.0238341e+01
   3.3300000e+02   1.0240120e+01
   3.3400000e+02   1.0241374e+01
   3.3500000e+02   1.0241901e+01
   3.3600000e+02   1.0241745e+01
   3.3700000e+02   1.0241273e+01
   3.3800000e+02   1.0241041e+01
   3.3900000e+02   1.0241481e+01
   3.4000000e+02   1.0242401e+01
   3.4100000e+02   1.0244017e+01
   3.4200000e+02   1.0246040e+01
   3.4300000e+02   1.0248079e+01
   3.4400000e+02   1.0250389e+01
   3.4500000e+02   1.0252460e+01
   3.4600000e+02   1.0253851e+01
   3.4700000e+02   1.0255606e+01
   3.4800000e+02   1.0256803e+01
   3.4900000e+02   1.0257863e+01
   3.5000000e+02   1.0259117e+01
   3.5100000e+02   1.0260183e+01
   3.5200000e+02   1.0261091e+01
   3.5300000e+02   1.0262112e+01
   3.5400000e+02   1.0262919e+01
   3.5500000e+02   1.0263536e+01
   3.5600000e+02   1.0263918e+01
   3.5700000e+02   1.0264222e+01
   3.5800000e+02   1.0264242e+01
   3.5900000e+02   1.0264402e+01
   3.6000000e+02   1.0264139e+01
   3.6100000e+02   1.0263924e+01
   3.6200000e+02   1.0264155e+01
   3.6300000e+02   1.0264103e+01
   3.6400000e+02   1.0264333e+01
   3.6500000e+02   1.0264801e+01
   3.6600000e+02   1.0265006e+01
   3.6700000e+02   1.0265573e+01
   3.6800000e+02   1.0265735e+01
   3.6900000e+02   1.0266272e+01
   3.7000000e+02   1.0266427e+01
   3.7100000e+02   1.0266753e+01
   3.7200000e+02   1.0267092e+01
   3.7300000e+02   1.0267267e+01
   3.7400000e+02   1.0267563e+01
   3.7500000e+02   1.0267543e+01
   3.7600000e+02   1.0267816e+01
   3.7700000e+02   1.0267660e+01
   3.7800000e+02   1.0268081e+01
   3.7900000e+02   1.0268046e+01
   3.8000000e+02   1.0268297e+01
   3.8100000e+02   1.0267958e+01
   3.8200000e+02   1.0267780e+01
   3.8300000e+02   1.0267743e+01
   3.8400000e+02   1.0267652e+01
   3.8500000e+02   1.0267308e+01
   3.8600000e+02   1.0267118e+01
   3.8700000e+02   1.0266715e+01
   3.8800000e+02   1.0266332e+01
   3.8900000e+02   1.0265996e+01
   3.9000000e+02   1.0265683e+01
   3.9100000e+02   1.0265816e+01
   3.9200000e+02   1.0265945e+01
   3.9300000e+02   1.0265954e+01
   3.9400000e+02   1.0266490e+01
   3.9500000e+02   1.0266354e+01
   3.9600000e+02   1.0266537e+01
   3.9700000e+02   1.0266838e+01
   3.9800000e+02   1.0267115e+01
   3.9900000e+02   1.0266946e+01
   4.0000000e+02   1.0267228e+01
   4.0100000e+02   1.0267272e+01
   4.0200000e+02   1.0267156e+01
   4.0300000e+02   1.0267222e+01
   4.0400000e+02   1.0267486e+01
   4.0500000e+02   1.0267591e+01
   4.0600000e+02   1.0267791e+01
   4.0700000e+02   1.0267694e+01
   4.0800000e+02   1.0267959e+01
   4.0900000e+02   1.0267825e+01
   4.1000000e+02   1.0267968e+01
   4.1100000e+02   1.0267722e+01
   4.1200000e+02   1.0267878e+01
   4.1300000e+02   1.0267700e+01
   4.1400000e+02   1.0267660e+01
   4.1500000e+02   1.0267720e+01
   4.1600000e+02   1.0267772e+01
   4.1700000e+02   1.0267745e+01
   4.1800000e+02   1.0267773e+01
   4.1900000e+02   1.0267699e+01
   4.2000000e+02   1.0267888e+01
   4.2100000e+02   1.0267750e+01
   4.2200000e+02   1.0267698e+01
   4.2300000e+02   1.0267667e+01
   4.2400000e+02   1.0267704e+01
   4.2500000e+02   1.0267351e+01
   4.2600000e+02   1.0267729e+01
   4.2700000e+02   1.0267635e+01
   4.2800000e+02   1.0267778e+01
   4.2900000e+02   1.0267875e+01
   4.3000000e+02   1.0267561e+01
   4.3100000e+02   1.0267802e+01
   4.3200000e+02   1.0267974e+01
   4.3300000e+02   1.0267931e+01
   4.3400000e+02   1.0267641e+01
   4.3500000e+02   1.0267309e+01
   4.3600000e+02   1.0266813e+01
   4.3700000e+02   1.0266033e+01
   4.3800000e+02   1.0264413e+01
   4.3900000e+02   1.0262003e+01
   4.4000000e+02   1.0258279e+01
   4.4100000e+02   1.0252812e+01
   4.4200000e+02   1.0245536e+01
   4.4300000e+02   1.0235826e+01
   4.4400000e+02   1.0224628e+01
   4.4500000e+02   1.0212455e+01
   4.4600000e+02   1.0200850e+01
   4.4700000e+02   1.0190541e+01
   4.4800000e+02   1.0182831e+01
   4.4900000e+02   1.0177980e+01
   4.5000000e+02   1.0176860e+01
   4.5100000e+02   1.0178725e+01
   4.5200000e+02   1.0183221e+01
   4.5300000e+02   1.0189164e+01
   4.5400000e+02   1.0195501e+01
   4.5500000e+02   1.0202381e+01
   4.5600000e+02   1.0208458e+01
   4.5700000e+02   1.0214320e+01
   4.5800000e+02   1.0219619e+01
   4.5900000e+02   1.0223849e+01
   4.6000000e+02   1.0227716e+01
   4.6100000e+02   1.0231374e+01
   4.6200000e+02   1.0234533e+01
   4.6300000e+02   1.0237382e+01
   4.6400000e+02   1.0240363e+01
   4.6500000e+02   1.0242702e+01
   4.6600000e+02   1.0244666e+01
   4.6700000e+02   1.0246837e+01
   4.6800000e+02   1.0248205e+01
   4.6900000e+02   1.0250000e+01
   4.7000000e+02   1.0251232e+01
   4.7100000e+02   1.0252453e+01
   4.7200000e+02   1.0253574e+01
   4.7300000e+02   1.0254833e+01
   4.7400000e+02   1.0255687e+01
   4.7500000e+02   1.0256819e+01
   4.7600000e+02   1.0258027e+01
   4.7700000e+02   1.0258921e+01
   4.7800000e+02   1.0259855e+01
   4.7900000e+02   1.0260978e+01
   4.8000000e+02   1.0261931e+01
   4.8100000e+02   1.0262616e+01
   4.8200000e+02   1.0263511e+01
   4.8300000e+02   1.0264069e+01
   4.8400000e+02   1.0264297e+01
   4.8500000e+02   1.0264808e+01
   4.8600000e+02   1.0264991e+01
   4.8700000e+02   1.0265322e+01
   4.8800000e+02   1.0265663e+01
   4.8900000e+02   1.0265679e+01
   4.9000000e+02   1.0266132e+01
   4.9100000e+02   1.0266091e+01
   4.9200000e+02   1.0266098e+01
   4.9300000e+02   1.0266237e+01
   4.9400000e+02   1.0266275e+01
   4.9500000e+02   1.0266416e+01
   4.9600000e+02   1.0266750e+01
   4.9700000e+02   1.0266656e+01
   4.9800000e+02   1.0266658e+01
   4.9900000e+02   1.0266466e+01
   5.0000000e+02   1.0266659e+01
   5.0100000e+02   1.0266957e+01
   5.0200000e+02   1.0266624e+01
   5.0300000e+02   1.0266540e+01
   5.0400000e+02   1.0266902e+01
   5.0500000e+02   1.0266700e+01
   5.0600000e+02   1.0266802e+01
   5.0700000e+02   1.0266860e+01
   5.0800000e+02   1.0266658e+01
   5.0900000e+02   1.0266582e+01
   5.1000000e+02   1.0266567e+01
   5.1100000e+02   1.0266899e+01
   5.1200000e+02   1.0266701e+01
   5.1300000e+02   1.0266811e+01
   5.1400000e+02   1.0266737e+01
   5.1500000e+02   1.0266704e+01
   5.1600000e+02   1.0266772e+01
   5.1700000e+02   1.0266569e+01
   5.1800000e+02   1.0266630e+01
   5.1900000e+02   1.0266576e+01
   5.2000000e+02   1.0266425e+01
   5.2100000e+02   1.0266392e+01
   5.2200000e+02   1.0266142e+01
   5.2300000e+02   1.0266080e+01
   5.2400000e+02   1.0266257e+01
   5.2500000e+02   1.0266291e+01
   5.2600000e+02   1.0266091e+01
   5.2700000e+02   1.0266172e+01
   5.2800000e+02   1.0266102e+01
   5.2900000e+02   1.0266209e+01
   5.3000000e+02   1.0265951e+01
   5.3100000e+02   1.0265998e+01
   5.3200000e+02   1.0265915e+01
   5.3300000e+02   1.0266197e+01
   5.3400000e+02   1.0266159e+01
   5.3500000e+02   1.0265981e+01
   5.3600000e+02   1.0265824e+01
   5.3700000e+02   1.0266292e+01
   5.3800000e+02   1.0265900e+01
   5.3900000e+02   1.0266175e+01
   5.4000000e+02   1.0266027e+01
   5.4100000e+02   1.0265942e+01
   5.4200000e+02   1.0265787e+01
   5.4300000e+02   1.0265999e+01
   5.4400000e+02   1.0265945e+01
   5.4500000e+02   1.0266227e+01
   5.4600000e+02   1.0265685e+01
   5.4700000e+02   1.0265956e+01
   5.4800000e+02   1.0265930e+01
   5.4900000e+02   1.0265798e+01
   5.5000000e+02   1.0266013e+01
   5.5100000e+02   1.0265813e+01
   5.5200000e+02   1.0265681e+01
   5.5300000e+02   1.0265986e+01
   5.5400000e+02   1.0265759e+01
   5.5500000e+02   1.0266146e+01
   5.5600000e+02   1.0265770e+01
   5.5700000e+02   1.0265853e+01
   5.5800000e+02   1.0265636e+01
   5.5900000e+02   1.0265597e+01
   5.6000000e+02   1.0265946e+01
   5.6100000e+02   1.0265990e+01
   5.6200000e+02   1.0265727e+01
   5.6300000e+02   1.0265818e+01
   5.6400000e+02   1.0265519e+01
   5.6500000e+02   1.0265536e+01
   5.6600000e+02   1.0265715e+01
   5.6700000e+02   1.0265845e+01
   5.6800000e+02   1.0265663e+01
   5.6900000e+02   1.0265651e+01
   5.7000000e+02   1.0265509e+01
   5.7100000e+02   1.0265573e+01
   5.7200000e+02   1.0265536e+01
   5.7300000e+02   1.0265519e+01
   5.7400000e+02   1.0265777e+01
   5.7500000e+02   1.0265538e+01
   5.7600000e+02   1.0265711e+01
   5.7700000e+02   1.0265585e+01
   5.7800000e+02   1.0265645e+01
   5.7900000e+02   1.0265641e+01
   5.8000000e+02   1.0265956e+01
   5.8100000e+02   1.0265470e+01
   5.8200000e+02   1.0265631e+01
   5.8300000e+02   1.0265665e+01
   5.8400000e+02   1.0265616e+01
   5.8500000e+02   1.0265383e+01
   5.8600000e+02   1.0265541e+01
   5.8700000e+02   1.0265462e+01
   5.8800000e+02   1.0265571e+01
   5.8900000e+02   1.0265812e+01
   5.9000000e+02   1.0265448e+01
   5.9100000e+02   1.0265524e+01
   5.9200000e+02   1.0265712e+01
   5.9300000e+02   1.0265467e+01
   5.9400000e+02   1.0265436e+01
   5.9500000e+02   1.0265250e+01
   5.9600000e+02   1.0265611e+01
   5.9700000e+02   1.0265500e+01
   5.9800000e+02   1.0265622e+01
   5.9900000e+02   1.0265581e+01
   6.0000000e+02   1.0265344e+01
   6.0100000e+02   1.0265219e+01
   6.0200000e+02   1.0265350e+01
   6.0300000e+02   1.0264857e+01
   6.0400000e+02   1.0264807e+01
   6.0500000e+02   1.0264945e+01
   6.0600000e+02   1.0264972e+01
   6.0700000e+02   1.0264974e+01
   6.0800000e+02   1.0264896e+01
   6.0900000e+02   1.0264809e+01
   6.1000000e+02   1.0264774e+01
   6.1100000e+02   1.0264484e+01
   6.1200000e+02   1.0264873e+01
   6.1300000e+02   1.0264724e+01
   6.1400000e+02   1.0264775e+01
   6.1500000e+02   1.0264860e+01
   6.1600000e+02   1.0264711e+01
   6.1700000e+02   1.0264842e+01
   6.1800000e+02   1.0264798e+01
   6.1900000e+02   1.0264529e+01
   6.2000000e+02   1.0265089e+01
   6.2100000e+02   1.0264815e+01
   6.2200000e+02   1.0265015e+01
   6.2300000e+02   1.0265009e+01
   6.2400000e+02   1.0264877e+01
   6.2500000e+02   1.0264848e+01
   6.2600000e+02   1.0264842e+01
   6.2700000e+02   1.0264878e+01
   6.2800000e+02   1.0265149e+01
   6.2900000e+02   1.0264835e+01
   6.3000000e+02   1.0264673e+01
   6.3100000e+02   1.0265031e+01
   6.3200000e+02   1.0264975e+01
   6.3300000e+02   1.0264780e+01
   6.3400000e+02   1.0264851e+01
   6.3500000e+02   1.0265050e+01
   6.3600000e+02   1.0264967e+01
   6.3700000e+02   1.0265010e+01
   6.3800000e+02   1.0264774e+01
   6.3900000e+02   1.0264847e+01
   6.4000000e+02   1.0264952e+01
   6.4100000e+02   1.0265109e+01
   6.4200000e+02   1.0264735e+01
   6.4300000e+02   1.0264699e+01
   6.4400000e+02   1.0264696e+01
   6.4500000e+02   1.0264721e+01
   6.4600000e+02   1.0264619e+01
   6.4700000e+02   1.0264658e+01
   6.4800000e+02   1.0264320e+01
   6.4900000e+02   1.0264826e+01
   6.5000000e+02   1.0264438e+01
   6.5100000e+02   1.0264565e+01
   6.5200000e+02   1.0264419e+01
   6.5300000e+02   1.0264535e+01
   6.5400000e+02   1.0264355e+01
   6.5500000e+02   1.0264349e+01
   6.5600000e+02   1.0264734e+01
   6.5700000e+02   1.0264567e+01
   6.5800000e+02   1.0264505e+01
   6.5900000e+02   1.0264672e+01
   6.6000000e+02   1.0264295e+01
   6.6100000e+02   1.0264406e+01
   6.6200000e+02   1.0264314e+01
   6.6300000e+02   1.0264508e+01
   6.6400000e+02   1.0264499e+01
   6.6500000e+02   1.0264349e+01
   6.6600000e+02   1.0264669e+01
   6.6700000e+02   1.0264294e+01
   6.6800000e+02   1.0264237e+01
   6.6900000e+02   1.0264208e+01
   6.7000000e+02   1.0264219e+01
   6.7100000e+02   1.0263863e+01
   6.7200000e+02   1.0263906e+01
   6.7300000e+02   1.0263501e+01
   6.7400000e+02   1.0263296e+01
   6.7500000e+02   1.0263205e+01
   6.7600000e+02   1.0262880e+01
   6.7700000e+02   1.0262700e+01
   6.7800000e+02   1.0262124e+01
   6.7900000e+02   1.0262136e+01
   6.8000000e+02   1.0261527e+01
   6.8100000e+02   1.0261298e+01
   6.8200000e+02   1.0260659e+01
   6.8300000e+02   1.0260823e+01
   6.8400000e+02   1.0260099e+01
   6.8500000e+02   1.0260044e+01
   6.8600000e+02   1.0259436e+01
   6.8700000e+02   1.0260116e+01
   6.8800000e+02   1.0259400e+01
   6.8900000e+02   1.0259935e+01
   6.9000000e+02   1.0259827e+01
   6.9100000e+02   1.0260343e+01
   6.9200000e+02   1.0260491e+01
   6.9300000e+02   1.0260258e+01
   6.9400000e+02   1.0260675e+01
   6.9500000e+02   1.0260259e+01
   6.9600000e+02   1.0261180e+01
   6.9700000e+02   1.0261309e+01
   6.9800000e+02   1.0261765e+01
   6.9900000e+02   1.0261648e+01
   7.0000000e+02   1.0262290e+01
   7.0100000e+02   1.0261886e+01
   7.0200000e+02   1.0262837e+01
   7.0300000e+02   1.0262607e+01
   7.0400000e+02   1.0262109e+01
   7.0500000e+02   1.0262620e+01
   7.0600000e+02   1.0262971e+01
   7.0700000e+02   1.0263044e+01
   7.0800000e+02   1.0263518e+01
   7.0900000e+02   1.0263600e+01
   7.1000000e+02   1.0263335e+01
   7.1100000e+02   1.0263633e+01
   7.1200000e+02   1.0263477e+01
   7.1300000e+02   1.0263262e+01
   7.1400000e+02   1.0263455e+01
   7.1500000e+02   1.0263205e+01
   7.1600000e+02   1.0263526e+01
   7.1700000e+02   1.0263918e+01
   7.1800000e+02   1.0263731e+01
   7.1900000e+02   1.0263655e+01
   7.2000000e+02   1.0263595e+01
   7.2100000e+02   1.0264107e+01
   7.2200000e+02   1.0263569e+01
   7.2300000e+02   1.0263920e+01
   7.2400000e+02   1.0263616e+01
   7.2500000e+02   1.0263821e+01
   7.2600000e+02   1.0263826e+01
   7.2700000e+02   1.0263724e+01
   7.2800000e+02   1.0263964e+01
   7.2900000e+02   1.0263876e+01
   7.3000000e+02   1.0263559e+01
   7.3100000e+02   1.0263855e+01
   7.3200000e+02   1.0263770e+01
   7.3300000e+02   1.0263564e+01
   7.3400000e+02   1.0263848e+01
   7.3500000e+02   1.0263638e+01
   7.3600000e+02   1.0263936e+01
   7.3700000e+02   1.0263614e+01
   7.3800000e+02   1.0264070e+01
   7.3900000e+02   1.0263425e+01
   7.4000000e+02   1.0263724e+01
   7.4100000e+02   1.0263588e+01
   7.4200000e+02   1.0263531e+01
   7.4300000e+02   1.0263494e+01
   7.4400000e+02   1.0263549e+01
   7.4500000e+02   1.0263187e+01
   7.4600000e+02   1.0263417e+01
   7.4700000e+02   1.0263508e+01
   7.4800000e+02   1.0262908e+01
   7.4900000e+02   1.0262892e+01
   7.5000000e+02   1.0263280e+01
   7.5100000e+02   1.0263048e+01
   7.5200000e+02   1.0263108e+01
   7.5300000e+02   1.0263107e+01
   7.5400000e+02   1.0262581e+01
   7.5500000e+02   1.0263141e+01
   7.5600000e+02   1.0263250e+01
   7.5700000e+02   1.0263272e+01
   7.5800000e+02   1.0262880e+01
   7.5900000e+02   1.0263009e+01
   7.6000000e+02   1.0263400e+01
   7.6100000e+02   1.0263046e+01
   7.6200000e+02   1.0263255e+01
   7.6300000e+02   1.0263022e+01
   7.6400000e+02   1.0262933e+01
   7.6500000e+02   1.0263466e+01
   7.6600000e+02   1.0263193e+01
   7.6700000e+02   1.0263033e+01
   7.6800000e+02   1.0262978e+01
   7.6900000e+02   1.0263140e+01
   7.7000000e+02   1.0263008e+01
   7.7100000e+02   1.0262822e+01
   7.7200000e+02   1.0263265e+01
   7.7300000e+02   1.0263024e+01
   7.7400000e+02   1.0262983e+01
   7.7500000e+02   1.0263287e+01
   7.7600000e+02   1.0263101e+01
   7.7700000e+02   1.0263117e+01
   7.7800000e+02   1.0263185e+01
   7.7900000e+02   1.0263180e+01
   7.8000000e+02   1.0263200e+01
