   0.0000000e+00   1.0266269e+01
   1.0000000e+00   1.0262022e+01
   2.0000000e+00   1.0261183e+01
   3.0000000e+00   1.0260377e+01
   4.0000000e+00   1.0259781e+01
   5.0000000e+00   1.0259413e+01
   6.0000000e+00   1.0259202e+01
   7.0000000e+00   1.0258996e+01
   8.0000000e+00   1.0258718e+01
   9.0000000e+00   1.0258455e+01
   1.0000000e+01   1.0257961e+01
   1.1000000e+01   1.0257832e+01
   1.2000000e+01   1.0257330e+01
   1.3000000e+01   1.0257243e+01
   1.4000000e+01   1.0256828e+01
   1.5000000e+01   1.0256591e+01
   1.6000000e+01   1.0256680e+01
   1.7000000e+01   1.0256329e+01
   1.8000000e+01   1.0256276e+01
   1.9000000e+01   1.0255882e+01
   2.0000000e+01   1.0255765e+01
   2.1000000e+01   1.0255369e+01
   2.2000000e+01   1.0255393e+01
   2.3000000e+01   1.0255165e+01
   2.4000000e+01   1.0255341e+01
   2.5000000e+01   1.0254986e+01
   2.6000000e+01   1.0254854e+01
   2.7000000e+01   1.0254856e+01
   2.8000000e+01   1.0254956e+01
   2.9000000e+01   1.0254769e+01
   3.0000000e+01   1.0254639e+01
   3.1000000e+01   1.0254514e+01
   3.2000000e+01   1.0254398e+01
   3.3000000e+01   1.0254103e+01
   3.4000000e+01   1.0254412e+01
   3.5000000e+01   1.0254232e+01
   3.6000000e+01   1.0253895e+01
   3.7000000e+01   1.0253832e+01
   3.8000000e+01   1.0253955e+01
   3.9000000e+01   1.0253720e+01
   4.0000000e+01   1.0253687e+01
   4.1000000e+01   1.0253499e+01
   4.2000000e+01   1.0253139e+01
   4.3000000e+01   1.0253201e+01
   4.4000000e+01   1.0253204e+01
   4.5000000e+01   1.0253023e+01
   4.6000000e+01   1.0252972e+01
   4.7000000e+01   1.0252817e+01
   4.8000000e+01   1.0252658e+01
   4.9000000e+01   1.0252517e+01
   5.0000000e+01   1.0252411e+01
   5.1000000e+01   1.0252268e+01
   5.2000000e+01   1.0252198e+01
   5.3000000e+01   1.0252235e+01
   5.4000000e+01   1.0252145e+01
   5.5000000e+01   1.0251936e+01
   5.6000000e+01   1.0252295e+01
   5.7000000e+01   1.0251915e+01
   5.8000000e+01   1.0251967e+01
   5.9000000e+01   1.0251626e+01
   6.0000000e+01   1.0251826e+01
   6.1000000e+01   1.0251627e+01
   6.2000000e+01   1.0251552e+01
   6.3000000e+01   1.0251733e+01
   6.4000000e+01   1.0251413e+01
   6.5000000e+01   1.0251434e+01
   6.6000000e+01   1.0251294e+01
   6.7000000e+01   1.0251140e+01
   6.8000000e+01   1.0251173e+01
   6.9000000e+01   1.0251162e+01
   7.0000000e+01   1.0251186e+01
   7.1000000e+01   1.0251008e+01
   7.2000000e+01   1.0251005e+01
   7.3000000e+01   1.0250895e+01
   7.4000000e+01   1.0250530e+01
   7.5000000e+01   1.0250625e+01
   7.6000000e+01   1.0250550e+01
   7.7000000e+01   1.0250414e+01
   7.8000000e+01   1.0250345e+01
   7.9000000e+01   1.0250357e+01
   8.0000000e+01   1.0250287e+01
   8.1000000e+01   1.0250279e+01
   8.2000000e+01   1.0250197e+01
   8.3000000e+01   1.0250251e+01
   8.4000000e+01   1.0250196e+01
   8.5000000e+01   1.0250163e+01
   8.6000000e+01   1.0249978e+01
   8.7000000e+01   1.0250117e+01
   8.8000000e+01   1.0249714e+01
   8.9000000e+01   1.0249868e+01
   9.0000000e+01   1.0249643e+01
   9.1000000e+01   1.0249944e+01
   9.2000000e+01   1.0249615e+01
   9.3000000e+01   1.0249619e+01
   9.4000000e+01   1.0249394e+01
   9.5000000e+01   1.0249463e+01
   9.6000000e+01   1.0249399e+01
   9.7000000e+01   1.0249177e+01
   9.8000000e+01   1.0249201e+01
   9.9000000e+01   1.0248964e+01
   1.0000000e+02   1.0249080e+01
   1.0100000e+02   1.0249144e+01
   1.0200000e+02   1.0248938e+01
   1.0300000e+02   1.0249197e+01
   1.0400000e+02   1.0249016e+01
   1.0500000e+02   1.0248867e+01
   1.0600000e+02   1.0248837e+01
   1.0700000e+02   1.0248874e+01
   1.0800000e+02   1.0248934e+01
   1.0900000e+02   1.0249038e+01
   1.1000000e+02   1.0248694e+01
   1.1100000e+02   1.0248806e+01
   1.1200000e+02   1.0248711e+01
   1.1300000e+02   1.0248520e+01
   1.1400000e+02   1.0248602e+01
   1.1500000e+02   1.0248385e+01
   1.1600000e+02   1.0248525e+01
   1.1700000e+02   1.0248457e+01
   1.1800000e+02   1.0248379e+01
   1.1900000e+02   1.0248274e+01
   1.2000000e+02   1.0248059e+01
   1.2100000e+02   1.0248232e+01
   1.2200000e+02   1.0248344e+01
   1.2300000e+02   1.0247968e+01
   1.2400000e+02   1.0248140e+01
   1.2500000e+02   1.0248045e+01
   1.2600000e+02   1.0247843e+01
   1.2700000e+02   1.0247980e+01
   1.2800000e+02   1.0247834e+01
   1.2900000e+02   1.0247605e+01
   1.3000000e+02   1.0247813e+01
   1.3100000e+02   1.0247646e+01
   1.3200000e+02   1.0247390e+01
   1.3300000e+02   1.0247304e+01
   1.3400000e+02   1.0247449e+01
   1.3500000e+02   1.0247518e+01
   1.3600000e+02   1.0247674e+01
   1.3700000e+02   1.0247328e+01
   1.3800000e+02   1.0247525e+01
   1.3900000e+02   1.0247252e+01
   1.4000000e+02   1.0247220e+01
   1.4100000e+02   1.0247314e+01
   1.4200000e+02   1.0247054e+01
   1.4300000e+02   1.0247088e+01
   1.4400000e+02   1.0247033e+01
   1.4500000e+02   1.0246895e+01
   1.4600000e+02   1.0247033e+01
   1.4700000e+02   1.0246873e+01
   1.4800000e+02   1.0246944e+01
   1.4900000e+02   1.0246958e+01
   1.5000000e+02   1.0246668e+01
   1.5100000e+02   1.0246792e+01
   1.5200000e+02   1.0246800e+01
   1.5300000e+02   1.0246756e+01
   1.5400000e+02   1.0246748e+01
   1.5500000e+02   1.0246776e+01
   1.5600000e+02   1.0246647e+01
   1.5700000e+02   1.0246801e+01
   1.5800000e+02   1.0246828e+01
   1.5900000e+02   1.0246577e+01
   1.6000000e+02   1.0246903e+01
   1.6100000e+02   1.0246784e+01
   1.6200000e+02   1.0246578e+01
   1.6300000e+02   1.0246493e+01
   1.6400000e+02   1.0246744e+01
   1.6500000e+02   1.0246738e+01
   1.6600000e+02   1.0245496e+01
   1.6700000e+02   1.0237402e+01
   1.6800000e+02   1.0218525e+01
   1.6900000e+02   1.0212505e+01
   1.7000000e+02   1.0223183e+01
   1.7100000e+02   1.0234161e+01
   1.7200000e+02   1.0239473e+01
   1.7300000e+02   1.0240703e+01
   1.7400000e+02   1.0241158e+01
   1.7500000e+02   1.0241338e+01
   1.7600000e+02   1.0241435e+01
   1.7700000e+02   1.0241778e+01
   1.7800000e+02   1.0238941e+01
   1.7900000e+02   1.0202649e+01
   1.8000000e+02   1.0164942e+01
   1.8100000e+02   1.0173970e+01
   1.8200000e+02   1.0184489e+01
   1.8300000e+02   1.0190982e+01
   1.8400000e+02   1.0197997e+01
   1.8500000e+02   1.0201627e+01
   1.8600000e+02   1.0203657e+01
   1.8700000e+02   1.0204220e+01
   1.8800000e+02   1.0204804e+01
   1.8900000e+02   1.0209275e+01
   1.9000000e+02   1.0216621e+01
   1.9100000e+02   1.0223308e+01
   1.9200000e+02   1.0228521e+01
   1.9300000e+02   1.0232217e+01
   1.9400000e+02   1.0234343e+01
   1.9500000e+02   1.0236065e+01
   1.9600000e+02   1.0237420e+01
   1.9700000e+02   1.0238112e+01
   1.9800000e+02   1.0239119e+01
   1.9900000e+02   1.0239684e+01
   2.0000000e+02   1.0240002e+01
   2.0100000e+02   1.0240431e+01
   2.0200000e+02   1.0240779e+01
   2.0300000e+02   1.0241311e+01
   2.0400000e+02   1.0241429e+01
   2.0500000e+02   1.0241985e+01
   2.0600000e+02   1.0242320e+01
   2.0700000e+02   1.0242573e+01
   2.0800000e+02   1.0243047e+01
   2.0900000e+02   1.0243335e+01
   2.1000000e+02   1.0243690e+01
   2.1100000e+02   1.0243731e+01
   2.1200000e+02   1.0244261e+01
   2.1300000e+02   1.0244195e+01
   2.1400000e+02   1.0244201e+01
   2.1500000e+02   1.0244295e+01
   2.1600000e+02   1.0244342e+01
   2.1700000e+02   1.0244427e+01
   2.1800000e+02   1.0244365e+01
   2.1900000e+02   1.0244421e+01
   2.2000000e+02   1.0244091e+01
   2.2100000e+02   1.0244355e+01
   2.2200000e+02   1.0244151e+01
   2.2300000e+02   1.0244246e+01
   2.2400000e+02   1.0244514e+01
   2.2500000e+02   1.0244104e+01
   2.2600000e+02   1.0244142e+01
   2.2700000e+02   1.0244210e+01
   2.2800000e+02   1.0244058e+01
   2.2900000e+02   1.0244213e+01
   2.3000000e+02   1.0243828e+01
   2.3100000e+02   1.0244103e+01
   2.3200000e+02   1.0243599e+01
   2.3300000e+02   1.0243862e+01
   2.3400000e+02   1.0243886e+01
   2.3500000e+02   1.0243731e+01
   2.3600000e+02   1.0243597e+01
   2.3700000e+02   1.0243646e+01
   2.3800000e+02   1.0243929e+01
   2.3900000e+02   1.0243723e+01
   2.4000000e+02   1.0243620e+01
   2.4100000e+02   1.0243729e+01
   2.4200000e+02   1.0243707e+01
   2.4300000e+02   1.0243645e+01
   2.4400000e+02   1.0243264e+01
   2.4500000e+02   1.0242973e+01
   2.4600000e+02   1.0242496e+01
   2.4700000e+02   1.0242162e+01
   2.4800000e+02   1.0241814e+01
   2.4900000e+02   1.0241503e+01
   2.5000000e+02   1.0241538e+01
   2.5100000e+02   1.0241468e+01
   2.5200000e+02   1.0241625e+01
   2.5300000e+02   1.0241811e+01
   2.5400000e+02   1.0241760e+01
   2.5500000e+02   1.0241730e+01
   2.5600000e+02   1.0241556e+01
   2.5700000e+02   1.0241293e+01
   2.5800000e+02   1.0241044e+01
   2.5900000e+02   1.0241071e+01
   2.6000000e+02   1.0240692e+01
   2.6100000e+02   1.0240338e+01
   2.6200000e+02   1.0240289e+01
   2.6300000e+02   1.0240084e+01
   2.6400000e+02   1.0239935e+01
   2.6500000e+02   1.0240067e+01
   2.6600000e+02   1.0240063e+01
   2.6700000e+02   1.0240310e+01
   2.6800000e+02   1.0240564e+01
   2.6900000e+02   1.0240896e+01
   2.7000000e+02   1.0240911e+01
   2.7100000e+02   1.0241021e+01
   2.7200000e+02   1.0241113e+01
   2.7300000e+02   1.0241196e+01
   2.7400000e+02   1.0241318e+01
   2.7500000e+02   1.0241268e+01
   2.7600000e+02   1.0241351e+01
   2.7700000e+02   1.0241493e+01
   2.7800000e+02   1.0241831e+01
   2.7900000e+02   1.0241864e+01
   2.8000000e+02   1.0241829e+01
   2.8100000e+02   1.0241849e+01
   2.8200000e+02   1.0241762e+01
   2.8300000e+02   1.0241698e+01
   2.8400000e+02   1.0241600e+01
   2.8500000e+02   1.0241684e+01
   2.8600000e+02   1.0241751e+01
   2.8700000e+02   1.0241656e+01
   2.8800000e+02   1.0241728e+01
   2.8900000e+02   1.0241543e+01
   2.9000000e+02   1.0241729e+01
   2.9100000e+02   1.0241524e+01
   2.9200000e+02   1.0241556e+01
   2.9300000e+02   1.0241508e+01
   2.9400000e+02   1.0241685e+01
   2.9500000e+02   1.0241695e+01
   2.9600000e+02   1.0241742e+01
   2.9700000e+02   1.0241471e+01
   2.9800000e+02   1.0241505e+01
   2.9900000e+02   1.0241612e+01
   3.0000000e+02   1.0241271e+01
   3.0100000e+02   1.0240895e+01
   3.0200000e+02   1.0240212e+01
   3.0300000e+02   1.0239575e+01
   3.0400000e+02   1.0238444e+01
   3.0500000e+02   1.0237064e+01
   3.0600000e+02   1.0235515e+01
   3.0700000e+02   1.0233065e+01
   3.0800000e+02   1.0230148e+01
   3.0900000e+02   1.0227121e+01
   3.1000000e+02   1.0224223e+01
   3.1100000e+02   1.0221857e+01
   3.1200000e+02   1.0220420e+01
   3.1300000e+02   1.0219970e+01
   3.1400000e+02   1.0219617e+01
   3.1500000e+02   1.0218793e+01
   3.1600000e+02   1.0216789e+01
   3.1700000e+02   1.0213313e+01
   3.1800000e+02   1.0208838e+01
   3.1900000e+02   1.0204120e+01
   3.2000000e+02   1.0199603e+01
   3.2100000e+02   1.0196573e+01
   3.2200000e+02   1.0194715e+01
   3.2300000e+02   1.0194786e+01
   3.2400000e+02   1.0195828e+01
   3.2500000e+02   1.0197956e+01
   3.2600000e+02   1.0200490e+01
   3.2700000e+02   1.0203703e+01
   3.2800000e+02   1.0206882e+01
   3.2900000e+02   1.0210145e+01
   3.3000000e+02   1.0213036e+01
   3.3100000e+02   1.0215665e+01
   3.3200000e+02   1.0217650e+01
   3.3300000e+02   1.0219133e+01
   3.3400000e+02   1.0219488e+01
   3.3500000e+02   1.0219511e+01
   3.3600000e+02   1.0219352e+01
   3.3700000e+02   1.0219057e+01
   3.3800000e+02   1.0218938e+01
   3.3900000e+02   1.0219274e+01
   3.4000000e+02   1.0220276e+01
   3.4100000e+02   1.0221457e+01
   3.4200000e+02   1.0223310e+01
   3.4300000e+02   1.0224773e+01
   3.4400000e+02   1.0226431e+01
   3.4500000e+02   1.0227683e+01
   3.4600000e+02   1.0229051e+01
   3.4700000e+02   1.0230058e+01
   3.4800000e+02   1.0230825e+01
   3.4900000e+02   1.0231824e+01
   3.5000000e+02   1.0232351e+01
   3.5100000e+02   1.0233064e+01
   3.5200000e+02   1.0234185e+01
   3.5300000e+02   1.0234863e+01
   3.5400000e+02   1.0235249e+01
   3.5500000e+02   1.0235764e+01
   3.5600000e+02   1.0236293e+01
   3.5700000e+02   1.0236097e+01
   3.5800000e+02   1.0236471e+01
   3.5900000e+02   1.0236610e+01
   3.6000000e+02   1.0236186e+01
   3.6100000e+02   1.0236247e+01
   3.6200000e+02   1.0236198e+01
   3.6300000e+02   1.0236163e+01
   3.6400000e+02   1.0236496e+01
   3.6500000e+02   1.0236666e+01
   3.6600000e+02   1.0237304e+01
   3.6700000e+02   1.0237540e+01
   3.6800000e+02   1.0237919e+01
   3.6900000e+02   1.0238153e+01
   3.7000000e+02   1.0238345e+01
   3.7100000e+02   1.0238458e+01
   3.7200000e+02   1.0238664e+01
   3.7300000e+02   1.0238904e+01
   3.7400000e+02   1.0239247e+01
   3.7500000e+02   1.0238795e+01
   3.7600000e+02   1.0239295e+01
   3.7700000e+02   1.0239236e+01
   3.7800000e+02   1.0239631e+01
   3.7900000e+02   1.0239361e+01
   3.8000000e+02   1.0239583e+01
   3.8100000e+02   1.0239263e+01
   3.8200000e+02   1.0239315e+01
   3.8300000e+02   1.0239341e+01
   3.8400000e+02   1.0238860e+01
   3.8500000e+02   1.0238792e+01
   3.8600000e+02   1.0238566e+01
   3.8700000e+02   1.0238029e+01
   3.8800000e+02   1.0237916e+01
   3.8900000e+02   1.0237900e+01
   3.9000000e+02   1.0237378e+01
   3.9100000e+02   1.0237306e+01
   3.9200000e+02   1.0237722e+01
   3.9300000e+02   1.0237763e+01
   3.9400000e+02   1.0237790e+01
   3.9500000e+02   1.0237953e+01
   3.9600000e+02   1.0238328e+01
   3.9700000e+02   1.0238190e+01
   3.9800000e+02   1.0238469e+01
   3.9900000e+02   1.0238438e+01
   4.0000000e+02   1.0238577e+01
   4.0100000e+02   1.0238340e+01
   4.0200000e+02   1.0238901e+01
   4.0300000e+02   1.0238777e+01
   4.0400000e+02   1.0238962e+01
   4.0500000e+02   1.0238931e+01
   4.0600000e+02   1.0239159e+01
   4.0700000e+02   1.0238979e+01
   4.0800000e+02   1.0239281e+01
   4.0900000e+02   1.0239251e+01
   4.1000000e+02   1.0238962e+01
   4.1100000e+02   1.0239261e+01
   4.1200000e+02   1.0239350e+01
   4.1300000e+02   1.0239130e+01
   4.1400000e+02   1.0239206e+01
   4.1500000e+02   1.0239260e+01
   4.1600000e+02   1.0238983e+01
   4.1700000e+02   1.0239182e+01
   4.1800000e+02   1.0239094e+01
   4.1900000e+02   1.0238976e+01
   4.2000000e+02   1.0238877e+01
   4.2100000e+02   1.0238840e+01
   4.2200000e+02   1.0238695e+01
   4.2300000e+02   1.0239034e+01
   4.2400000e+02   1.0238610e+01
   4.2500000e+02   1.0238741e+01
   4.2600000e+02   1.0238761e+01
   4.2700000e+02   1.0238627e+01
   4.2800000e+02   1.0238668e+01
   4.2900000e+02   1.0238654e+01
   4.3000000e+02   1.0238802e+01
   4.3100000e+02   1.0238619e+01
   4.3200000e+02   1.0238349e+01
   4.3300000e+02   1.0238308e+01
   4.3400000e+02   1.0238446e+01
   4.3500000e+02   1.0237233e+01
   4.3600000e+02   1.0236488e+01
   4.3700000e+02   1.0235142e+01
   4.3800000e+02   1.0231733e+01
   4.3900000e+02   1.0227088e+01
   4.4000000e+02   1.0220015e+01
   4.4100000e+02   1.0209465e+01
   4.4200000e+02   1.0196221e+01
   4.4300000e+02   1.0178122e+01
   4.4400000e+02   1.0159157e+01
   4.4500000e+02   1.0138031e+01
   4.4600000e+02   1.0119366e+01
   4.4700000e+02   1.0102981e+01
   4.4800000e+02   1.0091797e+01
   4.4900000e+02   1.0086538e+01
   4.5000000e+02   1.0086927e+01
   4.5100000e+02   1.0092352e+01
   4.5200000e+02   1.0101034e+01
   4.5300000e+02   1.0111820e+01
   4.5400000e+02   1.0123565e+01
   4.5500000e+02   1.0134385e+01
   4.5600000e+02   1.0144977e+01
   4.5700000e+02   1.0153518e+01
   4.5800000e+02   1.0161841e+01
   4.5900000e+02   1.0168415e+01
   4.6000000e+02   1.0174528e+01
   4.6100000e+02   1.0180546e+01
   4.6200000e+02   1.0185480e+01
   4.6300000e+02   1.0189987e+01
   4.6400000e+02   1.0194409e+01
   4.6500000e+02   1.0198714e+01
   4.6600000e+02   1.0202546e+01
   4.6700000e+02   1.0205252e+01
   4.6800000e+02   1.0207546e+01
   4.6900000e+02   1.0210551e+01
   4.7000000e+02   1.0212135e+01
   4.7100000e+02   1.0213750e+01
   4.7200000e+02   1.0216435e+01
   4.7300000e+02   1.0217309e+01
   4.7400000e+02   1.0219241e+01
   4.7500000e+02   1.0221476e+01
   4.7600000e+02   1.0222460e+01
   4.7700000e+02   1.0224121e+01
   4.7800000e+02   1.0225895e+01
   4.7900000e+02   1.0227125e+01
   4.8000000e+02   1.0229003e+01
   4.8100000e+02   1.0230417e+01
   4.8200000e+02   1.0231425e+01
   4.8300000e+02   1.0232548e+01
   4.8400000e+02   1.0233468e+01
   4.8500000e+02   1.0234468e+01
   4.8600000e+02   1.0234738e+01
   4.8700000e+02   1.0235340e+01
   4.8800000e+02   1.0235818e+01
   4.8900000e+02   1.0235729e+01
   4.9000000e+02   1.0236338e+01
   4.9100000e+02   1.0236386e+01
   4.9200000e+02   1.0236481e+01
   4.9300000e+02   1.0236529e+01
   4.9400000e+02   1.0236788e+01
   4.9500000e+02   1.0236923e+01
   4.9600000e+02   1.0237127e+01
   4.9700000e+02   1.0236890e+01
   4.9800000e+02   1.0236930e+01
   4.9900000e+02   1.0237108e+01
   5.0000000e+02   1.0237408e+01
   5.0100000e+02   1.0237781e+01
   5.0200000e+02   1.0237192e+01
   5.0300000e+02   1.0236795e+01
   5.0400000e+02   1.0237337e+01
   5.0500000e+02   1.0237307e+01
   5.0600000e+02   1.0237210e+01
   5.0700000e+02   1.0237379e+01
   5.0800000e+02   1.0237418e+01
   5.0900000e+02   1.0237082e+01
   5.1000000e+02   1.0237514e+01
   5.1100000e+02   1.0237167e+01
   5.1200000e+02   1.0237239e+01
   5.1300000e+02   1.0236949e+01
   5.1400000e+02   1.0237048e+01
   5.1500000e+02   1.0237018e+01
   5.1600000e+02   1.0236903e+01
   5.1700000e+02   1.0237123e+01
   5.1800000e+02   1.0237030e+01
   5.1900000e+02   1.0237415e+01
   5.2000000e+02   1.0237185e+01
   5.2100000e+02   1.0237337e+01
   5.2200000e+02   1.0237275e+01
   5.2300000e+02   1.0237379e+01
   5.2400000e+02   1.0237321e+01
   5.2500000e+02   1.0237372e+01
   5.2600000e+02   1.0237476e+01
   5.2700000e+02   1.0237429e+01
   5.2800000e+02   1.0237400e+01
   5.2900000e+02   1.0237361e+01
   5.3000000e+02   1.0237507e+01
   5.3100000e+02   1.0237446e+01
   5.3200000e+02   1.0237602e+01
   5.3300000e+02   1.0237288e+01
   5.3400000e+02   1.0237264e+01
   5.3500000e+02   1.0237167e+01
   5.3600000e+02   1.0237160e+01
   5.3700000e+02   1.0237179e+01
   5.3800000e+02   1.0236978e+01
   5.3900000e+02   1.0236849e+01
   5.4000000e+02   1.0237283e+01
   5.4100000e+02   1.0236899e+01
   5.4200000e+02   1.0236776e+01
   5.4300000e+02   1.0236739e+01
   5.4400000e+02   1.0236802e+01
   5.4500000e+02   1.0236621e+01
   5.4600000e+02   1.0236732e+01
   5.4700000e+02   1.0236679e+01
   5.4800000e+02   1.0236407e+01
   5.4900000e+02   1.0236640e+01
   5.5000000e+02   1.0236458e+01
   5.5100000e+02   1.0236456e+01
   5.5200000e+02   1.0236283e+01
   5.5300000e+02   1.0236672e+01
   5.5400000e+02   1.0236637e+01
   5.5500000e+02   1.0236517e+01
   5.5600000e+02   1.0236499e+01
   5.5700000e+02   1.0236324e+01
   5.5800000e+02   1.0236725e+01
   5.5900000e+02   1.0236022e+01
   5.6000000e+02   1.0236798e+01
   5.6100000e+02   1.0235975e+01
   5.6200000e+02   1.0236550e+01
   5.6300000e+02   1.0236055e+01
   5.6400000e+02   1.0236604e+01
   5.6500000e+02   1.0236393e+01
   5.6600000e+02   1.0236338e+01
   5.6700000e+02   1.0236306e+01
   5.6800000e+02   1.0236599e+01
   5.6900000e+02   1.0236259e+01
   5.7000000e+02   1.0236274e+01
   5.7100000e+02   1.0236201e+01
   5.7200000e+02   1.0236405e+01
   5.7300000e+02   1.0236163e+01
   5.7400000e+02   1.0236340e+01
   5.7500000e+02   1.0236458e+01
   5.7600000e+02   1.0236520e+01
   5.7700000e+02   1.0236308e+01
   5.7800000e+02   1.0236249e+01
   5.7900000e+02   1.0236521e+01
   5.8000000e+02   1.0236396e+01
   5.8100000e+02   1.0236580e+01
   5.8200000e+02   1.0236410e+01
   5.8300000e+02   1.0236513e+01
   5.8400000e+02   1.0236491e+01
   5.8500000e+02   1.0236357e+01
   5.8600000e+02   1.0236274e+01
   5.8700000e+02   1.0236281e+01
   5.8800000e+02   1.0236320e+01
   5.8900000e+02   1.0236144e+01
   5.9000000e+02   1.0236295e+01
   5.9100000e+02   1.0236146e+01
   5.9200000e+02   1.0235983e+01
   5.9300000e+02   1.0236183e+01
   5.9400000e+02   1.0235857e+01
   5.9500000e+02   1.0235963e+01
   5.9600000e+02   1.0235945e+01
   5.9700000e+02   1.0235796e+01
   5.9800000e+02   1.0236017e+01
   5.9900000e+02   1.0235846e+01
   6.0000000e+02   1.0235890e+01
   6.0100000e+02   1.0235925e+01
   6.0200000e+02   1.0235751e+01
   6.0300000e+02   1.0235902e+01
   6.0400000e+02   1.0235830e+01
   6.0500000e+02   1.0235718e+01
   6.0600000e+02   1.0236004e+01
   6.0700000e+02   1.0235802e+01
   6.0800000e+02   1.0235842e+01
   6.0900000e+02   1.0236025e+01
   6.1000000e+02   1.0235751e+01
   6.1100000e+02   1.0235986e+01
   6.1200000e+02   1.0235574e+01
   6.1300000e+02   1.0235829e+01
   6.1400000e+02   1.0235867e+01
   6.1500000e+02   1.0235829e+01
   6.1600000e+02   1.0235742e+01
   6.1700000e+02   1.0235888e+01
   6.1800000e+02   1.0235682e+01
   6.1900000e+02   1.0235678e+01
   6.2000000e+02   1.0235695e+01
   6.2100000e+02   1.0235751e+01
   6.2200000e+02   1.0235322e+01
   6.2300000e+02   1.0235578e+01
   6.2400000e+02   1.0235522e+01
   6.2500000e+02   1.0235543e+01
   6.2600000e+02   1.0235507e+01
   6.2700000e+02   1.0235562e+01
   6.2800000e+02   1.0235278e+01
   6.2900000e+02   1.0235389e+01
   6.3000000e+02   1.0235541e+01
   6.3100000e+02   1.0235489e+01
   6.3200000e+02   1.0235421e+01
   6.3300000e+02   1.0234907e+01
   6.3400000e+02   1.0235448e+01
   6.3500000e+02   1.0235186e+01
   6.3600000e+02   1.0235102e+01
   6.3700000e+02   1.0235626e+01
   6.3800000e+02   1.0235281e+01
   6.3900000e+02   1.0235016e+01
   6.4000000e+02   1.0235404e+01
   6.4100000e+02   1.0235256e+01
   6.4200000e+02   1.0235388e+01
   6.4300000e+02   1.0235220e+01
   6.4400000e+02   1.0235495e+01
   6.4500000e+02   1.0235442e+01
   6.4600000e+02   1.0235622e+01
   6.4700000e+02   1.0235617e+01
   6.4800000e+02   1.0235334e+01
   6.4900000e+02   1.0235227e+01
   6.5000000e+02   1.0235480e+01
   6.5100000e+02   1.0235289e+01
   6.5200000e+02   1.0235096e+01
   6.5300000e+02   1.0235621e+01
   6.5400000e+02   1.0235592e+01
   6.5500000e+02   1.0235228e+01
   6.5600000e+02   1.0235258e+01
   6.5700000e+02   1.0235451e+01
   6.5800000e+02   1.0235206e+01
   6.5900000e+02   1.0234852e+01
   6.6000000e+02   1.0235317e+01
   6.6100000e+02   1.0235359e+01
   6.6200000e+02   1.0234807e+01
   6.6300000e+02   1.0234854e+01
   6.6400000e+02   1.0234639e+01
   6.6500000e+02   1.0235038e+01
   6.6600000e+02   1.0234486e+01
   6.6700000e+02   1.0234816e+01
   6.6800000e+02   1.0234600e+01
   6.6900000e+02   1.0234232e+01
   6.7000000e+02   1.0233993e+01
   6.7100000e+02   1.0233390e+01
   6.7200000e+02   1.0232769e+01
   6.7300000e+02   1.0231732e+01
   6.7400000e+02   1.0230907e+01
   6.7500000e+02   1.0229417e+01
   6.7600000e+02   1.0227962e+01
   6.7700000e+02   1.0226397e+01
   6.7800000e+02   1.0224380e+01
   6.7900000e+02   1.0222281e+01
   6.8000000e+02   1.0220414e+01
   6.8100000e+02   1.0218367e+01
   6.8200000e+02   1.0216541e+01
   6.8300000e+02   1.0214823e+01
   6.8400000e+02   1.0213596e+01
   6.8500000e+02   1.0212639e+01
   6.8600000e+02   1.0212311e+01
   6.8700000e+02   1.0212181e+01
   6.8800000e+02   1.0212161e+01
   6.8900000e+02   1.0212773e+01
   6.9000000e+02   1.0213721e+01
   6.9100000e+02   1.0214870e+01
   6.9200000e+02   1.0215808e+01
   6.9300000e+02   1.0216744e+01
   6.9400000e+02   1.0218161e+01
   6.9500000e+02   1.0219101e+01
   6.9600000e+02   1.0220252e+01
   6.9700000e+02   1.0221263e+01
   6.9800000e+02   1.0222449e+01
   6.9900000e+02   1.0223547e+01
   7.0000000e+02   1.0224305e+01
   7.0100000e+02   1.0225480e+01
   7.0200000e+02   1.0226125e+01
   7.0300000e+02   1.0226924e+01
   7.0400000e+02   1.0227815e+01
   7.0500000e+02   1.0228611e+01
   7.0600000e+02   1.0229013e+01
   7.0700000e+02   1.0229427e+01
   7.0800000e+02   1.0229800e+01
   7.0900000e+02   1.0230643e+01
   7.1000000e+02   1.0230495e+01
   7.1100000e+02   1.0231062e+01
   7.1200000e+02   1.0231427e+01
   7.1300000e+02   1.0231468e+01
   7.1400000e+02   1.0231909e+01
   7.1500000e+02   1.0231955e+01
   7.1600000e+02   1.0232540e+01
   7.1700000e+02   1.0232859e+01
   7.1800000e+02   1.0233132e+01
   7.1900000e+02   1.0233165e+01
   7.2000000e+02   1.0233436e+01
   7.2100000e+02   1.0233654e+01
   7.2200000e+02   1.0233730e+01
   7.2300000e+02   1.0233749e+01
   7.2400000e+02   1.0233942e+01
   7.2500000e+02   1.0233984e+01
   7.2600000e+02   1.0233829e+01
   7.2700000e+02   1.0233913e+01
   7.2800000e+02   1.0234201e+01
   7.2900000e+02   1.0233616e+01
   7.3000000e+02   1.0233666e+01
   7.3100000e+02   1.0234014e+01
   7.3200000e+02   1.0233898e+01
   7.3300000e+02   1.0233948e+01
   7.3400000e+02   1.0234202e+01
   7.3500000e+02   1.0234092e+01
   7.3600000e+02   1.0234064e+01
   7.3700000e+02   1.0234198e+01
   7.3800000e+02   1.0234257e+01
   7.3900000e+02   1.0234208e+01
   7.4000000e+02   1.0234256e+01
   7.4100000e+02   1.0234298e+01
   7.4200000e+02   1.0234013e+01
   7.4300000e+02   1.0234284e+01
   7.4400000e+02   1.0233974e+01
   7.4500000e+02   1.0234108e+01
   7.4600000e+02   1.0234206e+01
   7.4700000e+02   1.0233955e+01
   7.4800000e+02   1.0234033e+01
   7.4900000e+02   1.0233775e+01
   7.5000000e+02   1.0233835e+01
   7.5100000e+02   1.0233620e+01
   7.5200000e+02   1.0233879e+01
   7.5300000e+02   1.0233948e+01
   7.5400000e+02   1.0233919e+01
   7.5500000e+02   1.0233892e+01
   7.5600000e+02   1.0233585e+01
   7.5700000e+02   1.0233819e+01
   7.5800000e+02   1.0233884e+01
   7.5900000e+02   1.0233618e+01
   7.6000000e+02   1.0233637e+01
   7.6100000e+02   1.0233658e+01
   7.6200000e+02   1.0233888e+01
   7.6300000e+02   1.0233633e+01
   7.6400000e+02   1.0233569e+01
   7.6500000e+02   1.0233641e+01
   7.6600000e+02   1.0233565e+01
   7.6700000e+02   1.0233310e+01
   7.6800000e+02   1.0233547e+01
   7.6900000e+02   1.0233534e+01
   7.7000000e+02   1.0233522e+01
   7.7100000e+02   1.0233593e+01
   7.7200000e+02   1.0233669e+01
   7.7300000e+02   1.0233914e+01
   7.7400000e+02   1.0233670e+01
   7.7500000e+02   1.0233626e+01
   7.7600000e+02   1.0233521e+01
   7.7700000e+02   1.0233767e+01
   7.7800000e+02   1.0233702e+01
   7.7900000e+02   1.0233883e+01
   7.8000000e+02   1.0233497e+01
