   0.0000000e+00   1.0282901e+01
   1.0000000e+00   1.0278543e+01
   2.0000000e+00   1.0277215e+01
   3.0000000e+00   1.0276747e+01
   4.0000000e+00   1.0276311e+01
   5.0000000e+00   1.0276001e+01
   6.0000000e+00   1.0275837e+01
   7.0000000e+00   1.0275277e+01
   8.0000000e+00   1.0275153e+01
   9.0000000e+00   1.0274665e+01
   1.0000000e+01   1.0274796e+01
   1.1000000e+01   1.0274487e+01
   1.2000000e+01   1.0274157e+01
   1.3000000e+01   1.0274211e+01
   1.4000000e+01   1.0273996e+01
   1.5000000e+01   1.0273767e+01
   1.6000000e+01   1.0273738e+01
   1.7000000e+01   1.0273302e+01
   1.8000000e+01   1.0273448e+01
   1.9000000e+01   1.0273274e+01
   2.0000000e+01   1.0272945e+01
   2.1000000e+01   1.0272843e+01
   2.2000000e+01   1.0273306e+01
   2.3000000e+01   1.0273222e+01
   2.4000000e+01   1.0272669e+01
   2.5000000e+01   1.0272413e+01
   2.6000000e+01   1.0272504e+01
   2.7000000e+01   1.0272368e+01
   2.8000000e+01   1.0272071e+01
   2.9000000e+01   1.0271944e+01
   3.0000000e+01   1.0272042e+01
   3.1000000e+01   1.0271789e+01
   3.2000000e+01   1.0271689e+01
   3.3000000e+01   1.0271570e+01
   3.4000000e+01   1.0271297e+01
   3.5000000e+01   1.0271375e+01
   3.6000000e+01   1.0270958e+01
   3.7000000e+01   1.0270939e+01
   3.8000000e+01   1.0270593e+01
   3.9000000e+01   1.0270688e+01
   4.0000000e+01   1.0270800e+01
   4.1000000e+01   1.0270507e+01
   4.2000000e+01   1.0270468e+01
   4.3000000e+01   1.0270317e+01
   4.4000000e+01   1.0270362e+01
   4.5000000e+01   1.0270221e+01
   4.6000000e+01   1.0270035e+01
   4.7000000e+01   1.0269955e+01
   4.8000000e+01   1.0269898e+01
   4.9000000e+01   1.0269974e+01
   5.0000000e+01   1.0270026e+01
   5.1000000e+01   1.0269730e+01
   5.2000000e+01   1.0269454e+01
   5.3000000e+01   1.0269635e+01
   5.4000000e+01   1.0269640e+01
   5.5000000e+01   1.0269497e+01
   5.6000000e+01   1.0269427e+01
   5.7000000e+01   1.0269283e+01
   5.8000000e+01   1.0269240e+01
   5.9000000e+01   1.0269226e+01
   6.0000000e+01   1.0269143e+01
   6.1000000e+01   1.0268791e+01
   6.2000000e+01   1.0268664e+01
   6.3000000e+01   1.0268721e+01
   6.4000000e+01   1.0268705e+01
   6.5000000e+01   1.0268514e+01
   6.6000000e+01   1.0268562e+01
   6.7000000e+01   1.0268564e+01
   6.8000000e+01   1.0268509e+01
   6.9000000e+01   1.0268347e+01
   7.0000000e+01   1.0268292e+01
   7.1000000e+01   1.0268265e+01
   7.2000000e+01   1.0268144e+01
   7.3000000e+01   1.0268108e+01
   7.4000000e+01   1.0267818e+01
   7.5000000e+01   1.0267926e+01
   7.6000000e+01   1.0267724e+01
   7.7000000e+01   1.0267886e+01
   7.8000000e+01   1.0267633e+01
   7.9000000e+01   1.0267572e+01
   8.0000000e+01   1.0267652e+01
   8.1000000e+01   1.0267519e+01
   8.2000000e+01   1.0267250e+01
   8.3000000e+01   1.0267385e+01
   8.4000000e+01   1.0267258e+01
   8.5000000e+01   1.0267310e+01
   8.6000000e+01   1.0267149e+01
   8.7000000e+01   1.0267127e+01
   8.8000000e+01   1.0266980e+01
   8.9000000e+01   1.0267094e+01
   9.0000000e+01   1.0267043e+01
   9.1000000e+01   1.0266835e+01
   9.2000000e+01   1.0266941e+01
   9.3000000e+01   1.0266780e+01
   9.4000000e+01   1.0266688e+01
   9.5000000e+01   1.0266799e+01
   9.6000000e+01   1.0266544e+01
   9.7000000e+01   1.0266541e+01
   9.8000000e+01   1.0266511e+01
   9.9000000e+01   1.0266379e+01
   1.0000000e+02   1.0266398e+01
   1.0100000e+02   1.0266487e+01
   1.0200000e+02   1.0266179e+01
   1.0300000e+02   1.0266182e+01
   1.0400000e+02   1.0266081e+01
   1.0500000e+02   1.0266259e+01
   1.0600000e+02   1.0265946e+01
   1.0700000e+02   1.0265732e+01
   1.0800000e+02   1.0265862e+01
   1.0900000e+02   1.0265802e+01
   1.1000000e+02   1.0265798e+01
   1.1100000e+02   1.0265587e+01
   1.1200000e+02   1.0265631e+01
   1.1300000e+02   1.0265585e+01
   1.1400000e+02   1.0265648e+01
   1.1500000e+02   1.0265431e+01
   1.1600000e+02   1.0265238e+01
   1.1700000e+02   1.0265489e+01
   1.1800000e+02   1.0265209e+01
   1.1900000e+02   1.0265168e+01
   1.2000000e+02   1.0265051e+01
   1.2100000e+02   1.0265204e+01
   1.2200000e+02   1.0265290e+01
   1.2300000e+02   1.0265317e+01
   1.2400000e+02   1.0265107e+01
   1.2500000e+02   1.0265184e+01
   1.2600000e+02   1.0265080e+01
   1.2700000e+02   1.0265030e+01
   1.2800000e+02   1.0265022e+01
   1.2900000e+02   1.0265038e+01
   1.3000000e+02   1.0264873e+01
   1.3100000e+02   1.0264718e+01
   1.3200000e+02   1.0264656e+01
   1.3300000e+02   1.0264594e+01
   1.3400000e+02   1.0264445e+01
   1.3500000e+02   1.0264575e+01
   1.3600000e+02   1.0264526e+01
   1.3700000e+02   1.0264555e+01
   1.3800000e+02   1.0264306e+01
   1.3900000e+02   1.0264226e+01
   1.4000000e+02   1.0264052e+01
   1.4100000e+02   1.0264408e+01
   1.4200000e+02   1.0264778e+01
   1.4300000e+02   1.0263989e+01
   1.4400000e+02   1.0264322e+01
   1.4500000e+02   1.0263872e+01
   1.4600000e+02   1.0264257e+01
   1.4700000e+02   1.0264102e+01
   1.4800000e+02   1.0263907e+01
   1.4900000e+02   1.0264120e+01
   1.5000000e+02   1.0263993e+01
   1.5100000e+02   1.0263890e+01
   1.5200000e+02   1.0263862e+01
   1.5300000e+02   1.0263795e+01
   1.5400000e+02   1.0263819e+01
   1.5500000e+02   1.0263910e+01
   1.5600000e+02   1.0263778e+01
   1.5700000e+02   1.0263579e+01
   1.5800000e+02   1.0263604e+01
   1.5900000e+02   1.0263502e+01
   1.6000000e+02   1.0263703e+01
   1.6100000e+02   1.0263340e+01
   1.6200000e+02   1.0263484e+01
   1.6300000e+02   1.0263639e+01
   1.6400000e+02   1.0263532e+01
   1.6500000e+02   1.0263398e+01
   1.6600000e+02   1.0262507e+01
   1.6700000e+02   1.0255557e+01
   1.6800000e+02   1.0237542e+01
   1.6900000e+02   1.0228825e+01
   1.7000000e+02   1.0236843e+01
   1.7100000e+02   1.0247112e+01
   1.7200000e+02   1.0253373e+01
   1.7300000e+02   1.0256264e+01
   1.7400000e+02   1.0257732e+01
   1.7500000e+02   1.0258259e+01
   1.7600000e+02   1.0259151e+01
   1.7700000e+02   1.0259786e+01
   1.7800000e+02   1.0256659e+01
   1.7900000e+02   1.0216709e+01
   1.8000000e+02   1.0181045e+01
   1.8100000e+02   1.0189965e+01
   1.8200000e+02   1.0197980e+01
   1.8300000e+02   1.0203343e+01
   1.8400000e+02   1.0209731e+01
   1.8500000e+02   1.0214081e+01
   1.8600000e+02   1.0217910e+01
   1.8700000e+02   1.0221204e+01
   1.8800000e+02   1.0224294e+01
   1.8900000e+02   1.0228646e+01
   1.9000000e+02   1.0235198e+01
   1.9100000e+02   1.0240636e+01
   1.9200000e+02   1.0244846e+01
   1.9300000e+02   1.0249748e+01
   1.9400000e+02   1.0253917e+01
   1.9500000e+02   1.0256151e+01
   1.9600000e+02   1.0257263e+01
   1.9700000e+02   1.0258231e+01
   1.9800000e+02   1.0258551e+01
   1.9900000e+02   1.0258945e+01
   2.0000000e+02   1.0259100e+01
   2.0100000e+02   1.0259647e+01
   2.0200000e+02   1.0260249e+01
   2.0300000e+02   1.0260659e+01
   2.0400000e+02   1.0261054e+01
   2.0500000e+02   1.0261431e+01
   2.0600000e+02   1.0261499e+01
   2.0700000e+02   1.0261666e+01
   2.0800000e+02   1.0261689e+01
   2.0900000e+02   1.0261552e+01
   2.1000000e+02   1.0261666e+01
   2.1100000e+02   1.0261555e+01
   2.1200000e+02   1.0261612e+01
   2.1300000e+02   1.0261755e+01
   2.1400000e+02   1.0261562e+01
   2.1500000e+02   1.0261675e+01
   2.1600000e+02   1.0261894e+01
   2.1700000e+02   1.0261549e+01
   2.1800000e+02   1.0261489e+01
   2.1900000e+02   1.0261620e+01
   2.2000000e+02   1.0261584e+01
   2.2100000e+02   1.0261312e+01
   2.2200000e+02   1.0261171e+01
   2.2300000e+02   1.0261068e+01
   2.2400000e+02   1.0261158e+01
   2.2500000e+02   1.0260969e+01
   2.2600000e+02   1.0260976e+01
   2.2700000e+02   1.0260838e+01
   2.2800000e+02   1.0260699e+01
   2.2900000e+02   1.0260865e+01
   2.3000000e+02   1.0260806e+01
   2.3100000e+02   1.0260758e+01
   2.3200000e+02   1.0260678e+01
   2.3300000e+02   1.0260913e+01
   2.3400000e+02   1.0260818e+01
   2.3500000e+02   1.0260674e+01
   2.3600000e+02   1.0260911e+01
   2.3700000e+02   1.0260736e+01
   2.3800000e+02   1.0260683e+01
   2.3900000e+02   1.0260658e+01
   2.4000000e+02   1.0260768e+01
   2.4100000e+02   1.0260629e+01
   2.4200000e+02   1.0260354e+01
   2.4300000e+02   1.0260113e+01
   2.4400000e+02   1.0259514e+01
   2.4500000e+02   1.0258142e+01
   2.4600000e+02   1.0256596e+01
   2.4700000e+02   1.0255032e+01
   2.4800000e+02   1.0253374e+01
   2.4900000e+02   1.0252472e+01
   2.5000000e+02   1.0251669e+01
   2.5100000e+02   1.0251826e+01
   2.5200000e+02   1.0252269e+01
   2.5300000e+02   1.0252730e+01
   2.5400000e+02   1.0252943e+01
   2.5500000e+02   1.0252997e+01
   2.5600000e+02   1.0252618e+01
   2.5700000e+02   1.0252120e+01
   2.5800000e+02   1.0251625e+01
   2.5900000e+02   1.0251059e+01
   2.6000000e+02   1.0250856e+01
   2.6100000e+02   1.0250026e+01
   2.6200000e+02   1.0249551e+01
   2.6300000e+02   1.0249135e+01
   2.6400000e+02   1.0249214e+01
   2.6500000e+02   1.0249505e+01
   2.6600000e+02   1.0249952e+01
   2.6700000e+02   1.0250559e+01
   2.6800000e+02   1.0251855e+01
   2.6900000e+02   1.0252722e+01
   2.7000000e+02   1.0253476e+01
   2.7100000e+02   1.0253841e+01
   2.7200000e+02   1.0254407e+01
   2.7300000e+02   1.0254420e+01
   2.7400000e+02   1.0254765e+01
   2.7500000e+02   1.0255121e+01
   2.7600000e+02   1.0255433e+01
   2.7700000e+02   1.0255780e+01
   2.7800000e+02   1.0255957e+01
   2.7900000e+02   1.0256286e+01
   2.8000000e+02   1.0256322e+01
   2.8100000e+02   1.0256659e+01
   2.8200000e+02   1.0256782e+01
   2.8300000e+02   1.0256953e+01
   2.8400000e+02   1.0256947e+01
   2.8500000e+02   1.0257212e+01
   2.8600000e+02   1.0257367e+01
   2.8700000e+02   1.0257290e+01
   2.8800000e+02   1.0257269e+01
   2.8900000e+02   1.0257812e+01
   2.9000000e+02   1.0257929e+01
   2.9100000e+02   1.0258019e+01
   2.9200000e+02   1.0257491e+01
   2.9300000e+02   1.0257968e+01
   2.9400000e+02   1.0257888e+01
   2.9500000e+02   1.0257965e+01
   2.9600000e+02   1.0258224e+01
   2.9700000e+02   1.0258019e+01
   2.9800000e+02   1.0258146e+01
   2.9900000e+02   1.0257967e+01
   3.0000000e+02   1.0257892e+01
   3.0100000e+02   1.0256852e+01
   3.0200000e+02   1.0256072e+01
   3.0300000e+02   1.0254889e+01
   3.0400000e+02   1.0253016e+01
   3.0500000e+02   1.0250377e+01
   3.0600000e+02   1.0247342e+01
   3.0700000e+02   1.0242974e+01
   3.0800000e+02   1.0237928e+01
   3.0900000e+02   1.0232010e+01
   3.1000000e+02   1.0226591e+01
   3.1100000e+02   1.0222127e+01
   3.1200000e+02   1.0218972e+01
   3.1300000e+02   1.0217590e+01
   3.1400000e+02   1.0216369e+01
   3.1500000e+02   1.0215061e+01
   3.1600000e+02   1.0211357e+01
   3.1700000e+02   1.0205864e+01
   3.1800000e+02   1.0198403e+01
   3.1900000e+02   1.0190344e+01
   3.2000000e+02   1.0183118e+01
   3.2100000e+02   1.0177332e+01
   3.2200000e+02   1.0173951e+01
   3.2300000e+02   1.0173230e+01
   3.2400000e+02   1.0174478e+01
   3.2500000e+02   1.0177692e+01
   3.2600000e+02   1.0182357e+01
   3.2700000e+02   1.0188271e+01
   3.2800000e+02   1.0194891e+01
   3.2900000e+02   1.0202134e+01
   3.3000000e+02   1.0208985e+01
   3.3100000e+02   1.0214859e+01
   3.3200000e+02   1.0219986e+01
   3.3300000e+02   1.0223604e+01
   3.3400000e+02   1.0225463e+01
   3.3500000e+02   1.0226536e+01
   3.3600000e+02   1.0226587e+01
   3.3700000e+02   1.0226226e+01
   3.3800000e+02   1.0225689e+01
   3.3900000e+02   1.0225713e+01
   3.4000000e+02   1.0226841e+01
   3.4100000e+02   1.0228374e+01
   3.4200000e+02   1.0230551e+01
   3.4300000e+02   1.0233661e+01
   3.4400000e+02   1.0236474e+01
   3.4500000e+02   1.0239253e+01
   3.4600000e+02   1.0242065e+01
   3.4700000e+02   1.0244207e+01
   3.4800000e+02   1.0246312e+01
   3.4900000e+02   1.0248305e+01
   3.5000000e+02   1.0249648e+01
   3.5100000e+02   1.0250978e+01
   3.5200000e+02   1.0251674e+01
   3.5300000e+02   1.0252446e+01
   3.5400000e+02   1.0252986e+01
   3.5500000e+02   1.0253358e+01
   3.5600000e+02   1.0253361e+01
   3.5700000e+02   1.0253150e+01
   3.5800000e+02   1.0252935e+01
   3.5900000e+02   1.0252596e+01
   3.6000000e+02   1.0252193e+01
   3.6100000e+02   1.0251868e+01
   3.6200000e+02   1.0251748e+01
   3.6300000e+02   1.0251627e+01
   3.6400000e+02   1.0251917e+01
   3.6500000e+02   1.0252357e+01
   3.6600000e+02   1.0252851e+01
   3.6700000e+02   1.0253300e+01
   3.6800000e+02   1.0253693e+01
   3.6900000e+02   1.0254091e+01
   3.7000000e+02   1.0254797e+01
   3.7100000e+02   1.0254856e+01
   3.7200000e+02   1.0255239e+01
   3.7300000e+02   1.0255486e+01
   3.7400000e+02   1.0255603e+01
   3.7500000e+02   1.0255581e+01
   3.7600000e+02   1.0255901e+01
   3.7700000e+02   1.0256082e+01
   3.7800000e+02   1.0256250e+01
   3.7900000e+02   1.0256165e+01
   3.8000000e+02   1.0256159e+01
   3.8100000e+02   1.0256061e+01
   3.8200000e+02   1.0256083e+01
   3.8300000e+02   1.0256061e+01
   3.8400000e+02   1.0255527e+01
   3.8500000e+02   1.0255137e+01
   3.8600000e+02   1.0254554e+01
   3.8700000e+02   1.0253887e+01
   3.8800000e+02   1.0253262e+01
   3.8900000e+02   1.0252681e+01
   3.9000000e+02   1.0252796e+01
   3.9100000e+02   1.0252474e+01
   3.9200000e+02   1.0251736e+01
   3.9300000e+02   1.0252501e+01
   3.9400000e+02   1.0252871e+01
   3.9500000e+02   1.0253011e+01
   3.9600000e+02   1.0253374e+01
   3.9700000e+02   1.0253233e+01
   3.9800000e+02   1.0254411e+01
   3.9900000e+02   1.0253911e+01
   4.0000000e+02   1.0255004e+01
   4.0100000e+02   1.0254590e+01
   4.0200000e+02   1.0255184e+01
   4.0300000e+02   1.0255371e+01
   4.0400000e+02   1.0255523e+01
   4.0500000e+02   1.0255797e+01
   4.0600000e+02   1.0255761e+01
   4.0700000e+02   1.0255407e+01
   4.0800000e+02   1.0255974e+01
   4.0900000e+02   1.0255598e+01
   4.1000000e+02   1.0255492e+01
   4.1100000e+02   1.0255657e+01
   4.1200000e+02   1.0256017e+01
   4.1300000e+02   1.0255723e+01
   4.1400000e+02   1.0256004e+01
   4.1500000e+02   1.0256071e+01
   4.1600000e+02   1.0256191e+01
   4.1700000e+02   1.0255844e+01
   4.1800000e+02   1.0255716e+01
   4.1900000e+02   1.0255768e+01
   4.2000000e+02   1.0256152e+01
   4.2100000e+02   1.0256135e+01
   4.2200000e+02   1.0256268e+01
   4.2300000e+02   1.0256083e+01
   4.2400000e+02   1.0256051e+01
   4.2500000e+02   1.0256296e+01
   4.2600000e+02   1.0256821e+01
   4.2700000e+02   1.0256357e+01
   4.2800000e+02   1.0256549e+01
   4.2900000e+02   1.0256431e+01
   4.3000000e+02   1.0256220e+01
   4.3100000e+02   1.0255973e+01
   4.3200000e+02   1.0255924e+01
   4.3300000e+02   1.0256134e+01
   4.3400000e+02   1.0255525e+01
   4.3500000e+02   1.0255046e+01
   4.3600000e+02   1.0254620e+01
   4.3700000e+02   1.0252978e+01
   4.3800000e+02   1.0251093e+01
   4.3900000e+02   1.0247180e+01
   4.4000000e+02   1.0241891e+01
   4.4100000e+02   1.0234302e+01
   4.4200000e+02   1.0223719e+01
   4.4300000e+02   1.0211409e+01
   4.4400000e+02   1.0196269e+01
   4.4500000e+02   1.0180028e+01
   4.4600000e+02   1.0164151e+01
   4.4700000e+02   1.0151023e+01
   4.4800000e+02   1.0141044e+01
   4.4900000e+02   1.0135192e+01
   4.5000000e+02   1.0133854e+01
   4.5100000e+02   1.0137235e+01
   4.5200000e+02   1.0143172e+01
   4.5300000e+02   1.0151745e+01
   4.5400000e+02   1.0161437e+01
   4.5500000e+02   1.0171951e+01
   4.5600000e+02   1.0181945e+01
   4.5700000e+02   1.0190885e+01
   4.5800000e+02   1.0199177e+01
   4.5900000e+02   1.0206535e+01
   4.6000000e+02   1.0212847e+01
   4.6100000e+02   1.0218203e+01
   4.6200000e+02   1.0222704e+01
   4.6300000e+02   1.0226796e+01
   4.6400000e+02   1.0230436e+01
   4.6500000e+02   1.0233042e+01
   4.6600000e+02   1.0236190e+01
   4.6700000e+02   1.0237851e+01
   4.6800000e+02   1.0239726e+01
   4.6900000e+02   1.0241774e+01
   4.7000000e+02   1.0243476e+01
   4.7100000e+02   1.0245064e+01
   4.7200000e+02   1.0246683e+01
   4.7300000e+02   1.0248261e+01
   4.7400000e+02   1.0249219e+01
   4.7500000e+02   1.0250451e+01
   4.7600000e+02   1.0250988e+01
   4.7700000e+02   1.0252016e+01
   4.7800000e+02   1.0252637e+01
   4.7900000e+02   1.0252777e+01
   4.8000000e+02   1.0253285e+01
   4.8100000e+02   1.0253542e+01
   4.8200000e+02   1.0253737e+01
   4.8300000e+02   1.0253902e+01
   4.8400000e+02   1.0254113e+01
   4.8500000e+02   1.0254152e+01
   4.8600000e+02   1.0254165e+01
   4.8700000e+02   1.0254303e+01
   4.8800000e+02   1.0254254e+01
   4.8900000e+02   1.0254065e+01
   4.9000000e+02   1.0254270e+01
   4.9100000e+02   1.0254485e+01
   4.9200000e+02   1.0254373e+01
   4.9300000e+02   1.0254392e+01
   4.9400000e+02   1.0254463e+01
   4.9500000e+02   1.0254735e+01
   4.9600000e+02   1.0253813e+01
   4.9700000e+02   1.0254771e+01
   4.9800000e+02   1.0254551e+01
   4.9900000e+02   1.0254261e+01
   5.0000000e+02   1.0254242e+01
   5.0100000e+02   1.0254410e+01
   5.0200000e+02   1.0254635e+01
   5.0300000e+02   1.0254167e+01
   5.0400000e+02   1.0253961e+01
   5.0500000e+02   1.0254363e+01
   5.0600000e+02   1.0253925e+01
   5.0700000e+02   1.0254315e+01
   5.0800000e+02   1.0253756e+01
   5.0900000e+02   1.0254446e+01
   5.1000000e+02   1.0254037e+01
   5.1100000e+02   1.0254111e+01
   5.1200000e+02   1.0254085e+01
   5.1300000e+02   1.0254042e+01
   5.1400000e+02   1.0253843e+01
   5.1500000e+02   1.0253797e+01
   5.1600000e+02   1.0253803e+01
   5.1700000e+02   1.0254114e+01
   5.1800000e+02   1.0253565e+01
   5.1900000e+02   1.0253964e+01
   5.2000000e+02   1.0253827e+01
   5.2100000e+02   1.0254056e+01
   5.2200000e+02   1.0253364e+01
   5.2300000e+02   1.0253499e+01
   5.2400000e+02   1.0253973e+01
   5.2500000e+02   1.0253611e+01
   5.2600000e+02   1.0253784e+01
   5.2700000e+02   1.0253797e+01
   5.2800000e+02   1.0253748e+01
   5.2900000e+02   1.0253748e+01
   5.3000000e+02   1.0253623e+01
   5.3100000e+02   1.0253410e+01
   5.3200000e+02   1.0253623e+01
   5.3300000e+02   1.0253644e+01
   5.3400000e+02   1.0253700e+01
   5.3500000e+02   1.0253658e+01
   5.3600000e+02   1.0253780e+01
   5.3700000e+02   1.0254031e+01
   5.3800000e+02   1.0253408e+01
   5.3900000e+02   1.0253657e+01
   5.4000000e+02   1.0253390e+01
   5.4100000e+02   1.0253730e+01
   5.4200000e+02   1.0253553e+01
   5.4300000e+02   1.0253654e+01
   5.4400000e+02   1.0253587e+01
   5.4500000e+02   1.0253445e+01
   5.4600000e+02   1.0253832e+01
   5.4700000e+02   1.0253554e+01
   5.4800000e+02   1.0253308e+01
   5.4900000e+02   1.0253579e+01
   5.5000000e+02   1.0253431e+01
   5.5100000e+02   1.0253503e+01
   5.5200000e+02   1.0253383e+01
   5.5300000e+02   1.0253287e+01
   5.5400000e+02   1.0253671e+01
   5.5500000e+02   1.0253592e+01
   5.5600000e+02   1.0253597e+01
   5.5700000e+02   1.0253533e+01
   5.5800000e+02   1.0253456e+01
   5.5900000e+02   1.0253655e+01
   5.6000000e+02   1.0253448e+01
   5.6100000e+02   1.0253669e+01
   5.6200000e+02   1.0253680e+01
   5.6300000e+02   1.0253343e+01
   5.6400000e+02   1.0253664e+01
   5.6500000e+02   1.0253711e+01
   5.6600000e+02   1.0253245e+01
   5.6700000e+02   1.0252891e+01
   5.6800000e+02   1.0252672e+01
   5.6900000e+02   1.0253382e+01
   5.7000000e+02   1.0252853e+01
   5.7100000e+02   1.0253200e+01
   5.7200000e+02   1.0253041e+01
   5.7300000e+02   1.0253034e+01
   5.7400000e+02   1.0253237e+01
   5.7500000e+02   1.0253040e+01
   5.7600000e+02   1.0252942e+01
   5.7700000e+02   1.0253231e+01
   5.7800000e+02   1.0252977e+01
   5.7900000e+02   1.0253180e+01
   5.8000000e+02   1.0253021e+01
   5.8100000e+02   1.0253171e+01
   5.8200000e+02   1.0253094e+01
   5.8300000e+02   1.0253121e+01
   5.8400000e+02   1.0252714e+01
   5.8500000e+02   1.0253007e+01
   5.8600000e+02   1.0252722e+01
   5.8700000e+02   1.0253023e+01
   5.8800000e+02   1.0252895e+01
   5.8900000e+02   1.0252956e+01
   5.9000000e+02   1.0252375e+01
   5.9100000e+02   1.0252603e+01
   5.9200000e+02   1.0252907e+01
   5.9300000e+02   1.0252871e+01
   5.9400000e+02   1.0252494e+01
   5.9500000e+02   1.0252353e+01
   5.9600000e+02   1.0252390e+01
   5.9700000e+02   1.0253161e+01
   5.9800000e+02   1.0252527e+01
   5.9900000e+02   1.0252151e+01
   6.0000000e+02   1.0252691e+01
   6.0100000e+02   1.0252783e+01
   6.0200000e+02   1.0252020e+01
   6.0300000e+02   1.0252498e+01
   6.0400000e+02   1.0252727e+01
   6.0500000e+02   1.0252852e+01
   6.0600000e+02   1.0252669e+01
   6.0700000e+02   1.0252349e+01
   6.0800000e+02   1.0252333e+01
   6.0900000e+02   1.0252680e+01
   6.1000000e+02   1.0252588e+01
   6.1100000e+02   1.0252798e+01
   6.1200000e+02   1.0252827e+01
   6.1300000e+02   1.0252515e+01
   6.1400000e+02   1.0252542e+01
   6.1500000e+02   1.0252458e+01
   6.1600000e+02   1.0252435e+01
   6.1700000e+02   1.0252348e+01
   6.1800000e+02   1.0252363e+01
   6.1900000e+02   1.0252206e+01
   6.2000000e+02   1.0252164e+01
   6.2100000e+02   1.0252501e+01
   6.2200000e+02   1.0252332e+01
   6.2300000e+02   1.0252417e+01
   6.2400000e+02   1.0252293e+01
   6.2500000e+02   1.0252354e+01
   6.2600000e+02   1.0252348e+01
   6.2700000e+02   1.0252255e+01
   6.2800000e+02   1.0252329e+01
   6.2900000e+02   1.0252485e+01
   6.3000000e+02   1.0252258e+01
   6.3100000e+02   1.0252055e+01
   6.3200000e+02   1.0252076e+01
   6.3300000e+02   1.0252443e+01
   6.3400000e+02   1.0252161e+01
   6.3500000e+02   1.0252155e+01
   6.3600000e+02   1.0252143e+01
   6.3700000e+02   1.0252115e+01
   6.3800000e+02   1.0252070e+01
   6.3900000e+02   1.0252431e+01
   6.4000000e+02   1.0252151e+01
   6.4100000e+02   1.0251931e+01
   6.4200000e+02   1.0252202e+01
   6.4300000e+02   1.0251979e+01
   6.4400000e+02   1.0251997e+01
   6.4500000e+02   1.0252005e+01
   6.4600000e+02   1.0251830e+01
   6.4700000e+02   1.0251847e+01
   6.4800000e+02   1.0251865e+01
   6.4900000e+02   1.0252020e+01
   6.5000000e+02   1.0251964e+01
   6.5100000e+02   1.0251827e+01
   6.5200000e+02   1.0251655e+01
   6.5300000e+02   1.0251656e+01
   6.5400000e+02   1.0251735e+01
   6.5500000e+02   1.0251444e+01
   6.5600000e+02   1.0251760e+01
   6.5700000e+02   1.0251721e+01
   6.5800000e+02   1.0251545e+01
   6.5900000e+02   1.0251601e+01
   6.6000000e+02   1.0251602e+01
   6.6100000e+02   1.0251606e+01
   6.6200000e+02   1.0251588e+01
   6.6300000e+02   1.0251499e+01
   6.6400000e+02   1.0251492e+01
   6.6500000e+02   1.0251535e+01
   6.6600000e+02   1.0251399e+01
   6.6700000e+02   1.0251394e+01
   6.6800000e+02   1.0251230e+01
   6.6900000e+02   1.0251276e+01
   6.7000000e+02   1.0251287e+01
   6.7100000e+02   1.0251223e+01
   6.7200000e+02   1.0251303e+01
   6.7300000e+02   1.0250886e+01
   6.7400000e+02   1.0250496e+01
   6.7500000e+02   1.0250456e+01
   6.7600000e+02   1.0249741e+01
   6.7700000e+02   1.0249619e+01
   6.7800000e+02   1.0249032e+01
   6.7900000e+02   1.0248647e+01
   6.8000000e+02   1.0248362e+01
   6.8100000e+02   1.0247641e+01
   6.8200000e+02   1.0247274e+01
   6.8300000e+02   1.0246799e+01
   6.8400000e+02   1.0246438e+01
   6.8500000e+02   1.0246001e+01
   6.8600000e+02   1.0246054e+01
   6.8700000e+02   1.0245892e+01
   6.8800000e+02   1.0246310e+01
   6.8900000e+02   1.0246111e+01
   6.9000000e+02   1.0246265e+01
   6.9100000e+02   1.0246452e+01
   6.9200000e+02   1.0246801e+01
   6.9300000e+02   1.0247397e+01
   6.9400000e+02   1.0247545e+01
   6.9500000e+02   1.0247881e+01
   6.9600000e+02   1.0248123e+01
   6.9700000e+02   1.0248393e+01
   6.9800000e+02   1.0248586e+01
   6.9900000e+02   1.0248963e+01
   7.0000000e+02   1.0248980e+01
   7.0100000e+02   1.0249143e+01
   7.0200000e+02   1.0249409e+01
   7.0300000e+02   1.0249668e+01
   7.0400000e+02   1.0249792e+01
   7.0500000e+02   1.0249883e+01
   7.0600000e+02   1.0250141e+01
   7.0700000e+02   1.0250276e+01
   7.0800000e+02   1.0250327e+01
   7.0900000e+02   1.0250578e+01
   7.1000000e+02   1.0250532e+01
   7.1100000e+02   1.0250335e+01
   7.1200000e+02   1.0250634e+01
   7.1300000e+02   1.0250540e+01
   7.1400000e+02   1.0250563e+01
   7.1500000e+02   1.0250619e+01
   7.1600000e+02   1.0250588e+01
   7.1700000e+02   1.0250796e+01
   7.1800000e+02   1.0250810e+01
   7.1900000e+02   1.0250916e+01
   7.2000000e+02   1.0250671e+01
   7.2100000e+02   1.0250859e+01
   7.2200000e+02   1.0250649e+01
   7.2300000e+02   1.0250822e+01
   7.2400000e+02   1.0250789e+01
   7.2500000e+02   1.0250711e+01
   7.2600000e+02   1.0250833e+01
   7.2700000e+02   1.0250957e+01
   7.2800000e+02   1.0250638e+01
   7.2900000e+02   1.0250990e+01
   7.3000000e+02   1.0250661e+01
   7.3100000e+02   1.0250646e+01
   7.3200000e+02   1.0250731e+01
   7.3300000e+02   1.0251056e+01
   7.3400000e+02   1.0250868e+01
   7.3500000e+02   1.0250767e+01
   7.3600000e+02   1.0250397e+01
   7.3700000e+02   1.0250491e+01
   7.3800000e+02   1.0250440e+01
   7.3900000e+02   1.0250480e+01
   7.4000000e+02   1.0250388e+01
   7.4100000e+02   1.0250606e+01
   7.4200000e+02   1.0250469e+01
   7.4300000e+02   1.0250357e+01
   7.4400000e+02   1.0250336e+01
   7.4500000e+02   1.0250598e+01
   7.4600000e+02   1.0250584e+01
   7.4700000e+02   1.0250669e+01
   7.4800000e+02   1.0250630e+01
   7.4900000e+02   1.0250257e+01
   7.5000000e+02   1.0250463e+01
   7.5100000e+02   1.0250524e+01
   7.5200000e+02   1.0250506e+01
   7.5300000e+02   1.0250277e+01
   7.5400000e+02   1.0250605e+01
   7.5500000e+02   1.0250261e+01
   7.5600000e+02   1.0250694e+01
   7.5700000e+02   1.0250380e+01
   7.5800000e+02   1.0250552e+01
   7.5900000e+02   1.0250449e+01
   7.6000000e+02   1.0250475e+01
   7.6100000e+02   1.0250554e+01
   7.6200000e+02   1.0250334e+01
   7.6300000e+02   1.0250404e+01
   7.6400000e+02   1.0250270e+01
   7.6500000e+02   1.0250047e+01
   7.6600000e+02   1.0250553e+01
   7.6700000e+02   1.0250468e+01
   7.6800000e+02   1.0250149e+01
   7.6900000e+02   1.0250208e+01
   7.7000000e+02   1.0249935e+01
   7.7100000e+02   1.0250010e+01
   7.7200000e+02   1.0250075e+01
   7.7300000e+02   1.0250225e+01
   7.7400000e+02   1.0250214e+01
   7.7500000e+02   1.0250229e+01
   7.7600000e+02   1.0249816e+01
   7.7700000e+02   1.0250003e+01
   7.7800000e+02   1.0250021e+01
   7.7900000e+02   1.0249669e+01
   7.8000000e+02   1.0249842e+01
