   0.0000000e+00   1.0281697e+01
   1.0000000e+00   1.0277948e+01
   2.0000000e+00   1.0277196e+01
   3.0000000e+00   1.0275888e+01
   4.0000000e+00   1.0275712e+01
   5.0000000e+00   1.0275690e+01
   6.0000000e+00   1.0274624e+01
   7.0000000e+00   1.0275150e+01
   8.0000000e+00   1.0274589e+01
   9.0000000e+00   1.0274745e+01
   1.0000000e+01   1.0274087e+01
   1.1000000e+01   1.0274529e+01
   1.2000000e+01   1.0274093e+01
   1.3000000e+01   1.0273995e+01
   1.4000000e+01   1.0273764e+01
   1.5000000e+01   1.0273303e+01
   1.6000000e+01   1.0273629e+01
   1.7000000e+01   1.0273537e+01
   1.8000000e+01   1.0273374e+01
   1.9000000e+01   1.0273447e+01
   2.0000000e+01   1.0273054e+01
   2.1000000e+01   1.0272554e+01
   2.2000000e+01   1.0273104e+01
   2.3000000e+01   1.0272382e+01
   2.4000000e+01   1.0272779e+01
   2.5000000e+01   1.0272684e+01
   2.6000000e+01   1.0272111e+01
   2.7000000e+01   1.0272266e+01
   2.8000000e+01   1.0272469e+01
   2.9000000e+01   1.0272512e+01
   3.0000000e+01   1.0272319e+01
   3.1000000e+01   1.0271942e+01
   3.2000000e+01   1.0272119e+01
   3.3000000e+01   1.0271604e+01
   3.4000000e+01   1.0271683e+01
   3.5000000e+01   1.0271992e+01
   3.6000000e+01   1.0272009e+01
   3.7000000e+01   1.0271562e+01
   3.8000000e+01   1.0271190e+01
   3.9000000e+01   1.0271588e+01
   4.0000000e+01   1.0271194e+01
   4.1000000e+01   1.0271480e+01
   4.2000000e+01   1.0271398e+01
   4.3000000e+01   1.0270965e+01
   4.4000000e+01   1.0271689e+01
   4.5000000e+01   1.0271018e+01
   4.6000000e+01   1.0271330e+01
   4.7000000e+01   1.0271363e+01
   4.8000000e+01   1.0271122e+01
   4.9000000e+01   1.0270796e+01
   5.0000000e+01   1.0271347e+01
   5.1000000e+01   1.0271447e+01
   5.2000000e+01   1.0270847e+01
   5.3000000e+01   1.0270608e+01
   5.4000000e+01   1.0270833e+01
   5.5000000e+01   1.0271003e+01
   5.6000000e+01   1.0270268e+01
   5.7000000e+01   1.0270467e+01
   5.8000000e+01   1.0270746e+01
   5.9000000e+01   1.0270859e+01
   6.0000000e+01   1.0270995e+01
   6.1000000e+01   1.0270814e+01
   6.2000000e+01   1.0270634e+01
   6.3000000e+01   1.0270463e+01
   6.4000000e+01   1.0270373e+01
   6.5000000e+01   1.0270268e+01
   6.6000000e+01   1.0270387e+01
   6.7000000e+01   1.0270417e+01
   6.8000000e+01   1.0270066e+01
   6.9000000e+01   1.0269729e+01
   7.0000000e+01   1.0270110e+01
   7.1000000e+01   1.0269805e+01
   7.2000000e+01   1.0269766e+01
   7.3000000e+01   1.0269711e+01
   7.4000000e+01   1.0269694e+01
   7.5000000e+01   1.0269452e+01
   7.6000000e+01   1.0269981e+01
   7.7000000e+01   1.0269852e+01
   7.8000000e+01   1.0269888e+01
   7.9000000e+01   1.0269947e+01
   8.0000000e+01   1.0270038e+01
   8.1000000e+01   1.0269928e+01
   8.2000000e+01   1.0269671e+01
   8.3000000e+01   1.0269792e+01
   8.4000000e+01   1.0269993e+01
   8.5000000e+01   1.0269861e+01
   8.6000000e+01   1.0269448e+01
   8.7000000e+01   1.0269858e+01
   8.8000000e+01   1.0269779e+01
   8.9000000e+01   1.0269710e+01
   9.0000000e+01   1.0269500e+01
   9.1000000e+01   1.0269323e+01
   9.2000000e+01   1.0269395e+01
   9.3000000e+01   1.0269329e+01
   9.4000000e+01   1.0269562e+01
   9.5000000e+01   1.0269477e+01
   9.6000000e+01   1.0269256e+01
   9.7000000e+01   1.0269406e+01
   9.8000000e+01   1.0269103e+01
   9.9000000e+01   1.0269513e+01
   1.0000000e+02   1.0269008e+01
   1.0100000e+02   1.0269162e+01
   1.0200000e+02   1.0269249e+01
   1.0300000e+02   1.0269157e+01
   1.0400000e+02   1.0269005e+01
   1.0500000e+02   1.0269355e+01
   1.0600000e+02   1.0268753e+01
   1.0700000e+02   1.0269143e+01
   1.0800000e+02   1.0268656e+01
   1.0900000e+02   1.0269092e+01
   1.1000000e+02   1.0268574e+01
   1.1100000e+02   1.0268874e+01
   1.1200000e+02   1.0269144e+01
   1.1300000e+02   1.0269011e+01
   1.1400000e+02   1.0268501e+01
   1.1500000e+02   1.0268701e+01
   1.1600000e+02   1.0269060e+01
   1.1700000e+02   1.0268792e+01
   1.1800000e+02   1.0269233e+01
   1.1900000e+02   1.0268719e+01
   1.2000000e+02   1.0268741e+01
   1.2100000e+02   1.0268807e+01
   1.2200000e+02   1.0268888e+01
   1.2300000e+02   1.0268544e+01
   1.2400000e+02   1.0269061e+01
   1.2500000e+02   1.0268732e+01
   1.2600000e+02   1.0268530e+01
   1.2700000e+02   1.0268654e+01
   1.2800000e+02   1.0268373e+01
   1.2900000e+02   1.0268916e+01
   1.3000000e+02   1.0268420e+01
   1.3100000e+02   1.0268569e+01
   1.3200000e+02   1.0268547e+01
   1.3300000e+02   1.0268930e+01
   1.3400000e+02   1.0268301e+01
   1.3500000e+02   1.0268524e+01
   1.3600000e+02   1.0268516e+01
   1.3700000e+02   1.0268440e+01
   1.3800000e+02   1.0267911e+01
   1.3900000e+02   1.0267995e+01
   1.4000000e+02   1.0268584e+01
   1.4100000e+02   1.0269133e+01
   1.4200000e+02   1.0268351e+01
   1.4300000e+02   1.0268017e+01
   1.4400000e+02   1.0268464e+01
   1.4500000e+02   1.0268664e+01
   1.4600000e+02   1.0268340e+01
   1.4700000e+02   1.0267828e+01
   1.4800000e+02   1.0267878e+01
   1.4900000e+02   1.0267959e+01
   1.5000000e+02   1.0267742e+01
   1.5100000e+02   1.0267891e+01
   1.5200000e+02   1.0267614e+01
   1.5300000e+02   1.0267666e+01
   1.5400000e+02   1.0267967e+01
   1.5500000e+02   1.0268065e+01
   1.5600000e+02   1.0267819e+01
   1.5700000e+02   1.0268061e+01
   1.5800000e+02   1.0267679e+01
   1.5900000e+02   1.0267841e+01
   1.6000000e+02   1.0267686e+01
   1.6100000e+02   1.0267796e+01
   1.6200000e+02   1.0267587e+01
   1.6300000e+02   1.0267682e+01
   1.6400000e+02   1.0267638e+01
   1.6500000e+02   1.0267780e+01
   1.6600000e+02   1.0266699e+01
   1.6700000e+02   1.0259508e+01
   1.6800000e+02   1.0241825e+01
   1.6900000e+02   1.0234842e+01
   1.7000000e+02   1.0243659e+01
   1.7100000e+02   1.0252925e+01
   1.7200000e+02   1.0258277e+01
   1.7300000e+02   1.0260050e+01
   1.7400000e+02   1.0261221e+01
   1.7500000e+02   1.0262023e+01
   1.7600000e+02   1.0263167e+01
   1.7700000e+02   1.0264141e+01
   1.7800000e+02   1.0260877e+01
   1.7900000e+02   1.0223947e+01
   1.8000000e+02   1.0191814e+01
   1.8100000e+02   1.0197207e+01
   1.8200000e+02   1.0201772e+01
   1.8300000e+02   1.0206609e+01
   1.8400000e+02   1.0213730e+01
   1.8500000e+02   1.0219165e+01
   1.8600000e+02   1.0222666e+01
   1.8700000e+02   1.0224480e+01
   1.8800000e+02   1.0226461e+01
   1.8900000e+02   1.0231864e+01
   1.9000000e+02   1.0239308e+01
   1.9100000e+02   1.0245378e+01
   1.9200000e+02   1.0249995e+01
   1.9300000e+02   1.0254784e+01
   1.9400000e+02   1.0258278e+01
   1.9500000e+02   1.0260484e+01
   1.9600000e+02   1.0261378e+01
   1.9700000e+02   1.0262089e+01
   1.9800000e+02   1.0262860e+01
   1.9900000e+02   1.0262962e+01
   2.0000000e+02   1.0264232e+01
   2.0100000e+02   1.0264490e+01
   2.0200000e+02   1.0265133e+01
   2.0300000e+02   1.0266021e+01
   2.0400000e+02   1.0266585e+01
   2.0500000e+02   1.0266215e+01
   2.0600000e+02   1.0266572e+01
   2.0700000e+02   1.0266913e+01
   2.0800000e+02   1.0267161e+01
   2.0900000e+02   1.0266887e+01
   2.1000000e+02   1.0266797e+01
   2.1100000e+02   1.0267084e+01
   2.1200000e+02   1.0266833e+01
   2.1300000e+02   1.0266975e+01
   2.1400000e+02   1.0266899e+01
   2.1500000e+02   1.0266742e+01
   2.1600000e+02   1.0266832e+01
   2.1700000e+02   1.0266592e+01
   2.1800000e+02   1.0267141e+01
   2.1900000e+02   1.0266340e+01
   2.2000000e+02   1.0266670e+01
   2.2100000e+02   1.0266440e+01
   2.2200000e+02   1.0266298e+01
   2.2300000e+02   1.0266178e+01
   2.2400000e+02   1.0266138e+01
   2.2500000e+02   1.0265837e+01
   2.2600000e+02   1.0265696e+01
   2.2700000e+02   1.0265697e+01
   2.2800000e+02   1.0265733e+01
   2.2900000e+02   1.0265361e+01
   2.3000000e+02   1.0265550e+01
   2.3100000e+02   1.0265504e+01
   2.3200000e+02   1.0265754e+01
   2.3300000e+02   1.0266005e+01
   2.3400000e+02   1.0265774e+01
   2.3500000e+02   1.0265793e+01
   2.3600000e+02   1.0265783e+01
   2.3700000e+02   1.0266069e+01
   2.3800000e+02   1.0265863e+01
   2.3900000e+02   1.0265820e+01
   2.4000000e+02   1.0265648e+01
   2.4100000e+02   1.0266069e+01
   2.4200000e+02   1.0265302e+01
   2.4300000e+02   1.0265017e+01
   2.4400000e+02   1.0263352e+01
   2.4500000e+02   1.0261742e+01
   2.4600000e+02   1.0258999e+01
   2.4700000e+02   1.0255478e+01
   2.4800000e+02   1.0252744e+01
   2.4900000e+02   1.0250863e+01
   2.5000000e+02   1.0250071e+01
   2.5100000e+02   1.0250266e+01
   2.5200000e+02   1.0250702e+01
   2.5300000e+02   1.0251309e+01
   2.5400000e+02   1.0251670e+01
   2.5500000e+02   1.0250977e+01
   2.5600000e+02   1.0250489e+01
   2.5700000e+02   1.0249670e+01
   2.5800000e+02   1.0248794e+01
   2.5900000e+02   1.0248112e+01
   2.6000000e+02   1.0247422e+01
   2.6100000e+02   1.0246684e+01
   2.6200000e+02   1.0245763e+01
   2.6300000e+02   1.0245553e+01
   2.6400000e+02   1.0245378e+01
   2.6500000e+02   1.0245708e+01
   2.6600000e+02   1.0246881e+01
   2.6700000e+02   1.0248506e+01
   2.6800000e+02   1.0249769e+01
   2.6900000e+02   1.0251575e+01
   2.7000000e+02   1.0253228e+01
   2.7100000e+02   1.0253962e+01
   2.7200000e+02   1.0254567e+01
   2.7300000e+02   1.0255261e+01
   2.7400000e+02   1.0255966e+01
   2.7500000e+02   1.0256201e+01
   2.7600000e+02   1.0257356e+01
   2.7700000e+02   1.0257392e+01
   2.7800000e+02   1.0258481e+01
   2.7900000e+02   1.0258900e+01
   2.8000000e+02   1.0259552e+01
   2.8100000e+02   1.0259271e+01
   2.8200000e+02   1.0259753e+01
   2.8300000e+02   1.0260007e+01
   2.8400000e+02   1.0260551e+01
   2.8500000e+02   1.0260767e+01
   2.8600000e+02   1.0261343e+01
   2.8700000e+02   1.0261654e+01
   2.8800000e+02   1.0262511e+01
   2.8900000e+02   1.0262138e+01
   2.9000000e+02   1.0262733e+01
   2.9100000e+02   1.0262855e+01
   2.9200000e+02   1.0262837e+01
   2.9300000e+02   1.0262650e+01
   2.9400000e+02   1.0263522e+01
   2.9500000e+02   1.0263876e+01
   2.9600000e+02   1.0263892e+01
   2.9700000e+02   1.0263569e+01
   2.9800000e+02   1.0263650e+01
   2.9900000e+02   1.0263562e+01
   3.0000000e+02   1.0263563e+01
   3.0100000e+02   1.0262723e+01
   3.0200000e+02   1.0261728e+01
   3.0300000e+02   1.0259964e+01
   3.0400000e+02   1.0258055e+01
   3.0500000e+02   1.0255413e+01
   3.0600000e+02   1.0252748e+01
   3.0700000e+02   1.0247762e+01
   3.0800000e+02   1.0242239e+01
   3.0900000e+02   1.0235903e+01
   3.1000000e+02   1.0229695e+01
   3.1100000e+02   1.0225181e+01
   3.1200000e+02   1.0221364e+01
   3.1300000e+02   1.0219531e+01
   3.1400000e+02   1.0218968e+01
   3.1500000e+02   1.0216833e+01
   3.1600000e+02   1.0213253e+01
   3.1700000e+02   1.0206996e+01
   3.1800000e+02   1.0198595e+01
   3.1900000e+02   1.0189401e+01
   3.2000000e+02   1.0181846e+01
   3.2100000e+02   1.0176516e+01
   3.2200000e+02   1.0172776e+01
   3.2300000e+02   1.0172013e+01
   3.2400000e+02   1.0173468e+01
   3.2500000e+02   1.0176406e+01
   3.2600000e+02   1.0181201e+01
   3.2700000e+02   1.0187007e+01
   3.2800000e+02   1.0193690e+01
   3.2900000e+02   1.0201316e+01
   3.3000000e+02   1.0208106e+01
   3.3100000e+02   1.0214844e+01
   3.3200000e+02   1.0219812e+01
   3.3300000e+02   1.0224115e+01
   3.3400000e+02   1.0226887e+01
   3.3500000e+02   1.0228074e+01
   3.3600000e+02   1.0228678e+01
   3.3700000e+02   1.0228331e+01
   3.3800000e+02   1.0227881e+01
   3.3900000e+02   1.0228586e+01
   3.4000000e+02   1.0229538e+01
   3.4100000e+02   1.0231525e+01
   3.4200000e+02   1.0234443e+01
   3.4300000e+02   1.0237270e+01
   3.4400000e+02   1.0240602e+01
   3.4500000e+02   1.0243578e+01
   3.4600000e+02   1.0246670e+01
   3.4700000e+02   1.0249008e+01
   3.4800000e+02   1.0250890e+01
   3.4900000e+02   1.0253486e+01
   3.5000000e+02   1.0255465e+01
   3.5100000e+02   1.0256553e+01
   3.5200000e+02   1.0258099e+01
   3.5300000e+02   1.0259120e+01
   3.5400000e+02   1.0259544e+01
   3.5500000e+02   1.0259744e+01
   3.5600000e+02   1.0259875e+01
   3.5700000e+02   1.0259886e+01
   3.5800000e+02   1.0259431e+01
   3.5900000e+02   1.0259057e+01
   3.6000000e+02   1.0258620e+01
   3.6100000e+02   1.0258263e+01
   3.6200000e+02   1.0258161e+01
   3.6300000e+02   1.0258497e+01
   3.6400000e+02   1.0258714e+01
   3.6500000e+02   1.0259181e+01
   3.6600000e+02   1.0259743e+01
   3.6700000e+02   1.0260254e+01
   3.6800000e+02   1.0260605e+01
   3.6900000e+02   1.0261225e+01
   3.7000000e+02   1.0261838e+01
   3.7100000e+02   1.0262028e+01
   3.7200000e+02   1.0262845e+01
   3.7300000e+02   1.0262802e+01
   3.7400000e+02   1.0262986e+01
   3.7500000e+02   1.0263212e+01
   3.7600000e+02   1.0263557e+01
   3.7700000e+02   1.0263668e+01
   3.7800000e+02   1.0263710e+01
   3.7900000e+02   1.0263809e+01
   3.8000000e+02   1.0263588e+01
   3.8100000e+02   1.0263795e+01
   3.8200000e+02   1.0263443e+01
   3.8300000e+02   1.0263300e+01
   3.8400000e+02   1.0262620e+01
   3.8500000e+02   1.0262268e+01
   3.8600000e+02   1.0261399e+01
   3.8700000e+02   1.0261052e+01
   3.8800000e+02   1.0260223e+01
   3.8900000e+02   1.0259842e+01
   3.9000000e+02   1.0259286e+01
   3.9100000e+02   1.0259174e+01
   3.9200000e+02   1.0259234e+01
   3.9300000e+02   1.0259272e+01
   3.9400000e+02   1.0259492e+01
   3.9500000e+02   1.0260129e+01
   3.9600000e+02   1.0260351e+01
   3.9700000e+02   1.0260831e+01
   3.9800000e+02   1.0261156e+01
   3.9900000e+02   1.0261361e+01
   4.0000000e+02   1.0262193e+01
   4.0100000e+02   1.0262244e+01
   4.0200000e+02   1.0262236e+01
   4.0300000e+02   1.0262678e+01
   4.0400000e+02   1.0262989e+01
   4.0500000e+02   1.0263057e+01
   4.0600000e+02   1.0263365e+01
   4.0700000e+02   1.0263315e+01
   4.0800000e+02   1.0263494e+01
   4.0900000e+02   1.0263788e+01
   4.1000000e+02   1.0263903e+01
   4.1100000e+02   1.0263814e+01
   4.1200000e+02   1.0264150e+01
   4.1300000e+02   1.0264050e+01
   4.1400000e+02   1.0264116e+01
   4.1500000e+02   1.0263994e+01
   4.1600000e+02   1.0264323e+01
   4.1700000e+02   1.0264110e+01
   4.1800000e+02   1.0264076e+01
   4.1900000e+02   1.0264018e+01
   4.2000000e+02   1.0263615e+01
   4.2100000e+02   1.0263772e+01
   4.2200000e+02   1.0264005e+01
   4.2300000e+02   1.0263591e+01
   4.2400000e+02   1.0263524e+01
   4.2500000e+02   1.0263702e+01
   4.2600000e+02   1.0263721e+01
   4.2700000e+02   1.0263550e+01
   4.2800000e+02   1.0263775e+01
   4.2900000e+02   1.0263712e+01
   4.3000000e+02   1.0263733e+01
   4.3100000e+02   1.0263657e+01
   4.3200000e+02   1.0263733e+01
   4.3300000e+02   1.0263898e+01
   4.3400000e+02   1.0263628e+01
   4.3500000e+02   1.0263505e+01
   4.3600000e+02   1.0263193e+01
   4.3700000e+02   1.0262297e+01
   4.3800000e+02   1.0260852e+01
   4.3900000e+02   1.0258688e+01
   4.4000000e+02   1.0254908e+01
   4.4100000e+02   1.0250172e+01
   4.4200000e+02   1.0243427e+01
   4.4300000e+02   1.0235173e+01
   4.4400000e+02   1.0225499e+01
   4.4500000e+02   1.0214803e+01
   4.4600000e+02   1.0204561e+01
   4.4700000e+02   1.0195398e+01
   4.4800000e+02   1.0188232e+01
   4.4900000e+02   1.0183958e+01
   4.5000000e+02   1.0182441e+01
   4.5100000e+02   1.0183542e+01
   4.5200000e+02   1.0186922e+01
   4.5300000e+02   1.0191958e+01
   4.5400000e+02   1.0198008e+01
   4.5500000e+02   1.0204417e+01
   4.5600000e+02   1.0210248e+01
   4.5700000e+02   1.0216458e+01
   4.5800000e+02   1.0222117e+01
   4.5900000e+02   1.0227459e+01
   4.6000000e+02   1.0232253e+01
   4.6100000e+02   1.0236111e+01
   4.6200000e+02   1.0239431e+01
   4.6300000e+02   1.0242827e+01
   4.6400000e+02   1.0245176e+01
   4.6500000e+02   1.0247010e+01
   4.6600000e+02   1.0249445e+01
   4.6700000e+02   1.0250955e+01
   4.6800000e+02   1.0252213e+01
   4.6900000e+02   1.0254007e+01
   4.7000000e+02   1.0255359e+01
   4.7100000e+02   1.0256360e+01
   4.7200000e+02   1.0258022e+01
   4.7300000e+02   1.0258651e+01
   4.7400000e+02   1.0259527e+01
   4.7500000e+02   1.0260637e+01
   4.7600000e+02   1.0260958e+01
   4.7700000e+02   1.0262034e+01
   4.7800000e+02   1.0261735e+01
   4.7900000e+02   1.0262635e+01
   4.8000000e+02   1.0262661e+01
   4.8100000e+02   1.0262854e+01
   4.8200000e+02   1.0262971e+01
   4.8300000e+02   1.0263018e+01
   4.8400000e+02   1.0263299e+01
   4.8500000e+02   1.0263047e+01
   4.8600000e+02   1.0263580e+01
   4.8700000e+02   1.0263216e+01
   4.8800000e+02   1.0263344e+01
   4.8900000e+02   1.0263487e+01
   4.9000000e+02   1.0263316e+01
   4.9100000e+02   1.0263388e+01
   4.9200000e+02   1.0263074e+01
   4.9300000e+02   1.0263499e+01
   4.9400000e+02   1.0263401e+01
   4.9500000e+02   1.0263500e+01
   4.9600000e+02   1.0263571e+01
   4.9700000e+02   1.0263118e+01
   4.9800000e+02   1.0263049e+01
   4.9900000e+02   1.0263237e+01
   5.0000000e+02   1.0263413e+01
   5.0100000e+02   1.0263516e+01
   5.0200000e+02   1.0263001e+01
   5.0300000e+02   1.0263018e+01
   5.0400000e+02   1.0263011e+01
   5.0500000e+02   1.0263005e+01
   5.0600000e+02   1.0262555e+01
   5.0700000e+02   1.0262959e+01
   5.0800000e+02   1.0262660e+01
   5.0900000e+02   1.0263278e+01
   5.1000000e+02   1.0262874e+01
   5.1100000e+02   1.0262946e+01
   5.1200000e+02   1.0263096e+01
   5.1300000e+02   1.0262706e+01
   5.1400000e+02   1.0263011e+01
   5.1500000e+02   1.0263424e+01
   5.1600000e+02   1.0262714e+01
   5.1700000e+02   1.0262727e+01
   5.1800000e+02   1.0263451e+01
   5.1900000e+02   1.0263077e+01
   5.2000000e+02   1.0262673e+01
   5.2100000e+02   1.0262688e+01
   5.2200000e+02   1.0262862e+01
   5.2300000e+02   1.0262934e+01
   5.2400000e+02   1.0262925e+01
   5.2500000e+02   1.0262741e+01
   5.2600000e+02   1.0262864e+01
   5.2700000e+02   1.0262780e+01
   5.2800000e+02   1.0262946e+01
   5.2900000e+02   1.0263301e+01
   5.3000000e+02   1.0263561e+01
   5.3100000e+02   1.0263334e+01
   5.3200000e+02   1.0262816e+01
   5.3300000e+02   1.0262976e+01
   5.3400000e+02   1.0263469e+01
   5.3500000e+02   1.0262811e+01
   5.3600000e+02   1.0262944e+01
   5.3700000e+02   1.0263272e+01
   5.3800000e+02   1.0262723e+01
   5.3900000e+02   1.0263182e+01
   5.4000000e+02   1.0263264e+01
   5.4100000e+02   1.0262731e+01
   5.4200000e+02   1.0263078e+01
   5.4300000e+02   1.0263288e+01
   5.4400000e+02   1.0262921e+01
   5.4500000e+02   1.0263104e+01
   5.4600000e+02   1.0262714e+01
   5.4700000e+02   1.0262529e+01
   5.4800000e+02   1.0262938e+01
   5.4900000e+02   1.0262534e+01
   5.5000000e+02   1.0262317e+01
   5.5100000e+02   1.0262416e+01
   5.5200000e+02   1.0263026e+01
   5.5300000e+02   1.0262355e+01
   5.5400000e+02   1.0262277e+01
   5.5500000e+02   1.0262399e+01
   5.5600000e+02   1.0262850e+01
   5.5700000e+02   1.0262584e+01
   5.5800000e+02   1.0262708e+01
   5.5900000e+02   1.0262710e+01
   5.6000000e+02   1.0262634e+01
   5.6100000e+02   1.0262600e+01
   5.6200000e+02   1.0262626e+01
   5.6300000e+02   1.0262719e+01
   5.6400000e+02   1.0263132e+01
   5.6500000e+02   1.0262888e+01
   5.6600000e+02   1.0262778e+01
   5.6700000e+02   1.0262687e+01
   5.6800000e+02   1.0262776e+01
   5.6900000e+02   1.0262900e+01
   5.7000000e+02   1.0262757e+01
   5.7100000e+02   1.0262576e+01
   5.7200000e+02   1.0262868e+01
   5.7300000e+02   1.0262623e+01
   5.7400000e+02   1.0263054e+01
   5.7500000e+02   1.0263239e+01
   5.7600000e+02   1.0262727e+01
   5.7700000e+02   1.0262603e+01
   5.7800000e+02   1.0262647e+01
   5.7900000e+02   1.0263136e+01
   5.8000000e+02   1.0262521e+01
   5.8100000e+02   1.0262387e+01
   5.8200000e+02   1.0262741e+01
   5.8300000e+02   1.0263032e+01
   5.8400000e+02   1.0262326e+01
   5.8500000e+02   1.0262151e+01
   5.8600000e+02   1.0262673e+01
   5.8700000e+02   1.0262321e+01
   5.8800000e+02   1.0262475e+01
   5.8900000e+02   1.0262350e+01
   5.9000000e+02   1.0262498e+01
   5.9100000e+02   1.0262856e+01
   5.9200000e+02   1.0262279e+01
   5.9300000e+02   1.0262378e+01
   5.9400000e+02   1.0262072e+01
   5.9500000e+02   1.0262478e+01
   5.9600000e+02   1.0262703e+01
   5.9700000e+02   1.0262151e+01
   5.9800000e+02   1.0262320e+01
   5.9900000e+02   1.0262431e+01
   6.0000000e+02   1.0262244e+01
   6.0100000e+02   1.0262946e+01
   6.0200000e+02   1.0262180e+01
   6.0300000e+02   1.0262449e+01
   6.0400000e+02   1.0262616e+01
   6.0500000e+02   1.0262689e+01
   6.0600000e+02   1.0262679e+01
   6.0700000e+02   1.0262038e+01
   6.0800000e+02   1.0261859e+01
   6.0900000e+02   1.0262412e+01
   6.1000000e+02   1.0262215e+01
   6.1100000e+02   1.0262185e+01
   6.1200000e+02   1.0262634e+01
   6.1300000e+02   1.0262554e+01
   6.1400000e+02   1.0262310e+01
   6.1500000e+02   1.0261674e+01
   6.1600000e+02   1.0261853e+01
   6.1700000e+02   1.0262274e+01
   6.1800000e+02   1.0262759e+01
   6.1900000e+02   1.0262525e+01
   6.2000000e+02   1.0262364e+01
   6.2100000e+02   1.0262684e+01
   6.2200000e+02   1.0262207e+01
   6.2300000e+02   1.0262994e+01
   6.2400000e+02   1.0262286e+01
   6.2500000e+02   1.0262933e+01
   6.2600000e+02   1.0262465e+01
   6.2700000e+02   1.0262691e+01
   6.2800000e+02   1.0262774e+01
   6.2900000e+02   1.0262252e+01
   6.3000000e+02   1.0262730e+01
   6.3100000e+02   1.0262147e+01
   6.3200000e+02   1.0262468e+01
   6.3300000e+02   1.0262417e+01
   6.3400000e+02   1.0262069e+01
   6.3500000e+02   1.0262373e+01
   6.3600000e+02   1.0262350e+01
   6.3700000e+02   1.0262088e+01
   6.3800000e+02   1.0262566e+01
   6.3900000e+02   1.0262381e+01
   6.4000000e+02   1.0262260e+01
   6.4100000e+02   1.0262009e+01
   6.4200000e+02   1.0262198e+01
   6.4300000e+02   1.0261932e+01
   6.4400000e+02   1.0262262e+01
   6.4500000e+02   1.0261874e+01
   6.4600000e+02   1.0262013e+01
   6.4700000e+02   1.0262146e+01
   6.4800000e+02   1.0262056e+01
   6.4900000e+02   1.0262163e+01
   6.5000000e+02   1.0262178e+01
   6.5100000e+02   1.0262303e+01
   6.5200000e+02   1.0262097e+01
   6.5300000e+02   1.0261993e+01
   6.5400000e+02   1.0262132e+01
   6.5500000e+02   1.0262292e+01
   6.5600000e+02   1.0262101e+01
   6.5700000e+02   1.0262298e+01
   6.5800000e+02   1.0262159e+01
   6.5900000e+02   1.0261945e+01
   6.6000000e+02   1.0262255e+01
   6.6100000e+02   1.0261829e+01
   6.6200000e+02   1.0261820e+01
   6.6300000e+02   1.0261935e+01
   6.6400000e+02   1.0262057e+01
   6.6500000e+02   1.0262104e+01
   6.6600000e+02   1.0261838e+01
   6.6700000e+02   1.0261945e+01
   6.6800000e+02   1.0261700e+01
   6.6900000e+02   1.0261916e+01
   6.7000000e+02   1.0261898e+01
   6.7100000e+02   1.0262068e+01
   6.7200000e+02   1.0261751e+01
   6.7300000e+02   1.0261852e+01
   6.7400000e+02   1.0261646e+01
   6.7500000e+02   1.0261934e+01
   6.7600000e+02   1.0261454e+01
   6.7700000e+02   1.0261462e+01
   6.7800000e+02   1.0261016e+01
   6.7900000e+02   1.0260797e+01
   6.8000000e+02   1.0260589e+01
   6.8100000e+02   1.0260067e+01
   6.8200000e+02   1.0260120e+01
   6.8300000e+02   1.0259754e+01
   6.8400000e+02   1.0259823e+01
   6.8500000e+02   1.0259601e+01
   6.8600000e+02   1.0259677e+01
   6.8700000e+02   1.0259597e+01
   6.8800000e+02   1.0259723e+01
   6.8900000e+02   1.0259539e+01
   6.9000000e+02   1.0259680e+01
   6.9100000e+02   1.0259901e+01
   6.9200000e+02   1.0259820e+01
   6.9300000e+02   1.0260196e+01
   6.9400000e+02   1.0260122e+01
   6.9500000e+02   1.0260499e+01
   6.9600000e+02   1.0260768e+01
   6.9700000e+02   1.0260892e+01
   6.9800000e+02   1.0261200e+01
   6.9900000e+02   1.0261032e+01
   7.0000000e+02   1.0260991e+01
   7.0100000e+02   1.0260919e+01
   7.0200000e+02   1.0261343e+01
   7.0300000e+02   1.0261204e+01
   7.0400000e+02   1.0261346e+01
   7.0500000e+02   1.0261448e+01
   7.0600000e+02   1.0261331e+01
   7.0700000e+02   1.0261440e+01
   7.0800000e+02   1.0261237e+01
   7.0900000e+02   1.0261470e+01
   7.1000000e+02   1.0261341e+01
   7.1100000e+02   1.0261456e+01
   7.1200000e+02   1.0261612e+01
   7.1300000e+02   1.0261820e+01
   7.1400000e+02   1.0261528e+01
   7.1500000e+02   1.0261575e+01
   7.1600000e+02   1.0261805e+01
   7.1700000e+02   1.0261417e+01
   7.1800000e+02   1.0261754e+01
   7.1900000e+02   1.0261913e+01
   7.2000000e+02   1.0261827e+01
   7.2100000e+02   1.0261901e+01
   7.2200000e+02   1.0261875e+01
   7.2300000e+02   1.0261991e+01
   7.2400000e+02   1.0261708e+01
   7.2500000e+02   1.0261889e+01
   7.2600000e+02   1.0261865e+01
   7.2700000e+02   1.0261866e+01
   7.2800000e+02   1.0261503e+01
   7.2900000e+02   1.0261589e+01
   7.3000000e+02   1.0261901e+01
   7.3100000e+02   1.0261842e+01
   7.3200000e+02   1.0261691e+01
   7.3300000e+02   1.0261666e+01
   7.3400000e+02   1.0261308e+01
   7.3500000e+02   1.0261360e+01
   7.3600000e+02   1.0261508e+01
   7.3700000e+02   1.0261313e+01
   7.3800000e+02   1.0261371e+01
   7.3900000e+02   1.0261465e+01
   7.4000000e+02   1.0261420e+01
   7.4100000e+02   1.0261537e+01
   7.4200000e+02   1.0261527e+01
   7.4300000e+02   1.0261616e+01
   7.4400000e+02   1.0261323e+01
   7.4500000e+02   1.0261589e+01
   7.4600000e+02   1.0261653e+01
   7.4700000e+02   1.0261592e+01
   7.4800000e+02   1.0261435e+01
   7.4900000e+02   1.0261072e+01
   7.5000000e+02   1.0261159e+01
   7.5100000e+02   1.0261496e+01
   7.5200000e+02   1.0261346e+01
   7.5300000e+02   1.0261179e+01
   7.5400000e+02   1.0261455e+01
   7.5500000e+02   1.0261193e+01
   7.5600000e+02   1.0261214e+01
   7.5700000e+02   1.0261325e+01
   7.5800000e+02   1.0261096e+01
   7.5900000e+02   1.0261172e+01
   7.6000000e+02   1.0261610e+01
   7.6100000e+02   1.0261348e+01
   7.6200000e+02   1.0261230e+01
   7.6300000e+02   1.0261384e+01
   7.6400000e+02   1.0261269e+01
   7.6500000e+02   1.0261287e+01
   7.6600000e+02   1.0261240e+01
   7.6700000e+02   1.0261467e+01
   7.6800000e+02   1.0261413e+01
   7.6900000e+02   1.0261167e+01
   7.7000000e+02   1.0260994e+01
   7.7100000e+02   1.0261551e+01
   7.7200000e+02   1.0261124e+01
   7.7300000e+02   1.0261508e+01
   7.7400000e+02   1.0260893e+01
   7.7500000e+02   1.0261260e+01
   7.7600000e+02   1.0261598e+01
   7.7700000e+02   1.0261086e+01
   7.7800000e+02   1.0260995e+01
   7.7900000e+02   1.0261512e+01
   7.8000000e+02   1.0261467e+01
