   0.0000000e+00   1.0269616e+01
   1.0000000e+00   1.0265474e+01
   2.0000000e+00   1.0264679e+01
   3.0000000e+00   1.0263710e+01
   4.0000000e+00   1.0263474e+01
   5.0000000e+00   1.0263040e+01
   6.0000000e+00   1.0262380e+01
   7.0000000e+00   1.0262453e+01
   8.0000000e+00   1.0262358e+01
   9.0000000e+00   1.0262147e+01
   1.0000000e+01   1.0261848e+01
   1.1000000e+01   1.0261431e+01
   1.2000000e+01   1.0261424e+01
   1.3000000e+01   1.0261340e+01
   1.4000000e+01   1.0261528e+01
   1.5000000e+01   1.0261348e+01
   1.6000000e+01   1.0261315e+01
   1.7000000e+01   1.0260935e+01
   1.8000000e+01   1.0261164e+01
   1.9000000e+01   1.0261115e+01
   2.0000000e+01   1.0261028e+01
   2.1000000e+01   1.0261131e+01
   2.2000000e+01   1.0261284e+01
   2.3000000e+01   1.0261090e+01
   2.4000000e+01   1.0260980e+01
   2.5000000e+01   1.0261147e+01
   2.6000000e+01   1.0261239e+01
   2.7000000e+01   1.0261202e+01
   2.8000000e+01   1.0260941e+01
   2.9000000e+01   1.0260905e+01
   3.0000000e+01   1.0261112e+01
   3.1000000e+01   1.0261075e+01
   3.2000000e+01   1.0260817e+01
   3.3000000e+01   1.0260728e+01
   3.4000000e+01   1.0260811e+01
   3.5000000e+01   1.0260409e+01
   3.6000000e+01   1.0260687e+01
   3.7000000e+01   1.0260706e+01
   3.8000000e+01   1.0260540e+01
   3.9000000e+01   1.0260599e+01
   4.0000000e+01   1.0260551e+01
   4.1000000e+01   1.0260641e+01
   4.2000000e+01   1.0260456e+01
   4.3000000e+01   1.0260695e+01
   4.4000000e+01   1.0260469e+01
   4.5000000e+01   1.0260229e+01
   4.6000000e+01   1.0259945e+01
   4.7000000e+01   1.0260389e+01
   4.8000000e+01   1.0260285e+01
   4.9000000e+01   1.0260357e+01
   5.0000000e+01   1.0260323e+01
   5.1000000e+01   1.0260104e+01
   5.2000000e+01   1.0260382e+01
   5.3000000e+01   1.0260123e+01
   5.4000000e+01   1.0260140e+01
   5.5000000e+01   1.0260418e+01
   5.6000000e+01   1.0260455e+01
   5.7000000e+01   1.0260111e+01
   5.8000000e+01   1.0259983e+01
   5.9000000e+01   1.0260455e+01
   6.0000000e+01   1.0260348e+01
   6.1000000e+01   1.0260545e+01
   6.2000000e+01   1.0259931e+01
   6.3000000e+01   1.0260127e+01
   6.4000000e+01   1.0260327e+01
   6.5000000e+01   1.0260016e+01
   6.6000000e+01   1.0260017e+01
   6.7000000e+01   1.0260383e+01
   6.8000000e+01   1.0260021e+01
   6.9000000e+01   1.0260060e+01
   7.0000000e+01   1.0260069e+01
   7.1000000e+01   1.0260152e+01
   7.2000000e+01   1.0260061e+01
   7.3000000e+01   1.0259930e+01
   7.4000000e+01   1.0260141e+01
   7.5000000e+01   1.0259776e+01
   7.6000000e+01   1.0260026e+01
   7.7000000e+01   1.0259950e+01
   7.8000000e+01   1.0260072e+01
   7.9000000e+01   1.0259906e+01
   8.0000000e+01   1.0259639e+01
   8.1000000e+01   1.0259869e+01
   8.2000000e+01   1.0259745e+01
   8.3000000e+01   1.0259912e+01
   8.4000000e+01   1.0259979e+01
   8.5000000e+01   1.0259900e+01
   8.6000000e+01   1.0260308e+01
   8.7000000e+01   1.0259847e+01
   8.8000000e+01   1.0259951e+01
   8.9000000e+01   1.0259814e+01
   9.0000000e+01   1.0259974e+01
   9.1000000e+01   1.0259795e+01
   9.2000000e+01   1.0259855e+01
   9.3000000e+01   1.0259707e+01
   9.4000000e+01   1.0259989e+01
   9.5000000e+01   1.0259892e+01
   9.6000000e+01   1.0259858e+01
   9.7000000e+01   1.0259803e+01
   9.8000000e+01   1.0259842e+01
   9.9000000e+01   1.0259849e+01
   1.0000000e+02   1.0259686e+01
   1.0100000e+02   1.0259889e+01
   1.0200000e+02   1.0259821e+01
   1.0300000e+02   1.0259920e+01
   1.0400000e+02   1.0259694e+01
   1.0500000e+02   1.0259716e+01
   1.0600000e+02   1.0259698e+01
   1.0700000e+02   1.0259502e+01
   1.0800000e+02   1.0259675e+01
   1.0900000e+02   1.0259623e+01
   1.1000000e+02   1.0259411e+01
   1.1100000e+02   1.0259438e+01
   1.1200000e+02   1.0259630e+01
   1.1300000e+02   1.0259648e+01
   1.1400000e+02   1.0259374e+01
   1.1500000e+02   1.0259542e+01
   1.1600000e+02   1.0259475e+01
   1.1700000e+02   1.0259702e+01
   1.1800000e+02   1.0259460e+01
   1.1900000e+02   1.0259589e+01
   1.2000000e+02   1.0259702e+01
   1.2100000e+02   1.0259731e+01
   1.2200000e+02   1.0259722e+01
   1.2300000e+02   1.0259554e+01
   1.2400000e+02   1.0259478e+01
   1.2500000e+02   1.0259630e+01
   1.2600000e+02   1.0259480e+01
   1.2700000e+02   1.0259312e+01
   1.2800000e+02   1.0259303e+01
   1.2900000e+02   1.0259301e+01
   1.3000000e+02   1.0259296e+01
   1.3100000e+02   1.0259217e+01
   1.3200000e+02   1.0259252e+01
   1.3300000e+02   1.0259284e+01
   1.3400000e+02   1.0259223e+01
   1.3500000e+02   1.0259509e+01
   1.3600000e+02   1.0259421e+01
   1.3700000e+02   1.0259323e+01
   1.3800000e+02   1.0259261e+01
   1.3900000e+02   1.0259385e+01
   1.4000000e+02   1.0259377e+01
   1.4100000e+02   1.0259432e+01
   1.4200000e+02   1.0259487e+01
   1.4300000e+02   1.0259471e+01
   1.4400000e+02   1.0259324e+01
   1.4500000e+02   1.0259615e+01
   1.4600000e+02   1.0259228e+01
   1.4700000e+02   1.0259592e+01
   1.4800000e+02   1.0259387e+01
   1.4900000e+02   1.0259320e+01
   1.5000000e+02   1.0259485e+01
   1.5100000e+02   1.0259352e+01
   1.5200000e+02   1.0259616e+01
   1.5300000e+02   1.0259159e+01
   1.5400000e+02   1.0259334e+01
   1.5500000e+02   1.0259160e+01
   1.5600000e+02   1.0259318e+01
   1.5700000e+02   1.0259059e+01
   1.5800000e+02   1.0259010e+01
   1.5900000e+02   1.0258988e+01
   1.6000000e+02   1.0258889e+01
   1.6100000e+02   1.0258933e+01
   1.6200000e+02   1.0258911e+01
   1.6300000e+02   1.0258997e+01
   1.6400000e+02   1.0258820e+01
   1.6500000e+02   1.0258979e+01
   1.6600000e+02   1.0258190e+01
   1.6700000e+02   1.0250758e+01
   1.6800000e+02   1.0232794e+01
   1.6900000e+02   1.0225783e+01
   1.7000000e+02   1.0234415e+01
   1.7100000e+02   1.0244348e+01
   1.7200000e+02   1.0249915e+01
   1.7300000e+02   1.0251791e+01
   1.7400000e+02   1.0252789e+01
   1.7500000e+02   1.0253557e+01
   1.7600000e+02   1.0254601e+01
   1.7700000e+02   1.0255324e+01
   1.7800000e+02   1.0252748e+01
   1.7900000e+02   1.0216150e+01
   1.8000000e+02   1.0185521e+01
   1.8100000e+02   1.0190640e+01
   1.8200000e+02   1.0195191e+01
   1.8300000e+02   1.0199271e+01
   1.8400000e+02   1.0205472e+01
   1.8500000e+02   1.0211125e+01
   1.8600000e+02   1.0214598e+01
   1.8700000e+02   1.0216403e+01
   1.8800000e+02   1.0218471e+01
   1.8900000e+02   1.0222517e+01
   1.9000000e+02   1.0229690e+01
   1.9100000e+02   1.0235998e+01
   1.9200000e+02   1.0241270e+01
   1.9300000e+02   1.0246452e+01
   1.9400000e+02   1.0249931e+01
   1.9500000e+02   1.0252081e+01
   1.9600000e+02   1.0253152e+01
   1.9700000e+02   1.0253836e+01
   1.9800000e+02   1.0254297e+01
   1.9900000e+02   1.0254958e+01
   2.0000000e+02   1.0255587e+01
   2.0100000e+02   1.0255595e+01
   2.0200000e+02   1.0256087e+01
   2.0300000e+02   1.0256994e+01
   2.0400000e+02   1.0257201e+01
   2.0500000e+02   1.0257734e+01
   2.0600000e+02   1.0257909e+01
   2.0700000e+02   1.0258337e+01
   2.0800000e+02   1.0258185e+01
   2.0900000e+02   1.0258658e+01
   2.1000000e+02   1.0258816e+01
   2.1100000e+02   1.0258883e+01
   2.1200000e+02   1.0258918e+01
   2.1300000e+02   1.0258961e+01
   2.1400000e+02   1.0258702e+01
   2.1500000e+02   1.0258911e+01
   2.1600000e+02   1.0259016e+01
   2.1700000e+02   1.0258944e+01
   2.1800000e+02   1.0258981e+01
   2.1900000e+02   1.0258957e+01
   2.2000000e+02   1.0258776e+01
   2.2100000e+02   1.0258934e+01
   2.2200000e+02   1.0258897e+01
   2.2300000e+02   1.0259027e+01
   2.2400000e+02   1.0259062e+01
   2.2500000e+02   1.0258956e+01
   2.2600000e+02   1.0258758e+01
   2.2700000e+02   1.0258641e+01
   2.2800000e+02   1.0258933e+01
   2.2900000e+02   1.0258858e+01
   2.3000000e+02   1.0258631e+01
   2.3100000e+02   1.0258879e+01
   2.3200000e+02   1.0258834e+01
   2.3300000e+02   1.0258672e+01
   2.3400000e+02   1.0258662e+01
   2.3500000e+02   1.0258696e+01
   2.3600000e+02   1.0258617e+01
   2.3700000e+02   1.0258839e+01
   2.3800000e+02   1.0258715e+01
   2.3900000e+02   1.0258609e+01
   2.4000000e+02   1.0258566e+01
   2.4100000e+02   1.0258482e+01
   2.4200000e+02   1.0258425e+01
   2.4300000e+02   1.0258425e+01
   2.4400000e+02   1.0258261e+01
   2.4500000e+02   1.0258135e+01
   2.4600000e+02   1.0257912e+01
   2.4700000e+02   1.0257758e+01
   2.4800000e+02   1.0257536e+01
   2.4900000e+02   1.0257234e+01
   2.5000000e+02   1.0257172e+01
   2.5100000e+02   1.0257039e+01
   2.5200000e+02   1.0257381e+01
   2.5300000e+02   1.0257357e+01
   2.5400000e+02   1.0257320e+01
   2.5500000e+02   1.0257384e+01
   2.5600000e+02   1.0257342e+01
   2.5700000e+02   1.0257328e+01
   2.5800000e+02   1.0257254e+01
   2.5900000e+02   1.0257115e+01
   2.6000000e+02   1.0257003e+01
   2.6100000e+02   1.0256898e+01
   2.6200000e+02   1.0256955e+01
   2.6300000e+02   1.0256879e+01
   2.6400000e+02   1.0256634e+01
   2.6500000e+02   1.0257190e+01
   2.6600000e+02   1.0257135e+01
   2.6700000e+02   1.0257260e+01
   2.6800000e+02   1.0257363e+01
   2.6900000e+02   1.0257289e+01
   2.7000000e+02   1.0257421e+01
   2.7100000e+02   1.0257307e+01
   2.7200000e+02   1.0257433e+01
   2.7300000e+02   1.0257560e+01
   2.7400000e+02   1.0257466e+01
   2.7500000e+02   1.0257644e+01
   2.7600000e+02   1.0257662e+01
   2.7700000e+02   1.0257442e+01
   2.7800000e+02   1.0257677e+01
   2.7900000e+02   1.0257977e+01
   2.8000000e+02   1.0257885e+01
   2.8100000e+02   1.0257646e+01
   2.8200000e+02   1.0257903e+01
   2.8300000e+02   1.0257945e+01
   2.8400000e+02   1.0257940e+01
   2.8500000e+02   1.0258126e+01
   2.8600000e+02   1.0258129e+01
   2.8700000e+02   1.0258019e+01
   2.8800000e+02   1.0258344e+01
   2.8900000e+02   1.0258131e+01
   2.9000000e+02   1.0258086e+01
   2.9100000e+02   1.0258012e+01
   2.9200000e+02   1.0258027e+01
   2.9300000e+02   1.0258149e+01
   2.9400000e+02   1.0258043e+01
   2.9500000e+02   1.0258209e+01
   2.9600000e+02   1.0258187e+01
   2.9700000e+02   1.0258088e+01
   2.9800000e+02   1.0258007e+01
   2.9900000e+02   1.0257856e+01
   3.0000000e+02   1.0257698e+01
   3.0100000e+02   1.0257674e+01
   3.0200000e+02   1.0257085e+01
   3.0300000e+02   1.0256979e+01
   3.0400000e+02   1.0256021e+01
   3.0500000e+02   1.0255059e+01
   3.0600000e+02   1.0254232e+01
   3.0700000e+02   1.0253091e+01
   3.0800000e+02   1.0251183e+01
   3.0900000e+02   1.0249387e+01
   3.1000000e+02   1.0247650e+01
   3.1100000e+02   1.0246383e+01
   3.1200000e+02   1.0245145e+01
   3.1300000e+02   1.0244660e+01
   3.1400000e+02   1.0244196e+01
   3.1500000e+02   1.0243566e+01
   3.1600000e+02   1.0242566e+01
   3.1700000e+02   1.0241164e+01
   3.1800000e+02   1.0238532e+01
   3.1900000e+02   1.0235751e+01
   3.2000000e+02   1.0233341e+01
   3.2100000e+02   1.0231369e+01
   3.2200000e+02   1.0230278e+01
   3.2300000e+02   1.0230120e+01
   3.2400000e+02   1.0230379e+01
   3.2500000e+02   1.0231351e+01
   3.2600000e+02   1.0232562e+01
   3.2700000e+02   1.0234517e+01
   3.2800000e+02   1.0236319e+01
   3.2900000e+02   1.0238870e+01
   3.3000000e+02   1.0240587e+01
   3.3100000e+02   1.0242774e+01
   3.3200000e+02   1.0244047e+01
   3.3300000e+02   1.0245262e+01
   3.3400000e+02   1.0246107e+01
   3.3500000e+02   1.0246686e+01
   3.3600000e+02   1.0246774e+01
   3.3700000e+02   1.0246668e+01
   3.3800000e+02   1.0246700e+01
   3.3900000e+02   1.0246594e+01
   3.4000000e+02   1.0247095e+01
   3.4100000e+02   1.0247367e+01
   3.4200000e+02   1.0248570e+01
   3.4300000e+02   1.0249345e+01
   3.4400000e+02   1.0250189e+01
   3.4500000e+02   1.0251359e+01
   3.4600000e+02   1.0251967e+01
   3.4700000e+02   1.0252337e+01
   3.4800000e+02   1.0253053e+01
   3.4900000e+02   1.0253642e+01
   3.5000000e+02   1.0254155e+01
   3.5100000e+02   1.0254660e+01
   3.5200000e+02   1.0255248e+01
   3.5300000e+02   1.0255600e+01
   3.5400000e+02   1.0255858e+01
   3.5500000e+02   1.0255916e+01
   3.5600000e+02   1.0256329e+01
   3.5700000e+02   1.0256340e+01
   3.5800000e+02   1.0255949e+01
   3.5900000e+02   1.0256053e+01
   3.6000000e+02   1.0255944e+01
   3.6100000e+02   1.0255844e+01
   3.6200000e+02   1.0256057e+01
   3.6300000e+02   1.0255773e+01
   3.6400000e+02   1.0256178e+01
   3.6500000e+02   1.0256226e+01
   3.6600000e+02   1.0256213e+01
   3.6700000e+02   1.0256424e+01
   3.6800000e+02   1.0256632e+01
   3.6900000e+02   1.0256797e+01
   3.7000000e+02   1.0256879e+01
   3.7100000e+02   1.0256976e+01
   3.7200000e+02   1.0257332e+01
   3.7300000e+02   1.0257380e+01
   3.7400000e+02   1.0257623e+01
   3.7500000e+02   1.0257623e+01
   3.7600000e+02   1.0257817e+01
   3.7700000e+02   1.0257444e+01
   3.7800000e+02   1.0257564e+01
   3.7900000e+02   1.0257475e+01
   3.8000000e+02   1.0257544e+01
   3.8100000e+02   1.0257596e+01
   3.8200000e+02   1.0257702e+01
   3.8300000e+02   1.0257443e+01
   3.8400000e+02   1.0257266e+01
   3.8500000e+02   1.0257356e+01
   3.8600000e+02   1.0256896e+01
   3.8700000e+02   1.0256743e+01
   3.8800000e+02   1.0256937e+01
   3.8900000e+02   1.0256242e+01
   3.9000000e+02   1.0256177e+01
   3.9100000e+02   1.0256308e+01
   3.9200000e+02   1.0256144e+01
   3.9300000e+02   1.0256143e+01
   3.9400000e+02   1.0255890e+01
   3.9500000e+02   1.0256284e+01
   3.9600000e+02   1.0256452e+01
   3.9700000e+02   1.0256578e+01
   3.9800000e+02   1.0256484e+01
   3.9900000e+02   1.0256689e+01
   4.0000000e+02   1.0256719e+01
   4.0100000e+02   1.0257030e+01
   4.0200000e+02   1.0256937e+01
   4.0300000e+02   1.0257322e+01
   4.0400000e+02   1.0257197e+01
   4.0500000e+02   1.0257684e+01
   4.0600000e+02   1.0257313e+01
   4.0700000e+02   1.0257379e+01
   4.0800000e+02   1.0257479e+01
   4.0900000e+02   1.0257613e+01
   4.1000000e+02   1.0257653e+01
   4.1100000e+02   1.0257497e+01
   4.1200000e+02   1.0257521e+01
   4.1300000e+02   1.0257527e+01
   4.1400000e+02   1.0257472e+01
   4.1500000e+02   1.0257441e+01
   4.1600000e+02   1.0257309e+01
   4.1700000e+02   1.0257291e+01
   4.1800000e+02   1.0257323e+01
   4.1900000e+02   1.0257240e+01
   4.2000000e+02   1.0257305e+01
   4.2100000e+02   1.0257187e+01
   4.2200000e+02   1.0257160e+01
   4.2300000e+02   1.0256907e+01
   4.2400000e+02   1.0257237e+01
   4.2500000e+02   1.0256810e+01
   4.2600000e+02   1.0256845e+01
   4.2700000e+02   1.0257064e+01
   4.2800000e+02   1.0256996e+01
   4.2900000e+02   1.0257093e+01
   4.3000000e+02   1.0257145e+01
   4.3100000e+02   1.0257286e+01
   4.3200000e+02   1.0257045e+01
   4.3300000e+02   1.0256857e+01
   4.3400000e+02   1.0256609e+01
   4.3500000e+02   1.0256326e+01
   4.3600000e+02   1.0255679e+01
   4.3700000e+02   1.0254048e+01
   4.3800000e+02   1.0251738e+01
   4.3900000e+02   1.0247334e+01
   4.4000000e+02   1.0240952e+01
   4.4100000e+02   1.0230985e+01
   4.4200000e+02   1.0218187e+01
   4.4300000e+02   1.0202040e+01
   4.4400000e+02   1.0182831e+01
   4.4500000e+02   1.0162030e+01
   4.4600000e+02   1.0141829e+01
   4.4700000e+02   1.0124281e+01
   4.4800000e+02   1.0110750e+01
   4.4900000e+02   1.0102986e+01
   4.5000000e+02   1.0100470e+01
   4.5100000e+02   1.0103259e+01
   4.5200000e+02   1.0110508e+01
   4.5300000e+02   1.0120101e+01
   4.5400000e+02   1.0132008e+01
   4.5500000e+02   1.0144297e+01
   4.5600000e+02   1.0155946e+01
   4.5700000e+02   1.0167812e+01
   4.5800000e+02   1.0178555e+01
   4.5900000e+02   1.0187531e+01
   4.6000000e+02   1.0196041e+01
   4.6100000e+02   1.0203871e+01
   4.6200000e+02   1.0210399e+01
   4.6300000e+02   1.0216025e+01
   4.6400000e+02   1.0221228e+01
   4.6500000e+02   1.0225468e+01
   4.6600000e+02   1.0229102e+01
   4.6700000e+02   1.0232361e+01
   4.6800000e+02   1.0234978e+01
   4.6900000e+02   1.0237656e+01
   4.7000000e+02   1.0239882e+01
   4.7100000e+02   1.0242395e+01
   4.7200000e+02   1.0244136e+01
   4.7300000e+02   1.0245455e+01
   4.7400000e+02   1.0247647e+01
   4.7500000e+02   1.0248587e+01
   4.7600000e+02   1.0250467e+01
   4.7700000e+02   1.0251362e+01
   4.7800000e+02   1.0252428e+01
   4.7900000e+02   1.0253473e+01
   4.8000000e+02   1.0254168e+01
   4.8100000e+02   1.0254637e+01
   4.8200000e+02   1.0255290e+01
   4.8300000e+02   1.0255867e+01
   4.8400000e+02   1.0255797e+01
   4.8500000e+02   1.0256001e+01
   4.8600000e+02   1.0256366e+01
   4.8700000e+02   1.0256755e+01
   4.8800000e+02   1.0256625e+01
   4.8900000e+02   1.0257097e+01
   4.9000000e+02   1.0256813e+01
   4.9100000e+02   1.0256867e+01
   4.9200000e+02   1.0257048e+01
   4.9300000e+02   1.0256861e+01
   4.9400000e+02   1.0256895e+01
   4.9500000e+02   1.0257191e+01
   4.9600000e+02   1.0256768e+01
   4.9700000e+02   1.0257207e+01
   4.9800000e+02   1.0257277e+01
   4.9900000e+02   1.0257195e+01
   5.0000000e+02   1.0257404e+01
   5.0100000e+02   1.0257205e+01
   5.0200000e+02   1.0257247e+01
   5.0300000e+02   1.0256936e+01
   5.0400000e+02   1.0256765e+01
   5.0500000e+02   1.0256467e+01
   5.0600000e+02   1.0256687e+01
   5.0700000e+02   1.0256653e+01
   5.0800000e+02   1.0256450e+01
   5.0900000e+02   1.0256503e+01
   5.1000000e+02   1.0256423e+01
   5.1100000e+02   1.0256947e+01
   5.1200000e+02   1.0256930e+01
   5.1300000e+02   1.0256632e+01
   5.1400000e+02   1.0256819e+01
   5.1500000e+02   1.0256901e+01
   5.1600000e+02   1.0256737e+01
   5.1700000e+02   1.0256863e+01
   5.1800000e+02   1.0257202e+01
   5.1900000e+02   1.0256875e+01
   5.2000000e+02   1.0257073e+01
   5.2100000e+02   1.0256702e+01
   5.2200000e+02   1.0257408e+01
   5.2300000e+02   1.0257007e+01
   5.2400000e+02   1.0256745e+01
   5.2500000e+02   1.0256810e+01
   5.2600000e+02   1.0257013e+01
   5.2700000e+02   1.0256801e+01
   5.2800000e+02   1.0256890e+01
   5.2900000e+02   1.0256813e+01
   5.3000000e+02   1.0257077e+01
   5.3100000e+02   1.0257097e+01
   5.3200000e+02   1.0257099e+01
   5.3300000e+02   1.0257063e+01
   5.3400000e+02   1.0256871e+01
   5.3500000e+02   1.0257127e+01
   5.3600000e+02   1.0257109e+01
   5.3700000e+02   1.0256838e+01
   5.3800000e+02   1.0257078e+01
   5.3900000e+02   1.0257148e+01
   5.4000000e+02   1.0256623e+01
   5.4100000e+02   1.0256800e+01
   5.4200000e+02   1.0257105e+01
   5.4300000e+02   1.0256757e+01
   5.4400000e+02   1.0256722e+01
   5.4500000e+02   1.0256741e+01
   5.4600000e+02   1.0256788e+01
   5.4700000e+02   1.0256823e+01
   5.4800000e+02   1.0256869e+01
   5.4900000e+02   1.0256665e+01
   5.5000000e+02   1.0256760e+01
   5.5100000e+02   1.0256923e+01
   5.5200000e+02   1.0256720e+01
   5.5300000e+02   1.0256661e+01
   5.5400000e+02   1.0256708e+01
   5.5500000e+02   1.0256715e+01
   5.5600000e+02   1.0256818e+01
   5.5700000e+02   1.0256973e+01
   5.5800000e+02   1.0257034e+01
   5.5900000e+02   1.0256989e+01
   5.6000000e+02   1.0257018e+01
   5.6100000e+02   1.0256735e+01
   5.6200000e+02   1.0257037e+01
   5.6300000e+02   1.0257045e+01
   5.6400000e+02   1.0257141e+01
   5.6500000e+02   1.0257029e+01
   5.6600000e+02   1.0256928e+01
   5.6700000e+02   1.0256986e+01
   5.6800000e+02   1.0256994e+01
   5.6900000e+02   1.0256990e+01
   5.7000000e+02   1.0256961e+01
   5.7100000e+02   1.0256843e+01
   5.7200000e+02   1.0257195e+01
   5.7300000e+02   1.0256880e+01
   5.7400000e+02   1.0257179e+01
   5.7500000e+02   1.0256691e+01
   5.7600000e+02   1.0257068e+01
   5.7700000e+02   1.0256807e+01
   5.7800000e+02   1.0256583e+01
   5.7900000e+02   1.0256801e+01
   5.8000000e+02   1.0256839e+01
   5.8100000e+02   1.0256996e+01
   5.8200000e+02   1.0256748e+01
   5.8300000e+02   1.0256777e+01
   5.8400000e+02   1.0256884e+01
   5.8500000e+02   1.0256748e+01
   5.8600000e+02   1.0256745e+01
   5.8700000e+02   1.0256796e+01
   5.8800000e+02   1.0256731e+01
   5.8900000e+02   1.0257013e+01
   5.9000000e+02   1.0256945e+01
   5.9100000e+02   1.0256772e+01
   5.9200000e+02   1.0257016e+01
   5.9300000e+02   1.0256777e+01
   5.9400000e+02   1.0256735e+01
   5.9500000e+02   1.0256665e+01
   5.9600000e+02   1.0256450e+01
   5.9700000e+02   1.0256818e+01
   5.9800000e+02   1.0256353e+01
   5.9900000e+02   1.0256668e+01
   6.0000000e+02   1.0256663e+01
   6.0100000e+02   1.0256428e+01
   6.0200000e+02   1.0256500e+01
   6.0300000e+02   1.0256579e+01
   6.0400000e+02   1.0256557e+01
   6.0500000e+02   1.0256571e+01
   6.0600000e+02   1.0256626e+01
   6.0700000e+02   1.0256222e+01
   6.0800000e+02   1.0256350e+01
   6.0900000e+02   1.0256346e+01
   6.1000000e+02   1.0256367e+01
   6.1100000e+02   1.0256444e+01
   6.1200000e+02   1.0256361e+01
   6.1300000e+02   1.0256294e+01
   6.1400000e+02   1.0256470e+01
   6.1500000e+02   1.0256218e+01
   6.1600000e+02   1.0256403e+01
   6.1700000e+02   1.0256177e+01
   6.1800000e+02   1.0256336e+01
   6.1900000e+02   1.0256500e+01
   6.2000000e+02   1.0256151e+01
   6.2100000e+02   1.0256350e+01
   6.2200000e+02   1.0256213e+01
   6.2300000e+02   1.0256599e+01
   6.2400000e+02   1.0256670e+01
   6.2500000e+02   1.0256548e+01
   6.2600000e+02   1.0256455e+01
   6.2700000e+02   1.0256737e+01
   6.2800000e+02   1.0256878e+01
   6.2900000e+02   1.0256878e+01
   6.3000000e+02   1.0256621e+01
   6.3100000e+02   1.0256731e+01
   6.3200000e+02   1.0256814e+01
   6.3300000e+02   1.0256610e+01
   6.3400000e+02   1.0256940e+01
   6.3500000e+02   1.0256633e+01
   6.3600000e+02   1.0256682e+01
   6.3700000e+02   1.0256576e+01
   6.3800000e+02   1.0256486e+01
   6.3900000e+02   1.0256745e+01
   6.4000000e+02   1.0256290e+01
   6.4100000e+02   1.0256497e+01
   6.4200000e+02   1.0256356e+01
   6.4300000e+02   1.0256427e+01
   6.4400000e+02   1.0256258e+01
   6.4500000e+02   1.0256462e+01
   6.4600000e+02   1.0256487e+01
   6.4700000e+02   1.0256402e+01
   6.4800000e+02   1.0256383e+01
   6.4900000e+02   1.0256264e+01
   6.5000000e+02   1.0256340e+01
   6.5100000e+02   1.0256555e+01
   6.5200000e+02   1.0256584e+01
   6.5300000e+02   1.0256662e+01
   6.5400000e+02   1.0256521e+01
   6.5500000e+02   1.0256542e+01
   6.5600000e+02   1.0256537e+01
   6.5700000e+02   1.0256435e+01
   6.5800000e+02   1.0256279e+01
   6.5900000e+02   1.0256623e+01
   6.6000000e+02   1.0256576e+01
   6.6100000e+02   1.0256502e+01
   6.6200000e+02   1.0256592e+01
   6.6300000e+02   1.0256336e+01
   6.6400000e+02   1.0256431e+01
   6.6500000e+02   1.0256271e+01
   6.6600000e+02   1.0255715e+01
   6.6700000e+02   1.0255836e+01
   6.6800000e+02   1.0255132e+01
   6.6900000e+02   1.0254743e+01
   6.7000000e+02   1.0253801e+01
   6.7100000e+02   1.0252433e+01
   6.7200000e+02   1.0250893e+01
   6.7300000e+02   1.0248795e+01
   6.7400000e+02   1.0246354e+01
   6.7500000e+02   1.0242967e+01
   6.7600000e+02   1.0239302e+01
   6.7700000e+02   1.0235119e+01
   6.7800000e+02   1.0230441e+01
   6.7900000e+02   1.0225730e+01
   6.8000000e+02   1.0220729e+01
   6.8100000e+02   1.0216126e+01
   6.8200000e+02   1.0212147e+01
   6.8300000e+02   1.0208140e+01
   6.8400000e+02   1.0205512e+01
   6.8500000e+02   1.0203337e+01
   6.8600000e+02   1.0202867e+01
   6.8700000e+02   1.0202539e+01
   6.8800000e+02   1.0203467e+01
   6.8900000e+02   1.0205106e+01
   6.9000000e+02   1.0207083e+01
   6.9100000e+02   1.0209505e+01
   6.9200000e+02   1.0212863e+01
   6.9300000e+02   1.0215951e+01
   6.9400000e+02   1.0219101e+01
   6.9500000e+02   1.0222144e+01
   6.9600000e+02   1.0225133e+01
   6.9700000e+02   1.0228311e+01
   6.9800000e+02   1.0231152e+01
   6.9900000e+02   1.0233279e+01
   7.0000000e+02   1.0235767e+01
   7.0100000e+02   1.0238002e+01
   7.0200000e+02   1.0239822e+01
   7.0300000e+02   1.0241759e+01
   7.0400000e+02   1.0243409e+01
   7.0500000e+02   1.0244773e+01
   7.0600000e+02   1.0245738e+01
   7.0700000e+02   1.0247277e+01
   7.0800000e+02   1.0248369e+01
   7.0900000e+02   1.0249347e+01
   7.1000000e+02   1.0250148e+01
   7.1100000e+02   1.0250687e+01
   7.1200000e+02   1.0251654e+01
   7.1300000e+02   1.0252265e+01
   7.1400000e+02   1.0252819e+01
   7.1500000e+02   1.0253165e+01
   7.1600000e+02   1.0253614e+01
   7.1700000e+02   1.0254370e+01
   7.1800000e+02   1.0254535e+01
   7.1900000e+02   1.0254594e+01
   7.2000000e+02   1.0254951e+01
   7.2100000e+02   1.0255306e+01
   7.2200000e+02   1.0255353e+01
   7.2300000e+02   1.0255377e+01
   7.2400000e+02   1.0255456e+01
   7.2500000e+02   1.0255820e+01
   7.2600000e+02   1.0255619e+01
   7.2700000e+02   1.0255734e+01
   7.2800000e+02   1.0255524e+01
   7.2900000e+02   1.0255927e+01
   7.3000000e+02   1.0255852e+01
   7.3100000e+02   1.0255808e+01
   7.3200000e+02   1.0255864e+01
   7.3300000e+02   1.0255761e+01
   7.3400000e+02   1.0256101e+01
   7.3500000e+02   1.0256162e+01
   7.3600000e+02   1.0255891e+01
   7.3700000e+02   1.0255964e+01
   7.3800000e+02   1.0255855e+01
   7.3900000e+02   1.0255637e+01
   7.4000000e+02   1.0255787e+01
   7.4100000e+02   1.0255877e+01
   7.4200000e+02   1.0255554e+01
   7.4300000e+02   1.0255825e+01
   7.4400000e+02   1.0255725e+01
   7.4500000e+02   1.0255853e+01
   7.4600000e+02   1.0255504e+01
   7.4700000e+02   1.0255784e+01
   7.4800000e+02   1.0256041e+01
   7.4900000e+02   1.0255642e+01
   7.5000000e+02   1.0255615e+01
   7.5100000e+02   1.0255811e+01
   7.5200000e+02   1.0255794e+01
   7.5300000e+02   1.0255629e+01
   7.5400000e+02   1.0255811e+01
   7.5500000e+02   1.0255817e+01
   7.5600000e+02   1.0255892e+01
   7.5700000e+02   1.0255864e+01
   7.5800000e+02   1.0255717e+01
   7.5900000e+02   1.0255884e+01
   7.6000000e+02   1.0255907e+01
   7.6100000e+02   1.0255920e+01
   7.6200000e+02   1.0255908e+01
   7.6300000e+02   1.0255874e+01
   7.6400000e+02   1.0255750e+01
   7.6500000e+02   1.0256036e+01
   7.6600000e+02   1.0255816e+01
   7.6700000e+02   1.0255617e+01
   7.6800000e+02   1.0255956e+01
   7.6900000e+02   1.0255706e+01
   7.7000000e+02   1.0256069e+01
   7.7100000e+02   1.0255806e+01
   7.7200000e+02   1.0255696e+01
   7.7300000e+02   1.0255887e+01
   7.7400000e+02   1.0255657e+01
   7.7500000e+02   1.0255697e+01
   7.7600000e+02   1.0255739e+01
   7.7700000e+02   1.0255708e+01
   7.7800000e+02   1.0255773e+01
   7.7900000e+02   1.0255677e+01
   7.8000000e+02   1.0255670e+01
