   0.0000000e+00   1.0272052e+01
   1.0000000e+00   1.0267624e+01
   2.0000000e+00   1.0266763e+01
   3.0000000e+00   1.0266182e+01
   4.0000000e+00   1.0265405e+01
   5.0000000e+00   1.0265416e+01
   6.0000000e+00   1.0265179e+01
   7.0000000e+00   1.0264767e+01
   8.0000000e+00   1.0264669e+01
   9.0000000e+00   1.0264279e+01
   1.0000000e+01   1.0263909e+01
   1.1000000e+01   1.0263661e+01
   1.2000000e+01   1.0263668e+01
   1.3000000e+01   1.0263263e+01
   1.4000000e+01   1.0263192e+01
   1.5000000e+01   1.0262850e+01
   1.6000000e+01   1.0262730e+01
   1.7000000e+01   1.0262449e+01
   1.8000000e+01   1.0262262e+01
   1.9000000e+01   1.0262089e+01
   2.0000000e+01   1.0262057e+01
   2.1000000e+01   1.0262161e+01
   2.2000000e+01   1.0261911e+01
   2.3000000e+01   1.0261976e+01
   2.4000000e+01   1.0261883e+01
   2.5000000e+01   1.0261844e+01
   2.6000000e+01   1.0261757e+01
   2.7000000e+01   1.0261586e+01
   2.8000000e+01   1.0261434e+01
   2.9000000e+01   1.0261262e+01
   3.0000000e+01   1.0261255e+01
   3.1000000e+01   1.0260933e+01
   3.2000000e+01   1.0260818e+01
   3.3000000e+01   1.0260850e+01
   3.4000000e+01   1.0260683e+01
   3.5000000e+01   1.0260719e+01
   3.6000000e+01   1.0260564e+01
   3.7000000e+01   1.0260486e+01
   3.8000000e+01   1.0260658e+01
   3.9000000e+01   1.0260453e+01
   4.0000000e+01   1.0260467e+01
   4.1000000e+01   1.0260131e+01
   4.2000000e+01   1.0260263e+01
   4.3000000e+01   1.0260109e+01
   4.4000000e+01   1.0260122e+01
   4.5000000e+01   1.0260181e+01
   4.6000000e+01   1.0260178e+01
   4.7000000e+01   1.0259724e+01
   4.8000000e+01   1.0259902e+01
   4.9000000e+01   1.0259671e+01
   5.0000000e+01   1.0259761e+01
   5.1000000e+01   1.0259275e+01
   5.2000000e+01   1.0259391e+01
   5.3000000e+01   1.0259736e+01
   5.4000000e+01   1.0259464e+01
   5.5000000e+01   1.0259407e+01
   5.6000000e+01   1.0259253e+01
   5.7000000e+01   1.0259171e+01
   5.8000000e+01   1.0259430e+01
   5.9000000e+01   1.0259140e+01
   6.0000000e+01   1.0258780e+01
   6.1000000e+01   1.0258965e+01
   6.2000000e+01   1.0258826e+01
   6.3000000e+01   1.0258805e+01
   6.4000000e+01   1.0258945e+01
   6.5000000e+01   1.0258716e+01
   6.6000000e+01   1.0258487e+01
   6.7000000e+01   1.0258631e+01
   6.8000000e+01   1.0258416e+01
   6.9000000e+01   1.0258655e+01
   7.0000000e+01   1.0258530e+01
   7.1000000e+01   1.0258212e+01
   7.2000000e+01   1.0258304e+01
   7.3000000e+01   1.0258189e+01
   7.4000000e+01   1.0258385e+01
   7.5000000e+01   1.0258157e+01
   7.6000000e+01   1.0258411e+01
   7.7000000e+01   1.0258559e+01
   7.8000000e+01   1.0258525e+01
   7.9000000e+01   1.0258353e+01
   8.0000000e+01   1.0258285e+01
   8.1000000e+01   1.0258392e+01
   8.2000000e+01   1.0258693e+01
   8.3000000e+01   1.0258311e+01
   8.4000000e+01   1.0258309e+01
   8.5000000e+01   1.0258235e+01
   8.6000000e+01   1.0258014e+01
   8.7000000e+01   1.0257831e+01
   8.8000000e+01   1.0257972e+01
   8.9000000e+01   1.0257844e+01
   9.0000000e+01   1.0257925e+01
   9.1000000e+01   1.0257791e+01
   9.2000000e+01   1.0257819e+01
   9.3000000e+01   1.0257654e+01
   9.4000000e+01   1.0257642e+01
   9.5000000e+01   1.0257662e+01
   9.6000000e+01   1.0257585e+01
   9.7000000e+01   1.0257518e+01
   9.8000000e+01   1.0257367e+01
   9.9000000e+01   1.0257319e+01
   1.0000000e+02   1.0257301e+01
   1.0100000e+02   1.0257359e+01
   1.0200000e+02   1.0257202e+01
   1.0300000e+02   1.0257103e+01
   1.0400000e+02   1.0257259e+01
   1.0500000e+02   1.0257314e+01
   1.0600000e+02   1.0257159e+01
   1.0700000e+02   1.0256774e+01
   1.0800000e+02   1.0256733e+01
   1.0900000e+02   1.0256844e+01
   1.1000000e+02   1.0256690e+01
   1.1100000e+02   1.0256730e+01
   1.1200000e+02   1.0256519e+01
   1.1300000e+02   1.0256789e+01
   1.1400000e+02   1.0257002e+01
   1.1500000e+02   1.0256989e+01
   1.1600000e+02   1.0256648e+01
   1.1700000e+02   1.0256647e+01
   1.1800000e+02   1.0256558e+01
   1.1900000e+02   1.0256702e+01
   1.2000000e+02   1.0256462e+01
   1.2100000e+02   1.0256496e+01
   1.2200000e+02   1.0256385e+01
   1.2300000e+02   1.0256580e+01
   1.2400000e+02   1.0256163e+01
   1.2500000e+02   1.0256215e+01
   1.2600000e+02   1.0256448e+01
   1.2700000e+02   1.0256125e+01
   1.2800000e+02   1.0256156e+01
   1.2900000e+02   1.0255881e+01
   1.3000000e+02   1.0255883e+01
   1.3100000e+02   1.0256211e+01
   1.3200000e+02   1.0256036e+01
   1.3300000e+02   1.0255894e+01
   1.3400000e+02   1.0256288e+01
   1.3500000e+02   1.0255906e+01
   1.3600000e+02   1.0256041e+01
   1.3700000e+02   1.0256070e+01
   1.3800000e+02   1.0256043e+01
   1.3900000e+02   1.0255658e+01
   1.4000000e+02   1.0255839e+01
   1.4100000e+02   1.0255776e+01
   1.4200000e+02   1.0255827e+01
   1.4300000e+02   1.0255622e+01
   1.4400000e+02   1.0255788e+01
   1.4500000e+02   1.0255532e+01
   1.4600000e+02   1.0255859e+01
   1.4700000e+02   1.0255275e+01
   1.4800000e+02   1.0255550e+01
   1.4900000e+02   1.0255467e+01
   1.5000000e+02   1.0255199e+01
   1.5100000e+02   1.0255385e+01
   1.5200000e+02   1.0255411e+01
   1.5300000e+02   1.0255173e+01
   1.5400000e+02   1.0255339e+01
   1.5500000e+02   1.0255114e+01
   1.5600000e+02   1.0254975e+01
   1.5700000e+02   1.0255000e+01
   1.5800000e+02   1.0254957e+01
   1.5900000e+02   1.0254695e+01
   1.6000000e+02   1.0254858e+01
   1.6100000e+02   1.0254681e+01
   1.6200000e+02   1.0254844e+01
   1.6300000e+02   1.0254572e+01
   1.6400000e+02   1.0254567e+01
   1.6500000e+02   1.0254899e+01
   1.6600000e+02   1.0253652e+01
   1.6700000e+02   1.0246126e+01
   1.6800000e+02   1.0227750e+01
   1.6900000e+02   1.0220743e+01
   1.7000000e+02   1.0229256e+01
   1.7100000e+02   1.0238891e+01
   1.7200000e+02   1.0244788e+01
   1.7300000e+02   1.0247067e+01
   1.7400000e+02   1.0248680e+01
   1.7500000e+02   1.0249614e+01
   1.7600000e+02   1.0250771e+01
   1.7700000e+02   1.0251276e+01
   1.7800000e+02   1.0247428e+01
   1.7900000e+02   1.0207070e+01
   1.8000000e+02   1.0176810e+01
   1.8100000e+02   1.0182702e+01
   1.8200000e+02   1.0189197e+01
   1.8300000e+02   1.0193854e+01
   1.8400000e+02   1.0200561e+01
   1.8500000e+02   1.0206047e+01
   1.8600000e+02   1.0210249e+01
   1.8700000e+02   1.0213160e+01
   1.8800000e+02   1.0215645e+01
   1.8900000e+02   1.0219723e+01
   1.9000000e+02   1.0226845e+01
   1.9100000e+02   1.0232325e+01
   1.9200000e+02   1.0236272e+01
   1.9300000e+02   1.0240823e+01
   1.9400000e+02   1.0244897e+01
   1.9500000e+02   1.0247685e+01
   1.9600000e+02   1.0248923e+01
   1.9700000e+02   1.0249649e+01
   1.9800000e+02   1.0250018e+01
   1.9900000e+02   1.0250425e+01
   2.0000000e+02   1.0250658e+01
   2.0100000e+02   1.0251211e+01
   2.0200000e+02   1.0251644e+01
   2.0300000e+02   1.0251935e+01
   2.0400000e+02   1.0252549e+01
   2.0500000e+02   1.0252786e+01
   2.0600000e+02   1.0253179e+01
   2.0700000e+02   1.0253211e+01
   2.0800000e+02   1.0253246e+01
   2.0900000e+02   1.0253200e+01
   2.1000000e+02   1.0253488e+01
   2.1100000e+02   1.0253608e+01
   2.1200000e+02   1.0253327e+01
   2.1300000e+02   1.0253324e+01
   2.1400000e+02   1.0253787e+01
   2.1500000e+02   1.0253299e+01
   2.1600000e+02   1.0253507e+01
   2.1700000e+02   1.0253388e+01
   2.1800000e+02   1.0253417e+01
   2.1900000e+02   1.0253571e+01
   2.2000000e+02   1.0253339e+01
   2.2100000e+02   1.0253289e+01
   2.2200000e+02   1.0253226e+01
   2.2300000e+02   1.0252982e+01
   2.2400000e+02   1.0253082e+01
   2.2500000e+02   1.0253067e+01
   2.2600000e+02   1.0252912e+01
   2.2700000e+02   1.0253097e+01
   2.2800000e+02   1.0253060e+01
   2.2900000e+02   1.0252846e+01
   2.3000000e+02   1.0253105e+01
   2.3100000e+02   1.0253190e+01
   2.3200000e+02   1.0252977e+01
   2.3300000e+02   1.0252987e+01
   2.3400000e+02   1.0253296e+01
   2.3500000e+02   1.0252997e+01
   2.3600000e+02   1.0253192e+01
   2.3700000e+02   1.0253021e+01
   2.3800000e+02   1.0253219e+01
   2.3900000e+02   1.0253172e+01
   2.4000000e+02   1.0253099e+01
   2.4100000e+02   1.0253027e+01
   2.4200000e+02   1.0253222e+01
   2.4300000e+02   1.0252775e+01
   2.4400000e+02   1.0252721e+01
   2.4500000e+02   1.0252446e+01
   2.4600000e+02   1.0251317e+01
   2.4700000e+02   1.0250415e+01
   2.4800000e+02   1.0249564e+01
   2.4900000e+02   1.0249229e+01
   2.5000000e+02   1.0248857e+01
   2.5100000e+02   1.0248905e+01
   2.5200000e+02   1.0248888e+01
   2.5300000e+02   1.0249257e+01
   2.5400000e+02   1.0249135e+01
   2.5500000e+02   1.0249076e+01
   2.5600000e+02   1.0249135e+01
   2.5700000e+02   1.0249119e+01
   2.5800000e+02   1.0248824e+01
   2.5900000e+02   1.0248500e+01
   2.6000000e+02   1.0248232e+01
   2.6100000e+02   1.0248079e+01
   2.6200000e+02   1.0247715e+01
   2.6300000e+02   1.0247610e+01
   2.6400000e+02   1.0247922e+01
   2.6500000e+02   1.0247620e+01
   2.6600000e+02   1.0248074e+01
   2.6700000e+02   1.0248260e+01
   2.6800000e+02   1.0248834e+01
   2.6900000e+02   1.0249141e+01
   2.7000000e+02   1.0249561e+01
   2.7100000e+02   1.0249984e+01
   2.7200000e+02   1.0250044e+01
   2.7300000e+02   1.0250157e+01
   2.7400000e+02   1.0250587e+01
   2.7500000e+02   1.0250499e+01
   2.7600000e+02   1.0250709e+01
   2.7700000e+02   1.0250769e+01
   2.7800000e+02   1.0251023e+01
   2.7900000e+02   1.0251007e+01
   2.8000000e+02   1.0251004e+01
   2.8100000e+02   1.0251169e+01
   2.8200000e+02   1.0251169e+01
   2.8300000e+02   1.0250915e+01
   2.8400000e+02   1.0251088e+01
   2.8500000e+02   1.0251226e+01
   2.8600000e+02   1.0251325e+01
   2.8700000e+02   1.0251204e+01
   2.8800000e+02   1.0251015e+01
   2.8900000e+02   1.0251340e+01
   2.9000000e+02   1.0250859e+01
   2.9100000e+02   1.0251260e+01
   2.9200000e+02   1.0251258e+01
   2.9300000e+02   1.0251453e+01
   2.9400000e+02   1.0250992e+01
   2.9500000e+02   1.0251062e+01
   2.9600000e+02   1.0251420e+01
   2.9700000e+02   1.0251224e+01
   2.9800000e+02   1.0251421e+01
   2.9900000e+02   1.0251173e+01
   3.0000000e+02   1.0251113e+01
   3.0100000e+02   1.0250293e+01
   3.0200000e+02   1.0249797e+01
   3.0300000e+02   1.0248838e+01
   3.0400000e+02   1.0247458e+01
   3.0500000e+02   1.0246083e+01
   3.0600000e+02   1.0243629e+01
   3.0700000e+02   1.0240947e+01
   3.0800000e+02   1.0237536e+01
   3.0900000e+02   1.0233533e+01
   3.1000000e+02   1.0230272e+01
   3.1100000e+02   1.0227275e+01
   3.1200000e+02   1.0225927e+01
   3.1300000e+02   1.0224945e+01
   3.1400000e+02   1.0224228e+01
   3.1500000e+02   1.0222759e+01
   3.1600000e+02   1.0219995e+01
   3.1700000e+02   1.0216552e+01
   3.1800000e+02   1.0211417e+01
   3.1900000e+02   1.0206052e+01
   3.2000000e+02   1.0201549e+01
   3.2100000e+02   1.0198486e+01
   3.2200000e+02   1.0196710e+01
   3.2300000e+02   1.0196312e+01
   3.2400000e+02   1.0197550e+01
   3.2500000e+02   1.0199429e+01
   3.2600000e+02   1.0202686e+01
   3.2700000e+02   1.0206606e+01
   3.2800000e+02   1.0211084e+01
   3.2900000e+02   1.0215683e+01
   3.3000000e+02   1.0219957e+01
   3.3100000e+02   1.0223195e+01
   3.3200000e+02   1.0226194e+01
   3.3300000e+02   1.0228622e+01
   3.3400000e+02   1.0229972e+01
   3.3500000e+02   1.0230333e+01
   3.3600000e+02   1.0230246e+01
   3.3700000e+02   1.0230106e+01
   3.3800000e+02   1.0230223e+01
   3.3900000e+02   1.0230342e+01
   3.4000000e+02   1.0231258e+01
   3.4100000e+02   1.0232657e+01
   3.4200000e+02   1.0234107e+01
   3.4300000e+02   1.0236233e+01
   3.4400000e+02   1.0237563e+01
   3.4500000e+02   1.0239396e+01
   3.4600000e+02   1.0240658e+01
   3.4700000e+02   1.0242415e+01
   3.4800000e+02   1.0243535e+01
   3.4900000e+02   1.0244428e+01
   3.5000000e+02   1.0245396e+01
   3.5100000e+02   1.0246251e+01
   3.5200000e+02   1.0246598e+01
   3.5300000e+02   1.0247247e+01
   3.5400000e+02   1.0247616e+01
   3.5500000e+02   1.0247891e+01
   3.5600000e+02   1.0247668e+01
   3.5700000e+02   1.0247750e+01
   3.5800000e+02   1.0247369e+01
   3.5900000e+02   1.0247219e+01
   3.6000000e+02   1.0247166e+01
   3.6100000e+02   1.0247008e+01
   3.6200000e+02   1.0246833e+01
   3.6300000e+02   1.0247130e+01
   3.6400000e+02   1.0247397e+01
   3.6500000e+02   1.0247514e+01
   3.6600000e+02   1.0247875e+01
   3.6700000e+02   1.0248347e+01
   3.6800000e+02   1.0248661e+01
   3.6900000e+02   1.0249025e+01
   3.7000000e+02   1.0249045e+01
   3.7100000e+02   1.0249167e+01
   3.7200000e+02   1.0249534e+01
   3.7300000e+02   1.0249394e+01
   3.7400000e+02   1.0249710e+01
   3.7500000e+02   1.0249771e+01
   3.7600000e+02   1.0249999e+01
   3.7700000e+02   1.0250029e+01
   3.7800000e+02   1.0249760e+01
   3.7900000e+02   1.0249737e+01
   3.8000000e+02   1.0249896e+01
   3.8100000e+02   1.0249642e+01
   3.8200000e+02   1.0249566e+01
   3.8300000e+02   1.0249361e+01
   3.8400000e+02   1.0248971e+01
   3.8500000e+02   1.0248942e+01
   3.8600000e+02   1.0248461e+01
   3.8700000e+02   1.0248251e+01
   3.8800000e+02   1.0247855e+01
   3.8900000e+02   1.0247620e+01
   3.9000000e+02   1.0247453e+01
   3.9100000e+02   1.0247535e+01
   3.9200000e+02   1.0247584e+01
   3.9300000e+02   1.0247723e+01
   3.9400000e+02   1.0247766e+01
   3.9500000e+02   1.0248073e+01
   3.9600000e+02   1.0248307e+01
   3.9700000e+02   1.0248631e+01
   3.9800000e+02   1.0248807e+01
   3.9900000e+02   1.0249365e+01
   4.0000000e+02   1.0249289e+01
   4.0100000e+02   1.0249537e+01
   4.0200000e+02   1.0249636e+01
   4.0300000e+02   1.0249773e+01
   4.0400000e+02   1.0249728e+01
   4.0500000e+02   1.0249718e+01
   4.0600000e+02   1.0249773e+01
   4.0700000e+02   1.0249816e+01
   4.0800000e+02   1.0249775e+01
   4.0900000e+02   1.0249867e+01
   4.1000000e+02   1.0249880e+01
   4.1100000e+02   1.0250289e+01
   4.1200000e+02   1.0249878e+01
   4.1300000e+02   1.0250222e+01
   4.1400000e+02   1.0250302e+01
   4.1500000e+02   1.0250305e+01
   4.1600000e+02   1.0250299e+01
   4.1700000e+02   1.0250135e+01
   4.1800000e+02   1.0250119e+01
   4.1900000e+02   1.0250069e+01
   4.2000000e+02   1.0250079e+01
   4.2100000e+02   1.0250171e+01
   4.2200000e+02   1.0249853e+01
   4.2300000e+02   1.0250044e+01
   4.2400000e+02   1.0249894e+01
   4.2500000e+02   1.0250000e+01
   4.2600000e+02   1.0249986e+01
   4.2700000e+02   1.0249954e+01
   4.2800000e+02   1.0250030e+01
   4.2900000e+02   1.0250081e+01
   4.3000000e+02   1.0250002e+01
   4.3100000e+02   1.0250020e+01
   4.3200000e+02   1.0249859e+01
   4.3300000e+02   1.0249626e+01
   4.3400000e+02   1.0249313e+01
   4.3500000e+02   1.0248797e+01
   4.3600000e+02   1.0247383e+01
   4.3700000e+02   1.0245768e+01
   4.3800000e+02   1.0242078e+01
   4.3900000e+02   1.0237270e+01
   4.4000000e+02   1.0229719e+01
   4.4100000e+02   1.0219301e+01
   4.4200000e+02   1.0205561e+01
   4.4300000e+02   1.0189388e+01
   4.4400000e+02   1.0171252e+01
   4.4500000e+02   1.0153287e+01
   4.4600000e+02   1.0136250e+01
   4.4700000e+02   1.0122794e+01
   4.4800000e+02   1.0114718e+01
   4.4900000e+02   1.0110841e+01
   4.5000000e+02   1.0112158e+01
   4.5100000e+02   1.0117069e+01
   4.5200000e+02   1.0125716e+01
   4.5300000e+02   1.0136188e+01
   4.5400000e+02   1.0147362e+01
   4.5500000e+02   1.0158677e+01
   4.5600000e+02   1.0169973e+01
   4.5700000e+02   1.0180446e+01
   4.5800000e+02   1.0189416e+01
   4.5900000e+02   1.0197574e+01
   4.6000000e+02   1.0204653e+01
   4.6100000e+02   1.0210565e+01
   4.6200000e+02   1.0215932e+01
   4.6300000e+02   1.0220093e+01
   4.6400000e+02   1.0223816e+01
   4.6500000e+02   1.0227029e+01
   4.6600000e+02   1.0229904e+01
   4.6700000e+02   1.0232021e+01
   4.6800000e+02   1.0234148e+01
   4.6900000e+02   1.0236209e+01
   4.7000000e+02   1.0238127e+01
   4.7100000e+02   1.0239568e+01
   4.7200000e+02   1.0241284e+01
   4.7300000e+02   1.0242440e+01
   4.7400000e+02   1.0243674e+01
   4.7500000e+02   1.0244677e+01
   4.7600000e+02   1.0245698e+01
   4.7700000e+02   1.0246559e+01
   4.7800000e+02   1.0247114e+01
   4.7900000e+02   1.0247280e+01
   4.8000000e+02   1.0247940e+01
   4.8100000e+02   1.0248305e+01
   4.8200000e+02   1.0248467e+01
   4.8300000e+02   1.0248676e+01
   4.8400000e+02   1.0248681e+01
   4.8500000e+02   1.0248815e+01
   4.8600000e+02   1.0248917e+01
   4.8700000e+02   1.0248843e+01
   4.8800000e+02   1.0248684e+01
   4.8900000e+02   1.0248983e+01
   4.9000000e+02   1.0248943e+01
   4.9100000e+02   1.0248932e+01
   4.9200000e+02   1.0248748e+01
   4.9300000e+02   1.0248998e+01
   4.9400000e+02   1.0249043e+01
   4.9500000e+02   1.0248855e+01
   4.9600000e+02   1.0249332e+01
   4.9700000e+02   1.0249303e+01
   4.9800000e+02   1.0249186e+01
   4.9900000e+02   1.0249290e+01
   5.0000000e+02   1.0249037e+01
   5.0100000e+02   1.0249023e+01
   5.0200000e+02   1.0249027e+01
   5.0300000e+02   1.0249024e+01
   5.0400000e+02   1.0248853e+01
   5.0500000e+02   1.0248931e+01
   5.0600000e+02   1.0248893e+01
   5.0700000e+02   1.0248846e+01
   5.0800000e+02   1.0249055e+01
   5.0900000e+02   1.0248793e+01
   5.1000000e+02   1.0248729e+01
   5.1100000e+02   1.0248583e+01
   5.1200000e+02   1.0249005e+01
   5.1300000e+02   1.0248717e+01
   5.1400000e+02   1.0249003e+01
   5.1500000e+02   1.0248867e+01
   5.1600000e+02   1.0249004e+01
   5.1700000e+02   1.0248781e+01
   5.1800000e+02   1.0248646e+01
   5.1900000e+02   1.0248769e+01
   5.2000000e+02   1.0248944e+01
   5.2100000e+02   1.0248899e+01
   5.2200000e+02   1.0248927e+01
   5.2300000e+02   1.0248765e+01
   5.2400000e+02   1.0248639e+01
   5.2500000e+02   1.0248792e+01
   5.2600000e+02   1.0248720e+01
   5.2700000e+02   1.0248649e+01
   5.2800000e+02   1.0248953e+01
   5.2900000e+02   1.0248673e+01
   5.3000000e+02   1.0248583e+01
   5.3100000e+02   1.0248761e+01
   5.3200000e+02   1.0248934e+01
   5.3300000e+02   1.0248730e+01
   5.3400000e+02   1.0248887e+01
   5.3500000e+02   1.0248775e+01
   5.3600000e+02   1.0248728e+01
   5.3700000e+02   1.0248796e+01
   5.3800000e+02   1.0248713e+01
   5.3900000e+02   1.0248650e+01
   5.4000000e+02   1.0248959e+01
   5.4100000e+02   1.0248796e+01
   5.4200000e+02   1.0248739e+01
   5.4300000e+02   1.0248931e+01
   5.4400000e+02   1.0248610e+01
   5.4500000e+02   1.0248804e+01
   5.4600000e+02   1.0248774e+01
   5.4700000e+02   1.0248585e+01
   5.4800000e+02   1.0248627e+01
   5.4900000e+02   1.0248727e+01
   5.5000000e+02   1.0248686e+01
   5.5100000e+02   1.0248685e+01
   5.5200000e+02   1.0248341e+01
   5.5300000e+02   1.0248348e+01
   5.5400000e+02   1.0248469e+01
   5.5500000e+02   1.0248677e+01
   5.5600000e+02   1.0248558e+01
   5.5700000e+02   1.0248386e+01
   5.5800000e+02   1.0248521e+01
   5.5900000e+02   1.0248309e+01
   5.6000000e+02   1.0248463e+01
   5.6100000e+02   1.0248595e+01
   5.6200000e+02   1.0248285e+01
   5.6300000e+02   1.0248607e+01
   5.6400000e+02   1.0248483e+01
   5.6500000e+02   1.0248334e+01
   5.6600000e+02   1.0248386e+01
   5.6700000e+02   1.0248225e+01
   5.6800000e+02   1.0248048e+01
   5.6900000e+02   1.0248287e+01
   5.7000000e+02   1.0248182e+01
   5.7100000e+02   1.0248163e+01
   5.7200000e+02   1.0248277e+01
   5.7300000e+02   1.0248281e+01
   5.7400000e+02   1.0248314e+01
   5.7500000e+02   1.0248222e+01
   5.7600000e+02   1.0248319e+01
   5.7700000e+02   1.0248095e+01
   5.7800000e+02   1.0248047e+01
   5.7900000e+02   1.0247940e+01
   5.8000000e+02   1.0247977e+01
   5.8100000e+02   1.0247880e+01
   5.8200000e+02   1.0247865e+01
   5.8300000e+02   1.0247918e+01
   5.8400000e+02   1.0248060e+01
   5.8500000e+02   1.0247981e+01
   5.8600000e+02   1.0247997e+01
   5.8700000e+02   1.0248027e+01
   5.8800000e+02   1.0247995e+01
   5.8900000e+02   1.0247945e+01
   5.9000000e+02   1.0247990e+01
   5.9100000e+02   1.0247697e+01
   5.9200000e+02   1.0247969e+01
   5.9300000e+02   1.0247781e+01
   5.9400000e+02   1.0247687e+01
   5.9500000e+02   1.0247782e+01
   5.9600000e+02   1.0247805e+01
   5.9700000e+02   1.0247602e+01
   5.9800000e+02   1.0247929e+01
   5.9900000e+02   1.0247749e+01
   6.0000000e+02   1.0247985e+01
   6.0100000e+02   1.0247986e+01
   6.0200000e+02   1.0247851e+01
   6.0300000e+02   1.0247543e+01
   6.0400000e+02   1.0247417e+01
   6.0500000e+02   1.0247561e+01
   6.0600000e+02   1.0247366e+01
   6.0700000e+02   1.0247747e+01
   6.0800000e+02   1.0247604e+01
   6.0900000e+02   1.0247345e+01
   6.1000000e+02   1.0247433e+01
   6.1100000e+02   1.0247552e+01
   6.1200000e+02   1.0247486e+01
   6.1300000e+02   1.0247548e+01
   6.1400000e+02   1.0247275e+01
   6.1500000e+02   1.0247330e+01
   6.1600000e+02   1.0247503e+01
   6.1700000e+02   1.0247280e+01
   6.1800000e+02   1.0247606e+01
   6.1900000e+02   1.0247556e+01
   6.2000000e+02   1.0247634e+01
   6.2100000e+02   1.0247433e+01
   6.2200000e+02   1.0247547e+01
   6.2300000e+02   1.0247843e+01
   6.2400000e+02   1.0247464e+01
   6.2500000e+02   1.0247499e+01
   6.2600000e+02   1.0247605e+01
   6.2700000e+02   1.0247679e+01
   6.2800000e+02   1.0247311e+01
   6.2900000e+02   1.0247162e+01
   6.3000000e+02   1.0247361e+01
   6.3100000e+02   1.0247440e+01
   6.3200000e+02   1.0247340e+01
   6.3300000e+02   1.0247276e+01
   6.3400000e+02   1.0247317e+01
   6.3500000e+02   1.0247104e+01
   6.3600000e+02   1.0247263e+01
   6.3700000e+02   1.0247144e+01
   6.3800000e+02   1.0247113e+01
   6.3900000e+02   1.0247269e+01
   6.4000000e+02   1.0246973e+01
   6.4100000e+02   1.0247139e+01
   6.4200000e+02   1.0247282e+01
   6.4300000e+02   1.0246881e+01
   6.4400000e+02   1.0247249e+01
   6.4500000e+02   1.0247166e+01
   6.4600000e+02   1.0247398e+01
   6.4700000e+02   1.0247056e+01
   6.4800000e+02   1.0247224e+01
   6.4900000e+02   1.0247236e+01
   6.5000000e+02   1.0247040e+01
   6.5100000e+02   1.0246915e+01
   6.5200000e+02   1.0247022e+01
   6.5300000e+02   1.0247339e+01
   6.5400000e+02   1.0246906e+01
   6.5500000e+02   1.0246896e+01
   6.5600000e+02   1.0247032e+01
   6.5700000e+02   1.0246982e+01
   6.5800000e+02   1.0246822e+01
   6.5900000e+02   1.0246800e+01
   6.6000000e+02   1.0246746e+01
   6.6100000e+02   1.0246827e+01
   6.6200000e+02   1.0246725e+01
   6.6300000e+02   1.0246970e+01
   6.6400000e+02   1.0246699e+01
   6.6500000e+02   1.0246719e+01
   6.6600000e+02   1.0246564e+01
   6.6700000e+02   1.0246434e+01
   6.6800000e+02   1.0246127e+01
   6.6900000e+02   1.0246132e+01
   6.7000000e+02   1.0245553e+01
   6.7100000e+02   1.0245182e+01
   6.7200000e+02   1.0244681e+01
   6.7300000e+02   1.0243633e+01
   6.7400000e+02   1.0243073e+01
   6.7500000e+02   1.0241672e+01
   6.7600000e+02   1.0240314e+01
   6.7700000e+02   1.0238817e+01
   6.7800000e+02   1.0237675e+01
   6.7900000e+02   1.0235724e+01
   6.8000000e+02   1.0234620e+01
   6.8100000e+02   1.0232710e+01
   6.8200000e+02   1.0231928e+01
   6.8300000e+02   1.0230849e+01
   6.8400000e+02   1.0230362e+01
   6.8500000e+02   1.0229797e+01
   6.8600000e+02   1.0229884e+01
   6.8700000e+02   1.0229998e+01
   6.8800000e+02   1.0230209e+01
   6.8900000e+02   1.0231297e+01
   6.9000000e+02   1.0232032e+01
   6.9100000e+02   1.0232950e+01
   6.9200000e+02   1.0234286e+01
   6.9300000e+02   1.0235408e+01
   6.9400000e+02   1.0236096e+01
   6.9500000e+02   1.0237291e+01
   6.9600000e+02   1.0238321e+01
   6.9700000e+02   1.0239384e+01
   6.9800000e+02   1.0239911e+01
   6.9900000e+02   1.0240913e+01
   7.0000000e+02   1.0241599e+01
   7.0100000e+02   1.0242227e+01
   7.0200000e+02   1.0242805e+01
   7.0300000e+02   1.0243139e+01
   7.0400000e+02   1.0243447e+01
   7.0500000e+02   1.0244121e+01
   7.0600000e+02   1.0244521e+01
   7.0700000e+02   1.0244671e+01
   7.0800000e+02   1.0244800e+01
   7.0900000e+02   1.0245159e+01
   7.1000000e+02   1.0245376e+01
   7.1100000e+02   1.0245393e+01
   7.1200000e+02   1.0245490e+01
   7.1300000e+02   1.0245740e+01
   7.1400000e+02   1.0245662e+01
   7.1500000e+02   1.0245659e+01
   7.1600000e+02   1.0245810e+01
   7.1700000e+02   1.0245824e+01
   7.1800000e+02   1.0245989e+01
   7.1900000e+02   1.0246077e+01
   7.2000000e+02   1.0246218e+01
   7.2100000e+02   1.0246268e+01
   7.2200000e+02   1.0246374e+01
   7.2300000e+02   1.0246248e+01
   7.2400000e+02   1.0246453e+01
   7.2500000e+02   1.0246364e+01
   7.2600000e+02   1.0246355e+01
   7.2700000e+02   1.0246487e+01
   7.2800000e+02   1.0246402e+01
   7.2900000e+02   1.0246114e+01
   7.3000000e+02   1.0246388e+01
   7.3100000e+02   1.0246520e+01
   7.3200000e+02   1.0246450e+01
   7.3300000e+02   1.0246416e+01
   7.3400000e+02   1.0246170e+01
   7.3500000e+02   1.0246296e+01
   7.3600000e+02   1.0246458e+01
   7.3700000e+02   1.0246248e+01
   7.3800000e+02   1.0246493e+01
   7.3900000e+02   1.0246159e+01
   7.4000000e+02   1.0246118e+01
   7.4100000e+02   1.0246090e+01
   7.4200000e+02   1.0246013e+01
   7.4300000e+02   1.0245820e+01
   7.4400000e+02   1.0246102e+01
   7.4500000e+02   1.0246236e+01
   7.4600000e+02   1.0246041e+01
   7.4700000e+02   1.0245990e+01
   7.4800000e+02   1.0245765e+01
   7.4900000e+02   1.0245872e+01
   7.5000000e+02   1.0245879e+01
   7.5100000e+02   1.0245974e+01
   7.5200000e+02   1.0245802e+01
   7.5300000e+02   1.0246043e+01
   7.5400000e+02   1.0245814e+01
   7.5500000e+02   1.0245944e+01
   7.5600000e+02   1.0245870e+01
   7.5700000e+02   1.0246001e+01
   7.5800000e+02   1.0245875e+01
   7.5900000e+02   1.0246025e+01
   7.6000000e+02   1.0245891e+01
   7.6100000e+02   1.0246009e+01
   7.6200000e+02   1.0245936e+01
   7.6300000e+02   1.0245990e+01
   7.6400000e+02   1.0245855e+01
   7.6500000e+02   1.0245958e+01
   7.6600000e+02   1.0245958e+01
   7.6700000e+02   1.0245916e+01
   7.6800000e+02   1.0245825e+01
   7.6900000e+02   1.0245969e+01
   7.7000000e+02   1.0245786e+01
   7.7100000e+02   1.0245863e+01
   7.7200000e+02   1.0245852e+01
   7.7300000e+02   1.0245693e+01
   7.7400000e+02   1.0245872e+01
   7.7500000e+02   1.0245703e+01
   7.7600000e+02   1.0245598e+01
   7.7700000e+02   1.0245646e+01
   7.7800000e+02   1.0245560e+01
   7.7900000e+02   1.0245376e+01
   7.8000000e+02   1.0245465e+01
