   0.0000000e+00   1.0257786e+01
   1.0000000e+00   1.0253337e+01
   2.0000000e+00   1.0252414e+01
   3.0000000e+00   1.0251990e+01
   4.0000000e+00   1.0251185e+01
   5.0000000e+00   1.0250575e+01
   6.0000000e+00   1.0249955e+01
   7.0000000e+00   1.0249829e+01
   8.0000000e+00   1.0249528e+01
   9.0000000e+00   1.0249311e+01
   1.0000000e+01   1.0249183e+01
   1.1000000e+01   1.0248884e+01
   1.2000000e+01   1.0248964e+01
   1.3000000e+01   1.0248674e+01
   1.4000000e+01   1.0248669e+01
   1.5000000e+01   1.0248319e+01
   1.6000000e+01   1.0248147e+01
   1.7000000e+01   1.0248137e+01
   1.8000000e+01   1.0248105e+01
   1.9000000e+01   1.0247995e+01
   2.0000000e+01   1.0247896e+01
   2.1000000e+01   1.0247764e+01
   2.2000000e+01   1.0247409e+01
   2.3000000e+01   1.0247496e+01
   2.4000000e+01   1.0247499e+01
   2.5000000e+01   1.0247363e+01
   2.6000000e+01   1.0247208e+01
   2.7000000e+01   1.0247566e+01
   2.8000000e+01   1.0247169e+01
   2.9000000e+01   1.0247186e+01
   3.0000000e+01   1.0247209e+01
   3.1000000e+01   1.0247103e+01
   3.2000000e+01   1.0247164e+01
   3.3000000e+01   1.0246865e+01
   3.4000000e+01   1.0247132e+01
   3.5000000e+01   1.0246901e+01
   3.6000000e+01   1.0246567e+01
   3.7000000e+01   1.0246286e+01
   3.8000000e+01   1.0246013e+01
   3.9000000e+01   1.0246151e+01
   4.0000000e+01   1.0246108e+01
   4.1000000e+01   1.0246083e+01
   4.2000000e+01   1.0246147e+01
   4.3000000e+01   1.0246041e+01
   4.4000000e+01   1.0245792e+01
   4.5000000e+01   1.0245930e+01
   4.6000000e+01   1.0245891e+01
   4.7000000e+01   1.0245939e+01
   4.8000000e+01   1.0246008e+01
   4.9000000e+01   1.0245727e+01
   5.0000000e+01   1.0245651e+01
   5.1000000e+01   1.0245639e+01
   5.2000000e+01   1.0245580e+01
   5.3000000e+01   1.0245514e+01
   5.4000000e+01   1.0245530e+01
   5.5000000e+01   1.0245406e+01
   5.6000000e+01   1.0245325e+01
   5.7000000e+01   1.0245370e+01
   5.8000000e+01   1.0245338e+01
   5.9000000e+01   1.0245226e+01
   6.0000000e+01   1.0245092e+01
   6.1000000e+01   1.0244963e+01
   6.2000000e+01   1.0244891e+01
   6.3000000e+01   1.0244829e+01
   6.4000000e+01   1.0244939e+01
   6.5000000e+01   1.0244959e+01
   6.6000000e+01   1.0244759e+01
   6.7000000e+01   1.0244672e+01
   6.8000000e+01   1.0244760e+01
   6.9000000e+01   1.0244802e+01
   7.0000000e+01   1.0244592e+01
   7.1000000e+01   1.0244896e+01
   7.2000000e+01   1.0244591e+01
   7.3000000e+01   1.0244757e+01
   7.4000000e+01   1.0244760e+01
   7.5000000e+01   1.0244667e+01
   7.6000000e+01   1.0244497e+01
   7.7000000e+01   1.0244647e+01
   7.8000000e+01   1.0244492e+01
   7.9000000e+01   1.0244541e+01
   8.0000000e+01   1.0244637e+01
   8.1000000e+01   1.0244678e+01
   8.2000000e+01   1.0244689e+01
   8.3000000e+01   1.0244492e+01
   8.4000000e+01   1.0244204e+01
   8.5000000e+01   1.0244518e+01
   8.6000000e+01   1.0244343e+01
   8.7000000e+01   1.0244412e+01
   8.8000000e+01   1.0244443e+01
   8.9000000e+01   1.0244389e+01
   9.0000000e+01   1.0244574e+01
   9.1000000e+01   1.0244508e+01
   9.2000000e+01   1.0244317e+01
   9.3000000e+01   1.0244239e+01
   9.4000000e+01   1.0244256e+01
   9.5000000e+01   1.0244290e+01
   9.6000000e+01   1.0244240e+01
   9.7000000e+01   1.0244461e+01
   9.8000000e+01   1.0244413e+01
   9.9000000e+01   1.0244380e+01
   1.0000000e+02   1.0244411e+01
   1.0100000e+02   1.0244429e+01
   1.0200000e+02   1.0244459e+01
   1.0300000e+02   1.0244509e+01
   1.0400000e+02   1.0244707e+01
   1.0500000e+02   1.0244302e+01
   1.0600000e+02   1.0244286e+01
   1.0700000e+02   1.0244305e+01
   1.0800000e+02   1.0244332e+01
   1.0900000e+02   1.0244108e+01
   1.1000000e+02   1.0244364e+01
   1.1100000e+02   1.0244007e+01
   1.1200000e+02   1.0243913e+01
   1.1300000e+02   1.0244158e+01
   1.1400000e+02   1.0244209e+01
   1.1500000e+02   1.0244495e+01
   1.1600000e+02   1.0244092e+01
   1.1700000e+02   1.0244341e+01
   1.1800000e+02   1.0244274e+01
   1.1900000e+02   1.0244318e+01
   1.2000000e+02   1.0244031e+01
   1.2100000e+02   1.0244196e+01
   1.2200000e+02   1.0244233e+01
   1.2300000e+02   1.0244166e+01
   1.2400000e+02   1.0244034e+01
   1.2500000e+02   1.0244014e+01
   1.2600000e+02   1.0244367e+01
   1.2700000e+02   1.0244160e+01
   1.2800000e+02   1.0244056e+01
   1.2900000e+02   1.0244321e+01
   1.3000000e+02   1.0244032e+01
   1.3100000e+02   1.0243987e+01
   1.3200000e+02   1.0244119e+01
   1.3300000e+02   1.0244177e+01
   1.3400000e+02   1.0244199e+01
   1.3500000e+02   1.0244251e+01
   1.3600000e+02   1.0244521e+01
   1.3700000e+02   1.0244150e+01
   1.3800000e+02   1.0244109e+01
   1.3900000e+02   1.0244152e+01
   1.4000000e+02   1.0244065e+01
   1.4100000e+02   1.0244103e+01
   1.4200000e+02   1.0244094e+01
   1.4300000e+02   1.0244027e+01
   1.4400000e+02   1.0244014e+01
   1.4500000e+02   1.0244142e+01
   1.4600000e+02   1.0243825e+01
   1.4700000e+02   1.0243804e+01
   1.4800000e+02   1.0243844e+01
   1.4900000e+02   1.0243762e+01
   1.5000000e+02   1.0243695e+01
   1.5100000e+02   1.0243705e+01
   1.5200000e+02   1.0243821e+01
   1.5300000e+02   1.0243674e+01
   1.5400000e+02   1.0243791e+01
   1.5500000e+02   1.0243770e+01
   1.5600000e+02   1.0243889e+01
   1.5700000e+02   1.0243770e+01
   1.5800000e+02   1.0243884e+01
   1.5900000e+02   1.0243775e+01
   1.6000000e+02   1.0243695e+01
   1.6100000e+02   1.0243887e+01
   1.6200000e+02   1.0243788e+01
   1.6300000e+02   1.0243730e+01
   1.6400000e+02   1.0243665e+01
   1.6500000e+02   1.0243412e+01
   1.6600000e+02   1.0242435e+01
   1.6700000e+02   1.0234403e+01
   1.6800000e+02   1.0216567e+01
   1.6900000e+02   1.0211616e+01
   1.7000000e+02   1.0221361e+01
   1.7100000e+02   1.0231046e+01
   1.7200000e+02   1.0236200e+01
   1.7300000e+02   1.0238002e+01
   1.7400000e+02   1.0238102e+01
   1.7500000e+02   1.0238127e+01
   1.7600000e+02   1.0238693e+01
   1.7700000e+02   1.0239099e+01
   1.7800000e+02   1.0235695e+01
   1.7900000e+02   1.0199476e+01
   1.8000000e+02   1.0176722e+01
   1.8100000e+02   1.0182241e+01
   1.8200000e+02   1.0185078e+01
   1.8300000e+02   1.0189707e+01
   1.8400000e+02   1.0194730e+01
   1.8500000e+02   1.0197818e+01
   1.8600000e+02   1.0199926e+01
   1.8700000e+02   1.0201107e+01
   1.8800000e+02   1.0202357e+01
   1.8900000e+02   1.0206065e+01
   1.9000000e+02   1.0212710e+01
   1.9100000e+02   1.0217934e+01
   1.9200000e+02   1.0221901e+01
   1.9300000e+02   1.0226887e+01
   1.9400000e+02   1.0231349e+01
   1.9500000e+02   1.0234051e+01
   1.9600000e+02   1.0235575e+01
   1.9700000e+02   1.0236433e+01
   1.9800000e+02   1.0237349e+01
   1.9900000e+02   1.0237867e+01
   2.0000000e+02   1.0238207e+01
   2.0100000e+02   1.0238772e+01
   2.0200000e+02   1.0239140e+01
   2.0300000e+02   1.0239506e+01
   2.0400000e+02   1.0239898e+01
   2.0500000e+02   1.0240139e+01
   2.0600000e+02   1.0240520e+01
   2.0700000e+02   1.0240896e+01
   2.0800000e+02   1.0241028e+01
   2.0900000e+02   1.0241675e+01
   2.1000000e+02   1.0241846e+01
   2.1100000e+02   1.0242105e+01
   2.1200000e+02   1.0242254e+01
   2.1300000e+02   1.0242449e+01
   2.1400000e+02   1.0242506e+01
   2.1500000e+02   1.0242646e+01
   2.1600000e+02   1.0242669e+01
   2.1700000e+02   1.0242941e+01
   2.1800000e+02   1.0242534e+01
   2.1900000e+02   1.0242753e+01
   2.2000000e+02   1.0242806e+01
   2.2100000e+02   1.0242428e+01
   2.2200000e+02   1.0242528e+01
   2.2300000e+02   1.0242681e+01
   2.2400000e+02   1.0242568e+01
   2.2500000e+02   1.0242547e+01
   2.2600000e+02   1.0242314e+01
   2.2700000e+02   1.0242480e+01
   2.2800000e+02   1.0242720e+01
   2.2900000e+02   1.0242706e+01
   2.3000000e+02   1.0242691e+01
   2.3100000e+02   1.0242621e+01
   2.3200000e+02   1.0242706e+01
   2.3300000e+02   1.0242913e+01
   2.3400000e+02   1.0242662e+01
   2.3500000e+02   1.0242781e+01
   2.3600000e+02   1.0242798e+01
   2.3700000e+02   1.0243067e+01
   2.3800000e+02   1.0242816e+01
   2.3900000e+02   1.0243028e+01
   2.4000000e+02   1.0242869e+01
   2.4100000e+02   1.0242944e+01
   2.4200000e+02   1.0242675e+01
   2.4300000e+02   1.0242986e+01
   2.4400000e+02   1.0242598e+01
   2.4500000e+02   1.0242134e+01
   2.4600000e+02   1.0241603e+01
   2.4700000e+02   1.0241078e+01
   2.4800000e+02   1.0240583e+01
   2.4900000e+02   1.0240128e+01
   2.5000000e+02   1.0239958e+01
   2.5100000e+02   1.0240253e+01
   2.5200000e+02   1.0240409e+01
   2.5300000e+02   1.0240538e+01
   2.5400000e+02   1.0240607e+01
   2.5500000e+02   1.0240215e+01
   2.5600000e+02   1.0240122e+01
   2.5700000e+02   1.0239880e+01
   2.5800000e+02   1.0239766e+01
   2.5900000e+02   1.0239682e+01
   2.6000000e+02   1.0239124e+01
   2.6100000e+02   1.0239382e+01
   2.6200000e+02   1.0238871e+01
   2.6300000e+02   1.0238952e+01
   2.6400000e+02   1.0238805e+01
   2.6500000e+02   1.0238941e+01
   2.6600000e+02   1.0239162e+01
   2.6700000e+02   1.0239779e+01
   2.6800000e+02   1.0239878e+01
   2.6900000e+02   1.0239915e+01
   2.7000000e+02   1.0240163e+01
   2.7100000e+02   1.0240545e+01
   2.7200000e+02   1.0240517e+01
   2.7300000e+02   1.0240441e+01
   2.7400000e+02   1.0240483e+01
   2.7500000e+02   1.0240315e+01
   2.7600000e+02   1.0240863e+01
   2.7700000e+02   1.0240625e+01
   2.7800000e+02   1.0241107e+01
   2.7900000e+02   1.0241249e+01
   2.8000000e+02   1.0241096e+01
   2.8100000e+02   1.0241024e+01
   2.8200000e+02   1.0241260e+01
   2.8300000e+02   1.0241276e+01
   2.8400000e+02   1.0241271e+01
   2.8500000e+02   1.0241270e+01
   2.8600000e+02   1.0241341e+01
   2.8700000e+02   1.0241482e+01
   2.8800000e+02   1.0241036e+01
   2.8900000e+02   1.0241428e+01
   2.9000000e+02   1.0241594e+01
   2.9100000e+02   1.0241339e+01
   2.9200000e+02   1.0241360e+01
   2.9300000e+02   1.0241629e+01
   2.9400000e+02   1.0241410e+01
   2.9500000e+02   1.0241652e+01
   2.9600000e+02   1.0242031e+01
   2.9700000e+02   1.0241496e+01
   2.9800000e+02   1.0241552e+01
   2.9900000e+02   1.0241312e+01
   3.0000000e+02   1.0241155e+01
   3.0100000e+02   1.0240503e+01
   3.0200000e+02   1.0240076e+01
   3.0300000e+02   1.0239189e+01
   3.0400000e+02   1.0238173e+01
   3.0500000e+02   1.0236940e+01
   3.0600000e+02   1.0235067e+01
   3.0700000e+02   1.0232758e+01
   3.0800000e+02   1.0229504e+01
   3.0900000e+02   1.0226366e+01
   3.1000000e+02   1.0223696e+01
   3.1100000e+02   1.0222188e+01
   3.1200000e+02   1.0221049e+01
   3.1300000e+02   1.0220994e+01
   3.1400000e+02   1.0220401e+01
   3.1500000e+02   1.0219530e+01
   3.1600000e+02   1.0216783e+01
   3.1700000e+02   1.0212926e+01
   3.1800000e+02   1.0208302e+01
   3.1900000e+02   1.0203694e+01
   3.2000000e+02   1.0199819e+01
   3.2100000e+02   1.0197572e+01
   3.2200000e+02   1.0196707e+01
   3.2300000e+02   1.0197047e+01
   3.2400000e+02   1.0198487e+01
   3.2500000e+02   1.0200672e+01
   3.2600000e+02   1.0203733e+01
   3.2700000e+02   1.0206834e+01
   3.2800000e+02   1.0210064e+01
   3.2900000e+02   1.0213522e+01
   3.3000000e+02   1.0215809e+01
   3.3100000e+02   1.0218151e+01
   3.3200000e+02   1.0219693e+01
   3.3300000e+02   1.0220474e+01
   3.3400000e+02   1.0220823e+01
   3.3500000e+02   1.0220446e+01
   3.3600000e+02   1.0220371e+01
   3.3700000e+02   1.0220401e+01
   3.3800000e+02   1.0220045e+01
   3.3900000e+02   1.0220859e+01
   3.4000000e+02   1.0222205e+01
   3.4100000e+02   1.0223713e+01
   3.4200000e+02   1.0225469e+01
   3.4300000e+02   1.0227324e+01
   3.4400000e+02   1.0228883e+01
   3.4500000e+02   1.0230226e+01
   3.4600000e+02   1.0231004e+01
   3.4700000e+02   1.0232077e+01
   3.4800000e+02   1.0233088e+01
   3.4900000e+02   1.0233820e+01
   3.5000000e+02   1.0234998e+01
   3.5100000e+02   1.0235436e+01
   3.5200000e+02   1.0236222e+01
   3.5300000e+02   1.0236604e+01
   3.5400000e+02   1.0237300e+01
   3.5500000e+02   1.0237565e+01
   3.5600000e+02   1.0237856e+01
   3.5700000e+02   1.0238092e+01
   3.5800000e+02   1.0237968e+01
   3.5900000e+02   1.0237899e+01
   3.6000000e+02   1.0237956e+01
   3.6100000e+02   1.0237919e+01
   3.6200000e+02   1.0238086e+01
   3.6300000e+02   1.0238049e+01
   3.6400000e+02   1.0238548e+01
   3.6500000e+02   1.0238607e+01
   3.6600000e+02   1.0238916e+01
   3.6700000e+02   1.0239238e+01
   3.6800000e+02   1.0239348e+01
   3.6900000e+02   1.0239964e+01
   3.7000000e+02   1.0239973e+01
   3.7100000e+02   1.0240305e+01
   3.7200000e+02   1.0240087e+01
   3.7300000e+02   1.0240044e+01
   3.7400000e+02   1.0240334e+01
   3.7500000e+02   1.0240587e+01
   3.7600000e+02   1.0240635e+01
   3.7700000e+02   1.0240687e+01
   3.7800000e+02   1.0240576e+01
   3.7900000e+02   1.0240764e+01
   3.8000000e+02   1.0240431e+01
   3.8100000e+02   1.0240360e+01
   3.8200000e+02   1.0240137e+01
   3.8300000e+02   1.0240033e+01
   3.8400000e+02   1.0239908e+01
   3.8500000e+02   1.0239683e+01
   3.8600000e+02   1.0239342e+01
   3.8700000e+02   1.0239142e+01
   3.8800000e+02   1.0238776e+01
   3.8900000e+02   1.0238507e+01
   3.9000000e+02   1.0238569e+01
   3.9100000e+02   1.0238689e+01
   3.9200000e+02   1.0238828e+01
   3.9300000e+02   1.0238907e+01
   3.9400000e+02   1.0239226e+01
   3.9500000e+02   1.0239241e+01
   3.9600000e+02   1.0239468e+01
   3.9700000e+02   1.0239860e+01
   3.9800000e+02   1.0239688e+01
   3.9900000e+02   1.0240123e+01
   4.0000000e+02   1.0240136e+01
   4.0100000e+02   1.0240087e+01
   4.0200000e+02   1.0240111e+01
   4.0300000e+02   1.0240276e+01
   4.0400000e+02   1.0240283e+01
   4.0500000e+02   1.0240412e+01
   4.0600000e+02   1.0240502e+01
   4.0700000e+02   1.0240341e+01
   4.0800000e+02   1.0240568e+01
   4.0900000e+02   1.0240461e+01
   4.1000000e+02   1.0240554e+01
   4.1100000e+02   1.0240788e+01
   4.1200000e+02   1.0240549e+01
   4.1300000e+02   1.0240710e+01
   4.1400000e+02   1.0240650e+01
   4.1500000e+02   1.0240470e+01
   4.1600000e+02   1.0240659e+01
   4.1700000e+02   1.0240552e+01
   4.1800000e+02   1.0240553e+01
   4.1900000e+02   1.0240680e+01
   4.2000000e+02   1.0240713e+01
   4.2100000e+02   1.0240281e+01
   4.2200000e+02   1.0240584e+01
   4.2300000e+02   1.0240228e+01
   4.2400000e+02   1.0240748e+01
   4.2500000e+02   1.0240697e+01
   4.2600000e+02   1.0240525e+01
   4.2700000e+02   1.0240479e+01
   4.2800000e+02   1.0240627e+01
   4.2900000e+02   1.0240702e+01
   4.3000000e+02   1.0240383e+01
   4.3100000e+02   1.0240484e+01
   4.3200000e+02   1.0240511e+01
   4.3300000e+02   1.0240363e+01
   4.3400000e+02   1.0239754e+01
   4.3500000e+02   1.0239226e+01
   4.3600000e+02   1.0237322e+01
   4.3700000e+02   1.0235124e+01
   4.3800000e+02   1.0231381e+01
   4.3900000e+02   1.0225379e+01
   4.4000000e+02   1.0216889e+01
   4.4100000e+02   1.0205514e+01
   4.4200000e+02   1.0191215e+01
   4.4300000e+02   1.0174991e+01
   4.4400000e+02   1.0158561e+01
   4.4500000e+02   1.0143080e+01
   4.4600000e+02   1.0130203e+01
   4.4700000e+02   1.0121412e+01
   4.4800000e+02   1.0117323e+01
   4.4900000e+02   1.0118164e+01
   4.5000000e+02   1.0122956e+01
   4.5100000e+02   1.0130327e+01
   4.5200000e+02   1.0139095e+01
   4.5300000e+02   1.0148663e+01
   4.5400000e+02   1.0157607e+01
   4.5500000e+02   1.0165996e+01
   4.5600000e+02   1.0173212e+01
   4.5700000e+02   1.0179824e+01
   4.5800000e+02   1.0185563e+01
   4.5900000e+02   1.0190184e+01
   4.6000000e+02   1.0195166e+01
   4.6100000e+02   1.0199091e+01
   4.6200000e+02   1.0202943e+01
   4.6300000e+02   1.0206313e+01
   4.6400000e+02   1.0209498e+01
   4.6500000e+02   1.0212211e+01
   4.6600000e+02   1.0214678e+01
   4.6700000e+02   1.0216683e+01
   4.6800000e+02   1.0218737e+01
   4.6900000e+02   1.0220686e+01
   4.7000000e+02   1.0221954e+01
   4.7100000e+02   1.0223642e+01
   4.7200000e+02   1.0225003e+01
   4.7300000e+02   1.0226068e+01
   4.7400000e+02   1.0227883e+01
   4.7500000e+02   1.0228866e+01
   4.7600000e+02   1.0230154e+01
   4.7700000e+02   1.0231274e+01
   4.7800000e+02   1.0232737e+01
   4.7900000e+02   1.0233856e+01
   4.8000000e+02   1.0234935e+01
   4.8100000e+02   1.0236208e+01
   4.8200000e+02   1.0237174e+01
   4.8300000e+02   1.0237633e+01
   4.8400000e+02   1.0237972e+01
   4.8500000e+02   1.0238350e+01
   4.8600000e+02   1.0238857e+01
   4.8700000e+02   1.0239240e+01
   4.8800000e+02   1.0239265e+01
   4.8900000e+02   1.0239223e+01
   4.9000000e+02   1.0239026e+01
   4.9100000e+02   1.0239700e+01
   4.9200000e+02   1.0240124e+01
   4.9300000e+02   1.0239752e+01
   4.9400000e+02   1.0239789e+01
   4.9500000e+02   1.0239944e+01
   4.9600000e+02   1.0239980e+01
   4.9700000e+02   1.0239959e+01
   4.9800000e+02   1.0240048e+01
   4.9900000e+02   1.0239629e+01
   5.0000000e+02   1.0239996e+01
   5.0100000e+02   1.0240058e+01
   5.0200000e+02   1.0239871e+01
   5.0300000e+02   1.0240044e+01
   5.0400000e+02   1.0240069e+01
   5.0500000e+02   1.0240233e+01
   5.0600000e+02   1.0240215e+01
   5.0700000e+02   1.0240056e+01
   5.0800000e+02   1.0240234e+01
   5.0900000e+02   1.0240371e+01
   5.1000000e+02   1.0240509e+01
   5.1100000e+02   1.0240324e+01
   5.1200000e+02   1.0240416e+01
   5.1300000e+02   1.0240944e+01
   5.1400000e+02   1.0240417e+01
   5.1500000e+02   1.0240795e+01
   5.1600000e+02   1.0240526e+01
   5.1700000e+02   1.0240687e+01
   5.1800000e+02   1.0240524e+01
   5.1900000e+02   1.0240247e+01
   5.2000000e+02   1.0240194e+01
   5.2100000e+02   1.0240094e+01
   5.2200000e+02   1.0240237e+01
   5.2300000e+02   1.0240217e+01
   5.2400000e+02   1.0240097e+01
   5.2500000e+02   1.0240357e+01
   5.2600000e+02   1.0240337e+01
   5.2700000e+02   1.0240008e+01
   5.2800000e+02   1.0240248e+01
   5.2900000e+02   1.0240172e+01
   5.3000000e+02   1.0240297e+01
   5.3100000e+02   1.0240449e+01
   5.3200000e+02   1.0240308e+01
   5.3300000e+02   1.0240295e+01
   5.3400000e+02   1.0240287e+01
   5.3500000e+02   1.0239999e+01
   5.3600000e+02   1.0239943e+01
   5.3700000e+02   1.0240002e+01
   5.3800000e+02   1.0240184e+01
   5.3900000e+02   1.0240188e+01
   5.4000000e+02   1.0240285e+01
   5.4100000e+02   1.0240316e+01
   5.4200000e+02   1.0239973e+01
   5.4300000e+02   1.0240166e+01
   5.4400000e+02   1.0240416e+01
   5.4500000e+02   1.0240315e+01
   5.4600000e+02   1.0240083e+01
   5.4700000e+02   1.0240201e+01
   5.4800000e+02   1.0239953e+01
   5.4900000e+02   1.0240053e+01
   5.5000000e+02   1.0240443e+01
   5.5100000e+02   1.0240107e+01
   5.5200000e+02   1.0240151e+01
   5.5300000e+02   1.0239966e+01
   5.5400000e+02   1.0240338e+01
   5.5500000e+02   1.0239957e+01
   5.5600000e+02   1.0240088e+01
   5.5700000e+02   1.0240132e+01
   5.5800000e+02   1.0240038e+01
   5.5900000e+02   1.0240109e+01
   5.6000000e+02   1.0239671e+01
   5.6100000e+02   1.0240130e+01
   5.6200000e+02   1.0240340e+01
   5.6300000e+02   1.0239843e+01
   5.6400000e+02   1.0239927e+01
   5.6500000e+02   1.0239750e+01
   5.6600000e+02   1.0239920e+01
   5.6700000e+02   1.0240044e+01
   5.6800000e+02   1.0240033e+01
   5.6900000e+02   1.0240719e+01
   5.7000000e+02   1.0239898e+01
   5.7100000e+02   1.0240314e+01
   5.7200000e+02   1.0240568e+01
   5.7300000e+02   1.0240050e+01
   5.7400000e+02   1.0240707e+01
   5.7500000e+02   1.0240473e+01
   5.7600000e+02   1.0240242e+01
   5.7700000e+02   1.0240199e+01
   5.7800000e+02   1.0240725e+01
   5.7900000e+02   1.0240539e+01
   5.8000000e+02   1.0240198e+01
   5.8100000e+02   1.0240502e+01
   5.8200000e+02   1.0240225e+01
   5.8300000e+02   1.0240898e+01
   5.8400000e+02   1.0240654e+01
   5.8500000e+02   1.0240228e+01
   5.8600000e+02   1.0240511e+01
   5.8700000e+02   1.0240280e+01
   5.8800000e+02   1.0240589e+01
   5.8900000e+02   1.0240533e+01
   5.9000000e+02   1.0240321e+01
   5.9100000e+02   1.0240260e+01
   5.9200000e+02   1.0240249e+01
   5.9300000e+02   1.0240037e+01
   5.9400000e+02   1.0240039e+01
   5.9500000e+02   1.0240160e+01
   5.9600000e+02   1.0240163e+01
   5.9700000e+02   1.0240259e+01
   5.9800000e+02   1.0240386e+01
   5.9900000e+02   1.0240359e+01
   6.0000000e+02   1.0240205e+01
   6.0100000e+02   1.0240272e+01
   6.0200000e+02   1.0240666e+01
   6.0300000e+02   1.0240351e+01
   6.0400000e+02   1.0240378e+01
   6.0500000e+02   1.0240372e+01
   6.0600000e+02   1.0240464e+01
   6.0700000e+02   1.0240281e+01
   6.0800000e+02   1.0240453e+01
   6.0900000e+02   1.0240615e+01
   6.1000000e+02   1.0240108e+01
   6.1100000e+02   1.0240530e+01
   6.1200000e+02   1.0240160e+01
   6.1300000e+02   1.0240400e+01
   6.1400000e+02   1.0240367e+01
   6.1500000e+02   1.0240287e+01
   6.1600000e+02   1.0240228e+01
   6.1700000e+02   1.0240579e+01
   6.1800000e+02   1.0240345e+01
   6.1900000e+02   1.0240258e+01
   6.2000000e+02   1.0240450e+01
   6.2100000e+02   1.0240284e+01
   6.2200000e+02   1.0240453e+01
   6.2300000e+02   1.0240526e+01
   6.2400000e+02   1.0240754e+01
   6.2500000e+02   1.0240280e+01
   6.2600000e+02   1.0240359e+01
   6.2700000e+02   1.0240512e+01
   6.2800000e+02   1.0240414e+01
   6.2900000e+02   1.0240376e+01
   6.3000000e+02   1.0240547e+01
   6.3100000e+02   1.0240449e+01
   6.3200000e+02   1.0240583e+01
   6.3300000e+02   1.0240661e+01
   6.3400000e+02   1.0240469e+01
   6.3500000e+02   1.0240384e+01
   6.3600000e+02   1.0240289e+01
   6.3700000e+02   1.0240524e+01
   6.3800000e+02   1.0240506e+01
   6.3900000e+02   1.0240688e+01
   6.4000000e+02   1.0240598e+01
   6.4100000e+02   1.0240466e+01
   6.4200000e+02   1.0240828e+01
   6.4300000e+02   1.0240642e+01
   6.4400000e+02   1.0240447e+01
   6.4500000e+02   1.0240386e+01
   6.4600000e+02   1.0240729e+01
   6.4700000e+02   1.0240404e+01
   6.4800000e+02   1.0240888e+01
   6.4900000e+02   1.0240644e+01
   6.5000000e+02   1.0240876e+01
   6.5100000e+02   1.0240541e+01
   6.5200000e+02   1.0240630e+01
   6.5300000e+02   1.0240944e+01
   6.5400000e+02   1.0240700e+01
   6.5500000e+02   1.0240673e+01
   6.5600000e+02   1.0240729e+01
   6.5700000e+02   1.0240577e+01
   6.5800000e+02   1.0240696e+01
   6.5900000e+02   1.0240596e+01
   6.6000000e+02   1.0241129e+01
   6.6100000e+02   1.0240815e+01
   6.6200000e+02   1.0240617e+01
   6.6300000e+02   1.0240345e+01
   6.6400000e+02   1.0240328e+01
   6.6500000e+02   1.0240312e+01
   6.6600000e+02   1.0240153e+01
   6.6700000e+02   1.0239647e+01
   6.6800000e+02   1.0239791e+01
   6.6900000e+02   1.0239342e+01
   6.7000000e+02   1.0238930e+01
   6.7100000e+02   1.0238472e+01
   6.7200000e+02   1.0237343e+01
   6.7300000e+02   1.0236672e+01
   6.7400000e+02   1.0235625e+01
   6.7500000e+02   1.0234575e+01
   6.7600000e+02   1.0232966e+01
   6.7700000e+02   1.0231779e+01
   6.7800000e+02   1.0230432e+01
   6.7900000e+02   1.0229251e+01
   6.8000000e+02   1.0228166e+01
   6.8100000e+02   1.0226833e+01
   6.8200000e+02   1.0226313e+01
   6.8300000e+02   1.0225608e+01
   6.8400000e+02   1.0225310e+01
   6.8500000e+02   1.0225184e+01
   6.8600000e+02   1.0225158e+01
   6.8700000e+02   1.0225605e+01
   6.8800000e+02   1.0226149e+01
   6.8900000e+02   1.0226810e+01
   6.9000000e+02   1.0227828e+01
   6.9100000e+02   1.0228470e+01
   6.9200000e+02   1.0229695e+01
   6.9300000e+02   1.0230142e+01
   6.9400000e+02   1.0230903e+01
   6.9500000e+02   1.0231823e+01
   6.9600000e+02   1.0232523e+01
   6.9700000e+02   1.0233419e+01
   6.9800000e+02   1.0234056e+01
   6.9900000e+02   1.0234413e+01
   7.0000000e+02   1.0235062e+01
   7.0100000e+02   1.0235734e+01
   7.0200000e+02   1.0236039e+01
   7.0300000e+02   1.0236235e+01
   7.0400000e+02   1.0236299e+01
   7.0500000e+02   1.0237098e+01
   7.0600000e+02   1.0236875e+01
   7.0700000e+02   1.0237102e+01
   7.0800000e+02   1.0237822e+01
   7.0900000e+02   1.0237690e+01
   7.1000000e+02   1.0238021e+01
   7.1100000e+02   1.0238182e+01
   7.1200000e+02   1.0238404e+01
   7.1300000e+02   1.0238646e+01
   7.1400000e+02   1.0238647e+01
   7.1500000e+02   1.0238853e+01
   7.1600000e+02   1.0238997e+01
   7.1700000e+02   1.0239147e+01
   7.1800000e+02   1.0239613e+01
   7.1900000e+02   1.0239810e+01
   7.2000000e+02   1.0239591e+01
   7.2100000e+02   1.0239850e+01
   7.2200000e+02   1.0240111e+01
   7.2300000e+02   1.0240195e+01
   7.2400000e+02   1.0240352e+01
   7.2500000e+02   1.0240114e+01
   7.2600000e+02   1.0240194e+01
   7.2700000e+02   1.0240514e+01
   7.2800000e+02   1.0240535e+01
   7.2900000e+02   1.0240518e+01
   7.3000000e+02   1.0240577e+01
   7.3100000e+02   1.0240453e+01
   7.3200000e+02   1.0240402e+01
   7.3300000e+02   1.0240249e+01
   7.3400000e+02   1.0240622e+01
   7.3500000e+02   1.0240325e+01
   7.3600000e+02   1.0240375e+01
   7.3700000e+02   1.0240690e+01
   7.3800000e+02   1.0240372e+01
   7.3900000e+02   1.0240289e+01
   7.4000000e+02   1.0240552e+01
   7.4100000e+02   1.0240529e+01
   7.4200000e+02   1.0240451e+01
   7.4300000e+02   1.0240391e+01
   7.4400000e+02   1.0240443e+01
   7.4500000e+02   1.0240371e+01
   7.4600000e+02   1.0240633e+01
   7.4700000e+02   1.0240583e+01
   7.4800000e+02   1.0240508e+01
   7.4900000e+02   1.0240128e+01
   7.5000000e+02   1.0239972e+01
   7.5100000e+02   1.0240247e+01
   7.5200000e+02   1.0240068e+01
   7.5300000e+02   1.0240019e+01
   7.5400000e+02   1.0239825e+01
   7.5500000e+02   1.0240324e+01
   7.5600000e+02   1.0239933e+01
   7.5700000e+02   1.0239794e+01
   7.5800000e+02   1.0239785e+01
   7.5900000e+02   1.0239679e+01
   7.6000000e+02   1.0239870e+01
   7.6100000e+02   1.0239613e+01
   7.6200000e+02   1.0239733e+01
   7.6300000e+02   1.0239466e+01
   7.6400000e+02   1.0239553e+01
   7.6500000e+02   1.0239744e+01
   7.6600000e+02   1.0239606e+01
   7.6700000e+02   1.0239697e+01
   7.6800000e+02   1.0239597e+01
   7.6900000e+02   1.0239805e+01
   7.7000000e+02   1.0239377e+01
   7.7100000e+02   1.0239633e+01
   7.7200000e+02   1.0239610e+01
   7.7300000e+02   1.0239574e+01
   7.7400000e+02   1.0239654e+01
   7.7500000e+02   1.0239459e+01
   7.7600000e+02   1.0239406e+01
   7.7700000e+02   1.0239693e+01
   7.7800000e+02   1.0239821e+01
   7.7900000e+02   1.0239567e+01
   7.8000000e+02   1.0239473e+01
