   0.0000000e+00   1.0275427e+01
   1.0000000e+00   1.0271187e+01
   2.0000000e+00   1.0269928e+01
   3.0000000e+00   1.0269290e+01
   4.0000000e+00   1.0268662e+01
   5.0000000e+00   1.0268620e+01
   6.0000000e+00   1.0268139e+01
   7.0000000e+00   1.0267779e+01
   8.0000000e+00   1.0267565e+01
   9.0000000e+00   1.0267329e+01
   1.0000000e+01   1.0267085e+01
   1.1000000e+01   1.0267181e+01
   1.2000000e+01   1.0266702e+01
   1.3000000e+01   1.0266700e+01
   1.4000000e+01   1.0266434e+01
   1.5000000e+01   1.0266134e+01
   1.6000000e+01   1.0266095e+01
   1.7000000e+01   1.0266206e+01
   1.8000000e+01   1.0265805e+01
   1.9000000e+01   1.0265868e+01
   2.0000000e+01   1.0265755e+01
   2.1000000e+01   1.0265682e+01
   2.2000000e+01   1.0265408e+01
   2.3000000e+01   1.0265422e+01
   2.4000000e+01   1.0265593e+01
   2.5000000e+01   1.0265545e+01
   2.6000000e+01   1.0265619e+01
   2.7000000e+01   1.0265257e+01
   2.8000000e+01   1.0265458e+01
   2.9000000e+01   1.0265185e+01
   3.0000000e+01   1.0265146e+01
   3.1000000e+01   1.0264854e+01
   3.2000000e+01   1.0265006e+01
   3.3000000e+01   1.0264903e+01
   3.4000000e+01   1.0264531e+01
   3.5000000e+01   1.0264474e+01
   3.6000000e+01   1.0264520e+01
   3.7000000e+01   1.0264445e+01
   3.8000000e+01   1.0264503e+01
   3.9000000e+01   1.0264245e+01
   4.0000000e+01   1.0264442e+01
   4.1000000e+01   1.0264112e+01
   4.2000000e+01   1.0264431e+01
   4.3000000e+01   1.0264096e+01
   4.4000000e+01   1.0263993e+01
   4.5000000e+01   1.0264001e+01
   4.6000000e+01   1.0263637e+01
   4.7000000e+01   1.0264242e+01
   4.8000000e+01   1.0263573e+01
   4.9000000e+01   1.0263468e+01
   5.0000000e+01   1.0263531e+01
   5.1000000e+01   1.0263546e+01
   5.2000000e+01   1.0263471e+01
   5.3000000e+01   1.0263447e+01
   5.4000000e+01   1.0263218e+01
   5.5000000e+01   1.0263338e+01
   5.6000000e+01   1.0263484e+01
   5.7000000e+01   1.0263292e+01
   5.8000000e+01   1.0263275e+01
   5.9000000e+01   1.0263168e+01
   6.0000000e+01   1.0263135e+01
   6.1000000e+01   1.0263176e+01
   6.2000000e+01   1.0262995e+01
   6.3000000e+01   1.0263038e+01
   6.4000000e+01   1.0262952e+01
   6.5000000e+01   1.0262879e+01
   6.6000000e+01   1.0262759e+01
   6.7000000e+01   1.0262962e+01
   6.8000000e+01   1.0262636e+01
   6.9000000e+01   1.0262691e+01
   7.0000000e+01   1.0262738e+01
   7.1000000e+01   1.0262746e+01
   7.2000000e+01   1.0262575e+01
   7.3000000e+01   1.0262718e+01
   7.4000000e+01   1.0262673e+01
   7.5000000e+01   1.0262747e+01
   7.6000000e+01   1.0262244e+01
   7.7000000e+01   1.0262769e+01
   7.8000000e+01   1.0262355e+01
   7.9000000e+01   1.0262480e+01
   8.0000000e+01   1.0262648e+01
   8.1000000e+01   1.0262475e+01
   8.2000000e+01   1.0262530e+01
   8.3000000e+01   1.0262349e+01
   8.4000000e+01   1.0262532e+01
   8.5000000e+01   1.0262477e+01
   8.6000000e+01   1.0262543e+01
   8.7000000e+01   1.0262369e+01
   8.8000000e+01   1.0262139e+01
   8.9000000e+01   1.0262391e+01
   9.0000000e+01   1.0262164e+01
   9.1000000e+01   1.0261979e+01
   9.2000000e+01   1.0261984e+01
   9.3000000e+01   1.0261927e+01
   9.4000000e+01   1.0262004e+01
   9.5000000e+01   1.0261981e+01
   9.6000000e+01   1.0262113e+01
   9.7000000e+01   1.0261880e+01
   9.8000000e+01   1.0261864e+01
   9.9000000e+01   1.0261904e+01
   1.0000000e+02   1.0261830e+01
   1.0100000e+02   1.0261863e+01
   1.0200000e+02   1.0261901e+01
   1.0300000e+02   1.0261816e+01
   1.0400000e+02   1.0262132e+01
   1.0500000e+02   1.0261596e+01
   1.0600000e+02   1.0261861e+01
   1.0700000e+02   1.0261964e+01
   1.0800000e+02   1.0261816e+01
   1.0900000e+02   1.0261472e+01
   1.1000000e+02   1.0261421e+01
   1.1100000e+02   1.0261656e+01
   1.1200000e+02   1.0261561e+01
   1.1300000e+02   1.0261301e+01
   1.1400000e+02   1.0261037e+01
   1.1500000e+02   1.0261247e+01
   1.1600000e+02   1.0261148e+01
   1.1700000e+02   1.0261349e+01
   1.1800000e+02   1.0261269e+01
   1.1900000e+02   1.0261149e+01
   1.2000000e+02   1.0261176e+01
   1.2100000e+02   1.0260979e+01
   1.2200000e+02   1.0261061e+01
   1.2300000e+02   1.0260959e+01
   1.2400000e+02   1.0260800e+01
   1.2500000e+02   1.0260543e+01
   1.2600000e+02   1.0260825e+01
   1.2700000e+02   1.0260560e+01
   1.2800000e+02   1.0260670e+01
   1.2900000e+02   1.0260745e+01
   1.3000000e+02   1.0260476e+01
   1.3100000e+02   1.0260634e+01
   1.3200000e+02   1.0261055e+01
   1.3300000e+02   1.0260995e+01
   1.3400000e+02   1.0260966e+01
   1.3500000e+02   1.0260808e+01
   1.3600000e+02   1.0260873e+01
   1.3700000e+02   1.0260812e+01
   1.3800000e+02   1.0260869e+01
   1.3900000e+02   1.0260729e+01
   1.4000000e+02   1.0260741e+01
   1.4100000e+02   1.0260348e+01
   1.4200000e+02   1.0260751e+01
   1.4300000e+02   1.0260577e+01
   1.4400000e+02   1.0260934e+01
   1.4500000e+02   1.0260667e+01
   1.4600000e+02   1.0260602e+01
   1.4700000e+02   1.0260436e+01
   1.4800000e+02   1.0260867e+01
   1.4900000e+02   1.0260696e+01
   1.5000000e+02   1.0260597e+01
   1.5100000e+02   1.0260607e+01
   1.5200000e+02   1.0260474e+01
   1.5300000e+02   1.0260314e+01
   1.5400000e+02   1.0260310e+01
   1.5500000e+02   1.0260301e+01
   1.5600000e+02   1.0260305e+01
   1.5700000e+02   1.0260035e+01
   1.5800000e+02   1.0260034e+01
   1.5900000e+02   1.0260016e+01
   1.6000000e+02   1.0260097e+01
   1.6100000e+02   1.0260051e+01
   1.6200000e+02   1.0260028e+01
   1.6300000e+02   1.0259696e+01
   1.6400000e+02   1.0259976e+01
   1.6500000e+02   1.0259644e+01
   1.6600000e+02   1.0259119e+01
   1.6700000e+02   1.0253813e+01
   1.6800000e+02   1.0237160e+01
   1.6900000e+02   1.0227305e+01
   1.7000000e+02   1.0234460e+01
   1.7100000e+02   1.0244857e+01
   1.7200000e+02   1.0250663e+01
   1.7300000e+02   1.0252573e+01
   1.7400000e+02   1.0253470e+01
   1.7500000e+02   1.0253641e+01
   1.7600000e+02   1.0254887e+01
   1.7700000e+02   1.0255849e+01
   1.7800000e+02   1.0254923e+01
   1.7900000e+02   1.0227927e+01
   1.8000000e+02   1.0189152e+01
   1.8100000e+02   1.0191507e+01
   1.8200000e+02   1.0197109e+01
   1.8300000e+02   1.0199923e+01
   1.8400000e+02   1.0205841e+01
   1.8500000e+02   1.0210413e+01
   1.8600000e+02   1.0213780e+01
   1.8700000e+02   1.0216313e+01
   1.8800000e+02   1.0218979e+01
   1.8900000e+02   1.0223112e+01
   1.9000000e+02   1.0230158e+01
   1.9100000e+02   1.0235688e+01
   1.9200000e+02   1.0240624e+01
   1.9300000e+02   1.0245720e+01
   1.9400000e+02   1.0249598e+01
   1.9500000e+02   1.0252124e+01
   1.9600000e+02   1.0253272e+01
   1.9700000e+02   1.0254121e+01
   1.9800000e+02   1.0254530e+01
   1.9900000e+02   1.0255177e+01
   2.0000000e+02   1.0255847e+01
   2.0100000e+02   1.0256176e+01
   2.0200000e+02   1.0256489e+01
   2.0300000e+02   1.0256754e+01
   2.0400000e+02   1.0257288e+01
   2.0500000e+02   1.0257694e+01
   2.0600000e+02   1.0257879e+01
   2.0700000e+02   1.0258120e+01
   2.0800000e+02   1.0258319e+01
   2.0900000e+02   1.0258566e+01
   2.1000000e+02   1.0258752e+01
   2.1100000e+02   1.0258646e+01
   2.1200000e+02   1.0258641e+01
   2.1300000e+02   1.0259099e+01
   2.1400000e+02   1.0259034e+01
   2.1500000e+02   1.0258786e+01
   2.1600000e+02   1.0259137e+01
   2.1700000e+02   1.0259093e+01
   2.1800000e+02   1.0258908e+01
   2.1900000e+02   1.0258905e+01
   2.2000000e+02   1.0258903e+01
   2.2100000e+02   1.0258900e+01
   2.2200000e+02   1.0258977e+01
   2.2300000e+02   1.0259049e+01
   2.2400000e+02   1.0259103e+01
   2.2500000e+02   1.0259063e+01
   2.2600000e+02   1.0259267e+01
   2.2700000e+02   1.0259031e+01
   2.2800000e+02   1.0258864e+01
   2.2900000e+02   1.0258878e+01
   2.3000000e+02   1.0258811e+01
   2.3100000e+02   1.0258780e+01
   2.3200000e+02   1.0258686e+01
   2.3300000e+02   1.0258798e+01
   2.3400000e+02   1.0258836e+01
   2.3500000e+02   1.0258941e+01
   2.3600000e+02   1.0258712e+01
   2.3700000e+02   1.0258502e+01
   2.3800000e+02   1.0258747e+01
   2.3900000e+02   1.0258541e+01
   2.4000000e+02   1.0259097e+01
   2.4100000e+02   1.0258804e+01
   2.4200000e+02   1.0258623e+01
   2.4300000e+02   1.0258639e+01
   2.4400000e+02   1.0258749e+01
   2.4500000e+02   1.0258766e+01
   2.4600000e+02   1.0258518e+01
   2.4700000e+02   1.0258310e+01
   2.4800000e+02   1.0257889e+01
   2.4900000e+02   1.0257772e+01
   2.5000000e+02   1.0257849e+01
   2.5100000e+02   1.0257637e+01
   2.5200000e+02   1.0257868e+01
   2.5300000e+02   1.0258174e+01
   2.5400000e+02   1.0258080e+01
   2.5500000e+02   1.0257989e+01
   2.5600000e+02   1.0257929e+01
   2.5700000e+02   1.0257926e+01
   2.5800000e+02   1.0257631e+01
   2.5900000e+02   1.0257689e+01
   2.6000000e+02   1.0257594e+01
   2.6100000e+02   1.0257416e+01
   2.6200000e+02   1.0257164e+01
   2.6300000e+02   1.0257374e+01
   2.6400000e+02   1.0257258e+01
   2.6500000e+02   1.0257365e+01
   2.6600000e+02   1.0257319e+01
   2.6700000e+02   1.0257331e+01
   2.6800000e+02   1.0257626e+01
   2.6900000e+02   1.0257602e+01
   2.7000000e+02   1.0257676e+01
   2.7100000e+02   1.0257766e+01
   2.7200000e+02   1.0257602e+01
   2.7300000e+02   1.0257805e+01
   2.7400000e+02   1.0257703e+01
   2.7500000e+02   1.0257764e+01
   2.7600000e+02   1.0258240e+01
   2.7700000e+02   1.0257970e+01
   2.7800000e+02   1.0258080e+01
   2.7900000e+02   1.0257840e+01
   2.8000000e+02   1.0258165e+01
   2.8100000e+02   1.0257954e+01
   2.8200000e+02   1.0257850e+01
   2.8300000e+02   1.0258091e+01
   2.8400000e+02   1.0257853e+01
   2.8500000e+02   1.0257580e+01
   2.8600000e+02   1.0257868e+01
   2.8700000e+02   1.0257701e+01
   2.8800000e+02   1.0257659e+01
   2.8900000e+02   1.0257482e+01
   2.9000000e+02   1.0257685e+01
   2.9100000e+02   1.0257838e+01
   2.9200000e+02   1.0257662e+01
   2.9300000e+02   1.0257664e+01
   2.9400000e+02   1.0257701e+01
   2.9500000e+02   1.0257783e+01
   2.9600000e+02   1.0257787e+01
   2.9700000e+02   1.0257526e+01
   2.9800000e+02   1.0257785e+01
   2.9900000e+02   1.0257482e+01
   3.0000000e+02   1.0257539e+01
   3.0100000e+02   1.0257307e+01
   3.0200000e+02   1.0256946e+01
   3.0300000e+02   1.0256786e+01
   3.0400000e+02   1.0256014e+01
   3.0500000e+02   1.0255509e+01
   3.0600000e+02   1.0254190e+01
   3.0700000e+02   1.0252793e+01
   3.0800000e+02   1.0250892e+01
   3.0900000e+02   1.0248881e+01
   3.1000000e+02   1.0246884e+01
   3.1100000e+02   1.0244996e+01
   3.1200000e+02   1.0243710e+01
   3.1300000e+02   1.0242932e+01
   3.1400000e+02   1.0242594e+01
   3.1500000e+02   1.0242005e+01
   3.1600000e+02   1.0240952e+01
   3.1700000e+02   1.0238850e+01
   3.1800000e+02   1.0236119e+01
   3.1900000e+02   1.0233023e+01
   3.2000000e+02   1.0229988e+01
   3.2100000e+02   1.0227473e+01
   3.2200000e+02   1.0226112e+01
   3.2300000e+02   1.0225725e+01
   3.2400000e+02   1.0226020e+01
   3.2500000e+02   1.0226868e+01
   3.2600000e+02   1.0228271e+01
   3.2700000e+02   1.0229726e+01
   3.2800000e+02   1.0231875e+01
   3.2900000e+02   1.0234576e+01
   3.3000000e+02   1.0237040e+01
   3.3100000e+02   1.0239320e+01
   3.3200000e+02   1.0241276e+01
   3.3300000e+02   1.0242895e+01
   3.3400000e+02   1.0243661e+01
   3.3500000e+02   1.0244479e+01
   3.3600000e+02   1.0244218e+01
   3.3700000e+02   1.0244143e+01
   3.3800000e+02   1.0243968e+01
   3.3900000e+02   1.0244184e+01
   3.4000000e+02   1.0244585e+01
   3.4100000e+02   1.0245345e+01
   3.4200000e+02   1.0245931e+01
   3.4300000e+02   1.0246922e+01
   3.4400000e+02   1.0247874e+01
   3.4500000e+02   1.0249231e+01
   3.4600000e+02   1.0249892e+01
   3.4700000e+02   1.0250547e+01
   3.4800000e+02   1.0251222e+01
   3.4900000e+02   1.0252234e+01
   3.5000000e+02   1.0252685e+01
   3.5100000e+02   1.0253484e+01
   3.5200000e+02   1.0254100e+01
   3.5300000e+02   1.0254283e+01
   3.5400000e+02   1.0254614e+01
   3.5500000e+02   1.0254905e+01
   3.5600000e+02   1.0255110e+01
   3.5700000e+02   1.0255217e+01
   3.5800000e+02   1.0254996e+01
   3.5900000e+02   1.0255301e+01
   3.6000000e+02   1.0254900e+01
   3.6100000e+02   1.0254995e+01
   3.6200000e+02   1.0254745e+01
   3.6300000e+02   1.0254990e+01
   3.6400000e+02   1.0254950e+01
   3.6500000e+02   1.0255168e+01
   3.6600000e+02   1.0255329e+01
   3.6700000e+02   1.0255144e+01
   3.6800000e+02   1.0255697e+01
   3.6900000e+02   1.0255843e+01
   3.7000000e+02   1.0256006e+01
   3.7100000e+02   1.0256073e+01
   3.7200000e+02   1.0256581e+01
   3.7300000e+02   1.0256458e+01
   3.7400000e+02   1.0256580e+01
   3.7500000e+02   1.0256474e+01
   3.7600000e+02   1.0256646e+01
   3.7700000e+02   1.0256855e+01
   3.7800000e+02   1.0256678e+01
   3.7900000e+02   1.0256614e+01
   3.8000000e+02   1.0256537e+01
   3.8100000e+02   1.0256465e+01
   3.8200000e+02   1.0256676e+01
   3.8300000e+02   1.0256423e+01
   3.8400000e+02   1.0256363e+01
   3.8500000e+02   1.0256274e+01
   3.8600000e+02   1.0256175e+01
   3.8700000e+02   1.0256199e+01
   3.8800000e+02   1.0255674e+01
   3.8900000e+02   1.0255260e+01
   3.9000000e+02   1.0255341e+01
   3.9100000e+02   1.0255302e+01
   3.9200000e+02   1.0255343e+01
   3.9300000e+02   1.0255150e+01
   3.9400000e+02   1.0255538e+01
   3.9500000e+02   1.0255589e+01
   3.9600000e+02   1.0255752e+01
   3.9700000e+02   1.0255736e+01
   3.9800000e+02   1.0256006e+01
   3.9900000e+02   1.0256195e+01
   4.0000000e+02   1.0256378e+01
   4.0100000e+02   1.0256416e+01
   4.0200000e+02   1.0256406e+01
   4.0300000e+02   1.0256752e+01
   4.0400000e+02   1.0256476e+01
   4.0500000e+02   1.0256646e+01
   4.0600000e+02   1.0256672e+01
   4.0700000e+02   1.0256516e+01
   4.0800000e+02   1.0256648e+01
   4.0900000e+02   1.0256741e+01
   4.1000000e+02   1.0256841e+01
   4.1100000e+02   1.0256657e+01
   4.1200000e+02   1.0257051e+01
   4.1300000e+02   1.0256641e+01
   4.1400000e+02   1.0256704e+01
   4.1500000e+02   1.0256385e+01
   4.1600000e+02   1.0256525e+01
   4.1700000e+02   1.0256656e+01
   4.1800000e+02   1.0256980e+01
   4.1900000e+02   1.0256768e+01
   4.2000000e+02   1.0256746e+01
   4.2100000e+02   1.0256344e+01
   4.2200000e+02   1.0256407e+01
   4.2300000e+02   1.0256583e+01
   4.2400000e+02   1.0256411e+01
   4.2500000e+02   1.0256225e+01
   4.2600000e+02   1.0256262e+01
   4.2700000e+02   1.0256378e+01
   4.2800000e+02   1.0256150e+01
   4.2900000e+02   1.0256244e+01
   4.3000000e+02   1.0256230e+01
   4.3100000e+02   1.0256297e+01
   4.3200000e+02   1.0256376e+01
   4.3300000e+02   1.0256099e+01
   4.3400000e+02   1.0255990e+01
   4.3500000e+02   1.0255673e+01
   4.3600000e+02   1.0255036e+01
   4.3700000e+02   1.0254194e+01
   4.3800000e+02   1.0251532e+01
   4.3900000e+02   1.0247541e+01
   4.4000000e+02   1.0241477e+01
   4.4100000e+02   1.0232698e+01
   4.4200000e+02   1.0219871e+01
   4.4300000e+02   1.0203734e+01
   4.4400000e+02   1.0184332e+01
   4.4500000e+02   1.0162906e+01
   4.4600000e+02   1.0140950e+01
   4.4700000e+02   1.0121501e+01
   4.4800000e+02   1.0106067e+01
   4.4900000e+02   1.0096075e+01
   4.5000000e+02   1.0091429e+01
   4.5100000e+02   1.0092683e+01
   4.5200000e+02   1.0099001e+01
   4.5300000e+02   1.0108040e+01
   4.5400000e+02   1.0119297e+01
   4.5500000e+02   1.0131701e+01
   4.5600000e+02   1.0143917e+01
   4.5700000e+02   1.0155471e+01
   4.5800000e+02   1.0166206e+01
   4.5900000e+02   1.0176205e+01
   4.6000000e+02   1.0185287e+01
   4.6100000e+02   1.0193475e+01
   4.6200000e+02   1.0201370e+01
   4.6300000e+02   1.0207828e+01
   4.6400000e+02   1.0213373e+01
   4.6500000e+02   1.0218610e+01
   4.6600000e+02   1.0223127e+01
   4.6700000e+02   1.0226509e+01
   4.6800000e+02   1.0229873e+01
   4.6900000e+02   1.0232692e+01
   4.7000000e+02   1.0235022e+01
   4.7100000e+02   1.0237565e+01
   4.7200000e+02   1.0239696e+01
   4.7300000e+02   1.0241718e+01
   4.7400000e+02   1.0243628e+01
   4.7500000e+02   1.0245486e+01
   4.7600000e+02   1.0246818e+01
   4.7700000e+02   1.0248628e+01
   4.7800000e+02   1.0249585e+01
   4.7900000e+02   1.0250639e+01
   4.8000000e+02   1.0251693e+01
   4.8100000e+02   1.0252185e+01
   4.8200000e+02   1.0252879e+01
   4.8300000e+02   1.0253522e+01
   4.8400000e+02   1.0253984e+01
   4.8500000e+02   1.0254257e+01
   4.8600000e+02   1.0254891e+01
   4.8700000e+02   1.0254815e+01
   4.8800000e+02   1.0255163e+01
   4.8900000e+02   1.0255297e+01
   4.9000000e+02   1.0255275e+01
   4.9100000e+02   1.0255583e+01
   4.9200000e+02   1.0255398e+01
   4.9300000e+02   1.0255554e+01
   4.9400000e+02   1.0255584e+01
   4.9500000e+02   1.0255525e+01
   4.9600000e+02   1.0255837e+01
   4.9700000e+02   1.0255925e+01
   4.9800000e+02   1.0255708e+01
   4.9900000e+02   1.0255744e+01
   5.0000000e+02   1.0255951e+01
   5.0100000e+02   1.0255654e+01
   5.0200000e+02   1.0255995e+01
   5.0300000e+02   1.0255800e+01
   5.0400000e+02   1.0255883e+01
   5.0500000e+02   1.0255764e+01
   5.0600000e+02   1.0256300e+01
   5.0700000e+02   1.0255950e+01
   5.0800000e+02   1.0256152e+01
   5.0900000e+02   1.0256146e+01
   5.1000000e+02   1.0256033e+01
   5.1100000e+02   1.0255746e+01
   5.1200000e+02   1.0256092e+01
   5.1300000e+02   1.0255880e+01
   5.1400000e+02   1.0255808e+01
   5.1500000e+02   1.0256161e+01
   5.1600000e+02   1.0255617e+01
   5.1700000e+02   1.0255947e+01
   5.1800000e+02   1.0255948e+01
   5.1900000e+02   1.0255781e+01
   5.2000000e+02   1.0255977e+01
   5.2100000e+02   1.0256064e+01
   5.2200000e+02   1.0255961e+01
   5.2300000e+02   1.0255958e+01
   5.2400000e+02   1.0255788e+01
   5.2500000e+02   1.0255948e+01
   5.2600000e+02   1.0255816e+01
   5.2700000e+02   1.0255826e+01
   5.2800000e+02   1.0255878e+01
   5.2900000e+02   1.0255864e+01
   5.3000000e+02   1.0255812e+01
   5.3100000e+02   1.0255921e+01
   5.3200000e+02   1.0255889e+01
   5.3300000e+02   1.0255968e+01
   5.3400000e+02   1.0255742e+01
   5.3500000e+02   1.0255637e+01
   5.3600000e+02   1.0255596e+01
   5.3700000e+02   1.0255672e+01
   5.3800000e+02   1.0255510e+01
   5.3900000e+02   1.0255827e+01
   5.4000000e+02   1.0255826e+01
   5.4100000e+02   1.0255842e+01
   5.4200000e+02   1.0255688e+01
   5.4300000e+02   1.0255857e+01
   5.4400000e+02   1.0256041e+01
   5.4500000e+02   1.0255629e+01
   5.4600000e+02   1.0255779e+01
   5.4700000e+02   1.0255726e+01
   5.4800000e+02   1.0255741e+01
   5.4900000e+02   1.0255817e+01
   5.5000000e+02   1.0255601e+01
   5.5100000e+02   1.0255674e+01
   5.5200000e+02   1.0255657e+01
   5.5300000e+02   1.0255623e+01
   5.5400000e+02   1.0255687e+01
   5.5500000e+02   1.0255650e+01
   5.5600000e+02   1.0255885e+01
   5.5700000e+02   1.0255689e+01
   5.5800000e+02   1.0255557e+01
   5.5900000e+02   1.0255785e+01
   5.6000000e+02   1.0255512e+01
   5.6100000e+02   1.0255578e+01
   5.6200000e+02   1.0255474e+01
   5.6300000e+02   1.0255436e+01
   5.6400000e+02   1.0255643e+01
   5.6500000e+02   1.0255543e+01
   5.6600000e+02   1.0255242e+01
   5.6700000e+02   1.0255326e+01
   5.6800000e+02   1.0255643e+01
   5.6900000e+02   1.0255536e+01
   5.7000000e+02   1.0255496e+01
   5.7100000e+02   1.0255545e+01
   5.7200000e+02   1.0255852e+01
   5.7300000e+02   1.0255732e+01
   5.7400000e+02   1.0255683e+01
   5.7500000e+02   1.0255438e+01
   5.7600000e+02   1.0255493e+01
   5.7700000e+02   1.0255785e+01
   5.7800000e+02   1.0255603e+01
   5.7900000e+02   1.0255520e+01
   5.8000000e+02   1.0255849e+01
   5.8100000e+02   1.0255459e+01
   5.8200000e+02   1.0255823e+01
   5.8300000e+02   1.0255777e+01
   5.8400000e+02   1.0255744e+01
   5.8500000e+02   1.0255703e+01
   5.8600000e+02   1.0255571e+01
   5.8700000e+02   1.0255496e+01
   5.8800000e+02   1.0255570e+01
   5.8900000e+02   1.0255581e+01
   5.9000000e+02   1.0255473e+01
   5.9100000e+02   1.0255402e+01
   5.9200000e+02   1.0255319e+01
   5.9300000e+02   1.0255438e+01
   5.9400000e+02   1.0255511e+01
   5.9500000e+02   1.0255193e+01
   5.9600000e+02   1.0255228e+01
   5.9700000e+02   1.0255022e+01
   5.9800000e+02   1.0255196e+01
   5.9900000e+02   1.0255312e+01
   6.0000000e+02   1.0255408e+01
   6.0100000e+02   1.0255227e+01
   6.0200000e+02   1.0255292e+01
   6.0300000e+02   1.0255381e+01
   6.0400000e+02   1.0255345e+01
   6.0500000e+02   1.0255297e+01
   6.0600000e+02   1.0255403e+01
   6.0700000e+02   1.0255346e+01
   6.0800000e+02   1.0255217e+01
   6.0900000e+02   1.0255493e+01
   6.1000000e+02   1.0254879e+01
   6.1100000e+02   1.0255179e+01
   6.1200000e+02   1.0255143e+01
   6.1300000e+02   1.0255120e+01
   6.1400000e+02   1.0254998e+01
   6.1500000e+02   1.0254899e+01
   6.1600000e+02   1.0255030e+01
   6.1700000e+02   1.0255109e+01
   6.1800000e+02   1.0254934e+01
   6.1900000e+02   1.0255331e+01
   6.2000000e+02   1.0255052e+01
   6.2100000e+02   1.0255347e+01
   6.2200000e+02   1.0255262e+01
   6.2300000e+02   1.0255335e+01
   6.2400000e+02   1.0255282e+01
   6.2500000e+02   1.0255110e+01
   6.2600000e+02   1.0254939e+01
   6.2700000e+02   1.0255007e+01
   6.2800000e+02   1.0255246e+01
   6.2900000e+02   1.0255144e+01
   6.3000000e+02   1.0255218e+01
   6.3100000e+02   1.0255258e+01
   6.3200000e+02   1.0255497e+01
   6.3300000e+02   1.0255384e+01
   6.3400000e+02   1.0255193e+01
   6.3500000e+02   1.0255224e+01
   6.3600000e+02   1.0255480e+01
   6.3700000e+02   1.0255336e+01
   6.3800000e+02   1.0255270e+01
   6.3900000e+02   1.0255513e+01
   6.4000000e+02   1.0255443e+01
   6.4100000e+02   1.0255270e+01
   6.4200000e+02   1.0255128e+01
   6.4300000e+02   1.0255381e+01
   6.4400000e+02   1.0255224e+01
   6.4500000e+02   1.0255181e+01
   6.4600000e+02   1.0254881e+01
   6.4700000e+02   1.0254911e+01
   6.4800000e+02   1.0255061e+01
   6.4900000e+02   1.0254925e+01
   6.5000000e+02   1.0255079e+01
   6.5100000e+02   1.0255228e+01
   6.5200000e+02   1.0254841e+01
   6.5300000e+02   1.0255095e+01
   6.5400000e+02   1.0254956e+01
   6.5500000e+02   1.0254940e+01
   6.5600000e+02   1.0254944e+01
   6.5700000e+02   1.0254915e+01
   6.5800000e+02   1.0254782e+01
   6.5900000e+02   1.0255055e+01
   6.6000000e+02   1.0254879e+01
   6.6100000e+02   1.0254586e+01
   6.6200000e+02   1.0254800e+01
   6.6300000e+02   1.0255036e+01
   6.6400000e+02   1.0254967e+01
   6.6500000e+02   1.0254773e+01
   6.6600000e+02   1.0254786e+01
   6.6700000e+02   1.0254242e+01
   6.6800000e+02   1.0254247e+01
   6.6900000e+02   1.0253800e+01
   6.7000000e+02   1.0253167e+01
   6.7100000e+02   1.0252445e+01
   6.7200000e+02   1.0251323e+01
   6.7300000e+02   1.0249650e+01
   6.7400000e+02   1.0247772e+01
   6.7500000e+02   1.0245712e+01
   6.7600000e+02   1.0242594e+01
   6.7700000e+02   1.0239588e+01
   6.7800000e+02   1.0235708e+01
   6.7900000e+02   1.0231961e+01
   6.8000000e+02   1.0227994e+01
   6.8100000e+02   1.0223831e+01
   6.8200000e+02   1.0220102e+01
   6.8300000e+02   1.0216962e+01
   6.8400000e+02   1.0214025e+01
   6.8500000e+02   1.0212091e+01
   6.8600000e+02   1.0210922e+01
   6.8700000e+02   1.0210434e+01
   6.8800000e+02   1.0210679e+01
   6.8900000e+02   1.0211604e+01
   6.9000000e+02   1.0213174e+01
   6.9100000e+02   1.0214945e+01
   6.9200000e+02   1.0217301e+01
   6.9300000e+02   1.0219730e+01
   6.9400000e+02   1.0222279e+01
   6.9500000e+02   1.0224956e+01
   6.9600000e+02   1.0227589e+01
   6.9700000e+02   1.0230023e+01
   6.9800000e+02   1.0232469e+01
   6.9900000e+02   1.0234453e+01
   7.0000000e+02   1.0236536e+01
   7.0100000e+02   1.0238612e+01
   7.0200000e+02   1.0240212e+01
   7.0300000e+02   1.0241646e+01
   7.0400000e+02   1.0242924e+01
   7.0500000e+02   1.0244387e+01
   7.0600000e+02   1.0245513e+01
   7.0700000e+02   1.0246409e+01
   7.0800000e+02   1.0247410e+01
   7.0900000e+02   1.0248121e+01
   7.1000000e+02   1.0249025e+01
   7.1100000e+02   1.0249981e+01
   7.1200000e+02   1.0250252e+01
   7.1300000e+02   1.0250580e+01
   7.1400000e+02   1.0251133e+01
   7.1500000e+02   1.0251762e+01
   7.1600000e+02   1.0252003e+01
   7.1700000e+02   1.0252391e+01
   7.1800000e+02   1.0252771e+01
   7.1900000e+02   1.0252896e+01
   7.2000000e+02   1.0253284e+01
   7.2100000e+02   1.0253489e+01
   7.2200000e+02   1.0253776e+01
   7.2300000e+02   1.0253939e+01
   7.2400000e+02   1.0253911e+01
   7.2500000e+02   1.0254072e+01
   7.2600000e+02   1.0254260e+01
   7.2700000e+02   1.0254058e+01
   7.2800000e+02   1.0254158e+01
   7.2900000e+02   1.0254313e+01
   7.3000000e+02   1.0254252e+01
   7.3100000e+02   1.0254210e+01
   7.3200000e+02   1.0254400e+01
   7.3300000e+02   1.0254398e+01
   7.3400000e+02   1.0254324e+01
   7.3500000e+02   1.0254236e+01
   7.3600000e+02   1.0254292e+01
   7.3700000e+02   1.0254670e+01
   7.3800000e+02   1.0253991e+01
   7.3900000e+02   1.0254732e+01
   7.4000000e+02   1.0254297e+01
   7.4100000e+02   1.0254187e+01
   7.4200000e+02   1.0254384e+01
   7.4300000e+02   1.0254267e+01
   7.4400000e+02   1.0254409e+01
   7.4500000e+02   1.0254217e+01
   7.4600000e+02   1.0253923e+01
   7.4700000e+02   1.0254151e+01
   7.4800000e+02   1.0254181e+01
   7.4900000e+02   1.0253936e+01
   7.5000000e+02   1.0253977e+01
   7.5100000e+02   1.0254167e+01
   7.5200000e+02   1.0254116e+01
   7.5300000e+02   1.0253831e+01
   7.5400000e+02   1.0254133e+01
   7.5500000e+02   1.0254327e+01
   7.5600000e+02   1.0254306e+01
   7.5700000e+02   1.0254039e+01
   7.5800000e+02   1.0253988e+01
   7.5900000e+02   1.0254380e+01
   7.6000000e+02   1.0254140e+01
   7.6100000e+02   1.0254202e+01
   7.6200000e+02   1.0254030e+01
   7.6300000e+02   1.0254013e+01
   7.6400000e+02   1.0254223e+01
   7.6500000e+02   1.0254216e+01
   7.6600000e+02   1.0254315e+01
   7.6700000e+02   1.0254148e+01
   7.6800000e+02   1.0254359e+01
   7.6900000e+02   1.0254142e+01
   7.7000000e+02   1.0254165e+01
   7.7100000e+02   1.0253882e+01
   7.7200000e+02   1.0254099e+01
   7.7300000e+02   1.0253846e+01
   7.7400000e+02   1.0254059e+01
   7.7500000e+02   1.0253924e+01
   7.7600000e+02   1.0254042e+01
   7.7700000e+02   1.0254120e+01
   7.7800000e+02   1.0254207e+01
   7.7900000e+02   1.0254011e+01
   7.8000000e+02   1.0253938e+01
