   0.0000000e+00   1.0289305e+01
   1.0000000e+00   1.0285004e+01
   2.0000000e+00   1.0284267e+01
   3.0000000e+00   1.0283408e+01
   4.0000000e+00   1.0282691e+01
   5.0000000e+00   1.0282334e+01
   6.0000000e+00   1.0281894e+01
   7.0000000e+00   1.0281542e+01
   8.0000000e+00   1.0281644e+01
   9.0000000e+00   1.0281480e+01
   1.0000000e+01   1.0281219e+01
   1.1000000e+01   1.0281097e+01
   1.2000000e+01   1.0280941e+01
   1.3000000e+01   1.0280747e+01
   1.4000000e+01   1.0280708e+01
   1.5000000e+01   1.0280430e+01
   1.6000000e+01   1.0280255e+01
   1.7000000e+01   1.0280410e+01
   1.8000000e+01   1.0280225e+01
   1.9000000e+01   1.0280222e+01
   2.0000000e+01   1.0279854e+01
   2.1000000e+01   1.0279817e+01
   2.2000000e+01   1.0279840e+01
   2.3000000e+01   1.0279564e+01
   2.4000000e+01   1.0279747e+01
   2.5000000e+01   1.0279655e+01
   2.6000000e+01   1.0279324e+01
   2.7000000e+01   1.0279505e+01
   2.8000000e+01   1.0279745e+01
   2.9000000e+01   1.0279251e+01
   3.0000000e+01   1.0279305e+01
   3.1000000e+01   1.0279106e+01
   3.2000000e+01   1.0278971e+01
   3.3000000e+01   1.0278752e+01
   3.4000000e+01   1.0279015e+01
   3.5000000e+01   1.0278563e+01
   3.6000000e+01   1.0278750e+01
   3.7000000e+01   1.0278285e+01
   3.8000000e+01   1.0278379e+01
   3.9000000e+01   1.0278236e+01
   4.0000000e+01   1.0278064e+01
   4.1000000e+01   1.0277877e+01
   4.2000000e+01   1.0277844e+01
   4.3000000e+01   1.0277981e+01
   4.4000000e+01   1.0278182e+01
   4.5000000e+01   1.0277806e+01
   4.6000000e+01   1.0277928e+01
   4.7000000e+01   1.0277902e+01
   4.8000000e+01   1.0277744e+01
   4.9000000e+01   1.0277861e+01
   5.0000000e+01   1.0277722e+01
   5.1000000e+01   1.0277745e+01
   5.2000000e+01   1.0277795e+01
   5.3000000e+01   1.0277867e+01
   5.4000000e+01   1.0277663e+01
   5.5000000e+01   1.0277711e+01
   5.6000000e+01   1.0277789e+01
   5.7000000e+01   1.0277718e+01
   5.8000000e+01   1.0277701e+01
   5.9000000e+01   1.0277504e+01
   6.0000000e+01   1.0277562e+01
   6.1000000e+01   1.0277459e+01
   6.2000000e+01   1.0277433e+01
   6.3000000e+01   1.0277424e+01
   6.4000000e+01   1.0277361e+01
   6.5000000e+01   1.0277523e+01
   6.6000000e+01   1.0277206e+01
   6.7000000e+01   1.0277368e+01
   6.8000000e+01   1.0277230e+01
   6.9000000e+01   1.0277375e+01
   7.0000000e+01   1.0277111e+01
   7.1000000e+01   1.0277276e+01
   7.2000000e+01   1.0277271e+01
   7.3000000e+01   1.0277038e+01
   7.4000000e+01   1.0277223e+01
   7.5000000e+01   1.0277105e+01
   7.6000000e+01   1.0277088e+01
   7.7000000e+01   1.0277099e+01
   7.8000000e+01   1.0276997e+01
   7.9000000e+01   1.0277178e+01
   8.0000000e+01   1.0277238e+01
   8.1000000e+01   1.0277147e+01
   8.2000000e+01   1.0277178e+01
   8.3000000e+01   1.0277078e+01
   8.4000000e+01   1.0277121e+01
   8.5000000e+01   1.0277179e+01
   8.6000000e+01   1.0277022e+01
   8.7000000e+01   1.0276981e+01
   8.8000000e+01   1.0276668e+01
   8.9000000e+01   1.0276802e+01
   9.0000000e+01   1.0276967e+01
   9.1000000e+01   1.0276652e+01
   9.2000000e+01   1.0276689e+01
   9.3000000e+01   1.0276288e+01
   9.4000000e+01   1.0276690e+01
   9.5000000e+01   1.0276581e+01
   9.6000000e+01   1.0276422e+01
   9.7000000e+01   1.0276521e+01
   9.8000000e+01   1.0276512e+01
   9.9000000e+01   1.0276360e+01
   1.0000000e+02   1.0276693e+01
   1.0100000e+02   1.0276272e+01
   1.0200000e+02   1.0276254e+01
   1.0300000e+02   1.0276451e+01
   1.0400000e+02   1.0276192e+01
   1.0500000e+02   1.0276259e+01
   1.0600000e+02   1.0275991e+01
   1.0700000e+02   1.0276077e+01
   1.0800000e+02   1.0276074e+01
   1.0900000e+02   1.0275897e+01
   1.1000000e+02   1.0276166e+01
   1.1100000e+02   1.0275771e+01
   1.1200000e+02   1.0275891e+01
   1.1300000e+02   1.0275968e+01
   1.1400000e+02   1.0275759e+01
   1.1500000e+02   1.0275787e+01
   1.1600000e+02   1.0275819e+01
   1.1700000e+02   1.0275671e+01
   1.1800000e+02   1.0275745e+01
   1.1900000e+02   1.0275913e+01
   1.2000000e+02   1.0275909e+01
   1.2100000e+02   1.0275828e+01
   1.2200000e+02   1.0275667e+01
   1.2300000e+02   1.0275717e+01
   1.2400000e+02   1.0275954e+01
   1.2500000e+02   1.0275874e+01
   1.2600000e+02   1.0275691e+01
   1.2700000e+02   1.0275983e+01
   1.2800000e+02   1.0275721e+01
   1.2900000e+02   1.0275778e+01
   1.3000000e+02   1.0275575e+01
   1.3100000e+02   1.0275660e+01
   1.3200000e+02   1.0275674e+01
   1.3300000e+02   1.0275363e+01
   1.3400000e+02   1.0275493e+01
   1.3500000e+02   1.0275621e+01
   1.3600000e+02   1.0275675e+01
   1.3700000e+02   1.0275411e+01
   1.3800000e+02   1.0275383e+01
   1.3900000e+02   1.0275152e+01
   1.4000000e+02   1.0275481e+01
   1.4100000e+02   1.0275266e+01
   1.4200000e+02   1.0275141e+01
   1.4300000e+02   1.0275412e+01
   1.4400000e+02   1.0275252e+01
   1.4500000e+02   1.0275452e+01
   1.4600000e+02   1.0275113e+01
   1.4700000e+02   1.0275339e+01
   1.4800000e+02   1.0275311e+01
   1.4900000e+02   1.0275145e+01
   1.5000000e+02   1.0275198e+01
   1.5100000e+02   1.0275499e+01
   1.5200000e+02   1.0275502e+01
   1.5300000e+02   1.0275238e+01
   1.5400000e+02   1.0275332e+01
   1.5500000e+02   1.0275193e+01
   1.5600000e+02   1.0275039e+01
   1.5700000e+02   1.0274816e+01
   1.5800000e+02   1.0275023e+01
   1.5900000e+02   1.0275168e+01
   1.6000000e+02   1.0275355e+01
   1.6100000e+02   1.0275009e+01
   1.6200000e+02   1.0275093e+01
   1.6300000e+02   1.0274951e+01
   1.6400000e+02   1.0275053e+01
   1.6500000e+02   1.0274796e+01
   1.6600000e+02   1.0273877e+01
   1.6700000e+02   1.0266578e+01
   1.6800000e+02   1.0249410e+01
   1.6900000e+02   1.0243660e+01
   1.7000000e+02   1.0252928e+01
   1.7100000e+02   1.0262698e+01
   1.7200000e+02   1.0268049e+01
   1.7300000e+02   1.0269365e+01
   1.7400000e+02   1.0269623e+01
   1.7500000e+02   1.0269690e+01
   1.7600000e+02   1.0270213e+01
   1.7700000e+02   1.0270415e+01
   1.7800000e+02   1.0268002e+01
   1.7900000e+02   1.0233615e+01
   1.8000000e+02   1.0205824e+01
   1.8100000e+02   1.0212605e+01
   1.8200000e+02   1.0216714e+01
   1.8300000e+02   1.0221858e+01
   1.8400000e+02   1.0228015e+01
   1.8500000e+02   1.0232184e+01
   1.8600000e+02   1.0233844e+01
   1.8700000e+02   1.0233690e+01
   1.8800000e+02   1.0234256e+01
   1.8900000e+02   1.0237386e+01
   1.9000000e+02   1.0244036e+01
   1.9100000e+02   1.0249537e+01
   1.9200000e+02   1.0254214e+01
   1.9300000e+02   1.0258980e+01
   1.9400000e+02   1.0262878e+01
   1.9500000e+02   1.0264789e+01
   1.9600000e+02   1.0266621e+01
   1.9700000e+02   1.0267439e+01
   1.9800000e+02   1.0268477e+01
   1.9900000e+02   1.0268825e+01
   2.0000000e+02   1.0269344e+01
   2.0100000e+02   1.0269948e+01
   2.0200000e+02   1.0270205e+01
   2.0300000e+02   1.0270445e+01
   2.0400000e+02   1.0270815e+01
   2.0500000e+02   1.0271394e+01
   2.0600000e+02   1.0271624e+01
   2.0700000e+02   1.0272269e+01
   2.0800000e+02   1.0272662e+01
   2.0900000e+02   1.0272629e+01
   2.1000000e+02   1.0273112e+01
   2.1100000e+02   1.0273382e+01
   2.1200000e+02   1.0273541e+01
   2.1300000e+02   1.0273542e+01
   2.1400000e+02   1.0273606e+01
   2.1500000e+02   1.0273622e+01
   2.1600000e+02   1.0273796e+01
   2.1700000e+02   1.0273891e+01
   2.1800000e+02   1.0273625e+01
   2.1900000e+02   1.0273691e+01
   2.2000000e+02   1.0273828e+01
   2.2100000e+02   1.0273660e+01
   2.2200000e+02   1.0273636e+01
   2.2300000e+02   1.0273690e+01
   2.2400000e+02   1.0273639e+01
   2.2500000e+02   1.0273520e+01
   2.2600000e+02   1.0273635e+01
   2.2700000e+02   1.0273644e+01
   2.2800000e+02   1.0273715e+01
   2.2900000e+02   1.0273688e+01
   2.3000000e+02   1.0273896e+01
   2.3100000e+02   1.0273716e+01
   2.3200000e+02   1.0273588e+01
   2.3300000e+02   1.0273738e+01
   2.3400000e+02   1.0273889e+01
   2.3500000e+02   1.0273904e+01
   2.3600000e+02   1.0273636e+01
   2.3700000e+02   1.0273736e+01
   2.3800000e+02   1.0273813e+01
   2.3900000e+02   1.0273793e+01
   2.4000000e+02   1.0273832e+01
   2.4100000e+02   1.0273710e+01
   2.4200000e+02   1.0273778e+01
   2.4300000e+02   1.0273558e+01
   2.4400000e+02   1.0273623e+01
   2.4500000e+02   1.0273178e+01
   2.4600000e+02   1.0272626e+01
   2.4700000e+02   1.0272214e+01
   2.4800000e+02   1.0272145e+01
   2.4900000e+02   1.0271852e+01
   2.5000000e+02   1.0271972e+01
   2.5100000e+02   1.0271994e+01
   2.5200000e+02   1.0272189e+01
   2.5300000e+02   1.0272008e+01
   2.5400000e+02   1.0272271e+01
   2.5500000e+02   1.0272102e+01
   2.5600000e+02   1.0272257e+01
   2.5700000e+02   1.0271745e+01
   2.5800000e+02   1.0271794e+01
   2.5900000e+02   1.0271461e+01
   2.6000000e+02   1.0271397e+01
   2.6100000e+02   1.0271358e+01
   2.6200000e+02   1.0271594e+01
   2.6300000e+02   1.0271227e+01
   2.6400000e+02   1.0271294e+01
   2.6500000e+02   1.0271398e+01
   2.6600000e+02   1.0271427e+01
   2.6700000e+02   1.0271750e+01
   2.6800000e+02   1.0271936e+01
   2.6900000e+02   1.0271876e+01
   2.7000000e+02   1.0272144e+01
   2.7100000e+02   1.0271970e+01
   2.7200000e+02   1.0272111e+01
   2.7300000e+02   1.0271952e+01
   2.7400000e+02   1.0272039e+01
   2.7500000e+02   1.0272283e+01
   2.7600000e+02   1.0272143e+01
   2.7700000e+02   1.0272270e+01
   2.7800000e+02   1.0272286e+01
   2.7900000e+02   1.0272355e+01
   2.8000000e+02   1.0272264e+01
   2.8100000e+02   1.0272572e+01
   2.8200000e+02   1.0272603e+01
   2.8300000e+02   1.0272420e+01
   2.8400000e+02   1.0272278e+01
   2.8500000e+02   1.0272536e+01
   2.8600000e+02   1.0272658e+01
   2.8700000e+02   1.0272411e+01
   2.8800000e+02   1.0272655e+01
   2.8900000e+02   1.0272455e+01
   2.9000000e+02   1.0272803e+01
   2.9100000e+02   1.0272017e+01
   2.9200000e+02   1.0272559e+01
   2.9300000e+02   1.0272791e+01
   2.9400000e+02   1.0272366e+01
   2.9500000e+02   1.0272397e+01
   2.9600000e+02   1.0272451e+01
   2.9700000e+02   1.0272765e+01
   2.9800000e+02   1.0272389e+01
   2.9900000e+02   1.0272585e+01
   3.0000000e+02   1.0272080e+01
   3.0100000e+02   1.0271840e+01
   3.0200000e+02   1.0271462e+01
   3.0300000e+02   1.0271156e+01
   3.0400000e+02   1.0270572e+01
   3.0500000e+02   1.0269638e+01
   3.0600000e+02   1.0268604e+01
   3.0700000e+02   1.0267338e+01
   3.0800000e+02   1.0265616e+01
   3.0900000e+02   1.0263748e+01
   3.1000000e+02   1.0261889e+01
   3.1100000e+02   1.0260503e+01
   3.1200000e+02   1.0259877e+01
   3.1300000e+02   1.0259368e+01
   3.1400000e+02   1.0259373e+01
   3.1500000e+02   1.0258926e+01
   3.1600000e+02   1.0257723e+01
   3.1700000e+02   1.0255501e+01
   3.1800000e+02   1.0252644e+01
   3.1900000e+02   1.0249675e+01
   3.2000000e+02   1.0247269e+01
   3.2100000e+02   1.0245059e+01
   3.2200000e+02   1.0244285e+01
   3.2300000e+02   1.0243743e+01
   3.2400000e+02   1.0244406e+01
   3.2500000e+02   1.0245443e+01
   3.2600000e+02   1.0247237e+01
   3.2700000e+02   1.0248981e+01
   3.2800000e+02   1.0250928e+01
   3.2900000e+02   1.0253157e+01
   3.3000000e+02   1.0254891e+01
   3.3100000e+02   1.0256354e+01
   3.3200000e+02   1.0257390e+01
   3.3300000e+02   1.0258411e+01
   3.3400000e+02   1.0258616e+01
   3.3500000e+02   1.0258970e+01
   3.3600000e+02   1.0258693e+01
   3.3700000e+02   1.0258561e+01
   3.3800000e+02   1.0258731e+01
   3.3900000e+02   1.0258925e+01
   3.4000000e+02   1.0259184e+01
   3.4100000e+02   1.0259923e+01
   3.4200000e+02   1.0261102e+01
   3.4300000e+02   1.0262219e+01
   3.4400000e+02   1.0262963e+01
   3.4500000e+02   1.0264194e+01
   3.4600000e+02   1.0264980e+01
   3.4700000e+02   1.0265241e+01
   3.4800000e+02   1.0266193e+01
   3.4900000e+02   1.0266740e+01
   3.5000000e+02   1.0267173e+01
   3.5100000e+02   1.0267989e+01
   3.5200000e+02   1.0268032e+01
   3.5300000e+02   1.0268553e+01
   3.5400000e+02   1.0269027e+01
   3.5500000e+02   1.0269236e+01
   3.5600000e+02   1.0269398e+01
   3.5700000e+02   1.0269578e+01
   3.5800000e+02   1.0269697e+01
   3.5900000e+02   1.0269496e+01
   3.6000000e+02   1.0269843e+01
   3.6100000e+02   1.0269581e+01
   3.6200000e+02   1.0269589e+01
   3.6300000e+02   1.0269687e+01
   3.6400000e+02   1.0269811e+01
   3.6500000e+02   1.0269749e+01
   3.6600000e+02   1.0270276e+01
   3.6700000e+02   1.0269846e+01
   3.6800000e+02   1.0270369e+01
   3.6900000e+02   1.0270440e+01
   3.7000000e+02   1.0270440e+01
   3.7100000e+02   1.0270589e+01
   3.7200000e+02   1.0270354e+01
   3.7300000e+02   1.0270831e+01
   3.7400000e+02   1.0270864e+01
   3.7500000e+02   1.0270828e+01
   3.7600000e+02   1.0270803e+01
   3.7700000e+02   1.0271141e+01
   3.7800000e+02   1.0271167e+01
   3.7900000e+02   1.0270996e+01
   3.8000000e+02   1.0271039e+01
   3.8100000e+02   1.0271147e+01
   3.8200000e+02   1.0270953e+01
   3.8300000e+02   1.0271285e+01
   3.8400000e+02   1.0271066e+01
   3.8500000e+02   1.0270754e+01
   3.8600000e+02   1.0270739e+01
   3.8700000e+02   1.0270651e+01
   3.8800000e+02   1.0270298e+01
   3.8900000e+02   1.0270165e+01
   3.9000000e+02   1.0270112e+01
   3.9100000e+02   1.0270348e+01
   3.9200000e+02   1.0269971e+01
   3.9300000e+02   1.0270313e+01
   3.9400000e+02   1.0270207e+01
   3.9500000e+02   1.0270231e+01
   3.9600000e+02   1.0270339e+01
   3.9700000e+02   1.0270455e+01
   3.9800000e+02   1.0270543e+01
   3.9900000e+02   1.0270636e+01
   4.0000000e+02   1.0270792e+01
   4.0100000e+02   1.0270691e+01
   4.0200000e+02   1.0270838e+01
   4.0300000e+02   1.0271083e+01
   4.0400000e+02   1.0270555e+01
   4.0500000e+02   1.0270898e+01
   4.0600000e+02   1.0271046e+01
   4.0700000e+02   1.0271150e+01
   4.0800000e+02   1.0270858e+01
   4.0900000e+02   1.0271006e+01
   4.1000000e+02   1.0271062e+01
   4.1100000e+02   1.0271309e+01
   4.1200000e+02   1.0270963e+01
   4.1300000e+02   1.0271115e+01
   4.1400000e+02   1.0271193e+01
   4.1500000e+02   1.0271431e+01
   4.1600000e+02   1.0271199e+01
   4.1700000e+02   1.0271360e+01
   4.1800000e+02   1.0271094e+01
   4.1900000e+02   1.0271326e+01
   4.2000000e+02   1.0270984e+01
   4.2100000e+02   1.0271333e+01
   4.2200000e+02   1.0271014e+01
   4.2300000e+02   1.0270962e+01
   4.2400000e+02   1.0271183e+01
   4.2500000e+02   1.0270977e+01
   4.2600000e+02   1.0270859e+01
   4.2700000e+02   1.0271131e+01
   4.2800000e+02   1.0270694e+01
   4.2900000e+02   1.0270867e+01
   4.3000000e+02   1.0271194e+01
   4.3100000e+02   1.0270986e+01
   4.3200000e+02   1.0270931e+01
   4.3300000e+02   1.0270886e+01
   4.3400000e+02   1.0270635e+01
   4.3500000e+02   1.0270429e+01
   4.3600000e+02   1.0269868e+01
   4.3700000e+02   1.0269078e+01
   4.3800000e+02   1.0267876e+01
   4.3900000e+02   1.0265290e+01
   4.4000000e+02   1.0261705e+01
   4.4100000e+02   1.0256712e+01
   4.4200000e+02   1.0249957e+01
   4.4300000e+02   1.0240999e+01
   4.4400000e+02   1.0230610e+01
   4.4500000e+02   1.0219693e+01
   4.4600000e+02   1.0209017e+01
   4.4700000e+02   1.0199760e+01
   4.4800000e+02   1.0193369e+01
   4.4900000e+02   1.0189563e+01
   4.5000000e+02   1.0189045e+01
   4.5100000e+02   1.0190878e+01
   4.5200000e+02   1.0195184e+01
   4.5300000e+02   1.0200945e+01
   4.5400000e+02   1.0207098e+01
   4.5500000e+02   1.0213069e+01
   4.5600000e+02   1.0218609e+01
   4.5700000e+02   1.0223746e+01
   4.5800000e+02   1.0228244e+01
   4.5900000e+02   1.0231828e+01
   4.6000000e+02   1.0235347e+01
   4.6100000e+02   1.0238183e+01
   4.6200000e+02   1.0241479e+01
   4.6300000e+02   1.0243752e+01
   4.6400000e+02   1.0246105e+01
   4.6500000e+02   1.0248718e+01
   4.6600000e+02   1.0250613e+01
   4.6700000e+02   1.0252339e+01
   4.6800000e+02   1.0253769e+01
   4.6900000e+02   1.0255165e+01
   4.7000000e+02   1.0256420e+01
   4.7100000e+02   1.0257672e+01
   4.7200000e+02   1.0258491e+01
   4.7300000e+02   1.0259558e+01
   4.7400000e+02   1.0260468e+01
   4.7500000e+02   1.0261803e+01
   4.7600000e+02   1.0262507e+01
   4.7700000e+02   1.0263395e+01
   4.7800000e+02   1.0264310e+01
   4.7900000e+02   1.0265144e+01
   4.8000000e+02   1.0266201e+01
   4.8100000e+02   1.0266758e+01
   4.8200000e+02   1.0267199e+01
   4.8300000e+02   1.0267910e+01
   4.8400000e+02   1.0268239e+01
   4.8500000e+02   1.0268579e+01
   4.8600000e+02   1.0268456e+01
   4.8700000e+02   1.0269030e+01
   4.8800000e+02   1.0269298e+01
   4.8900000e+02   1.0269522e+01
   4.9000000e+02   1.0269670e+01
   4.9100000e+02   1.0269614e+01
   4.9200000e+02   1.0269758e+01
   4.9300000e+02   1.0269914e+01
   4.9400000e+02   1.0270020e+01
   4.9500000e+02   1.0269826e+01
   4.9600000e+02   1.0270039e+01
   4.9700000e+02   1.0270033e+01
   4.9800000e+02   1.0270312e+01
   4.9900000e+02   1.0270213e+01
   5.0000000e+02   1.0270471e+01
   5.0100000e+02   1.0269942e+01
   5.0200000e+02   1.0270375e+01
   5.0300000e+02   1.0270184e+01
   5.0400000e+02   1.0270260e+01
   5.0500000e+02   1.0270317e+01
   5.0600000e+02   1.0270255e+01
   5.0700000e+02   1.0269980e+01
   5.0800000e+02   1.0269972e+01
   5.0900000e+02   1.0270329e+01
   5.1000000e+02   1.0270252e+01
   5.1100000e+02   1.0270410e+01
   5.1200000e+02   1.0269949e+01
   5.1300000e+02   1.0270125e+01
   5.1400000e+02   1.0270200e+01
   5.1500000e+02   1.0270258e+01
   5.1600000e+02   1.0270042e+01
   5.1700000e+02   1.0270021e+01
   5.1800000e+02   1.0270324e+01
   5.1900000e+02   1.0270127e+01
   5.2000000e+02   1.0270324e+01
   5.2100000e+02   1.0270513e+01
   5.2200000e+02   1.0270364e+01
   5.2300000e+02   1.0270223e+01
   5.2400000e+02   1.0270390e+01
   5.2500000e+02   1.0270269e+01
   5.2600000e+02   1.0270133e+01
   5.2700000e+02   1.0270145e+01
   5.2800000e+02   1.0270220e+01
   5.2900000e+02   1.0270123e+01
   5.3000000e+02   1.0269905e+01
   5.3100000e+02   1.0270222e+01
   5.3200000e+02   1.0270029e+01
   5.3300000e+02   1.0269893e+01
   5.3400000e+02   1.0269766e+01
   5.3500000e+02   1.0269916e+01
   5.3600000e+02   1.0270030e+01
   5.3700000e+02   1.0269817e+01
   5.3800000e+02   1.0269884e+01
   5.3900000e+02   1.0270000e+01
   5.4000000e+02   1.0269776e+01
   5.4100000e+02   1.0269887e+01
   5.4200000e+02   1.0270086e+01
   5.4300000e+02   1.0269885e+01
   5.4400000e+02   1.0269808e+01
   5.4500000e+02   1.0269715e+01
   5.4600000e+02   1.0269865e+01
   5.4700000e+02   1.0269775e+01
   5.4800000e+02   1.0269772e+01
   5.4900000e+02   1.0269791e+01
   5.5000000e+02   1.0269848e+01
   5.5100000e+02   1.0270086e+01
   5.5200000e+02   1.0269571e+01
   5.5300000e+02   1.0269948e+01
   5.5400000e+02   1.0269661e+01
   5.5500000e+02   1.0270179e+01
   5.5600000e+02   1.0269999e+01
   5.5700000e+02   1.0269893e+01
   5.5800000e+02   1.0269858e+01
   5.5900000e+02   1.0269941e+01
   5.6000000e+02   1.0270052e+01
   5.6100000e+02   1.0269760e+01
   5.6200000e+02   1.0270157e+01
   5.6300000e+02   1.0269960e+01
   5.6400000e+02   1.0269892e+01
   5.6500000e+02   1.0270027e+01
   5.6600000e+02   1.0270019e+01
   5.6700000e+02   1.0269834e+01
   5.6800000e+02   1.0269897e+01
   5.6900000e+02   1.0269866e+01
   5.7000000e+02   1.0269783e+01
   5.7100000e+02   1.0269835e+01
   5.7200000e+02   1.0269620e+01
   5.7300000e+02   1.0269571e+01
   5.7400000e+02   1.0269719e+01
   5.7500000e+02   1.0269602e+01
   5.7600000e+02   1.0269927e+01
   5.7700000e+02   1.0269518e+01
   5.7800000e+02   1.0269844e+01
   5.7900000e+02   1.0269835e+01
   5.8000000e+02   1.0269622e+01
   5.8100000e+02   1.0269766e+01
   5.8200000e+02   1.0269592e+01
   5.8300000e+02   1.0269399e+01
   5.8400000e+02   1.0269341e+01
   5.8500000e+02   1.0269414e+01
   5.8600000e+02   1.0269434e+01
   5.8700000e+02   1.0269300e+01
   5.8800000e+02   1.0269281e+01
   5.8900000e+02   1.0269503e+01
   5.9000000e+02   1.0269456e+01
   5.9100000e+02   1.0269238e+01
   5.9200000e+02   1.0269564e+01
   5.9300000e+02   1.0269415e+01
   5.9400000e+02   1.0269784e+01
   5.9500000e+02   1.0269672e+01
   5.9600000e+02   1.0269377e+01
   5.9700000e+02   1.0269594e+01
   5.9800000e+02   1.0269616e+01
   5.9900000e+02   1.0269624e+01
   6.0000000e+02   1.0269867e+01
   6.0100000e+02   1.0269855e+01
   6.0200000e+02   1.0269816e+01
   6.0300000e+02   1.0269369e+01
   6.0400000e+02   1.0269656e+01
   6.0500000e+02   1.0269648e+01
   6.0600000e+02   1.0269556e+01
   6.0700000e+02   1.0269471e+01
   6.0800000e+02   1.0269769e+01
   6.0900000e+02   1.0269572e+01
   6.1000000e+02   1.0269709e+01
   6.1100000e+02   1.0269477e+01
   6.1200000e+02   1.0269727e+01
   6.1300000e+02   1.0269460e+01
   6.1400000e+02   1.0269166e+01
   6.1500000e+02   1.0269516e+01
   6.1600000e+02   1.0269405e+01
   6.1700000e+02   1.0269499e+01
   6.1800000e+02   1.0269489e+01
   6.1900000e+02   1.0269330e+01
   6.2000000e+02   1.0269072e+01
   6.2100000e+02   1.0269476e+01
   6.2200000e+02   1.0269398e+01
   6.2300000e+02   1.0269351e+01
   6.2400000e+02   1.0269241e+01
   6.2500000e+02   1.0269356e+01
   6.2600000e+02   1.0269029e+01
   6.2700000e+02   1.0269413e+01
   6.2800000e+02   1.0269411e+01
   6.2900000e+02   1.0269147e+01
   6.3000000e+02   1.0269225e+01
   6.3100000e+02   1.0269243e+01
   6.3200000e+02   1.0268814e+01
   6.3300000e+02   1.0268936e+01
   6.3400000e+02   1.0269127e+01
   6.3500000e+02   1.0269047e+01
   6.3600000e+02   1.0269000e+01
   6.3700000e+02   1.0269014e+01
   6.3800000e+02   1.0269014e+01
   6.3900000e+02   1.0269128e+01
   6.4000000e+02   1.0268895e+01
   6.4100000e+02   1.0269084e+01
   6.4200000e+02   1.0268914e+01
   6.4300000e+02   1.0269144e+01
   6.4400000e+02   1.0268881e+01
   6.4500000e+02   1.0268936e+01
   6.4600000e+02   1.0268876e+01
   6.4700000e+02   1.0269296e+01
   6.4800000e+02   1.0269258e+01
   6.4900000e+02   1.0269091e+01
   6.5000000e+02   1.0269180e+01
   6.5100000e+02   1.0269333e+01
   6.5200000e+02   1.0269032e+01
   6.5300000e+02   1.0269147e+01
   6.5400000e+02   1.0268972e+01
   6.5500000e+02   1.0268884e+01
   6.5600000e+02   1.0269139e+01
   6.5700000e+02   1.0268930e+01
   6.5800000e+02   1.0268948e+01
   6.5900000e+02   1.0268873e+01
   6.6000000e+02   1.0269016e+01
   6.6100000e+02   1.0268995e+01
   6.6200000e+02   1.0268965e+01
   6.6300000e+02   1.0268896e+01
   6.6400000e+02   1.0268939e+01
   6.6500000e+02   1.0268582e+01
   6.6600000e+02   1.0268648e+01
   6.6700000e+02   1.0268632e+01
   6.6800000e+02   1.0268372e+01
   6.6900000e+02   1.0268615e+01
   6.7000000e+02   1.0268217e+01
   6.7100000e+02   1.0268102e+01
   6.7200000e+02   1.0267778e+01
   6.7300000e+02   1.0267461e+01
   6.7400000e+02   1.0266724e+01
   6.7500000e+02   1.0266672e+01
   6.7600000e+02   1.0265471e+01
   6.7700000e+02   1.0264940e+01
   6.7800000e+02   1.0263880e+01
   6.7900000e+02   1.0263038e+01
   6.8000000e+02   1.0262331e+01
   6.8100000e+02   1.0261551e+01
   6.8200000e+02   1.0260500e+01
   6.8300000e+02   1.0259692e+01
   6.8400000e+02   1.0259059e+01
   6.8500000e+02   1.0258644e+01
   6.8600000e+02   1.0258246e+01
   6.8700000e+02   1.0258050e+01
   6.8800000e+02   1.0258011e+01
   6.8900000e+02   1.0258118e+01
   6.9000000e+02   1.0258562e+01
   6.9100000e+02   1.0258906e+01
   6.9200000e+02   1.0259269e+01
   6.9300000e+02   1.0259687e+01
   6.9400000e+02   1.0260455e+01
   6.9500000e+02   1.0261024e+01
   6.9600000e+02   1.0261324e+01
   6.9700000e+02   1.0262219e+01
   6.9800000e+02   1.0262508e+01
   6.9900000e+02   1.0262908e+01
   7.0000000e+02   1.0263599e+01
   7.0100000e+02   1.0263898e+01
   7.0200000e+02   1.0264160e+01
   7.0300000e+02   1.0264701e+01
   7.0400000e+02   1.0264927e+01
   7.0500000e+02   1.0265206e+01
   7.0600000e+02   1.0265428e+01
   7.0700000e+02   1.0265705e+01
   7.0800000e+02   1.0265924e+01
   7.0900000e+02   1.0266316e+01
   7.1000000e+02   1.0266252e+01
   7.1100000e+02   1.0266538e+01
   7.1200000e+02   1.0266788e+01
   7.1300000e+02   1.0266743e+01
   7.1400000e+02   1.0267294e+01
   7.1500000e+02   1.0267586e+01
   7.1600000e+02   1.0267354e+01
   7.1700000e+02   1.0267692e+01
   7.1800000e+02   1.0267569e+01
   7.1900000e+02   1.0267743e+01
   7.2000000e+02   1.0267889e+01
   7.2100000e+02   1.0267700e+01
   7.2200000e+02   1.0267978e+01
   7.2300000e+02   1.0268240e+01
   7.2400000e+02   1.0268274e+01
   7.2500000e+02   1.0268348e+01
   7.2600000e+02   1.0268191e+01
   7.2700000e+02   1.0268280e+01
   7.2800000e+02   1.0268042e+01
   7.2900000e+02   1.0268081e+01
   7.3000000e+02   1.0268275e+01
   7.3100000e+02   1.0268214e+01
   7.3200000e+02   1.0268256e+01
   7.3300000e+02   1.0268363e+01
   7.3400000e+02   1.0268359e+01
   7.3500000e+02   1.0268472e+01
   7.3600000e+02   1.0268217e+01
   7.3700000e+02   1.0268168e+01
   7.3800000e+02   1.0268237e+01
   7.3900000e+02   1.0268120e+01
   7.4000000e+02   1.0268444e+01
   7.4100000e+02   1.0268412e+01
   7.4200000e+02   1.0268268e+01
   7.4300000e+02   1.0268364e+01
   7.4400000e+02   1.0268235e+01
   7.4500000e+02   1.0268355e+01
   7.4600000e+02   1.0268330e+01
   7.4700000e+02   1.0268128e+01
   7.4800000e+02   1.0268551e+01
   7.4900000e+02   1.0268342e+01
   7.5000000e+02   1.0268193e+01
   7.5100000e+02   1.0268498e+01
   7.5200000e+02   1.0268167e+01
   7.5300000e+02   1.0268417e+01
   7.5400000e+02   1.0268176e+01
   7.5500000e+02   1.0268222e+01
   7.5600000e+02   1.0268428e+01
   7.5700000e+02   1.0268181e+01
   7.5800000e+02   1.0268330e+01
   7.5900000e+02   1.0268399e+01
   7.6000000e+02   1.0268137e+01
   7.6100000e+02   1.0267923e+01
   7.6200000e+02   1.0267951e+01
   7.6300000e+02   1.0268441e+01
   7.6400000e+02   1.0267987e+01
   7.6500000e+02   1.0268087e+01
   7.6600000e+02   1.0268044e+01
   7.6700000e+02   1.0268020e+01
   7.6800000e+02   1.0268133e+01
   7.6900000e+02   1.0267694e+01
   7.7000000e+02   1.0268071e+01
   7.7100000e+02   1.0267826e+01
   7.7200000e+02   1.0268053e+01
   7.7300000e+02   1.0268119e+01
   7.7400000e+02   1.0267911e+01
   7.7500000e+02   1.0267897e+01
   7.7600000e+02   1.0267893e+01
   7.7700000e+02   1.0268326e+01
   7.7800000e+02   1.0267946e+01
   7.7900000e+02   1.0267933e+01
   7.8000000e+02   1.0268008e+01
