   0.0000000e+00   1.0270171e+01
   1.0000000e+00   1.0265191e+01
   2.0000000e+00   1.0264357e+01
   3.0000000e+00   1.0263365e+01
   4.0000000e+00   1.0262874e+01
   5.0000000e+00   1.0262520e+01
   6.0000000e+00   1.0262193e+01
   7.0000000e+00   1.0262034e+01
   8.0000000e+00   1.0261452e+01
   9.0000000e+00   1.0261469e+01
   1.0000000e+01   1.0261015e+01
   1.1000000e+01   1.0260677e+01
   1.2000000e+01   1.0260879e+01
   1.3000000e+01   1.0260405e+01
   1.4000000e+01   1.0260077e+01
   1.5000000e+01   1.0260022e+01
   1.6000000e+01   1.0259854e+01
   1.7000000e+01   1.0259469e+01
   1.8000000e+01   1.0259357e+01
   1.9000000e+01   1.0259117e+01
   2.0000000e+01   1.0259088e+01
   2.1000000e+01   1.0259002e+01
   2.2000000e+01   1.0258748e+01
   2.3000000e+01   1.0258492e+01
   2.4000000e+01   1.0258265e+01
   2.5000000e+01   1.0258233e+01
   2.6000000e+01   1.0258085e+01
   2.7000000e+01   1.0257951e+01
   2.8000000e+01   1.0257948e+01
   2.9000000e+01   1.0257963e+01
   3.0000000e+01   1.0257922e+01
   3.1000000e+01   1.0257757e+01
   3.2000000e+01   1.0257630e+01
   3.3000000e+01   1.0257660e+01
   3.4000000e+01   1.0257436e+01
   3.5000000e+01   1.0257272e+01
   3.6000000e+01   1.0257250e+01
   3.7000000e+01   1.0257038e+01
   3.8000000e+01   1.0256934e+01
   3.9000000e+01   1.0256959e+01
   4.0000000e+01   1.0256799e+01
   4.1000000e+01   1.0256888e+01
   4.2000000e+01   1.0256728e+01
   4.3000000e+01   1.0256639e+01
   4.4000000e+01   1.0256605e+01
   4.5000000e+01   1.0256578e+01
   4.6000000e+01   1.0256373e+01
   4.7000000e+01   1.0256445e+01
   4.8000000e+01   1.0256308e+01
   4.9000000e+01   1.0256448e+01
   5.0000000e+01   1.0256117e+01
   5.1000000e+01   1.0256249e+01
   5.2000000e+01   1.0255685e+01
   5.3000000e+01   1.0256012e+01
   5.4000000e+01   1.0256171e+01
   5.5000000e+01   1.0255797e+01
   5.6000000e+01   1.0255747e+01
   5.7000000e+01   1.0255861e+01
   5.8000000e+01   1.0255603e+01
   5.9000000e+01   1.0255527e+01
   6.0000000e+01   1.0255582e+01
   6.1000000e+01   1.0255661e+01
   6.2000000e+01   1.0255509e+01
   6.3000000e+01   1.0255036e+01
   6.4000000e+01   1.0255168e+01
   6.5000000e+01   1.0255095e+01
   6.6000000e+01   1.0254878e+01
   6.7000000e+01   1.0254683e+01
   6.8000000e+01   1.0254653e+01
   6.9000000e+01   1.0254572e+01
   7.0000000e+01   1.0254606e+01
   7.1000000e+01   1.0254502e+01
   7.2000000e+01   1.0254529e+01
   7.3000000e+01   1.0254327e+01
   7.4000000e+01   1.0254390e+01
   7.5000000e+01   1.0254326e+01
   7.6000000e+01   1.0254382e+01
   7.7000000e+01   1.0254247e+01
   7.8000000e+01   1.0254154e+01
   7.9000000e+01   1.0253903e+01
   8.0000000e+01   1.0253836e+01
   8.1000000e+01   1.0253789e+01
   8.2000000e+01   1.0253885e+01
   8.3000000e+01   1.0254000e+01
   8.4000000e+01   1.0253640e+01
   8.5000000e+01   1.0253887e+01
   8.6000000e+01   1.0253568e+01
   8.7000000e+01   1.0253361e+01
   8.8000000e+01   1.0253450e+01
   8.9000000e+01   1.0253413e+01
   9.0000000e+01   1.0253357e+01
   9.1000000e+01   1.0253427e+01
   9.2000000e+01   1.0253420e+01
   9.3000000e+01   1.0253359e+01
   9.4000000e+01   1.0253170e+01
   9.5000000e+01   1.0253345e+01
   9.6000000e+01   1.0253280e+01
   9.7000000e+01   1.0253092e+01
   9.8000000e+01   1.0253094e+01
   9.9000000e+01   1.0253018e+01
   1.0000000e+02   1.0253113e+01
   1.0100000e+02   1.0252998e+01
   1.0200000e+02   1.0252816e+01
   1.0300000e+02   1.0252644e+01
   1.0400000e+02   1.0252729e+01
   1.0500000e+02   1.0252719e+01
   1.0600000e+02   1.0252759e+01
   1.0700000e+02   1.0252701e+01
   1.0800000e+02   1.0252482e+01
   1.0900000e+02   1.0252527e+01
   1.1000000e+02   1.0252652e+01
   1.1100000e+02   1.0252554e+01
   1.1200000e+02   1.0252419e+01
   1.1300000e+02   1.0252441e+01
   1.1400000e+02   1.0252262e+01
   1.1500000e+02   1.0252169e+01
   1.1600000e+02   1.0252346e+01
   1.1700000e+02   1.0252065e+01
   1.1800000e+02   1.0252021e+01
   1.1900000e+02   1.0252150e+01
   1.2000000e+02   1.0252022e+01
   1.2100000e+02   1.0251943e+01
   1.2200000e+02   1.0252029e+01
   1.2300000e+02   1.0251966e+01
   1.2400000e+02   1.0251888e+01
   1.2500000e+02   1.0252080e+01
   1.2600000e+02   1.0251818e+01
   1.2700000e+02   1.0251519e+01
   1.2800000e+02   1.0251471e+01
   1.2900000e+02   1.0251517e+01
   1.3000000e+02   1.0251664e+01
   1.3100000e+02   1.0251446e+01
   1.3200000e+02   1.0251537e+01
   1.3300000e+02   1.0251485e+01
   1.3400000e+02   1.0251435e+01
   1.3500000e+02   1.0251438e+01
   1.3600000e+02   1.0251547e+01
   1.3700000e+02   1.0251461e+01
   1.3800000e+02   1.0251210e+01
   1.3900000e+02   1.0251505e+01
   1.4000000e+02   1.0251246e+01
   1.4100000e+02   1.0251401e+01
   1.4200000e+02   1.0251314e+01
   1.4300000e+02   1.0251315e+01
   1.4400000e+02   1.0251248e+01
   1.4500000e+02   1.0251047e+01
   1.4600000e+02   1.0251028e+01
   1.4700000e+02   1.0251261e+01
   1.4800000e+02   1.0250991e+01
   1.4900000e+02   1.0250900e+01
   1.5000000e+02   1.0250696e+01
   1.5100000e+02   1.0250888e+01
   1.5200000e+02   1.0250861e+01
   1.5300000e+02   1.0250868e+01
   1.5400000e+02   1.0250820e+01
   1.5500000e+02   1.0250980e+01
   1.5600000e+02   1.0250931e+01
   1.5700000e+02   1.0250639e+01
   1.5800000e+02   1.0250725e+01
   1.5900000e+02   1.0250575e+01
   1.6000000e+02   1.0250708e+01
   1.6100000e+02   1.0250261e+01
   1.6200000e+02   1.0250390e+01
   1.6300000e+02   1.0250288e+01
   1.6400000e+02   1.0250372e+01
   1.6500000e+02   1.0250336e+01
   1.6600000e+02   1.0249195e+01
   1.6700000e+02   1.0240935e+01
   1.6800000e+02   1.0223340e+01
   1.6900000e+02   1.0218134e+01
   1.7000000e+02   1.0227736e+01
   1.7100000e+02   1.0237604e+01
   1.7200000e+02   1.0242809e+01
   1.7300000e+02   1.0244454e+01
   1.7400000e+02   1.0244671e+01
   1.7500000e+02   1.0244777e+01
   1.7600000e+02   1.0245445e+01
   1.7700000e+02   1.0245793e+01
   1.7800000e+02   1.0242370e+01
   1.7900000e+02   1.0206265e+01
   1.8000000e+02   1.0183115e+01
   1.8100000e+02   1.0188715e+01
   1.8200000e+02   1.0191447e+01
   1.8300000e+02   1.0196213e+01
   1.8400000e+02   1.0201016e+01
   1.8500000e+02   1.0204543e+01
   1.8600000e+02   1.0206707e+01
   1.8700000e+02   1.0207868e+01
   1.8800000e+02   1.0208734e+01
   1.8900000e+02   1.0211912e+01
   1.9000000e+02   1.0218679e+01
   1.9100000e+02   1.0223983e+01
   1.9200000e+02   1.0228316e+01
   1.9300000e+02   1.0232893e+01
   1.9400000e+02   1.0237625e+01
   1.9500000e+02   1.0240176e+01
   1.9600000e+02   1.0241921e+01
   1.9700000e+02   1.0242763e+01
   1.9800000e+02   1.0243677e+01
   1.9900000e+02   1.0244368e+01
   2.0000000e+02   1.0244913e+01
   2.0100000e+02   1.0245237e+01
   2.0200000e+02   1.0245560e+01
   2.0300000e+02   1.0245891e+01
   2.0400000e+02   1.0246266e+01
   2.0500000e+02   1.0246598e+01
   2.0600000e+02   1.0246928e+01
   2.0700000e+02   1.0247591e+01
   2.0800000e+02   1.0247777e+01
   2.0900000e+02   1.0248167e+01
   2.1000000e+02   1.0248605e+01
   2.1100000e+02   1.0248711e+01
   2.1200000e+02   1.0248786e+01
   2.1300000e+02   1.0248790e+01
   2.1400000e+02   1.0248970e+01
   2.1500000e+02   1.0248985e+01
   2.1600000e+02   1.0249009e+01
   2.1700000e+02   1.0248858e+01
   2.1800000e+02   1.0248830e+01
   2.1900000e+02   1.0249002e+01
   2.2000000e+02   1.0249011e+01
   2.2100000e+02   1.0248975e+01
   2.2200000e+02   1.0249013e+01
   2.2300000e+02   1.0248940e+01
   2.2400000e+02   1.0248907e+01
   2.2500000e+02   1.0249078e+01
   2.2600000e+02   1.0248904e+01
   2.2700000e+02   1.0249135e+01
   2.2800000e+02   1.0248752e+01
   2.2900000e+02   1.0248723e+01
   2.3000000e+02   1.0248768e+01
   2.3100000e+02   1.0248510e+01
   2.3200000e+02   1.0248641e+01
   2.3300000e+02   1.0248753e+01
   2.3400000e+02   1.0248538e+01
   2.3500000e+02   1.0248403e+01
   2.3600000e+02   1.0248536e+01
   2.3700000e+02   1.0248554e+01
   2.3800000e+02   1.0248701e+01
   2.3900000e+02   1.0248206e+01
   2.4000000e+02   1.0248350e+01
   2.4100000e+02   1.0248226e+01
   2.4200000e+02   1.0248383e+01
   2.4300000e+02   1.0248123e+01
   2.4400000e+02   1.0247707e+01
   2.4500000e+02   1.0247410e+01
   2.4600000e+02   1.0247020e+01
   2.4700000e+02   1.0246161e+01
   2.4800000e+02   1.0245388e+01
   2.4900000e+02   1.0244940e+01
   2.5000000e+02   1.0245054e+01
   2.5100000e+02   1.0244956e+01
   2.5200000e+02   1.0245512e+01
   2.5300000e+02   1.0245858e+01
   2.5400000e+02   1.0245594e+01
   2.5500000e+02   1.0245588e+01
   2.5600000e+02   1.0245454e+01
   2.5700000e+02   1.0245125e+01
   2.5800000e+02   1.0244923e+01
   2.5900000e+02   1.0244733e+01
   2.6000000e+02   1.0244309e+01
   2.6100000e+02   1.0243961e+01
   2.6200000e+02   1.0243770e+01
   2.6300000e+02   1.0243493e+01
   2.6400000e+02   1.0243642e+01
   2.6500000e+02   1.0243961e+01
   2.6600000e+02   1.0244051e+01
   2.6700000e+02   1.0244247e+01
   2.6800000e+02   1.0244475e+01
   2.6900000e+02   1.0245076e+01
   2.7000000e+02   1.0244929e+01
   2.7100000e+02   1.0245370e+01
   2.7200000e+02   1.0245269e+01
   2.7300000e+02   1.0245120e+01
   2.7400000e+02   1.0245020e+01
   2.7500000e+02   1.0245235e+01
   2.7600000e+02   1.0245636e+01
   2.7700000e+02   1.0245388e+01
   2.7800000e+02   1.0245590e+01
   2.7900000e+02   1.0245458e+01
   2.8000000e+02   1.0245657e+01
   2.8100000e+02   1.0245918e+01
   2.8200000e+02   1.0245900e+01
   2.8300000e+02   1.0246232e+01
   2.8400000e+02   1.0246189e+01
   2.8500000e+02   1.0246375e+01
   2.8600000e+02   1.0246478e+01
   2.8700000e+02   1.0246301e+01
   2.8800000e+02   1.0246306e+01
   2.8900000e+02   1.0246281e+01
   2.9000000e+02   1.0246434e+01
   2.9100000e+02   1.0246270e+01
   2.9200000e+02   1.0246394e+01
   2.9300000e+02   1.0246538e+01
   2.9400000e+02   1.0246287e+01
   2.9500000e+02   1.0246345e+01
   2.9600000e+02   1.0246625e+01
   2.9700000e+02   1.0246328e+01
   2.9800000e+02   1.0246424e+01
   2.9900000e+02   1.0246454e+01
   3.0000000e+02   1.0245961e+01
   3.0100000e+02   1.0245526e+01
   3.0200000e+02   1.0244826e+01
   3.0300000e+02   1.0243777e+01
   3.0400000e+02   1.0242356e+01
   3.0500000e+02   1.0240846e+01
   3.0600000e+02   1.0238104e+01
   3.0700000e+02   1.0235261e+01
   3.0800000e+02   1.0231339e+01
   3.0900000e+02   1.0227436e+01
   3.1000000e+02   1.0224193e+01
   3.1100000e+02   1.0221963e+01
   3.1200000e+02   1.0220750e+01
   3.1300000e+02   1.0220126e+01
   3.1400000e+02   1.0220093e+01
   3.1500000e+02   1.0218437e+01
   3.1600000e+02   1.0215123e+01
   3.1700000e+02   1.0210463e+01
   3.1800000e+02   1.0204843e+01
   3.1900000e+02   1.0199225e+01
   3.2000000e+02   1.0194835e+01
   3.2100000e+02   1.0192079e+01
   3.2200000e+02   1.0190809e+01
   3.2300000e+02   1.0191352e+01
   3.2400000e+02   1.0193115e+01
   3.2500000e+02   1.0195592e+01
   3.2600000e+02   1.0199391e+01
   3.2700000e+02   1.0203410e+01
   3.2800000e+02   1.0207323e+01
   3.2900000e+02   1.0211452e+01
   3.3000000e+02   1.0214761e+01
   3.3100000e+02   1.0217444e+01
   3.3200000e+02   1.0219107e+01
   3.3300000e+02   1.0220526e+01
   3.3400000e+02   1.0220470e+01
   3.3500000e+02   1.0220518e+01
   3.3600000e+02   1.0219913e+01
   3.3700000e+02   1.0219533e+01
   3.3800000e+02   1.0219833e+01
   3.3900000e+02   1.0220832e+01
   3.4000000e+02   1.0222241e+01
   3.4100000e+02   1.0223967e+01
   3.4200000e+02   1.0226268e+01
   3.4300000e+02   1.0228290e+01
   3.4400000e+02   1.0230172e+01
   3.4500000e+02   1.0231709e+01
   3.4600000e+02   1.0232881e+01
   3.4700000e+02   1.0234367e+01
   3.4800000e+02   1.0235062e+01
   3.4900000e+02   1.0236118e+01
   3.5000000e+02   1.0237230e+01
   3.5100000e+02   1.0238377e+01
   3.5200000e+02   1.0238989e+01
   3.5300000e+02   1.0239820e+01
   3.5400000e+02   1.0240436e+01
   3.5500000e+02   1.0240770e+01
   3.5600000e+02   1.0241474e+01
   3.5700000e+02   1.0241041e+01
   3.5800000e+02   1.0241078e+01
   3.5900000e+02   1.0241405e+01
   3.6000000e+02   1.0240671e+01
   3.6100000e+02   1.0240577e+01
   3.6200000e+02   1.0240873e+01
   3.6300000e+02   1.0241354e+01
   3.6400000e+02   1.0241561e+01
   3.6500000e+02   1.0241734e+01
   3.6600000e+02   1.0242037e+01
   3.6700000e+02   1.0243176e+01
   3.6800000e+02   1.0243689e+01
   3.6900000e+02   1.0243553e+01
   3.7000000e+02   1.0243566e+01
   3.7100000e+02   1.0244183e+01
   3.7200000e+02   1.0244713e+01
   3.7300000e+02   1.0244060e+01
   3.7400000e+02   1.0244106e+01
   3.7500000e+02   1.0245193e+01
   3.7600000e+02   1.0244700e+01
   3.7700000e+02   1.0245043e+01
   3.7800000e+02   1.0245094e+01
   3.7900000e+02   1.0244996e+01
   3.8000000e+02   1.0244808e+01
   3.8100000e+02   1.0245470e+01
   3.8200000e+02   1.0244936e+01
   3.8300000e+02   1.0244733e+01
   3.8400000e+02   1.0244143e+01
   3.8500000e+02   1.0243999e+01
   3.8600000e+02   1.0243210e+01
   3.8700000e+02   1.0243284e+01
   3.8800000e+02   1.0242578e+01
   3.8900000e+02   1.0242652e+01
   3.9000000e+02   1.0242498e+01
   3.9100000e+02   1.0242612e+01
   3.9200000e+02   1.0242838e+01
   3.9300000e+02   1.0243181e+01
   3.9400000e+02   1.0243361e+01
   3.9500000e+02   1.0243497e+01
   3.9600000e+02   1.0243919e+01
   3.9700000e+02   1.0243646e+01
   3.9800000e+02   1.0244140e+01
   3.9900000e+02   1.0244448e+01
   4.0000000e+02   1.0244839e+01
   4.0100000e+02   1.0244766e+01
   4.0200000e+02   1.0244351e+01
   4.0300000e+02   1.0244802e+01
   4.0400000e+02   1.0244905e+01
   4.0500000e+02   1.0244814e+01
   4.0600000e+02   1.0245089e+01
   4.0700000e+02   1.0244789e+01
   4.0800000e+02   1.0245070e+01
   4.0900000e+02   1.0244871e+01
   4.1000000e+02   1.0245170e+01
   4.1100000e+02   1.0244884e+01
   4.1200000e+02   1.0245077e+01
   4.1300000e+02   1.0244829e+01
   4.1400000e+02   1.0245045e+01
   4.1500000e+02   1.0245068e+01
   4.1600000e+02   1.0244821e+01
   4.1700000e+02   1.0244887e+01
   4.1800000e+02   1.0244775e+01
   4.1900000e+02   1.0244788e+01
   4.2000000e+02   1.0244754e+01
   4.2100000e+02   1.0244640e+01
   4.2200000e+02   1.0244793e+01
   4.2300000e+02   1.0244821e+01
   4.2400000e+02   1.0245182e+01
   4.2500000e+02   1.0244829e+01
   4.2600000e+02   1.0244944e+01
   4.2700000e+02   1.0244977e+01
   4.2800000e+02   1.0244931e+01
   4.2900000e+02   1.0245057e+01
   4.3000000e+02   1.0245096e+01
   4.3100000e+02   1.0244754e+01
   4.3200000e+02   1.0244791e+01
   4.3300000e+02   1.0244524e+01
   4.3400000e+02   1.0243760e+01
   4.3500000e+02   1.0243248e+01
   4.3600000e+02   1.0241233e+01
   4.3700000e+02   1.0237661e+01
   4.3800000e+02   1.0232755e+01
   4.3900000e+02   1.0224731e+01
   4.4000000e+02   1.0213287e+01
   4.4100000e+02   1.0198590e+01
   4.4200000e+02   1.0180095e+01
   4.4300000e+02   1.0159178e+01
   4.4400000e+02   1.0138261e+01
   4.4500000e+02   1.0118351e+01
   4.4600000e+02   1.0102726e+01
   4.4700000e+02   1.0092516e+01
   4.4800000e+02   1.0088320e+01
   4.4900000e+02   1.0089607e+01
   4.5000000e+02   1.0096039e+01
   4.5100000e+02   1.0105988e+01
   4.5200000e+02   1.0117308e+01
   4.5300000e+02   1.0129235e+01
   4.5400000e+02   1.0140613e+01
   4.5500000e+02   1.0150705e+01
   4.5600000e+02   1.0159933e+01
   4.5700000e+02   1.0167961e+01
   4.5800000e+02   1.0175215e+01
   4.5900000e+02   1.0181349e+01
   4.6000000e+02   1.0187004e+01
   4.6100000e+02   1.0192508e+01
   4.6200000e+02   1.0197228e+01
   4.6300000e+02   1.0201578e+01
   4.6400000e+02   1.0205463e+01
   4.6500000e+02   1.0209012e+01
   4.6600000e+02   1.0211657e+01
   4.6700000e+02   1.0214572e+01
   4.6800000e+02   1.0216813e+01
   4.6900000e+02   1.0219043e+01
   4.7000000e+02   1.0220819e+01
   4.7100000e+02   1.0222859e+01
   4.7200000e+02   1.0224598e+01
   4.7300000e+02   1.0226543e+01
   4.7400000e+02   1.0228201e+01
   4.7500000e+02   1.0229865e+01
   4.7600000e+02   1.0231787e+01
   4.7700000e+02   1.0233597e+01
   4.7800000e+02   1.0234913e+01
   4.7900000e+02   1.0236502e+01
   4.8000000e+02   1.0238056e+01
   4.8100000e+02   1.0239400e+01
   4.8200000e+02   1.0240095e+01
   4.8300000e+02   1.0241127e+01
   4.8400000e+02   1.0241778e+01
   4.8500000e+02   1.0242263e+01
   4.8600000e+02   1.0242998e+01
   4.8700000e+02   1.0243326e+01
   4.8800000e+02   1.0243187e+01
   4.8900000e+02   1.0243558e+01
   4.9000000e+02   1.0243639e+01
   4.9100000e+02   1.0243802e+01
   4.9200000e+02   1.0244061e+01
   4.9300000e+02   1.0243981e+01
   4.9400000e+02   1.0244469e+01
   4.9500000e+02   1.0244527e+01
   4.9600000e+02   1.0244130e+01
   4.9700000e+02   1.0244176e+01
   4.9800000e+02   1.0244394e+01
   4.9900000e+02   1.0244416e+01
   5.0000000e+02   1.0244274e+01
   5.0100000e+02   1.0244384e+01
   5.0200000e+02   1.0244458e+01
   5.0300000e+02   1.0244440e+01
   5.0400000e+02   1.0244380e+01
   5.0500000e+02   1.0244674e+01
   5.0600000e+02   1.0244608e+01
   5.0700000e+02   1.0244544e+01
   5.0800000e+02   1.0244579e+01
   5.0900000e+02   1.0244640e+01
   5.1000000e+02   1.0244642e+01
   5.1100000e+02   1.0244349e+01
   5.1200000e+02   1.0244500e+01
   5.1300000e+02   1.0244508e+01
   5.1400000e+02   1.0244505e+01
   5.1500000e+02   1.0244621e+01
   5.1600000e+02   1.0244565e+01
   5.1700000e+02   1.0244719e+01
   5.1800000e+02   1.0244701e+01
   5.1900000e+02   1.0244463e+01
   5.2000000e+02   1.0244598e+01
   5.2100000e+02   1.0244639e+01
   5.2200000e+02   1.0244624e+01
   5.2300000e+02   1.0244473e+01
   5.2400000e+02   1.0244623e+01
   5.2500000e+02   1.0244480e+01
   5.2600000e+02   1.0244318e+01
   5.2700000e+02   1.0244452e+01
   5.2800000e+02   1.0244455e+01
   5.2900000e+02   1.0244274e+01
   5.3000000e+02   1.0244173e+01
   5.3100000e+02   1.0244430e+01
   5.3200000e+02   1.0244386e+01
   5.3300000e+02   1.0244225e+01
   5.3400000e+02   1.0244457e+01
   5.3500000e+02   1.0244128e+01
   5.3600000e+02   1.0244468e+01
   5.3700000e+02   1.0244454e+01
   5.3800000e+02   1.0244243e+01
   5.3900000e+02   1.0244004e+01
   5.4000000e+02   1.0244276e+01
   5.4100000e+02   1.0244349e+01
   5.4200000e+02   1.0244149e+01
   5.4300000e+02   1.0244364e+01
   5.4400000e+02   1.0244497e+01
   5.4500000e+02   1.0244011e+01
   5.4600000e+02   1.0244208e+01
   5.4700000e+02   1.0244470e+01
   5.4800000e+02   1.0244418e+01
   5.4900000e+02   1.0244401e+01
   5.5000000e+02   1.0244164e+01
   5.5100000e+02   1.0244083e+01
   5.5200000e+02   1.0244234e+01
   5.5300000e+02   1.0244476e+01
   5.5400000e+02   1.0244039e+01
   5.5500000e+02   1.0244355e+01
   5.5600000e+02   1.0244545e+01
   5.5700000e+02   1.0244181e+01
   5.5800000e+02   1.0244610e+01
   5.5900000e+02   1.0244377e+01
   5.6000000e+02   1.0244047e+01
   5.6100000e+02   1.0244274e+01
   5.6200000e+02   1.0244282e+01
   5.6300000e+02   1.0244214e+01
   5.6400000e+02   1.0244380e+01
   5.6500000e+02   1.0244132e+01
   5.6600000e+02   1.0244340e+01
   5.6700000e+02   1.0244485e+01
   5.6800000e+02   1.0244258e+01
   5.6900000e+02   1.0244099e+01
   5.7000000e+02   1.0244293e+01
   5.7100000e+02   1.0244469e+01
   5.7200000e+02   1.0244272e+01
   5.7300000e+02   1.0244275e+01
   5.7400000e+02   1.0244268e+01
   5.7500000e+02   1.0244401e+01
   5.7600000e+02   1.0244213e+01
   5.7700000e+02   1.0244239e+01
   5.7800000e+02   1.0244127e+01
   5.7900000e+02   1.0244092e+01
   5.8000000e+02   1.0244057e+01
   5.8100000e+02   1.0244148e+01
   5.8200000e+02   1.0244262e+01
   5.8300000e+02   1.0243845e+01
   5.8400000e+02   1.0243950e+01
   5.8500000e+02   1.0244245e+01
   5.8600000e+02   1.0244079e+01
   5.8700000e+02   1.0243890e+01
   5.8800000e+02   1.0243693e+01
   5.8900000e+02   1.0243996e+01
   5.9000000e+02   1.0244049e+01
   5.9100000e+02   1.0244037e+01
   5.9200000e+02   1.0244288e+01
   5.9300000e+02   1.0243984e+01
   5.9400000e+02   1.0244181e+01
   5.9500000e+02   1.0244143e+01
   5.9600000e+02   1.0244053e+01
   5.9700000e+02   1.0244203e+01
   5.9800000e+02   1.0244312e+01
   5.9900000e+02   1.0244336e+01
   6.0000000e+02   1.0244338e+01
   6.0100000e+02   1.0244381e+01
   6.0200000e+02   1.0244448e+01
   6.0300000e+02   1.0244072e+01
   6.0400000e+02   1.0244198e+01
   6.0500000e+02   1.0244173e+01
   6.0600000e+02   1.0243889e+01
   6.0700000e+02   1.0243746e+01
   6.0800000e+02   1.0243909e+01
   6.0900000e+02   1.0243767e+01
   6.1000000e+02   1.0243807e+01
   6.1100000e+02   1.0243725e+01
   6.1200000e+02   1.0244000e+01
   6.1300000e+02   1.0243748e+01
   6.1400000e+02   1.0243596e+01
   6.1500000e+02   1.0243797e+01
   6.1600000e+02   1.0243809e+01
   6.1700000e+02   1.0243685e+01
   6.1800000e+02   1.0243866e+01
   6.1900000e+02   1.0243989e+01
   6.2000000e+02   1.0243643e+01
   6.2100000e+02   1.0243800e+01
   6.2200000e+02   1.0243900e+01
   6.2300000e+02   1.0243575e+01
   6.2400000e+02   1.0243430e+01
   6.2500000e+02   1.0243299e+01
   6.2600000e+02   1.0243376e+01
   6.2700000e+02   1.0243461e+01
   6.2800000e+02   1.0243578e+01
   6.2900000e+02   1.0243349e+01
   6.3000000e+02   1.0243347e+01
   6.3100000e+02   1.0243507e+01
   6.3200000e+02   1.0243202e+01
   6.3300000e+02   1.0243431e+01
   6.3400000e+02   1.0243438e+01
   6.3500000e+02   1.0243454e+01
   6.3600000e+02   1.0243446e+01
   6.3700000e+02   1.0243449e+01
   6.3800000e+02   1.0243415e+01
   6.3900000e+02   1.0243631e+01
   6.4000000e+02   1.0243255e+01
   6.4100000e+02   1.0243330e+01
   6.4200000e+02   1.0243432e+01
   6.4300000e+02   1.0243117e+01
   6.4400000e+02   1.0243112e+01
   6.4500000e+02   1.0243645e+01
   6.4600000e+02   1.0243308e+01
   6.4700000e+02   1.0243154e+01
   6.4800000e+02   1.0243074e+01
   6.4900000e+02   1.0243272e+01
   6.5000000e+02   1.0243324e+01
   6.5100000e+02   1.0243148e+01
   6.5200000e+02   1.0243132e+01
   6.5300000e+02   1.0243369e+01
   6.5400000e+02   1.0243369e+01
   6.5500000e+02   1.0242938e+01
   6.5600000e+02   1.0242740e+01
   6.5700000e+02   1.0242670e+01
   6.5800000e+02   1.0243139e+01
   6.5900000e+02   1.0242774e+01
   6.6000000e+02   1.0242940e+01
   6.6100000e+02   1.0242978e+01
   6.6200000e+02   1.0242972e+01
   6.6300000e+02   1.0243075e+01
   6.6400000e+02   1.0242589e+01
   6.6500000e+02   1.0242647e+01
   6.6600000e+02   1.0242743e+01
   6.6700000e+02   1.0241921e+01
   6.6800000e+02   1.0241795e+01
   6.6900000e+02   1.0241140e+01
   6.7000000e+02   1.0240605e+01
   6.7100000e+02   1.0239950e+01
   6.7200000e+02   1.0238798e+01
   6.7300000e+02   1.0237426e+01
   6.7400000e+02   1.0235638e+01
   6.7500000e+02   1.0234073e+01
   6.7600000e+02   1.0232105e+01
   6.7700000e+02   1.0230398e+01
   6.7800000e+02   1.0228227e+01
   6.7900000e+02   1.0226311e+01
   6.8000000e+02   1.0224645e+01
   6.8100000e+02   1.0223284e+01
   6.8200000e+02   1.0222409e+01
   6.8300000e+02   1.0221589e+01
   6.8400000e+02   1.0221282e+01
   6.8500000e+02   1.0221297e+01
   6.8600000e+02   1.0221960e+01
   6.8700000e+02   1.0222230e+01
   6.8800000e+02   1.0223321e+01
   6.8900000e+02   1.0224278e+01
   6.9000000e+02   1.0225237e+01
   6.9100000e+02   1.0226758e+01
   6.9200000e+02   1.0227281e+01
   6.9300000e+02   1.0228841e+01
   6.9400000e+02   1.0229997e+01
   6.9500000e+02   1.0231448e+01
   6.9600000e+02   1.0232139e+01
   6.9700000e+02   1.0232598e+01
   6.9800000e+02   1.0233909e+01
   6.9900000e+02   1.0234645e+01
   7.0000000e+02   1.0235346e+01
   7.0100000e+02   1.0235943e+01
   7.0200000e+02   1.0236500e+01
   7.0300000e+02   1.0237025e+01
   7.0400000e+02   1.0237569e+01
   7.0500000e+02   1.0237786e+01
   7.0600000e+02   1.0238191e+01
   7.0700000e+02   1.0238637e+01
   7.0800000e+02   1.0239003e+01
   7.0900000e+02   1.0239364e+01
   7.1000000e+02   1.0239482e+01
   7.1100000e+02   1.0239973e+01
   7.1200000e+02   1.0240370e+01
   7.1300000e+02   1.0240737e+01
   7.1400000e+02   1.0240985e+01
   7.1500000e+02   1.0241256e+01
   7.1600000e+02   1.0241244e+01
   7.1700000e+02   1.0241292e+01
   7.1800000e+02   1.0241519e+01
   7.1900000e+02   1.0241677e+01
   7.2000000e+02   1.0241702e+01
   7.2100000e+02   1.0241922e+01
   7.2200000e+02   1.0242099e+01
   7.2300000e+02   1.0242120e+01
   7.2400000e+02   1.0242281e+01
   7.2500000e+02   1.0242385e+01
   7.2600000e+02   1.0242352e+01
   7.2700000e+02   1.0242387e+01
   7.2800000e+02   1.0242499e+01
   7.2900000e+02   1.0242372e+01
   7.3000000e+02   1.0242834e+01
   7.3100000e+02   1.0242854e+01
   7.3200000e+02   1.0242406e+01
   7.3300000e+02   1.0242659e+01
   7.3400000e+02   1.0242684e+01
   7.3500000e+02   1.0242752e+01
   7.3600000e+02   1.0242792e+01
   7.3700000e+02   1.0242758e+01
   7.3800000e+02   1.0242618e+01
   7.3900000e+02   1.0242507e+01
   7.4000000e+02   1.0242540e+01
   7.4100000e+02   1.0242768e+01
   7.4200000e+02   1.0242470e+01
   7.4300000e+02   1.0242709e+01
   7.4400000e+02   1.0242598e+01
   7.4500000e+02   1.0242622e+01
   7.4600000e+02   1.0242790e+01
   7.4700000e+02   1.0242624e+01
   7.4800000e+02   1.0242469e+01
   7.4900000e+02   1.0242432e+01
   7.5000000e+02   1.0242428e+01
   7.5100000e+02   1.0242393e+01
   7.5200000e+02   1.0242381e+01
   7.5300000e+02   1.0242360e+01
   7.5400000e+02   1.0242577e+01
   7.5500000e+02   1.0242460e+01
   7.5600000e+02   1.0242453e+01
   7.5700000e+02   1.0242492e+01
   7.5800000e+02   1.0242395e+01
   7.5900000e+02   1.0242549e+01
   7.6000000e+02   1.0242360e+01
   7.6100000e+02   1.0242280e+01
   7.6200000e+02   1.0242241e+01
   7.6300000e+02   1.0242501e+01
   7.6400000e+02   1.0242340e+01
   7.6500000e+02   1.0242805e+01
   7.6600000e+02   1.0242222e+01
   7.6700000e+02   1.0242376e+01
   7.6800000e+02   1.0242408e+01
   7.6900000e+02   1.0242388e+01
   7.7000000e+02   1.0242548e+01
   7.7100000e+02   1.0242139e+01
   7.7200000e+02   1.0242108e+01
   7.7300000e+02   1.0242092e+01
   7.7400000e+02   1.0242061e+01
   7.7500000e+02   1.0242223e+01
   7.7600000e+02   1.0242394e+01
   7.7700000e+02   1.0242195e+01
   7.7800000e+02   1.0242084e+01
   7.7900000e+02   1.0242386e+01
   7.8000000e+02   1.0242304e+01
