   0.0000000e+00   1.0270925e+01
   1.0000000e+00   1.0266472e+01
   2.0000000e+00   1.0265184e+01
   3.0000000e+00   1.0264557e+01
   4.0000000e+00   1.0264268e+01
   5.0000000e+00   1.0263240e+01
   6.0000000e+00   1.0262573e+01
   7.0000000e+00   1.0262299e+01
   8.0000000e+00   1.0262162e+01
   9.0000000e+00   1.0261663e+01
   1.0000000e+01   1.0261513e+01
   1.1000000e+01   1.0261504e+01
   1.2000000e+01   1.0261100e+01
   1.3000000e+01   1.0260878e+01
   1.4000000e+01   1.0260903e+01
   1.5000000e+01   1.0260601e+01
   1.6000000e+01   1.0260456e+01
   1.7000000e+01   1.0260359e+01
   1.8000000e+01   1.0260265e+01
   1.9000000e+01   1.0260164e+01
   2.0000000e+01   1.0260045e+01
   2.1000000e+01   1.0260333e+01
   2.2000000e+01   1.0259791e+01
   2.3000000e+01   1.0259871e+01
   2.4000000e+01   1.0259807e+01
   2.5000000e+01   1.0259447e+01
   2.6000000e+01   1.0259536e+01
   2.7000000e+01   1.0259497e+01
   2.8000000e+01   1.0259585e+01
   2.9000000e+01   1.0259338e+01
   3.0000000e+01   1.0259425e+01
   3.1000000e+01   1.0259120e+01
   3.2000000e+01   1.0259530e+01
   3.3000000e+01   1.0259216e+01
   3.4000000e+01   1.0259211e+01
   3.5000000e+01   1.0258879e+01
   3.6000000e+01   1.0258875e+01
   3.7000000e+01   1.0258813e+01
   3.8000000e+01   1.0258677e+01
   3.9000000e+01   1.0258469e+01
   4.0000000e+01   1.0258536e+01
   4.1000000e+01   1.0258369e+01
   4.2000000e+01   1.0258278e+01
   4.3000000e+01   1.0258248e+01
   4.4000000e+01   1.0258169e+01
   4.5000000e+01   1.0258217e+01
   4.6000000e+01   1.0258075e+01
   4.7000000e+01   1.0257846e+01
   4.8000000e+01   1.0258064e+01
   4.9000000e+01   1.0257712e+01
   5.0000000e+01   1.0257692e+01
   5.1000000e+01   1.0257637e+01
   5.2000000e+01   1.0257531e+01
   5.3000000e+01   1.0257440e+01
   5.4000000e+01   1.0257469e+01
   5.5000000e+01   1.0257618e+01
   5.6000000e+01   1.0257759e+01
   5.7000000e+01   1.0257965e+01
   5.8000000e+01   1.0257663e+01
   5.9000000e+01   1.0257666e+01
   6.0000000e+01   1.0257852e+01
   6.1000000e+01   1.0257697e+01
   6.2000000e+01   1.0258095e+01
   6.3000000e+01   1.0257462e+01
   6.4000000e+01   1.0257801e+01
   6.5000000e+01   1.0258041e+01
   6.6000000e+01   1.0257905e+01
   6.7000000e+01   1.0257429e+01
   6.8000000e+01   1.0257422e+01
   6.9000000e+01   1.0257203e+01
   7.0000000e+01   1.0257490e+01
   7.1000000e+01   1.0257115e+01
   7.2000000e+01   1.0256974e+01
   7.3000000e+01   1.0257481e+01
   7.4000000e+01   1.0257072e+01
   7.5000000e+01   1.0257213e+01
   7.6000000e+01   1.0257128e+01
   7.7000000e+01   1.0256501e+01
   7.8000000e+01   1.0256693e+01
   7.9000000e+01   1.0256979e+01
   8.0000000e+01   1.0256660e+01
   8.1000000e+01   1.0256758e+01
   8.2000000e+01   1.0256641e+01
   8.3000000e+01   1.0256600e+01
   8.4000000e+01   1.0256693e+01
   8.5000000e+01   1.0256092e+01
   8.6000000e+01   1.0256368e+01
   8.7000000e+01   1.0255933e+01
   8.8000000e+01   1.0255923e+01
   8.9000000e+01   1.0255802e+01
   9.0000000e+01   1.0256160e+01
   9.1000000e+01   1.0255826e+01
   9.2000000e+01   1.0256328e+01
   9.3000000e+01   1.0255996e+01
   9.4000000e+01   1.0256379e+01
   9.5000000e+01   1.0256068e+01
   9.6000000e+01   1.0255907e+01
   9.7000000e+01   1.0255873e+01
   9.8000000e+01   1.0256192e+01
   9.9000000e+01   1.0256086e+01
   1.0000000e+02   1.0255993e+01
   1.0100000e+02   1.0256315e+01
   1.0200000e+02   1.0256366e+01
   1.0300000e+02   1.0256115e+01
   1.0400000e+02   1.0256549e+01
   1.0500000e+02   1.0256154e+01
   1.0600000e+02   1.0256290e+01
   1.0700000e+02   1.0256054e+01
   1.0800000e+02   1.0256014e+01
   1.0900000e+02   1.0256324e+01
   1.1000000e+02   1.0256073e+01
   1.1100000e+02   1.0256202e+01
   1.1200000e+02   1.0255833e+01
   1.1300000e+02   1.0255900e+01
   1.1400000e+02   1.0256103e+01
   1.1500000e+02   1.0255614e+01
   1.1600000e+02   1.0255733e+01
   1.1700000e+02   1.0255659e+01
   1.1800000e+02   1.0255820e+01
   1.1900000e+02   1.0255461e+01
   1.2000000e+02   1.0255609e+01
   1.2100000e+02   1.0255471e+01
   1.2200000e+02   1.0255496e+01
   1.2300000e+02   1.0255411e+01
   1.2400000e+02   1.0255350e+01
   1.2500000e+02   1.0255379e+01
   1.2600000e+02   1.0255203e+01
   1.2700000e+02   1.0255329e+01
   1.2800000e+02   1.0255087e+01
   1.2900000e+02   1.0254938e+01
   1.3000000e+02   1.0255018e+01
   1.3100000e+02   1.0254995e+01
   1.3200000e+02   1.0254895e+01
   1.3300000e+02   1.0254835e+01
   1.3400000e+02   1.0254871e+01
   1.3500000e+02   1.0254760e+01
   1.3600000e+02   1.0254837e+01
   1.3700000e+02   1.0254802e+01
   1.3800000e+02   1.0254836e+01
   1.3900000e+02   1.0254818e+01
   1.4000000e+02   1.0254700e+01
   1.4100000e+02   1.0254695e+01
   1.4200000e+02   1.0254643e+01
   1.4300000e+02   1.0254627e+01
   1.4400000e+02   1.0254636e+01
   1.4500000e+02   1.0254515e+01
   1.4600000e+02   1.0254506e+01
   1.4700000e+02   1.0254286e+01
   1.4800000e+02   1.0254473e+01
   1.4900000e+02   1.0254466e+01
   1.5000000e+02   1.0254316e+01
   1.5100000e+02   1.0254450e+01
   1.5200000e+02   1.0254402e+01
   1.5300000e+02   1.0254125e+01
   1.5400000e+02   1.0254253e+01
   1.5500000e+02   1.0254062e+01
   1.5600000e+02   1.0254370e+01
   1.5700000e+02   1.0253985e+01
   1.5800000e+02   1.0253924e+01
   1.5900000e+02   1.0253949e+01
   1.6000000e+02   1.0253969e+01
   1.6100000e+02   1.0253957e+01
   1.6200000e+02   1.0254128e+01
   1.6300000e+02   1.0253892e+01
   1.6400000e+02   1.0253832e+01
   1.6500000e+02   1.0253830e+01
   1.6600000e+02   1.0252590e+01
   1.6700000e+02   1.0244582e+01
   1.6800000e+02   1.0226876e+01
   1.6900000e+02   1.0222138e+01
   1.7000000e+02   1.0231577e+01
   1.7100000e+02   1.0241612e+01
   1.7200000e+02   1.0246564e+01
   1.7300000e+02   1.0248188e+01
   1.7400000e+02   1.0248268e+01
   1.7500000e+02   1.0248588e+01
   1.7600000e+02   1.0248543e+01
   1.7700000e+02   1.0249284e+01
   1.7800000e+02   1.0245703e+01
   1.7900000e+02   1.0209214e+01
   1.8000000e+02   1.0186762e+01
   1.8100000e+02   1.0192084e+01
   1.8200000e+02   1.0195287e+01
   1.8300000e+02   1.0199943e+01
   1.8400000e+02   1.0205374e+01
   1.8500000e+02   1.0208811e+01
   1.8600000e+02   1.0211150e+01
   1.8700000e+02   1.0212085e+01
   1.8800000e+02   1.0213204e+01
   1.8900000e+02   1.0216543e+01
   1.9000000e+02   1.0222897e+01
   1.9100000e+02   1.0228195e+01
   1.9200000e+02   1.0231892e+01
   1.9300000e+02   1.0236499e+01
   1.9400000e+02   1.0240987e+01
   1.9500000e+02   1.0243734e+01
   1.9600000e+02   1.0245187e+01
   1.9700000e+02   1.0246246e+01
   1.9800000e+02   1.0247162e+01
   1.9900000e+02   1.0247822e+01
   2.0000000e+02   1.0248233e+01
   2.0100000e+02   1.0248486e+01
   2.0200000e+02   1.0248891e+01
   2.0300000e+02   1.0249445e+01
   2.0400000e+02   1.0249607e+01
   2.0500000e+02   1.0249883e+01
   2.0600000e+02   1.0250573e+01
   2.0700000e+02   1.0250644e+01
   2.0800000e+02   1.0250968e+01
   2.0900000e+02   1.0251635e+01
   2.1000000e+02   1.0251343e+01
   2.1100000e+02   1.0251909e+01
   2.1200000e+02   1.0252115e+01
   2.1300000e+02   1.0252249e+01
   2.1400000e+02   1.0252324e+01
   2.1500000e+02   1.0252315e+01
   2.1600000e+02   1.0252195e+01
   2.1700000e+02   1.0252189e+01
   2.1800000e+02   1.0252108e+01
   2.1900000e+02   1.0252436e+01
   2.2000000e+02   1.0252323e+01
   2.2100000e+02   1.0252259e+01
   2.2200000e+02   1.0252414e+01
   2.2300000e+02   1.0252529e+01
   2.2400000e+02   1.0252156e+01
   2.2500000e+02   1.0252293e+01
   2.2600000e+02   1.0252342e+01
   2.2700000e+02   1.0252403e+01
   2.2800000e+02   1.0252183e+01
   2.2900000e+02   1.0252265e+01
   2.3000000e+02   1.0252201e+01
   2.3100000e+02   1.0252464e+01
   2.3200000e+02   1.0252030e+01
   2.3300000e+02   1.0252184e+01
   2.3400000e+02   1.0252317e+01
   2.3500000e+02   1.0252268e+01
   2.3600000e+02   1.0251995e+01
   2.3700000e+02   1.0252091e+01
   2.3800000e+02   1.0251940e+01
   2.3900000e+02   1.0251843e+01
   2.4000000e+02   1.0251836e+01
   2.4100000e+02   1.0251816e+01
   2.4200000e+02   1.0251876e+01
   2.4300000e+02   1.0251509e+01
   2.4400000e+02   1.0251681e+01
   2.4500000e+02   1.0251304e+01
   2.4600000e+02   1.0250949e+01
   2.4700000e+02   1.0250807e+01
   2.4800000e+02   1.0250737e+01
   2.4900000e+02   1.0250235e+01
   2.5000000e+02   1.0250654e+01
   2.5100000e+02   1.0250812e+01
   2.5200000e+02   1.0250680e+01
   2.5300000e+02   1.0250730e+01
   2.5400000e+02   1.0250626e+01
   2.5500000e+02   1.0250728e+01
   2.5600000e+02   1.0250654e+01
   2.5700000e+02   1.0250408e+01
   2.5800000e+02   1.0250328e+01
   2.5900000e+02   1.0250369e+01
   2.6000000e+02   1.0250073e+01
   2.6100000e+02   1.0249811e+01
   2.6200000e+02   1.0249751e+01
   2.6300000e+02   1.0250063e+01
   2.6400000e+02   1.0249962e+01
   2.6500000e+02   1.0250164e+01
   2.6600000e+02   1.0249918e+01
   2.6700000e+02   1.0249855e+01
   2.6800000e+02   1.0249993e+01
   2.6900000e+02   1.0250083e+01
   2.7000000e+02   1.0250223e+01
   2.7100000e+02   1.0249846e+01
   2.7200000e+02   1.0250279e+01
   2.7300000e+02   1.0250562e+01
   2.7400000e+02   1.0250386e+01
   2.7500000e+02   1.0250090e+01
   2.7600000e+02   1.0250541e+01
   2.7700000e+02   1.0250748e+01
   2.7800000e+02   1.0250530e+01
   2.7900000e+02   1.0250990e+01
   2.8000000e+02   1.0250758e+01
   2.8100000e+02   1.0250767e+01
   2.8200000e+02   1.0250859e+01
   2.8300000e+02   1.0250755e+01
   2.8400000e+02   1.0250791e+01
   2.8500000e+02   1.0250758e+01
   2.8600000e+02   1.0250751e+01
   2.8700000e+02   1.0250569e+01
   2.8800000e+02   1.0250564e+01
   2.8900000e+02   1.0250736e+01
   2.9000000e+02   1.0250765e+01
   2.9100000e+02   1.0250614e+01
   2.9200000e+02   1.0250581e+01
   2.9300000e+02   1.0250542e+01
   2.9400000e+02   1.0250899e+01
   2.9500000e+02   1.0250724e+01
   2.9600000e+02   1.0250740e+01
   2.9700000e+02   1.0250580e+01
   2.9800000e+02   1.0250513e+01
   2.9900000e+02   1.0250755e+01
   3.0000000e+02   1.0250171e+01
   3.0100000e+02   1.0250142e+01
   3.0200000e+02   1.0249741e+01
   3.0300000e+02   1.0249201e+01
   3.0400000e+02   1.0248428e+01
   3.0500000e+02   1.0247634e+01
   3.0600000e+02   1.0246135e+01
   3.0700000e+02   1.0244608e+01
   3.0800000e+02   1.0242623e+01
   3.0900000e+02   1.0241037e+01
   3.1000000e+02   1.0239083e+01
   3.1100000e+02   1.0237832e+01
   3.1200000e+02   1.0237477e+01
   3.1300000e+02   1.0237346e+01
   3.1400000e+02   1.0236772e+01
   3.1500000e+02   1.0236047e+01
   3.1600000e+02   1.0234462e+01
   3.1700000e+02   1.0232148e+01
   3.1800000e+02   1.0229137e+01
   3.1900000e+02   1.0226068e+01
   3.2000000e+02   1.0223763e+01
   3.2100000e+02   1.0222483e+01
   3.2200000e+02   1.0221836e+01
   3.2300000e+02   1.0222158e+01
   3.2400000e+02   1.0223012e+01
   3.2500000e+02   1.0224442e+01
   3.2600000e+02   1.0226226e+01
   3.2700000e+02   1.0228260e+01
   3.2800000e+02   1.0230438e+01
   3.2900000e+02   1.0232450e+01
   3.3000000e+02   1.0233996e+01
   3.3100000e+02   1.0235380e+01
   3.3200000e+02   1.0236372e+01
   3.3300000e+02   1.0236884e+01
   3.3400000e+02   1.0236957e+01
   3.3500000e+02   1.0236678e+01
   3.3600000e+02   1.0236569e+01
   3.3700000e+02   1.0236657e+01
   3.3800000e+02   1.0236461e+01
   3.3900000e+02   1.0237032e+01
   3.4000000e+02   1.0237658e+01
   3.4100000e+02   1.0238610e+01
   3.4200000e+02   1.0239791e+01
   3.4300000e+02   1.0240790e+01
   3.4400000e+02   1.0241686e+01
   3.4500000e+02   1.0242329e+01
   3.4600000e+02   1.0243053e+01
   3.4700000e+02   1.0243649e+01
   3.4800000e+02   1.0244313e+01
   3.4900000e+02   1.0244734e+01
   3.5000000e+02   1.0245119e+01
   3.5100000e+02   1.0245691e+01
   3.5200000e+02   1.0245908e+01
   3.5300000e+02   1.0246593e+01
   3.5400000e+02   1.0246939e+01
   3.5500000e+02   1.0247125e+01
   3.5600000e+02   1.0247252e+01
   3.5700000e+02   1.0247409e+01
   3.5800000e+02   1.0247310e+01
   3.5900000e+02   1.0246949e+01
   3.6000000e+02   1.0247145e+01
   3.6100000e+02   1.0247247e+01
   3.6200000e+02   1.0247143e+01
   3.6300000e+02   1.0247323e+01
   3.6400000e+02   1.0247512e+01
   3.6500000e+02   1.0247702e+01
   3.6600000e+02   1.0247838e+01
   3.6700000e+02   1.0247846e+01
   3.6800000e+02   1.0248172e+01
   3.6900000e+02   1.0248288e+01
   3.7000000e+02   1.0248547e+01
   3.7100000e+02   1.0248342e+01
   3.7200000e+02   1.0248728e+01
   3.7300000e+02   1.0248830e+01
   3.7400000e+02   1.0248481e+01
   3.7500000e+02   1.0248798e+01
   3.7600000e+02   1.0248863e+01
   3.7700000e+02   1.0249076e+01
   3.7800000e+02   1.0248745e+01
   3.7900000e+02   1.0249088e+01
   3.8000000e+02   1.0248850e+01
   3.8100000e+02   1.0248749e+01
   3.8200000e+02   1.0248516e+01
   3.8300000e+02   1.0248509e+01
   3.8400000e+02   1.0248368e+01
   3.8500000e+02   1.0248552e+01
   3.8600000e+02   1.0247999e+01
   3.8700000e+02   1.0248130e+01
   3.8800000e+02   1.0247822e+01
   3.8900000e+02   1.0247641e+01
   3.9000000e+02   1.0247756e+01
   3.9100000e+02   1.0247835e+01
   3.9200000e+02   1.0248005e+01
   3.9300000e+02   1.0247935e+01
   3.9400000e+02   1.0247983e+01
   3.9500000e+02   1.0248093e+01
   3.9600000e+02   1.0248028e+01
   3.9700000e+02   1.0248449e+01
   3.9800000e+02   1.0248535e+01
   3.9900000e+02   1.0248706e+01
   4.0000000e+02   1.0248663e+01
   4.0100000e+02   1.0248551e+01
   4.0200000e+02   1.0248513e+01
   4.0300000e+02   1.0248742e+01
   4.0400000e+02   1.0248501e+01
   4.0500000e+02   1.0248677e+01
   4.0600000e+02   1.0248484e+01
   4.0700000e+02   1.0248664e+01
   4.0800000e+02   1.0248612e+01
   4.0900000e+02   1.0248825e+01
   4.1000000e+02   1.0248398e+01
   4.1100000e+02   1.0248646e+01
   4.1200000e+02   1.0248806e+01
   4.1300000e+02   1.0248783e+01
   4.1400000e+02   1.0248729e+01
   4.1500000e+02   1.0248868e+01
   4.1600000e+02   1.0248544e+01
   4.1700000e+02   1.0248325e+01
   4.1800000e+02   1.0248619e+01
   4.1900000e+02   1.0248845e+01
   4.2000000e+02   1.0248678e+01
   4.2100000e+02   1.0248711e+01
   4.2200000e+02   1.0248805e+01
   4.2300000e+02   1.0248332e+01
   4.2400000e+02   1.0248183e+01
   4.2500000e+02   1.0248262e+01
   4.2600000e+02   1.0248007e+01
   4.2700000e+02   1.0248429e+01
   4.2800000e+02   1.0248851e+01
   4.2900000e+02   1.0248921e+01
   4.3000000e+02   1.0248961e+01
   4.3100000e+02   1.0248790e+01
   4.3200000e+02   1.0248163e+01
   4.3300000e+02   1.0248562e+01
   4.3400000e+02   1.0248371e+01
   4.3500000e+02   1.0247273e+01
   4.3600000e+02   1.0246189e+01
   4.3700000e+02   1.0243967e+01
   4.3800000e+02   1.0240077e+01
   4.3900000e+02   1.0234346e+01
   4.4000000e+02   1.0226327e+01
   4.4100000e+02   1.0215647e+01
   4.4200000e+02   1.0202563e+01
   4.4300000e+02   1.0187206e+01
   4.4400000e+02   1.0171883e+01
   4.4500000e+02   1.0157625e+01
   4.4600000e+02   1.0146055e+01
   4.4700000e+02   1.0138113e+01
   4.4800000e+02   1.0134563e+01
   4.4900000e+02   1.0135502e+01
   4.5000000e+02   1.0139792e+01
   4.5100000e+02   1.0147064e+01
   4.5200000e+02   1.0155118e+01
   4.5300000e+02   1.0164055e+01
   4.5400000e+02   1.0172310e+01
   4.5500000e+02   1.0179884e+01
   4.5600000e+02   1.0186715e+01
   4.5700000e+02   1.0192650e+01
   4.5800000e+02   1.0197537e+01
   4.5900000e+02   1.0202450e+01
   4.6000000e+02   1.0206452e+01
   4.6100000e+02   1.0210242e+01
   4.6200000e+02   1.0213841e+01
   4.6300000e+02   1.0216793e+01
   4.6400000e+02   1.0219828e+01
   4.6500000e+02   1.0222282e+01
   4.6600000e+02   1.0224280e+01
   4.6700000e+02   1.0226217e+01
   4.6800000e+02   1.0228126e+01
   4.6900000e+02   1.0229637e+01
   4.7000000e+02   1.0231158e+01
   4.7100000e+02   1.0232539e+01
   4.7200000e+02   1.0233909e+01
   4.7300000e+02   1.0234888e+01
   4.7400000e+02   1.0236506e+01
   4.7500000e+02   1.0237851e+01
   4.7600000e+02   1.0239078e+01
   4.7700000e+02   1.0239995e+01
   4.7800000e+02   1.0241593e+01
   4.7900000e+02   1.0242331e+01
   4.8000000e+02   1.0243633e+01
   4.8100000e+02   1.0244478e+01
   4.8200000e+02   1.0245136e+01
   4.8300000e+02   1.0245814e+01
   4.8400000e+02   1.0246085e+01
   4.8500000e+02   1.0246764e+01
   4.8600000e+02   1.0247220e+01
   4.8700000e+02   1.0247612e+01
   4.8800000e+02   1.0247647e+01
   4.8900000e+02   1.0248143e+01
   4.9000000e+02   1.0248002e+01
   4.9100000e+02   1.0247987e+01
   4.9200000e+02   1.0248625e+01
   4.9300000e+02   1.0248205e+01
   4.9400000e+02   1.0248705e+01
   4.9500000e+02   1.0248326e+01
   4.9600000e+02   1.0248501e+01
   4.9700000e+02   1.0248258e+01
   4.9800000e+02   1.0248345e+01
   4.9900000e+02   1.0248220e+01
   5.0000000e+02   1.0248333e+01
   5.0100000e+02   1.0248402e+01
   5.0200000e+02   1.0248565e+01
   5.0300000e+02   1.0248508e+01
   5.0400000e+02   1.0248163e+01
   5.0500000e+02   1.0248471e+01
   5.0600000e+02   1.0248489e+01
   5.0700000e+02   1.0248427e+01
   5.0800000e+02   1.0248371e+01
   5.0900000e+02   1.0248190e+01
   5.1000000e+02   1.0248353e+01
   5.1100000e+02   1.0248341e+01
   5.1200000e+02   1.0248360e+01
   5.1300000e+02   1.0248122e+01
   5.1400000e+02   1.0248402e+01
   5.1500000e+02   1.0248131e+01
   5.1600000e+02   1.0248285e+01
   5.1700000e+02   1.0248261e+01
   5.1800000e+02   1.0248019e+01
   5.1900000e+02   1.0248083e+01
   5.2000000e+02   1.0248151e+01
   5.2100000e+02   1.0248039e+01
   5.2200000e+02   1.0248028e+01
   5.2300000e+02   1.0248042e+01
   5.2400000e+02   1.0247983e+01
   5.2500000e+02   1.0247948e+01
   5.2600000e+02   1.0247819e+01
   5.2700000e+02   1.0247952e+01
   5.2800000e+02   1.0248199e+01
   5.2900000e+02   1.0247637e+01
   5.3000000e+02   1.0248045e+01
   5.3100000e+02   1.0248093e+01
   5.3200000e+02   1.0247874e+01
   5.3300000e+02   1.0247594e+01
   5.3400000e+02   1.0247816e+01
   5.3500000e+02   1.0247911e+01
   5.3600000e+02   1.0247975e+01
   5.3700000e+02   1.0247668e+01
   5.3800000e+02   1.0247913e+01
   5.3900000e+02   1.0247692e+01
   5.4000000e+02   1.0247938e+01
   5.4100000e+02   1.0247879e+01
   5.4200000e+02   1.0247640e+01
   5.4300000e+02   1.0247816e+01
   5.4400000e+02   1.0247941e+01
   5.4500000e+02   1.0247751e+01
   5.4600000e+02   1.0247810e+01
   5.4700000e+02   1.0247797e+01
   5.4800000e+02   1.0247731e+01
   5.4900000e+02   1.0247715e+01
   5.5000000e+02   1.0247692e+01
   5.5100000e+02   1.0247520e+01
   5.5200000e+02   1.0247690e+01
   5.5300000e+02   1.0247683e+01
   5.5400000e+02   1.0247639e+01
   5.5500000e+02   1.0247617e+01
   5.5600000e+02   1.0247945e+01
   5.5700000e+02   1.0247628e+01
   5.5800000e+02   1.0247855e+01
   5.5900000e+02   1.0247823e+01
   5.6000000e+02   1.0247712e+01
   5.6100000e+02   1.0247763e+01
   5.6200000e+02   1.0247982e+01
   5.6300000e+02   1.0247872e+01
   5.6400000e+02   1.0247762e+01
   5.6500000e+02   1.0247642e+01
   5.6600000e+02   1.0247753e+01
   5.6700000e+02   1.0247832e+01
   5.6800000e+02   1.0247780e+01
   5.6900000e+02   1.0247809e+01
   5.7000000e+02   1.0247828e+01
   5.7100000e+02   1.0247994e+01
   5.7200000e+02   1.0247972e+01
   5.7300000e+02   1.0248194e+01
   5.7400000e+02   1.0247892e+01
   5.7500000e+02   1.0248111e+01
   5.7600000e+02   1.0247967e+01
   5.7700000e+02   1.0247935e+01
   5.7800000e+02   1.0247722e+01
   5.7900000e+02   1.0247782e+01
   5.8000000e+02   1.0247674e+01
   5.8100000e+02   1.0247607e+01
   5.8200000e+02   1.0247745e+01
   5.8300000e+02   1.0247363e+01
   5.8400000e+02   1.0247928e+01
   5.8500000e+02   1.0247658e+01
   5.8600000e+02   1.0247687e+01
   5.8700000e+02   1.0247535e+01
   5.8800000e+02   1.0247704e+01
   5.8900000e+02   1.0247821e+01
   5.9000000e+02   1.0247807e+01
   5.9100000e+02   1.0247840e+01
   5.9200000e+02   1.0247846e+01
   5.9300000e+02   1.0247814e+01
   5.9400000e+02   1.0247717e+01
   5.9500000e+02   1.0247515e+01
   5.9600000e+02   1.0247662e+01
   5.9700000e+02   1.0248126e+01
   5.9800000e+02   1.0247744e+01
   5.9900000e+02   1.0247932e+01
   6.0000000e+02   1.0247978e+01
   6.0100000e+02   1.0247893e+01
   6.0200000e+02   1.0247892e+01
   6.0300000e+02   1.0247969e+01
   6.0400000e+02   1.0247855e+01
   6.0500000e+02   1.0247794e+01
   6.0600000e+02   1.0247872e+01
   6.0700000e+02   1.0247891e+01
   6.0800000e+02   1.0248056e+01
   6.0900000e+02   1.0247790e+01
   6.1000000e+02   1.0247622e+01
   6.1100000e+02   1.0247742e+01
   6.1200000e+02   1.0247505e+01
   6.1300000e+02   1.0247490e+01
   6.1400000e+02   1.0247610e+01
   6.1500000e+02   1.0247807e+01
   6.1600000e+02   1.0247425e+01
   6.1700000e+02   1.0247493e+01
   6.1800000e+02   1.0247345e+01
   6.1900000e+02   1.0247592e+01
   6.2000000e+02   1.0247585e+01
   6.2100000e+02   1.0247488e+01
   6.2200000e+02   1.0247519e+01
   6.2300000e+02   1.0247263e+01
   6.2400000e+02   1.0247451e+01
   6.2500000e+02   1.0247538e+01
   6.2600000e+02   1.0247425e+01
   6.2700000e+02   1.0247610e+01
   6.2800000e+02   1.0247607e+01
   6.2900000e+02   1.0247755e+01
   6.3000000e+02   1.0247384e+01
   6.3100000e+02   1.0247385e+01
   6.3200000e+02   1.0247795e+01
   6.3300000e+02   1.0247365e+01
   6.3400000e+02   1.0247480e+01
   6.3500000e+02   1.0247430e+01
   6.3600000e+02   1.0247643e+01
   6.3700000e+02   1.0247446e+01
   6.3800000e+02   1.0247352e+01
   6.3900000e+02   1.0247673e+01
   6.4000000e+02   1.0247629e+01
   6.4100000e+02   1.0247654e+01
   6.4200000e+02   1.0247411e+01
   6.4300000e+02   1.0247823e+01
   6.4400000e+02   1.0247572e+01
   6.4500000e+02   1.0247598e+01
   6.4600000e+02   1.0247596e+01
   6.4700000e+02   1.0247909e+01
   6.4800000e+02   1.0247845e+01
   6.4900000e+02   1.0247698e+01
   6.5000000e+02   1.0247871e+01
   6.5100000e+02   1.0247839e+01
   6.5200000e+02   1.0248003e+01
   6.5300000e+02   1.0247843e+01
   6.5400000e+02   1.0247834e+01
   6.5500000e+02   1.0247967e+01
   6.5600000e+02   1.0247615e+01
   6.5700000e+02   1.0247733e+01
   6.5800000e+02   1.0247594e+01
   6.5900000e+02   1.0247710e+01
   6.6000000e+02   1.0247537e+01
   6.6100000e+02   1.0247509e+01
   6.6200000e+02   1.0247148e+01
   6.6300000e+02   1.0247481e+01
   6.6400000e+02   1.0247239e+01
   6.6500000e+02   1.0246946e+01
   6.6600000e+02   1.0246620e+01
   6.6700000e+02   1.0246160e+01
   6.6800000e+02   1.0245650e+01
   6.6900000e+02   1.0245157e+01
   6.7000000e+02   1.0244046e+01
   6.7100000e+02   1.0243537e+01
   6.7200000e+02   1.0242423e+01
   6.7300000e+02   1.0240792e+01
   6.7400000e+02   1.0239490e+01
   6.7500000e+02   1.0237521e+01
   6.7600000e+02   1.0235629e+01
   6.7700000e+02   1.0233652e+01
   6.7800000e+02   1.0231597e+01
   6.7900000e+02   1.0229826e+01
   6.8000000e+02   1.0228325e+01
   6.8100000e+02   1.0226951e+01
   6.8200000e+02   1.0225684e+01
   6.8300000e+02   1.0225336e+01
   6.8400000e+02   1.0224814e+01
   6.8500000e+02   1.0224709e+01
   6.8600000e+02   1.0225248e+01
   6.8700000e+02   1.0225935e+01
   6.8800000e+02   1.0226513e+01
   6.8900000e+02   1.0227651e+01
   6.9000000e+02   1.0228858e+01
   6.9100000e+02   1.0230208e+01
   6.9200000e+02   1.0231101e+01
   6.9300000e+02   1.0232459e+01
   6.9400000e+02   1.0233737e+01
   6.9500000e+02   1.0234707e+01
   6.9600000e+02   1.0235536e+01
   6.9700000e+02   1.0236762e+01
   6.9800000e+02   1.0237552e+01
   6.9900000e+02   1.0238296e+01
   7.0000000e+02   1.0239088e+01
   7.0100000e+02   1.0239770e+01
   7.0200000e+02   1.0240411e+01
   7.0300000e+02   1.0240779e+01
   7.0400000e+02   1.0241417e+01
   7.0500000e+02   1.0241662e+01
   7.0600000e+02   1.0242559e+01
   7.0700000e+02   1.0242600e+01
   7.0800000e+02   1.0242926e+01
   7.0900000e+02   1.0243305e+01
   7.1000000e+02   1.0243749e+01
   7.1100000e+02   1.0244054e+01
   7.1200000e+02   1.0244050e+01
   7.1300000e+02   1.0244496e+01
   7.1400000e+02   1.0244801e+01
   7.1500000e+02   1.0245271e+01
   7.1600000e+02   1.0245441e+01
   7.1700000e+02   1.0245520e+01
   7.1800000e+02   1.0245673e+01
   7.1900000e+02   1.0245594e+01
   7.2000000e+02   1.0245969e+01
   7.2100000e+02   1.0245994e+01
   7.2200000e+02   1.0246050e+01
   7.2300000e+02   1.0246400e+01
   7.2400000e+02   1.0246313e+01
   7.2500000e+02   1.0246649e+01
   7.2600000e+02   1.0246001e+01
   7.2700000e+02   1.0246652e+01
   7.2800000e+02   1.0246457e+01
   7.2900000e+02   1.0246477e+01
   7.3000000e+02   1.0246402e+01
   7.3100000e+02   1.0246234e+01
   7.3200000e+02   1.0246792e+01
   7.3300000e+02   1.0246702e+01
   7.3400000e+02   1.0246382e+01
   7.3500000e+02   1.0246405e+01
   7.3600000e+02   1.0246581e+01
   7.3700000e+02   1.0246471e+01
   7.3800000e+02   1.0246725e+01
   7.3900000e+02   1.0246301e+01
   7.4000000e+02   1.0246796e+01
   7.4100000e+02   1.0246523e+01
   7.4200000e+02   1.0246426e+01
   7.4300000e+02   1.0246588e+01
   7.4400000e+02   1.0246615e+01
   7.4500000e+02   1.0246650e+01
   7.4600000e+02   1.0246887e+01
   7.4700000e+02   1.0246531e+01
   7.4800000e+02   1.0246663e+01
   7.4900000e+02   1.0246701e+01
   7.5000000e+02   1.0246702e+01
   7.5100000e+02   1.0246627e+01
   7.5200000e+02   1.0246607e+01
   7.5300000e+02   1.0246493e+01
   7.5400000e+02   1.0246474e+01
   7.5500000e+02   1.0246493e+01
   7.5600000e+02   1.0246362e+01
   7.5700000e+02   1.0246494e+01
   7.5800000e+02   1.0246149e+01
   7.5900000e+02   1.0246082e+01
   7.6000000e+02   1.0246077e+01
   7.6100000e+02   1.0245915e+01
   7.6200000e+02   1.0245966e+01
   7.6300000e+02   1.0245959e+01
   7.6400000e+02   1.0246171e+01
   7.6500000e+02   1.0246129e+01
   7.6600000e+02   1.0245941e+01
   7.6700000e+02   1.0245793e+01
   7.6800000e+02   1.0245774e+01
   7.6900000e+02   1.0245725e+01
   7.7000000e+02   1.0245993e+01
   7.7100000e+02   1.0245864e+01
   7.7200000e+02   1.0246097e+01
   7.7300000e+02   1.0246211e+01
   7.7400000e+02   1.0245807e+01
   7.7500000e+02   1.0246260e+01
   7.7600000e+02   1.0245805e+01
   7.7700000e+02   1.0246111e+01
   7.7800000e+02   1.0246184e+01
   7.7900000e+02   1.0246187e+01
   7.8000000e+02   1.0246120e+01
