   0.0000000e+00   1.0296717e+01
   1.0000000e+00   1.0292808e+01
   2.0000000e+00   1.0291617e+01
   3.0000000e+00   1.0290877e+01
   4.0000000e+00   1.0290458e+01
   5.0000000e+00   1.0289512e+01
   6.0000000e+00   1.0288989e+01
   7.0000000e+00   1.0288529e+01
   8.0000000e+00   1.0288625e+01
   9.0000000e+00   1.0288151e+01
   1.0000000e+01   1.0287823e+01
   1.1000000e+01   1.0287672e+01
   1.2000000e+01   1.0287528e+01
   1.3000000e+01   1.0287234e+01
   1.4000000e+01   1.0287214e+01
   1.5000000e+01   1.0287236e+01
   1.6000000e+01   1.0286888e+01
   1.7000000e+01   1.0286594e+01
   1.8000000e+01   1.0286406e+01
   1.9000000e+01   1.0286593e+01
   2.0000000e+01   1.0286288e+01
   2.1000000e+01   1.0286055e+01
   2.2000000e+01   1.0286059e+01
   2.3000000e+01   1.0286020e+01
   2.4000000e+01   1.0285878e+01
   2.5000000e+01   1.0285771e+01
   2.6000000e+01   1.0285634e+01
   2.7000000e+01   1.0285572e+01
   2.8000000e+01   1.0284941e+01
   2.9000000e+01   1.0285269e+01
   3.0000000e+01   1.0285101e+01
   3.1000000e+01   1.0284999e+01
   3.2000000e+01   1.0284741e+01
   3.3000000e+01   1.0284786e+01
   3.4000000e+01   1.0284586e+01
   3.5000000e+01   1.0284941e+01
   3.6000000e+01   1.0284585e+01
   3.7000000e+01   1.0284213e+01
   3.8000000e+01   1.0284239e+01
   3.9000000e+01   1.0284072e+01
   4.0000000e+01   1.0284159e+01
   4.1000000e+01   1.0283936e+01
   4.2000000e+01   1.0283913e+01
   4.3000000e+01   1.0283672e+01
   4.4000000e+01   1.0283664e+01
   4.5000000e+01   1.0283851e+01
   4.6000000e+01   1.0283535e+01
   4.7000000e+01   1.0283488e+01
   4.8000000e+01   1.0283440e+01
   4.9000000e+01   1.0283521e+01
   5.0000000e+01   1.0283478e+01
   5.1000000e+01   1.0283328e+01
   5.2000000e+01   1.0283487e+01
   5.3000000e+01   1.0283376e+01
   5.4000000e+01   1.0283297e+01
   5.5000000e+01   1.0283340e+01
   5.6000000e+01   1.0283054e+01
   5.7000000e+01   1.0283108e+01
   5.8000000e+01   1.0283023e+01
   5.9000000e+01   1.0282598e+01
   6.0000000e+01   1.0282743e+01
   6.1000000e+01   1.0282726e+01
   6.2000000e+01   1.0282585e+01
   6.3000000e+01   1.0282768e+01
   6.4000000e+01   1.0282540e+01
   6.5000000e+01   1.0282650e+01
   6.6000000e+01   1.0282619e+01
   6.7000000e+01   1.0282527e+01
   6.8000000e+01   1.0282345e+01
   6.9000000e+01   1.0282484e+01
   7.0000000e+01   1.0282724e+01
   7.1000000e+01   1.0282256e+01
   7.2000000e+01   1.0282481e+01
   7.3000000e+01   1.0282275e+01
   7.4000000e+01   1.0282359e+01
   7.5000000e+01   1.0282481e+01
   7.6000000e+01   1.0282033e+01
   7.7000000e+01   1.0282505e+01
   7.8000000e+01   1.0282287e+01
   7.9000000e+01   1.0282307e+01
   8.0000000e+01   1.0281984e+01
   8.1000000e+01   1.0282180e+01
   8.2000000e+01   1.0281957e+01
   8.3000000e+01   1.0282183e+01
   8.4000000e+01   1.0281994e+01
   8.5000000e+01   1.0281914e+01
   8.6000000e+01   1.0282145e+01
   8.7000000e+01   1.0281918e+01
   8.8000000e+01   1.0281679e+01
   8.9000000e+01   1.0281672e+01
   9.0000000e+01   1.0281408e+01
   9.1000000e+01   1.0281573e+01
   9.2000000e+01   1.0281846e+01
   9.3000000e+01   1.0281632e+01
   9.4000000e+01   1.0281327e+01
   9.5000000e+01   1.0281374e+01
   9.6000000e+01   1.0281766e+01
   9.7000000e+01   1.0281670e+01
   9.8000000e+01   1.0281501e+01
   9.9000000e+01   1.0281651e+01
   1.0000000e+02   1.0281357e+01
   1.0100000e+02   1.0281382e+01
   1.0200000e+02   1.0281386e+01
   1.0300000e+02   1.0281506e+01
   1.0400000e+02   1.0281407e+01
   1.0500000e+02   1.0281413e+01
   1.0600000e+02   1.0281324e+01
   1.0700000e+02   1.0281161e+01
   1.0800000e+02   1.0281314e+01
   1.0900000e+02   1.0281207e+01
   1.1000000e+02   1.0280949e+01
   1.1100000e+02   1.0281041e+01
   1.1200000e+02   1.0280626e+01
   1.1300000e+02   1.0280808e+01
   1.1400000e+02   1.0280845e+01
   1.1500000e+02   1.0280769e+01
   1.1600000e+02   1.0280607e+01
   1.1700000e+02   1.0280634e+01
   1.1800000e+02   1.0280468e+01
   1.1900000e+02   1.0280444e+01
   1.2000000e+02   1.0280584e+01
   1.2100000e+02   1.0280289e+01
   1.2200000e+02   1.0280436e+01
   1.2300000e+02   1.0280326e+01
   1.2400000e+02   1.0280211e+01
   1.2500000e+02   1.0280143e+01
   1.2600000e+02   1.0280170e+01
   1.2700000e+02   1.0280233e+01
   1.2800000e+02   1.0280089e+01
   1.2900000e+02   1.0280202e+01
   1.3000000e+02   1.0280191e+01
   1.3100000e+02   1.0280222e+01
   1.3200000e+02   1.0280154e+01
   1.3300000e+02   1.0279985e+01
   1.3400000e+02   1.0279856e+01
   1.3500000e+02   1.0280135e+01
   1.3600000e+02   1.0279949e+01
   1.3700000e+02   1.0279825e+01
   1.3800000e+02   1.0279870e+01
   1.3900000e+02   1.0279690e+01
   1.4000000e+02   1.0279656e+01
   1.4100000e+02   1.0279628e+01
   1.4200000e+02   1.0279882e+01
   1.4300000e+02   1.0279499e+01
   1.4400000e+02   1.0279632e+01
   1.4500000e+02   1.0279723e+01
   1.4600000e+02   1.0279642e+01
   1.4700000e+02   1.0279650e+01
   1.4800000e+02   1.0279511e+01
   1.4900000e+02   1.0279255e+01
   1.5000000e+02   1.0279717e+01
   1.5100000e+02   1.0279739e+01
   1.5200000e+02   1.0279679e+01
   1.5300000e+02   1.0279637e+01
   1.5400000e+02   1.0279403e+01
   1.5500000e+02   1.0279163e+01
   1.5600000e+02   1.0279195e+01
   1.5700000e+02   1.0279348e+01
   1.5800000e+02   1.0279159e+01
   1.5900000e+02   1.0278911e+01
   1.6000000e+02   1.0279048e+01
   1.6100000e+02   1.0278949e+01
   1.6200000e+02   1.0278815e+01
   1.6300000e+02   1.0279017e+01
   1.6400000e+02   1.0278806e+01
   1.6500000e+02   1.0278697e+01
   1.6600000e+02   1.0277970e+01
   1.6700000e+02   1.0270740e+01
   1.6800000e+02   1.0253383e+01
   1.6900000e+02   1.0247083e+01
   1.7000000e+02   1.0255979e+01
   1.7100000e+02   1.0265423e+01
   1.7200000e+02   1.0270966e+01
   1.7300000e+02   1.0272557e+01
   1.7400000e+02   1.0272899e+01
   1.7500000e+02   1.0273733e+01
   1.7600000e+02   1.0273970e+01
   1.7700000e+02   1.0274455e+01
   1.7800000e+02   1.0272087e+01
   1.7900000e+02   1.0241095e+01
   1.8000000e+02   1.0211919e+01
   1.8100000e+02   1.0214856e+01
   1.8200000e+02   1.0217829e+01
   1.8300000e+02   1.0221594e+01
   1.8400000e+02   1.0226854e+01
   1.8500000e+02   1.0230824e+01
   1.8600000e+02   1.0233824e+01
   1.8700000e+02   1.0236644e+01
   1.8800000e+02   1.0238895e+01
   1.8900000e+02   1.0242905e+01
   1.9000000e+02   1.0249315e+01
   1.9100000e+02   1.0254102e+01
   1.9200000e+02   1.0258232e+01
   1.9300000e+02   1.0263381e+01
   1.9400000e+02   1.0266522e+01
   1.9500000e+02   1.0268539e+01
   1.9600000e+02   1.0270166e+01
   1.9700000e+02   1.0270785e+01
   1.9800000e+02   1.0271506e+01
   1.9900000e+02   1.0272286e+01
   2.0000000e+02   1.0272805e+01
   2.0100000e+02   1.0273322e+01
   2.0200000e+02   1.0273766e+01
   2.0300000e+02   1.0274386e+01
   2.0400000e+02   1.0274752e+01
   2.0500000e+02   1.0275136e+01
   2.0600000e+02   1.0275063e+01
   2.0700000e+02   1.0275377e+01
   2.0800000e+02   1.0275818e+01
   2.0900000e+02   1.0275973e+01
   2.1000000e+02   1.0276033e+01
   2.1100000e+02   1.0276317e+01
   2.1200000e+02   1.0276376e+01
   2.1300000e+02   1.0276512e+01
   2.1400000e+02   1.0276708e+01
   2.1500000e+02   1.0276595e+01
   2.1600000e+02   1.0276973e+01
   2.1700000e+02   1.0276683e+01
   2.1800000e+02   1.0276724e+01
   2.1900000e+02   1.0276824e+01
   2.2000000e+02   1.0276652e+01
   2.2100000e+02   1.0276686e+01
   2.2200000e+02   1.0276566e+01
   2.2300000e+02   1.0276783e+01
   2.2400000e+02   1.0276619e+01
   2.2500000e+02   1.0276416e+01
   2.2600000e+02   1.0276550e+01
   2.2700000e+02   1.0276290e+01
   2.2800000e+02   1.0276661e+01
   2.2900000e+02   1.0276620e+01
   2.3000000e+02   1.0276694e+01
   2.3100000e+02   1.0276653e+01
   2.3200000e+02   1.0276575e+01
   2.3300000e+02   1.0276542e+01
   2.3400000e+02   1.0276377e+01
   2.3500000e+02   1.0276503e+01
   2.3600000e+02   1.0276443e+01
   2.3700000e+02   1.0276512e+01
   2.3800000e+02   1.0276430e+01
   2.3900000e+02   1.0276341e+01
   2.4000000e+02   1.0276504e+01
   2.4100000e+02   1.0276420e+01
   2.4200000e+02   1.0276487e+01
   2.4300000e+02   1.0276389e+01
   2.4400000e+02   1.0276474e+01
   2.4500000e+02   1.0276292e+01
   2.4600000e+02   1.0275699e+01
   2.4700000e+02   1.0275832e+01
   2.4800000e+02   1.0275511e+01
   2.4900000e+02   1.0275648e+01
   2.5000000e+02   1.0275502e+01
   2.5100000e+02   1.0275388e+01
   2.5200000e+02   1.0275501e+01
   2.5300000e+02   1.0275459e+01
   2.5400000e+02   1.0275513e+01
   2.5500000e+02   1.0275561e+01
   2.5600000e+02   1.0275307e+01
   2.5700000e+02   1.0275228e+01
   2.5800000e+02   1.0275337e+01
   2.5900000e+02   1.0275176e+01
   2.6000000e+02   1.0275202e+01
   2.6100000e+02   1.0274826e+01
   2.6200000e+02   1.0274804e+01
   2.6300000e+02   1.0274734e+01
   2.6400000e+02   1.0274793e+01
   2.6500000e+02   1.0274815e+01
   2.6600000e+02   1.0274974e+01
   2.6700000e+02   1.0275096e+01
   2.6800000e+02   1.0275275e+01
   2.6900000e+02   1.0275018e+01
   2.7000000e+02   1.0275225e+01
   2.7100000e+02   1.0275211e+01
   2.7200000e+02   1.0274940e+01
   2.7300000e+02   1.0275074e+01
   2.7400000e+02   1.0274971e+01
   2.7500000e+02   1.0275269e+01
   2.7600000e+02   1.0275262e+01
   2.7700000e+02   1.0275098e+01
   2.7800000e+02   1.0275272e+01
   2.7900000e+02   1.0275310e+01
   2.8000000e+02   1.0274970e+01
   2.8100000e+02   1.0274979e+01
   2.8200000e+02   1.0275095e+01
   2.8300000e+02   1.0275163e+01
   2.8400000e+02   1.0275196e+01
   2.8500000e+02   1.0275356e+01
   2.8600000e+02   1.0275047e+01
   2.8700000e+02   1.0275174e+01
   2.8800000e+02   1.0274939e+01
   2.8900000e+02   1.0275178e+01
   2.9000000e+02   1.0274930e+01
   2.9100000e+02   1.0274999e+01
   2.9200000e+02   1.0275142e+01
   2.9300000e+02   1.0275235e+01
   2.9400000e+02   1.0275187e+01
   2.9500000e+02   1.0275094e+01
   2.9600000e+02   1.0274971e+01
   2.9700000e+02   1.0275007e+01
   2.9800000e+02   1.0274902e+01
   2.9900000e+02   1.0275076e+01
   3.0000000e+02   1.0274965e+01
   3.0100000e+02   1.0274677e+01
   3.0200000e+02   1.0274404e+01
   3.0300000e+02   1.0274259e+01
   3.0400000e+02   1.0273844e+01
   3.0500000e+02   1.0273297e+01
   3.0600000e+02   1.0272413e+01
   3.0700000e+02   1.0271710e+01
   3.0800000e+02   1.0270391e+01
   3.0900000e+02   1.0269013e+01
   3.1000000e+02   1.0267850e+01
   3.1100000e+02   1.0266807e+01
   3.1200000e+02   1.0266311e+01
   3.1300000e+02   1.0265890e+01
   3.1400000e+02   1.0265665e+01
   3.1500000e+02   1.0265357e+01
   3.1600000e+02   1.0264401e+01
   3.1700000e+02   1.0263290e+01
   3.1800000e+02   1.0261092e+01
   3.1900000e+02   1.0258935e+01
   3.2000000e+02   1.0257119e+01
   3.2100000e+02   1.0255918e+01
   3.2200000e+02   1.0255240e+01
   3.2300000e+02   1.0255236e+01
   3.2400000e+02   1.0255120e+01
   3.2500000e+02   1.0256120e+01
   3.2600000e+02   1.0257112e+01
   3.2700000e+02   1.0258415e+01
   3.2800000e+02   1.0260055e+01
   3.2900000e+02   1.0261336e+01
   3.3000000e+02   1.0262545e+01
   3.3100000e+02   1.0263747e+01
   3.3200000e+02   1.0264732e+01
   3.3300000e+02   1.0265197e+01
   3.3400000e+02   1.0265496e+01
   3.3500000e+02   1.0265624e+01
   3.3600000e+02   1.0265600e+01
   3.3700000e+02   1.0265549e+01
   3.3800000e+02   1.0265308e+01
   3.3900000e+02   1.0265347e+01
   3.4000000e+02   1.0265652e+01
   3.4100000e+02   1.0265980e+01
   3.4200000e+02   1.0266770e+01
   3.4300000e+02   1.0267406e+01
   3.4400000e+02   1.0268235e+01
   3.4500000e+02   1.0268812e+01
   3.4600000e+02   1.0269503e+01
   3.4700000e+02   1.0269876e+01
   3.4800000e+02   1.0270542e+01
   3.4900000e+02   1.0270985e+01
   3.5000000e+02   1.0271093e+01
   3.5100000e+02   1.0271041e+01
   3.5200000e+02   1.0271554e+01
   3.5300000e+02   1.0271849e+01
   3.5400000e+02   1.0272207e+01
   3.5500000e+02   1.0272203e+01
   3.5600000e+02   1.0272511e+01
   3.5700000e+02   1.0272387e+01
   3.5800000e+02   1.0272455e+01
   3.5900000e+02   1.0272536e+01
   3.6000000e+02   1.0272465e+01
   3.6100000e+02   1.0272472e+01
   3.6200000e+02   1.0272494e+01
   3.6300000e+02   1.0272531e+01
   3.6400000e+02   1.0272464e+01
   3.6500000e+02   1.0272653e+01
   3.6600000e+02   1.0272968e+01
   3.6700000e+02   1.0273094e+01
   3.6800000e+02   1.0273043e+01
   3.6900000e+02   1.0273155e+01
   3.7000000e+02   1.0273222e+01
   3.7100000e+02   1.0273300e+01
   3.7200000e+02   1.0273171e+01
   3.7300000e+02   1.0273052e+01
   3.7400000e+02   1.0273301e+01
   3.7500000e+02   1.0273348e+01
   3.7600000e+02   1.0273269e+01
   3.7700000e+02   1.0273414e+01
   3.7800000e+02   1.0273402e+01
   3.7900000e+02   1.0273335e+01
   3.8000000e+02   1.0273373e+01
   3.8100000e+02   1.0273611e+01
   3.8200000e+02   1.0273106e+01
   3.8300000e+02   1.0273204e+01
   3.8400000e+02   1.0273127e+01
   3.8500000e+02   1.0272986e+01
   3.8600000e+02   1.0272797e+01
   3.8700000e+02   1.0272977e+01
   3.8800000e+02   1.0272753e+01
   3.8900000e+02   1.0272639e+01
   3.9000000e+02   1.0272531e+01
   3.9100000e+02   1.0272675e+01
   3.9200000e+02   1.0272540e+01
   3.9300000e+02   1.0272254e+01
   3.9400000e+02   1.0272591e+01
   3.9500000e+02   1.0272749e+01
   3.9600000e+02   1.0272814e+01
   3.9700000e+02   1.0272951e+01
   3.9800000e+02   1.0273079e+01
   3.9900000e+02   1.0273034e+01
   4.0000000e+02   1.0273101e+01
   4.0100000e+02   1.0273158e+01
   4.0200000e+02   1.0273273e+01
   4.0300000e+02   1.0272991e+01
   4.0400000e+02   1.0272840e+01
   4.0500000e+02   1.0272800e+01
   4.0600000e+02   1.0273109e+01
   4.0700000e+02   1.0272992e+01
   4.0800000e+02   1.0272882e+01
   4.0900000e+02   1.0272989e+01
   4.1000000e+02   1.0272797e+01
   4.1100000e+02   1.0272859e+01
   4.1200000e+02   1.0272860e+01
   4.1300000e+02   1.0272783e+01
   4.1400000e+02   1.0272976e+01
   4.1500000e+02   1.0272804e+01
   4.1600000e+02   1.0272941e+01
   4.1700000e+02   1.0272609e+01
   4.1800000e+02   1.0272799e+01
   4.1900000e+02   1.0272702e+01
   4.2000000e+02   1.0272726e+01
   4.2100000e+02   1.0272789e+01
   4.2200000e+02   1.0272561e+01
   4.2300000e+02   1.0272635e+01
   4.2400000e+02   1.0272579e+01
   4.2500000e+02   1.0272931e+01
   4.2600000e+02   1.0272724e+01
   4.2700000e+02   1.0272649e+01
   4.2800000e+02   1.0272564e+01
   4.2900000e+02   1.0272725e+01
   4.3000000e+02   1.0272897e+01
   4.3100000e+02   1.0272658e+01
   4.3200000e+02   1.0272810e+01
   4.3300000e+02   1.0272722e+01
   4.3400000e+02   1.0272581e+01
   4.3500000e+02   1.0271873e+01
   4.3600000e+02   1.0271322e+01
   4.3700000e+02   1.0269873e+01
   4.3800000e+02   1.0267849e+01
   4.3900000e+02   1.0264045e+01
   4.4000000e+02   1.0258679e+01
   4.4100000e+02   1.0251012e+01
   4.4200000e+02   1.0240776e+01
   4.4300000e+02   1.0227975e+01
   4.4400000e+02   1.0213368e+01
   4.4500000e+02   1.0198654e+01
   4.4600000e+02   1.0184910e+01
   4.4700000e+02   1.0173190e+01
   4.4800000e+02   1.0165299e+01
   4.4900000e+02   1.0161558e+01
   4.5000000e+02   1.0162066e+01
   4.5100000e+02   1.0166029e+01
   4.5200000e+02   1.0172712e+01
   4.5300000e+02   1.0180689e+01
   4.5400000e+02   1.0189121e+01
   4.5500000e+02   1.0197387e+01
   4.5600000e+02   1.0205047e+01
   4.5700000e+02   1.0211469e+01
   4.5800000e+02   1.0218077e+01
   4.5900000e+02   1.0222782e+01
   4.6000000e+02   1.0227364e+01
   4.6100000e+02   1.0231008e+01
   4.6200000e+02   1.0234497e+01
   4.6300000e+02   1.0237704e+01
   4.6400000e+02   1.0240593e+01
   4.6500000e+02   1.0243362e+01
   4.6600000e+02   1.0245782e+01
   4.6700000e+02   1.0248260e+01
   4.6800000e+02   1.0250089e+01
   4.6900000e+02   1.0252369e+01
   4.7000000e+02   1.0254120e+01
   4.7100000e+02   1.0255927e+01
   4.7200000e+02   1.0257554e+01
   4.7300000e+02   1.0259045e+01
   4.7400000e+02   1.0260410e+01
   4.7500000e+02   1.0261516e+01
   4.7600000e+02   1.0262997e+01
   4.7700000e+02   1.0263855e+01
   4.7800000e+02   1.0264965e+01
   4.7900000e+02   1.0266107e+01
   4.8000000e+02   1.0266778e+01
   4.8100000e+02   1.0267383e+01
   4.8200000e+02   1.0268083e+01
   4.8300000e+02   1.0268287e+01
   4.8400000e+02   1.0268637e+01
   4.8500000e+02   1.0269299e+01
   4.8600000e+02   1.0269359e+01
   4.8700000e+02   1.0269869e+01
   4.8800000e+02   1.0269869e+01
   4.8900000e+02   1.0270074e+01
   4.9000000e+02   1.0270316e+01
   4.9100000e+02   1.0270494e+01
   4.9200000e+02   1.0270746e+01
   4.9300000e+02   1.0270776e+01
   4.9400000e+02   1.0270843e+01
   4.9500000e+02   1.0270834e+01
   4.9600000e+02   1.0270668e+01
   4.9700000e+02   1.0271192e+01
   4.9800000e+02   1.0271189e+01
   4.9900000e+02   1.0271091e+01
   5.0000000e+02   1.0271276e+01
   5.0100000e+02   1.0271336e+01
   5.0200000e+02   1.0271254e+01
   5.0300000e+02   1.0271053e+01
   5.0400000e+02   1.0271188e+01
   5.0500000e+02   1.0271508e+01
   5.0600000e+02   1.0271378e+01
   5.0700000e+02   1.0271092e+01
   5.0800000e+02   1.0271549e+01
   5.0900000e+02   1.0271282e+01
   5.1000000e+02   1.0271346e+01
   5.1100000e+02   1.0271223e+01
   5.1200000e+02   1.0271279e+01
   5.1300000e+02   1.0271443e+01
   5.1400000e+02   1.0271514e+01
   5.1500000e+02   1.0271254e+01
   5.1600000e+02   1.0271396e+01
   5.1700000e+02   1.0271287e+01
   5.1800000e+02   1.0271361e+01
   5.1900000e+02   1.0271382e+01
   5.2000000e+02   1.0271531e+01
   5.2100000e+02   1.0271578e+01
   5.2200000e+02   1.0271558e+01
   5.2300000e+02   1.0271694e+01
   5.2400000e+02   1.0271764e+01
   5.2500000e+02   1.0271669e+01
   5.2600000e+02   1.0271642e+01
   5.2700000e+02   1.0271572e+01
   5.2800000e+02   1.0271524e+01
   5.2900000e+02   1.0271448e+01
   5.3000000e+02   1.0271509e+01
   5.3100000e+02   1.0271348e+01
   5.3200000e+02   1.0271193e+01
   5.3300000e+02   1.0271332e+01
   5.3400000e+02   1.0271330e+01
   5.3500000e+02   1.0271274e+01
   5.3600000e+02   1.0271235e+01
   5.3700000e+02   1.0271234e+01
   5.3800000e+02   1.0271191e+01
   5.3900000e+02   1.0271009e+01
   5.4000000e+02   1.0271203e+01
   5.4100000e+02   1.0271181e+01
   5.4200000e+02   1.0271118e+01
   5.4300000e+02   1.0271052e+01
   5.4400000e+02   1.0271147e+01
   5.4500000e+02   1.0271082e+01
   5.4600000e+02   1.0270954e+01
   5.4700000e+02   1.0271184e+01
   5.4800000e+02   1.0270986e+01
   5.4900000e+02   1.0271044e+01
   5.5000000e+02   1.0271174e+01
   5.5100000e+02   1.0271120e+01
   5.5200000e+02   1.0271054e+01
   5.5300000e+02   1.0270955e+01
   5.5400000e+02   1.0271096e+01
   5.5500000e+02   1.0270779e+01
   5.5600000e+02   1.0270966e+01
   5.5700000e+02   1.0270920e+01
   5.5800000e+02   1.0270886e+01
   5.5900000e+02   1.0270831e+01
   5.6000000e+02   1.0270858e+01
   5.6100000e+02   1.0270832e+01
   5.6200000e+02   1.0270763e+01
   5.6300000e+02   1.0270951e+01
   5.6400000e+02   1.0271036e+01
   5.6500000e+02   1.0270932e+01
   5.6600000e+02   1.0270832e+01
   5.6700000e+02   1.0270816e+01
   5.6800000e+02   1.0270576e+01
   5.6900000e+02   1.0270560e+01
   5.7000000e+02   1.0270686e+01
   5.7100000e+02   1.0270733e+01
   5.7200000e+02   1.0270602e+01
   5.7300000e+02   1.0270568e+01
   5.7400000e+02   1.0270996e+01
   5.7500000e+02   1.0270716e+01
   5.7600000e+02   1.0270964e+01
   5.7700000e+02   1.0270830e+01
   5.7800000e+02   1.0270703e+01
   5.7900000e+02   1.0270619e+01
   5.8000000e+02   1.0270906e+01
   5.8100000e+02   1.0270720e+01
   5.8200000e+02   1.0270706e+01
   5.8300000e+02   1.0270446e+01
   5.8400000e+02   1.0270535e+01
   5.8500000e+02   1.0270667e+01
   5.8600000e+02   1.0270573e+01
   5.8700000e+02   1.0270244e+01
   5.8800000e+02   1.0270599e+01
   5.8900000e+02   1.0270546e+01
   5.9000000e+02   1.0270466e+01
   5.9100000e+02   1.0270643e+01
   5.9200000e+02   1.0270538e+01
   5.9300000e+02   1.0270293e+01
   5.9400000e+02   1.0270367e+01
   5.9500000e+02   1.0270398e+01
   5.9600000e+02   1.0270666e+01
   5.9700000e+02   1.0270608e+01
   5.9800000e+02   1.0270283e+01
   5.9900000e+02   1.0270347e+01
   6.0000000e+02   1.0270103e+01
   6.0100000e+02   1.0269999e+01
   6.0200000e+02   1.0270402e+01
   6.0300000e+02   1.0270158e+01
   6.0400000e+02   1.0270304e+01
   6.0500000e+02   1.0270520e+01
   6.0600000e+02   1.0270289e+01
   6.0700000e+02   1.0270400e+01
   6.0800000e+02   1.0270507e+01
   6.0900000e+02   1.0270625e+01
   6.1000000e+02   1.0270510e+01
   6.1100000e+02   1.0270321e+01
   6.1200000e+02   1.0270490e+01
   6.1300000e+02   1.0270483e+01
   6.1400000e+02   1.0270513e+01
   6.1500000e+02   1.0270648e+01
   6.1600000e+02   1.0270377e+01
   6.1700000e+02   1.0270436e+01
   6.1800000e+02   1.0270401e+01
   6.1900000e+02   1.0270180e+01
   6.2000000e+02   1.0270431e+01
   6.2100000e+02   1.0270171e+01
   6.2200000e+02   1.0270347e+01
   6.2300000e+02   1.0270505e+01
   6.2400000e+02   1.0270145e+01
   6.2500000e+02   1.0270347e+01
   6.2600000e+02   1.0270692e+01
   6.2700000e+02   1.0270316e+01
   6.2800000e+02   1.0270127e+01
   6.2900000e+02   1.0270013e+01
   6.3000000e+02   1.0270403e+01
   6.3100000e+02   1.0270137e+01
   6.3200000e+02   1.0270018e+01
   6.3300000e+02   1.0270086e+01
   6.3400000e+02   1.0270013e+01
   6.3500000e+02   1.0269966e+01
   6.3600000e+02   1.0270034e+01
   6.3700000e+02   1.0269895e+01
   6.3800000e+02   1.0270099e+01
   6.3900000e+02   1.0269947e+01
   6.4000000e+02   1.0269834e+01
   6.4100000e+02   1.0269846e+01
   6.4200000e+02   1.0269886e+01
   6.4300000e+02   1.0269824e+01
   6.4400000e+02   1.0269726e+01
   6.4500000e+02   1.0269662e+01
   6.4600000e+02   1.0269712e+01
   6.4700000e+02   1.0269847e+01
   6.4800000e+02   1.0269788e+01
   6.4900000e+02   1.0269703e+01
   6.5000000e+02   1.0269864e+01
   6.5100000e+02   1.0269765e+01
   6.5200000e+02   1.0270073e+01
   6.5300000e+02   1.0269772e+01
   6.5400000e+02   1.0270051e+01
   6.5500000e+02   1.0269798e+01
   6.5600000e+02   1.0269759e+01
   6.5700000e+02   1.0269985e+01
   6.5800000e+02   1.0269554e+01
   6.5900000e+02   1.0269586e+01
   6.6000000e+02   1.0269773e+01
   6.6100000e+02   1.0269900e+01
   6.6200000e+02   1.0269760e+01
   6.6300000e+02   1.0269947e+01
   6.6400000e+02   1.0269558e+01
   6.6500000e+02   1.0269588e+01
   6.6600000e+02   1.0269267e+01
   6.6700000e+02   1.0268997e+01
   6.6800000e+02   1.0268859e+01
   6.6900000e+02   1.0268185e+01
   6.7000000e+02   1.0267272e+01
   6.7100000e+02   1.0266522e+01
   6.7200000e+02   1.0265212e+01
   6.7300000e+02   1.0263854e+01
   6.7400000e+02   1.0262071e+01
   6.7500000e+02   1.0259682e+01
   6.7600000e+02   1.0257425e+01
   6.7700000e+02   1.0254293e+01
   6.7800000e+02   1.0251645e+01
   6.7900000e+02   1.0248455e+01
   6.8000000e+02   1.0245277e+01
   6.8100000e+02   1.0242244e+01
   6.8200000e+02   1.0239727e+01
   6.8300000e+02   1.0237829e+01
   6.8400000e+02   1.0236486e+01
   6.8500000e+02   1.0235334e+01
   6.8600000e+02   1.0235200e+01
   6.8700000e+02   1.0235393e+01
   6.8800000e+02   1.0236095e+01
   6.8900000e+02   1.0237308e+01
   6.9000000e+02   1.0238609e+01
   6.9100000e+02   1.0240198e+01
   6.9200000e+02   1.0241954e+01
   6.9300000e+02   1.0243652e+01
   6.9400000e+02   1.0245724e+01
   6.9500000e+02   1.0247550e+01
   6.9600000e+02   1.0249225e+01
   6.9700000e+02   1.0251009e+01
   6.9800000e+02   1.0252268e+01
   6.9900000e+02   1.0254056e+01
   7.0000000e+02   1.0255236e+01
   7.0100000e+02   1.0256434e+01
   7.0200000e+02   1.0257288e+01
   7.0300000e+02   1.0258344e+01
   7.0400000e+02   1.0259312e+01
   7.0500000e+02   1.0260213e+01
   7.0600000e+02   1.0260918e+01
   7.0700000e+02   1.0261564e+01
   7.0800000e+02   1.0262490e+01
   7.0900000e+02   1.0262670e+01
   7.1000000e+02   1.0264003e+01
   7.1100000e+02   1.0264227e+01
   7.1200000e+02   1.0264463e+01
   7.1300000e+02   1.0265145e+01
   7.1400000e+02   1.0265504e+01
   7.1500000e+02   1.0266089e+01
   7.1600000e+02   1.0266138e+01
   7.1700000e+02   1.0266414e+01
   7.1800000e+02   1.0266727e+01
   7.1900000e+02   1.0266992e+01
   7.2000000e+02   1.0266736e+01
   7.2100000e+02   1.0267389e+01
   7.2200000e+02   1.0267544e+01
   7.2300000e+02   1.0267569e+01
   7.2400000e+02   1.0267799e+01
   7.2500000e+02   1.0267903e+01
   7.2600000e+02   1.0267990e+01
   7.2700000e+02   1.0267997e+01
   7.2800000e+02   1.0268402e+01
   7.2900000e+02   1.0268414e+01
   7.3000000e+02   1.0268382e+01
   7.3100000e+02   1.0268238e+01
   7.3200000e+02   1.0268448e+01
   7.3300000e+02   1.0268685e+01
   7.3400000e+02   1.0268681e+01
   7.3500000e+02   1.0268287e+01
   7.3600000e+02   1.0268427e+01
   7.3700000e+02   1.0268675e+01
   7.3800000e+02   1.0268627e+01
   7.3900000e+02   1.0268824e+01
   7.4000000e+02   1.0268582e+01
   7.4100000e+02   1.0268777e+01
   7.4200000e+02   1.0268344e+01
   7.4300000e+02   1.0268592e+01
   7.4400000e+02   1.0268519e+01
   7.4500000e+02   1.0268838e+01
   7.4600000e+02   1.0268575e+01
   7.4700000e+02   1.0268769e+01
   7.4800000e+02   1.0268723e+01
   7.4900000e+02   1.0268672e+01
   7.5000000e+02   1.0268841e+01
   7.5100000e+02   1.0268631e+01
   7.5200000e+02   1.0268549e+01
   7.5300000e+02   1.0268558e+01
   7.5400000e+02   1.0268848e+01
   7.5500000e+02   1.0268773e+01
   7.5600000e+02   1.0268671e+01
   7.5700000e+02   1.0268737e+01
   7.5800000e+02   1.0268671e+01
   7.5900000e+02   1.0268621e+01
   7.6000000e+02   1.0268817e+01
   7.6100000e+02   1.0268559e+01
   7.6200000e+02   1.0268448e+01
   7.6300000e+02   1.0268452e+01
   7.6400000e+02   1.0268243e+01
   7.6500000e+02   1.0268401e+01
   7.6600000e+02   1.0268270e+01
   7.6700000e+02   1.0268197e+01
   7.6800000e+02   1.0268387e+01
   7.6900000e+02   1.0268082e+01
   7.7000000e+02   1.0268214e+01
   7.7100000e+02   1.0268459e+01
   7.7200000e+02   1.0268297e+01
   7.7300000e+02   1.0268390e+01
   7.7400000e+02   1.0268199e+01
   7.7500000e+02   1.0268372e+01
   7.7600000e+02   1.0268373e+01
   7.7700000e+02   1.0268624e+01
   7.7800000e+02   1.0268200e+01
   7.7900000e+02   1.0268222e+01
   7.8000000e+02   1.0268278e+01
