   0.0000000e+00   1.0305804e+01
   1.0000000e+00   1.0301324e+01
   2.0000000e+00   1.0300573e+01
   3.0000000e+00   1.0299643e+01
   4.0000000e+00   1.0299236e+01
   5.0000000e+00   1.0298754e+01
   6.0000000e+00   1.0298320e+01
   7.0000000e+00   1.0298428e+01
   8.0000000e+00   1.0297413e+01
   9.0000000e+00   1.0297661e+01
   1.0000000e+01   1.0297307e+01
   1.1000000e+01   1.0296984e+01
   1.2000000e+01   1.0296921e+01
   1.3000000e+01   1.0296334e+01
   1.4000000e+01   1.0296297e+01
   1.5000000e+01   1.0296187e+01
   1.6000000e+01   1.0296122e+01
   1.7000000e+01   1.0296187e+01
   1.8000000e+01   1.0295786e+01
   1.9000000e+01   1.0295529e+01
   2.0000000e+01   1.0295372e+01
   2.1000000e+01   1.0295269e+01
   2.2000000e+01   1.0295200e+01
   2.3000000e+01   1.0295188e+01
   2.4000000e+01   1.0294952e+01
   2.5000000e+01   1.0294846e+01
   2.6000000e+01   1.0294630e+01
   2.7000000e+01   1.0294727e+01
   2.8000000e+01   1.0294388e+01
   2.9000000e+01   1.0294517e+01
   3.0000000e+01   1.0294107e+01
   3.1000000e+01   1.0294057e+01
   3.2000000e+01   1.0294057e+01
   3.3000000e+01   1.0293915e+01
   3.4000000e+01   1.0293614e+01
   3.5000000e+01   1.0294039e+01
   3.6000000e+01   1.0293586e+01
   3.7000000e+01   1.0293577e+01
   3.8000000e+01   1.0293678e+01
   3.9000000e+01   1.0293291e+01
   4.0000000e+01   1.0293308e+01
   4.1000000e+01   1.0293212e+01
   4.2000000e+01   1.0293122e+01
   4.3000000e+01   1.0293046e+01
   4.4000000e+01   1.0292909e+01
   4.5000000e+01   1.0292509e+01
   4.6000000e+01   1.0292901e+01
   4.7000000e+01   1.0292598e+01
   4.8000000e+01   1.0292548e+01
   4.9000000e+01   1.0292685e+01
   5.0000000e+01   1.0292605e+01
   5.1000000e+01   1.0292295e+01
   5.2000000e+01   1.0292187e+01
   5.3000000e+01   1.0292097e+01
   5.4000000e+01   1.0292041e+01
   5.5000000e+01   1.0291923e+01
   5.6000000e+01   1.0292037e+01
   5.7000000e+01   1.0292039e+01
   5.8000000e+01   1.0291712e+01
   5.9000000e+01   1.0291547e+01
   6.0000000e+01   1.0291465e+01
   6.1000000e+01   1.0291596e+01
   6.2000000e+01   1.0291591e+01
   6.3000000e+01   1.0291228e+01
   6.4000000e+01   1.0291236e+01
   6.5000000e+01   1.0291284e+01
   6.6000000e+01   1.0291251e+01
   6.7000000e+01   1.0291181e+01
   6.8000000e+01   1.0291194e+01
   6.9000000e+01   1.0291082e+01
   7.0000000e+01   1.0290919e+01
   7.1000000e+01   1.0291120e+01
   7.2000000e+01   1.0291086e+01
   7.3000000e+01   1.0291083e+01
   7.4000000e+01   1.0290771e+01
   7.5000000e+01   1.0290614e+01
   7.6000000e+01   1.0290619e+01
   7.7000000e+01   1.0290484e+01
   7.8000000e+01   1.0290505e+01
   7.9000000e+01   1.0290704e+01
   8.0000000e+01   1.0290273e+01
   8.1000000e+01   1.0290482e+01
   8.2000000e+01   1.0290205e+01
   8.3000000e+01   1.0290458e+01
   8.4000000e+01   1.0290174e+01
   8.5000000e+01   1.0289941e+01
   8.6000000e+01   1.0289885e+01
   8.7000000e+01   1.0289839e+01
   8.8000000e+01   1.0289656e+01
   8.9000000e+01   1.0289699e+01
   9.0000000e+01   1.0289792e+01
   9.1000000e+01   1.0289684e+01
   9.2000000e+01   1.0289657e+01
   9.3000000e+01   1.0289589e+01
   9.4000000e+01   1.0289690e+01
   9.5000000e+01   1.0289409e+01
   9.6000000e+01   1.0289579e+01
   9.7000000e+01   1.0289405e+01
   9.8000000e+01   1.0289303e+01
   9.9000000e+01   1.0289246e+01
   1.0000000e+02   1.0289241e+01
   1.0100000e+02   1.0289168e+01
   1.0200000e+02   1.0289274e+01
   1.0300000e+02   1.0289117e+01
   1.0400000e+02   1.0288720e+01
   1.0500000e+02   1.0288816e+01
   1.0600000e+02   1.0288950e+01
   1.0700000e+02   1.0289045e+01
   1.0800000e+02   1.0288584e+01
   1.0900000e+02   1.0288662e+01
   1.1000000e+02   1.0288808e+01
   1.1100000e+02   1.0288440e+01
   1.1200000e+02   1.0288633e+01
   1.1300000e+02   1.0288324e+01
   1.1400000e+02   1.0288327e+01
   1.1500000e+02   1.0288307e+01
   1.1600000e+02   1.0288245e+01
   1.1700000e+02   1.0288420e+01
   1.1800000e+02   1.0287987e+01
   1.1900000e+02   1.0288169e+01
   1.2000000e+02   1.0288251e+01
   1.2100000e+02   1.0288278e+01
   1.2200000e+02   1.0287962e+01
   1.2300000e+02   1.0288035e+01
   1.2400000e+02   1.0287964e+01
   1.2500000e+02   1.0288262e+01
   1.2600000e+02   1.0287874e+01
   1.2700000e+02   1.0287974e+01
   1.2800000e+02   1.0287891e+01
   1.2900000e+02   1.0288140e+01
   1.3000000e+02   1.0287773e+01
   1.3100000e+02   1.0287769e+01
   1.3200000e+02   1.0288081e+01
   1.3300000e+02   1.0287712e+01
   1.3400000e+02   1.0287777e+01
   1.3500000e+02   1.0287932e+01
   1.3600000e+02   1.0287698e+01
   1.3700000e+02   1.0287669e+01
   1.3800000e+02   1.0287543e+01
   1.3900000e+02   1.0287522e+01
   1.4000000e+02   1.0287386e+01
   1.4100000e+02   1.0287341e+01
   1.4200000e+02   1.0287515e+01
   1.4300000e+02   1.0287275e+01
   1.4400000e+02   1.0287155e+01
   1.4500000e+02   1.0287205e+01
   1.4600000e+02   1.0287159e+01
   1.4700000e+02   1.0286948e+01
   1.4800000e+02   1.0287046e+01
   1.4900000e+02   1.0287084e+01
   1.5000000e+02   1.0286718e+01
   1.5100000e+02   1.0287010e+01
   1.5200000e+02   1.0286805e+01
   1.5300000e+02   1.0287021e+01
   1.5400000e+02   1.0286763e+01
   1.5500000e+02   1.0286846e+01
   1.5600000e+02   1.0286591e+01
   1.5700000e+02   1.0286590e+01
   1.5800000e+02   1.0286635e+01
   1.5900000e+02   1.0286725e+01
   1.6000000e+02   1.0286409e+01
   1.6100000e+02   1.0286308e+01
   1.6200000e+02   1.0286270e+01
   1.6300000e+02   1.0286511e+01
   1.6400000e+02   1.0286441e+01
   1.6500000e+02   1.0286606e+01
   1.6600000e+02   1.0285305e+01
   1.6700000e+02   1.0278286e+01
   1.6800000e+02   1.0259109e+01
   1.6900000e+02   1.0249446e+01
   1.7000000e+02   1.0256546e+01
   1.7100000e+02   1.0267159e+01
   1.7200000e+02   1.0274203e+01
   1.7300000e+02   1.0278263e+01
   1.7400000e+02   1.0280767e+01
   1.7500000e+02   1.0282131e+01
   1.7600000e+02   1.0283019e+01
   1.7700000e+02   1.0283520e+01
   1.7800000e+02   1.0278794e+01
   1.7900000e+02   1.0219928e+01
   1.8000000e+02   1.0182432e+01
   1.8100000e+02   1.0199117e+01
   1.8200000e+02   1.0213855e+01
   1.8300000e+02   1.0221776e+01
   1.8400000e+02   1.0232083e+01
   1.8500000e+02   1.0239193e+01
   1.8600000e+02   1.0243794e+01
   1.8700000e+02   1.0247392e+01
   1.8800000e+02   1.0249918e+01
   1.8900000e+02   1.0253167e+01
   1.9000000e+02   1.0259885e+01
   1.9100000e+02   1.0265893e+01
   1.9200000e+02   1.0270137e+01
   1.9300000e+02   1.0275509e+01
   1.9400000e+02   1.0279029e+01
   1.9500000e+02   1.0281007e+01
   1.9600000e+02   1.0282144e+01
   1.9700000e+02   1.0282384e+01
   1.9800000e+02   1.0282688e+01
   1.9900000e+02   1.0282925e+01
   2.0000000e+02   1.0283377e+01
   2.0100000e+02   1.0283473e+01
   2.0200000e+02   1.0283724e+01
   2.0300000e+02   1.0283999e+01
   2.0400000e+02   1.0283975e+01
   2.0500000e+02   1.0284360e+01
   2.0600000e+02   1.0284503e+01
   2.0700000e+02   1.0284625e+01
   2.0800000e+02   1.0284503e+01
   2.0900000e+02   1.0284474e+01
   2.1000000e+02   1.0284460e+01
   2.1100000e+02   1.0284705e+01
   2.1200000e+02   1.0284296e+01
   2.1300000e+02   1.0284456e+01
   2.1400000e+02   1.0284536e+01
   2.1500000e+02   1.0284433e+01
   2.1600000e+02   1.0284405e+01
   2.1700000e+02   1.0284088e+01
   2.1800000e+02   1.0284644e+01
   2.1900000e+02   1.0284397e+01
   2.2000000e+02   1.0284218e+01
   2.2100000e+02   1.0283983e+01
   2.2200000e+02   1.0283778e+01
   2.2300000e+02   1.0283502e+01
   2.2400000e+02   1.0283091e+01
   2.2500000e+02   1.0282891e+01
   2.2600000e+02   1.0283086e+01
   2.2700000e+02   1.0282615e+01
   2.2800000e+02   1.0282847e+01
   2.2900000e+02   1.0282677e+01
   2.3000000e+02   1.0282607e+01
   2.3100000e+02   1.0282836e+01
   2.3200000e+02   1.0282878e+01
   2.3300000e+02   1.0283106e+01
   2.3400000e+02   1.0282807e+01
   2.3500000e+02   1.0283045e+01
   2.3600000e+02   1.0282876e+01
   2.3700000e+02   1.0282986e+01
   2.3800000e+02   1.0282727e+01
   2.3900000e+02   1.0283211e+01
   2.4000000e+02   1.0282765e+01
   2.4100000e+02   1.0282719e+01
   2.4200000e+02   1.0281975e+01
   2.4300000e+02   1.0281533e+01
   2.4400000e+02   1.0279804e+01
   2.4500000e+02   1.0277363e+01
   2.4600000e+02   1.0273679e+01
   2.4700000e+02   1.0269739e+01
   2.4800000e+02   1.0265816e+01
   2.4900000e+02   1.0262870e+01
   2.5000000e+02   1.0261450e+01
   2.5100000e+02   1.0261384e+01
   2.5200000e+02   1.0262092e+01
   2.5300000e+02   1.0262669e+01
   2.5400000e+02   1.0263557e+01
   2.5500000e+02   1.0264086e+01
   2.5600000e+02   1.0263756e+01
   2.5700000e+02   1.0263593e+01
   2.5800000e+02   1.0262620e+01
   2.5900000e+02   1.0261940e+01
   2.6000000e+02   1.0260715e+01
   2.6100000e+02   1.0259455e+01
   2.6200000e+02   1.0258122e+01
   2.6300000e+02   1.0257502e+01
   2.6400000e+02   1.0257107e+01
   2.6500000e+02   1.0257673e+01
   2.6600000e+02   1.0259331e+01
   2.6700000e+02   1.0261220e+01
   2.6800000e+02   1.0263284e+01
   2.6900000e+02   1.0265648e+01
   2.7000000e+02   1.0267542e+01
   2.7100000e+02   1.0269104e+01
   2.7200000e+02   1.0270463e+01
   2.7300000e+02   1.0271348e+01
   2.7400000e+02   1.0272516e+01
   2.7500000e+02   1.0273117e+01
   2.7600000e+02   1.0274044e+01
   2.7700000e+02   1.0274451e+01
   2.7800000e+02   1.0274932e+01
   2.7900000e+02   1.0275708e+01
   2.8000000e+02   1.0276216e+01
   2.8100000e+02   1.0276678e+01
   2.8200000e+02   1.0276621e+01
   2.8300000e+02   1.0277186e+01
   2.8400000e+02   1.0277255e+01
   2.8500000e+02   1.0277715e+01
   2.8600000e+02   1.0278290e+01
   2.8700000e+02   1.0278507e+01
   2.8800000e+02   1.0278831e+01
   2.8900000e+02   1.0279151e+01
   2.9000000e+02   1.0279042e+01
   2.9100000e+02   1.0279424e+01
   2.9200000e+02   1.0279657e+01
   2.9300000e+02   1.0279800e+01
   2.9400000e+02   1.0280142e+01
   2.9500000e+02   1.0280265e+01
   2.9600000e+02   1.0280322e+01
   2.9700000e+02   1.0280259e+01
   2.9800000e+02   1.0280124e+01
   2.9900000e+02   1.0279769e+01
   3.0000000e+02   1.0279892e+01
   3.0100000e+02   1.0279054e+01
   3.0200000e+02   1.0278182e+01
   3.0300000e+02   1.0276776e+01
   3.0400000e+02   1.0274962e+01
   3.0500000e+02   1.0272353e+01
   3.0600000e+02   1.0268745e+01
   3.0700000e+02   1.0264664e+01
   3.0800000e+02   1.0259132e+01
   3.0900000e+02   1.0252688e+01
   3.1000000e+02   1.0246335e+01
   3.1100000e+02   1.0241303e+01
   3.1200000e+02   1.0237630e+01
   3.1300000e+02   1.0235533e+01
   3.1400000e+02   1.0234031e+01
   3.1500000e+02   1.0231791e+01
   3.1600000e+02   1.0228309e+01
   3.1700000e+02   1.0222845e+01
   3.1800000e+02   1.0215881e+01
   3.1900000e+02   1.0208112e+01
   3.2000000e+02   1.0200466e+01
   3.2100000e+02   1.0194782e+01
   3.2200000e+02   1.0191068e+01
   3.2300000e+02   1.0189848e+01
   3.2400000e+02   1.0190584e+01
   3.2500000e+02   1.0193648e+01
   3.2600000e+02   1.0198270e+01
   3.2700000e+02   1.0205017e+01
   3.2800000e+02   1.0213007e+01
   3.2900000e+02   1.0221265e+01
   3.3000000e+02   1.0229468e+01
   3.3100000e+02   1.0236605e+01
   3.3200000e+02   1.0242657e+01
   3.3300000e+02   1.0247584e+01
   3.3400000e+02   1.0250766e+01
   3.3500000e+02   1.0252665e+01
   3.3600000e+02   1.0252850e+01
   3.3700000e+02   1.0252501e+01
   3.3800000e+02   1.0251905e+01
   3.3900000e+02   1.0251691e+01
   3.4000000e+02   1.0252041e+01
   3.4100000e+02   1.0253357e+01
   3.4200000e+02   1.0255378e+01
   3.4300000e+02   1.0257856e+01
   3.4400000e+02   1.0260782e+01
   3.4500000e+02   1.0262881e+01
   3.4600000e+02   1.0265611e+01
   3.4700000e+02   1.0267721e+01
   3.4800000e+02   1.0269777e+01
   3.4900000e+02   1.0272112e+01
   3.5000000e+02   1.0273125e+01
   3.5100000e+02   1.0274208e+01
   3.5200000e+02   1.0275499e+01
   3.5300000e+02   1.0276181e+01
   3.5400000e+02   1.0276787e+01
   3.5500000e+02   1.0277159e+01
   3.5600000e+02   1.0277040e+01
   3.5700000e+02   1.0276748e+01
   3.5800000e+02   1.0276658e+01
   3.5900000e+02   1.0276310e+01
   3.6000000e+02   1.0275602e+01
   3.6100000e+02   1.0275522e+01
   3.6200000e+02   1.0275125e+01
   3.6300000e+02   1.0274922e+01
   3.6400000e+02   1.0275017e+01
   3.6500000e+02   1.0275325e+01
   3.6600000e+02   1.0275751e+01
   3.6700000e+02   1.0276249e+01
   3.6800000e+02   1.0276486e+01
   3.6900000e+02   1.0277089e+01
   3.7000000e+02   1.0277666e+01
   3.7100000e+02   1.0278032e+01
   3.7200000e+02   1.0278610e+01
   3.7300000e+02   1.0278693e+01
   3.7400000e+02   1.0278676e+01
   3.7500000e+02   1.0279183e+01
   3.7600000e+02   1.0279434e+01
   3.7700000e+02   1.0279311e+01
   3.7800000e+02   1.0279440e+01
   3.7900000e+02   1.0279553e+01
   3.8000000e+02   1.0279370e+01
   3.8100000e+02   1.0279513e+01
   3.8200000e+02   1.0279129e+01
   3.8300000e+02   1.0279390e+01
   3.8400000e+02   1.0278848e+01
   3.8500000e+02   1.0278395e+01
   3.8600000e+02   1.0277637e+01
   3.8700000e+02   1.0276892e+01
   3.8800000e+02   1.0276377e+01
   3.8900000e+02   1.0275852e+01
   3.9000000e+02   1.0275659e+01
   3.9100000e+02   1.0275337e+01
   3.9200000e+02   1.0275208e+01
   3.9300000e+02   1.0275237e+01
   3.9400000e+02   1.0275416e+01
   3.9500000e+02   1.0275929e+01
   3.9600000e+02   1.0276094e+01
   3.9700000e+02   1.0276346e+01
   3.9800000e+02   1.0276661e+01
   3.9900000e+02   1.0277402e+01
   4.0000000e+02   1.0277400e+01
   4.0100000e+02   1.0277793e+01
   4.0200000e+02   1.0278095e+01
   4.0300000e+02   1.0277945e+01
   4.0400000e+02   1.0278600e+01
   4.0500000e+02   1.0278504e+01
   4.0600000e+02   1.0278431e+01
   4.0700000e+02   1.0278924e+01
   4.0800000e+02   1.0278718e+01
   4.0900000e+02   1.0278655e+01
   4.1000000e+02   1.0278863e+01
   4.1100000e+02   1.0279020e+01
   4.1200000e+02   1.0278988e+01
   4.1300000e+02   1.0278758e+01
   4.1400000e+02   1.0279171e+01
   4.1500000e+02   1.0279122e+01
   4.1600000e+02   1.0278983e+01
   4.1700000e+02   1.0279033e+01
   4.1800000e+02   1.0278899e+01
   4.1900000e+02   1.0278976e+01
   4.2000000e+02   1.0278763e+01
   4.2100000e+02   1.0278865e+01
   4.2200000e+02   1.0278551e+01
   4.2300000e+02   1.0278690e+01
   4.2400000e+02   1.0278698e+01
   4.2500000e+02   1.0278221e+01
   4.2600000e+02   1.0278653e+01
   4.2700000e+02   1.0278644e+01
   4.2800000e+02   1.0278416e+01
   4.2900000e+02   1.0278726e+01
   4.3000000e+02   1.0278450e+01
   4.3100000e+02   1.0278557e+01
   4.3200000e+02   1.0278518e+01
   4.3300000e+02   1.0278696e+01
   4.3400000e+02   1.0278398e+01
   4.3500000e+02   1.0278318e+01
   4.3600000e+02   1.0278177e+01
   4.3700000e+02   1.0277704e+01
   4.3800000e+02   1.0277431e+01
   4.3900000e+02   1.0276152e+01
   4.4000000e+02   1.0274574e+01
   4.4100000e+02   1.0272649e+01
   4.4200000e+02   1.0269059e+01
   4.4300000e+02   1.0265965e+01
   4.4400000e+02   1.0261123e+01
   4.4500000e+02   1.0256111e+01
   4.4600000e+02   1.0250962e+01
   4.4700000e+02   1.0246185e+01
   4.4800000e+02   1.0242395e+01
   4.4900000e+02   1.0239415e+01
   4.5000000e+02   1.0238136e+01
   4.5100000e+02   1.0238300e+01
   4.5200000e+02   1.0239803e+01
   4.5300000e+02   1.0242450e+01
   4.5400000e+02   1.0245769e+01
   4.5500000e+02   1.0249357e+01
   4.5600000e+02   1.0253265e+01
   4.5700000e+02   1.0256860e+01
   4.5800000e+02   1.0260146e+01
   4.5900000e+02   1.0263284e+01
   4.6000000e+02   1.0265834e+01
   4.6100000e+02   1.0267777e+01
   4.6200000e+02   1.0269188e+01
   4.6300000e+02   1.0271241e+01
   4.6400000e+02   1.0272742e+01
   4.6500000e+02   1.0273184e+01
   4.6600000e+02   1.0273786e+01
   4.6700000e+02   1.0274666e+01
   4.6800000e+02   1.0275216e+01
   4.6900000e+02   1.0275230e+01
   4.7000000e+02   1.0275713e+01
   4.7100000e+02   1.0276049e+01
   4.7200000e+02   1.0276056e+01
   4.7300000e+02   1.0276726e+01
   4.7400000e+02   1.0276541e+01
   4.7500000e+02   1.0277016e+01
   4.7600000e+02   1.0277260e+01
   4.7700000e+02   1.0277761e+01
   4.7800000e+02   1.0277709e+01
   4.7900000e+02   1.0277787e+01
   4.8000000e+02   1.0277897e+01
   4.8100000e+02   1.0277880e+01
   4.8200000e+02   1.0277310e+01
   4.8300000e+02   1.0277510e+01
   4.8400000e+02   1.0277798e+01
   4.8500000e+02   1.0277723e+01
   4.8600000e+02   1.0277920e+01
   4.8700000e+02   1.0277664e+01
   4.8800000e+02   1.0277654e+01
   4.8900000e+02   1.0277618e+01
   4.9000000e+02   1.0277647e+01
   4.9100000e+02   1.0277414e+01
   4.9200000e+02   1.0277743e+01
   4.9300000e+02   1.0277719e+01
   4.9400000e+02   1.0277682e+01
   4.9500000e+02   1.0277814e+01
   4.9600000e+02   1.0277429e+01
   4.9700000e+02   1.0277874e+01
   4.9800000e+02   1.0277713e+01
   4.9900000e+02   1.0277990e+01
   5.0000000e+02   1.0277460e+01
   5.0100000e+02   1.0277771e+01
   5.0200000e+02   1.0277943e+01
   5.0300000e+02   1.0277660e+01
   5.0400000e+02   1.0277296e+01
   5.0500000e+02   1.0277394e+01
   5.0600000e+02   1.0277433e+01
   5.0700000e+02   1.0277543e+01
   5.0800000e+02   1.0277343e+01
   5.0900000e+02   1.0277916e+01
   5.1000000e+02   1.0277779e+01
   5.1100000e+02   1.0277118e+01
   5.1200000e+02   1.0277685e+01
   5.1300000e+02   1.0277318e+01
   5.1400000e+02   1.0276993e+01
   5.1500000e+02   1.0277265e+01
   5.1600000e+02   1.0277339e+01
   5.1700000e+02   1.0277173e+01
   5.1800000e+02   1.0277154e+01
   5.1900000e+02   1.0277083e+01
   5.2000000e+02   1.0277196e+01
   5.2100000e+02   1.0277142e+01
   5.2200000e+02   1.0276957e+01
   5.2300000e+02   1.0277059e+01
   5.2400000e+02   1.0277064e+01
   5.2500000e+02   1.0277133e+01
   5.2600000e+02   1.0276917e+01
   5.2700000e+02   1.0276923e+01
   5.2800000e+02   1.0276939e+01
   5.2900000e+02   1.0277231e+01
   5.3000000e+02   1.0277024e+01
   5.3100000e+02   1.0277313e+01
   5.3200000e+02   1.0276771e+01
   5.3300000e+02   1.0276960e+01
   5.3400000e+02   1.0276801e+01
   5.3500000e+02   1.0276985e+01
   5.3600000e+02   1.0277085e+01
   5.3700000e+02   1.0277099e+01
   5.3800000e+02   1.0276809e+01
   5.3900000e+02   1.0277034e+01
   5.4000000e+02   1.0277208e+01
   5.4100000e+02   1.0276698e+01
   5.4200000e+02   1.0276842e+01
   5.4300000e+02   1.0276629e+01
   5.4400000e+02   1.0276834e+01
   5.4500000e+02   1.0276741e+01
   5.4600000e+02   1.0276804e+01
   5.4700000e+02   1.0276597e+01
   5.4800000e+02   1.0276703e+01
   5.4900000e+02   1.0276693e+01
   5.5000000e+02   1.0276514e+01
   5.5100000e+02   1.0276597e+01
   5.5200000e+02   1.0276537e+01
   5.5300000e+02   1.0276591e+01
   5.5400000e+02   1.0276558e+01
   5.5500000e+02   1.0276449e+01
   5.5600000e+02   1.0276268e+01
   5.5700000e+02   1.0276334e+01
   5.5800000e+02   1.0276263e+01
   5.5900000e+02   1.0276631e+01
   5.6000000e+02   1.0276477e+01
   5.6100000e+02   1.0276611e+01
   5.6200000e+02   1.0276385e+01
   5.6300000e+02   1.0276140e+01
   5.6400000e+02   1.0276413e+01
   5.6500000e+02   1.0276212e+01
   5.6600000e+02   1.0275958e+01
   5.6700000e+02   1.0276380e+01
   5.6800000e+02   1.0276473e+01
   5.6900000e+02   1.0276054e+01
   5.7000000e+02   1.0276247e+01
   5.7100000e+02   1.0275843e+01
   5.7200000e+02   1.0276539e+01
   5.7300000e+02   1.0276531e+01
   5.7400000e+02   1.0276586e+01
   5.7500000e+02   1.0276322e+01
   5.7600000e+02   1.0276248e+01
   5.7700000e+02   1.0276295e+01
   5.7800000e+02   1.0276340e+01
   5.7900000e+02   1.0276222e+01
   5.8000000e+02   1.0276040e+01
   5.8100000e+02   1.0276310e+01
   5.8200000e+02   1.0276381e+01
   5.8300000e+02   1.0275957e+01
   5.8400000e+02   1.0276366e+01
   5.8500000e+02   1.0275961e+01
   5.8600000e+02   1.0276238e+01
   5.8700000e+02   1.0276376e+01
   5.8800000e+02   1.0276485e+01
   5.8900000e+02   1.0276121e+01
   5.9000000e+02   1.0276011e+01
   5.9100000e+02   1.0276203e+01
   5.9200000e+02   1.0276363e+01
   5.9300000e+02   1.0276024e+01
   5.9400000e+02   1.0275795e+01
   5.9500000e+02   1.0275642e+01
   5.9600000e+02   1.0275563e+01
   5.9700000e+02   1.0275743e+01
   5.9800000e+02   1.0276038e+01
   5.9900000e+02   1.0275999e+01
   6.0000000e+02   1.0276081e+01
   6.0100000e+02   1.0275993e+01
   6.0200000e+02   1.0275822e+01
   6.0300000e+02   1.0275680e+01
   6.0400000e+02   1.0275575e+01
   6.0500000e+02   1.0276102e+01
   6.0600000e+02   1.0275497e+01
   6.0700000e+02   1.0275728e+01
   6.0800000e+02   1.0275582e+01
   6.0900000e+02   1.0275601e+01
   6.1000000e+02   1.0275597e+01
   6.1100000e+02   1.0275808e+01
   6.1200000e+02   1.0275493e+01
   6.1300000e+02   1.0275834e+01
   6.1400000e+02   1.0275514e+01
   6.1500000e+02   1.0275301e+01
   6.1600000e+02   1.0275318e+01
   6.1700000e+02   1.0275556e+01
   6.1800000e+02   1.0275537e+01
   6.1900000e+02   1.0275388e+01
   6.2000000e+02   1.0275577e+01
   6.2100000e+02   1.0275446e+01
   6.2200000e+02   1.0275523e+01
   6.2300000e+02   1.0275390e+01
   6.2400000e+02   1.0275792e+01
   6.2500000e+02   1.0275562e+01
   6.2600000e+02   1.0275583e+01
   6.2700000e+02   1.0275416e+01
   6.2800000e+02   1.0275606e+01
   6.2900000e+02   1.0275297e+01
   6.3000000e+02   1.0275462e+01
   6.3100000e+02   1.0275321e+01
   6.3200000e+02   1.0275215e+01
   6.3300000e+02   1.0275174e+01
   6.3400000e+02   1.0275621e+01
   6.3500000e+02   1.0275393e+01
   6.3600000e+02   1.0275288e+01
   6.3700000e+02   1.0275640e+01
   6.3800000e+02   1.0275422e+01
   6.3900000e+02   1.0275424e+01
   6.4000000e+02   1.0275383e+01
   6.4100000e+02   1.0275529e+01
   6.4200000e+02   1.0275456e+01
   6.4300000e+02   1.0275385e+01
   6.4400000e+02   1.0275376e+01
   6.4500000e+02   1.0275155e+01
   6.4600000e+02   1.0275474e+01
   6.4700000e+02   1.0275370e+01
   6.4800000e+02   1.0275226e+01
   6.4900000e+02   1.0275203e+01
   6.5000000e+02   1.0275232e+01
   6.5100000e+02   1.0275222e+01
   6.5200000e+02   1.0274955e+01
   6.5300000e+02   1.0275063e+01
   6.5400000e+02   1.0275112e+01
   6.5500000e+02   1.0274855e+01
   6.5600000e+02   1.0274812e+01
   6.5700000e+02   1.0274831e+01
   6.5800000e+02   1.0274830e+01
   6.5900000e+02   1.0275283e+01
   6.6000000e+02   1.0274877e+01
   6.6100000e+02   1.0274705e+01
   6.6200000e+02   1.0275101e+01
   6.6300000e+02   1.0274981e+01
   6.6400000e+02   1.0275017e+01
   6.6500000e+02   1.0274912e+01
   6.6600000e+02   1.0274990e+01
   6.6700000e+02   1.0274832e+01
   6.6800000e+02   1.0274850e+01
   6.6900000e+02   1.0274919e+01
   6.7000000e+02   1.0274658e+01
   6.7100000e+02   1.0274920e+01
   6.7200000e+02   1.0274871e+01
   6.7300000e+02   1.0274746e+01
   6.7400000e+02   1.0274464e+01
   6.7500000e+02   1.0274840e+01
   6.7600000e+02   1.0274511e+01
   6.7700000e+02   1.0274607e+01
   6.7800000e+02   1.0274775e+01
   6.7900000e+02   1.0274719e+01
   6.8000000e+02   1.0274826e+01
   6.8100000e+02   1.0274726e+01
   6.8200000e+02   1.0274823e+01
   6.8300000e+02   1.0274836e+01
   6.8400000e+02   1.0274572e+01
   6.8500000e+02   1.0274765e+01
   6.8600000e+02   1.0274644e+01
   6.8700000e+02   1.0274508e+01
   6.8800000e+02   1.0274523e+01
   6.8900000e+02   1.0274490e+01
   6.9000000e+02   1.0274413e+01
   6.9100000e+02   1.0274410e+01
   6.9200000e+02   1.0274511e+01
   6.9300000e+02   1.0274676e+01
   6.9400000e+02   1.0274409e+01
   6.9500000e+02   1.0274626e+01
   6.9600000e+02   1.0274320e+01
   6.9700000e+02   1.0274194e+01
   6.9800000e+02   1.0274443e+01
   6.9900000e+02   1.0274411e+01
   7.0000000e+02   1.0274480e+01
   7.0100000e+02   1.0274228e+01
   7.0200000e+02   1.0274438e+01
   7.0300000e+02   1.0274287e+01
   7.0400000e+02   1.0274128e+01
   7.0500000e+02   1.0274267e+01
   7.0600000e+02   1.0274288e+01
   7.0700000e+02   1.0274240e+01
   7.0800000e+02   1.0274377e+01
   7.0900000e+02   1.0274088e+01
   7.1000000e+02   1.0274456e+01
   7.1100000e+02   1.0274125e+01
   7.1200000e+02   1.0274462e+01
   7.1300000e+02   1.0274114e+01
   7.1400000e+02   1.0274203e+01
   7.1500000e+02   1.0274331e+01
   7.1600000e+02   1.0274101e+01
   7.1700000e+02   1.0274068e+01
   7.1800000e+02   1.0274053e+01
   7.1900000e+02   1.0273986e+01
   7.2000000e+02   1.0274150e+01
   7.2100000e+02   1.0274204e+01
   7.2200000e+02   1.0274077e+01
   7.2300000e+02   1.0274002e+01
   7.2400000e+02   1.0273877e+01
   7.2500000e+02   1.0274249e+01
   7.2600000e+02   1.0273930e+01
   7.2700000e+02   1.0274045e+01
   7.2800000e+02   1.0274043e+01
   7.2900000e+02   1.0274220e+01
   7.3000000e+02   1.0274035e+01
   7.3100000e+02   1.0274296e+01
   7.3200000e+02   1.0274101e+01
   7.3300000e+02   1.0273958e+01
   7.3400000e+02   1.0273868e+01
   7.3500000e+02   1.0273719e+01
   7.3600000e+02   1.0274054e+01
   7.3700000e+02   1.0274228e+01
   7.3800000e+02   1.0274300e+01
   7.3900000e+02   1.0274047e+01
   7.4000000e+02   1.0274343e+01
   7.4100000e+02   1.0273970e+01
   7.4200000e+02   1.0274015e+01
   7.4300000e+02   1.0273854e+01
   7.4400000e+02   1.0273830e+01
   7.4500000e+02   1.0273972e+01
   7.4600000e+02   1.0273858e+01
   7.4700000e+02   1.0273558e+01
   7.4800000e+02   1.0273976e+01
   7.4900000e+02   1.0273781e+01
   7.5000000e+02   1.0273799e+01
   7.5100000e+02   1.0274173e+01
   7.5200000e+02   1.0273802e+01
   7.5300000e+02   1.0273768e+01
   7.5400000e+02   1.0273755e+01
   7.5500000e+02   1.0273694e+01
   7.5600000e+02   1.0273737e+01
   7.5700000e+02   1.0273969e+01
   7.5800000e+02   1.0273670e+01
   7.5900000e+02   1.0273596e+01
   7.6000000e+02   1.0273655e+01
   7.6100000e+02   1.0273667e+01
   7.6200000e+02   1.0273557e+01
   7.6300000e+02   1.0273813e+01
   7.6400000e+02   1.0273673e+01
   7.6500000e+02   1.0273591e+01
   7.6600000e+02   1.0273438e+01
   7.6700000e+02   1.0273293e+01
   7.6800000e+02   1.0273520e+01
   7.6900000e+02   1.0273340e+01
   7.7000000e+02   1.0273381e+01
   7.7100000e+02   1.0273334e+01
   7.7200000e+02   1.0273359e+01
   7.7300000e+02   1.0273372e+01
   7.7400000e+02   1.0273390e+01
   7.7500000e+02   1.0273260e+01
   7.7600000e+02   1.0273310e+01
   7.7700000e+02   1.0273163e+01
   7.7800000e+02   1.0273467e+01
   7.7900000e+02   1.0273294e+01
   7.8000000e+02   1.0273423e+01
