   0.0000000e+00   1.0255387e+01
   1.0000000e+00   1.0251439e+01
   2.0000000e+00   1.0250083e+01
   3.0000000e+00   1.0249644e+01
   4.0000000e+00   1.0248962e+01
   5.0000000e+00   1.0247985e+01
   6.0000000e+00   1.0247482e+01
   7.0000000e+00   1.0247707e+01
   8.0000000e+00   1.0247406e+01
   9.0000000e+00   1.0247360e+01
   1.0000000e+01   1.0247243e+01
   1.1000000e+01   1.0246959e+01
   1.2000000e+01   1.0246913e+01
   1.3000000e+01   1.0246901e+01
   1.4000000e+01   1.0246770e+01
   1.5000000e+01   1.0246459e+01
   1.6000000e+01   1.0246530e+01
   1.7000000e+01   1.0246482e+01
   1.8000000e+01   1.0246528e+01
   1.9000000e+01   1.0246371e+01
   2.0000000e+01   1.0246479e+01
   2.1000000e+01   1.0246444e+01
   2.2000000e+01   1.0246130e+01
   2.3000000e+01   1.0246183e+01
   2.4000000e+01   1.0246442e+01
   2.5000000e+01   1.0245980e+01
   2.6000000e+01   1.0245919e+01
   2.7000000e+01   1.0245830e+01
   2.8000000e+01   1.0246008e+01
   2.9000000e+01   1.0246048e+01
   3.0000000e+01   1.0245788e+01
   3.1000000e+01   1.0246051e+01
   3.2000000e+01   1.0245870e+01
   3.3000000e+01   1.0245793e+01
   3.4000000e+01   1.0245721e+01
   3.5000000e+01   1.0245658e+01
   3.6000000e+01   1.0245993e+01
   3.7000000e+01   1.0246057e+01
   3.8000000e+01   1.0245617e+01
   3.9000000e+01   1.0245709e+01
   4.0000000e+01   1.0245855e+01
   4.1000000e+01   1.0245741e+01
   4.2000000e+01   1.0245692e+01
   4.3000000e+01   1.0245372e+01
   4.4000000e+01   1.0245621e+01
   4.5000000e+01   1.0245396e+01
   4.6000000e+01   1.0245423e+01
   4.7000000e+01   1.0245450e+01
   4.8000000e+01   1.0245524e+01
   4.9000000e+01   1.0245274e+01
   5.0000000e+01   1.0245272e+01
   5.1000000e+01   1.0245277e+01
   5.2000000e+01   1.0245202e+01
   5.3000000e+01   1.0245364e+01
   5.4000000e+01   1.0245464e+01
   5.5000000e+01   1.0245596e+01
   5.6000000e+01   1.0245453e+01
   5.7000000e+01   1.0245254e+01
   5.8000000e+01   1.0245471e+01
   5.9000000e+01   1.0245399e+01
   6.0000000e+01   1.0245160e+01
   6.1000000e+01   1.0245028e+01
   6.2000000e+01   1.0245321e+01
   6.3000000e+01   1.0245240e+01
   6.4000000e+01   1.0245048e+01
   6.5000000e+01   1.0245090e+01
   6.6000000e+01   1.0245120e+01
   6.7000000e+01   1.0245221e+01
   6.8000000e+01   1.0245190e+01
   6.9000000e+01   1.0245342e+01
   7.0000000e+01   1.0244841e+01
   7.1000000e+01   1.0245370e+01
   7.2000000e+01   1.0245405e+01
   7.3000000e+01   1.0245477e+01
   7.4000000e+01   1.0245125e+01
   7.5000000e+01   1.0245471e+01
   7.6000000e+01   1.0245342e+01
   7.7000000e+01   1.0245163e+01
   7.8000000e+01   1.0245283e+01
   7.9000000e+01   1.0245237e+01
   8.0000000e+01   1.0245289e+01
   8.1000000e+01   1.0245027e+01
   8.2000000e+01   1.0245022e+01
   8.3000000e+01   1.0245386e+01
   8.4000000e+01   1.0245259e+01
   8.5000000e+01   1.0245330e+01
   8.6000000e+01   1.0245161e+01
   8.7000000e+01   1.0245724e+01
   8.8000000e+01   1.0245334e+01
   8.9000000e+01   1.0245194e+01
   9.0000000e+01   1.0245186e+01
   9.1000000e+01   1.0245164e+01
   9.2000000e+01   1.0245506e+01
   9.3000000e+01   1.0245177e+01
   9.4000000e+01   1.0245423e+01
   9.5000000e+01   1.0245588e+01
   9.6000000e+01   1.0245391e+01
   9.7000000e+01   1.0245417e+01
   9.8000000e+01   1.0245300e+01
   9.9000000e+01   1.0245343e+01
   1.0000000e+02   1.0245376e+01
   1.0100000e+02   1.0245207e+01
   1.0200000e+02   1.0245260e+01
   1.0300000e+02   1.0245268e+01
   1.0400000e+02   1.0245270e+01
   1.0500000e+02   1.0245245e+01
   1.0600000e+02   1.0245151e+01
   1.0700000e+02   1.0245174e+01
   1.0800000e+02   1.0245071e+01
   1.0900000e+02   1.0245224e+01
   1.1000000e+02   1.0245141e+01
   1.1100000e+02   1.0245070e+01
   1.1200000e+02   1.0244938e+01
   1.1300000e+02   1.0245264e+01
   1.1400000e+02   1.0245359e+01
   1.1500000e+02   1.0245046e+01
   1.1600000e+02   1.0245056e+01
   1.1700000e+02   1.0244978e+01
   1.1800000e+02   1.0245142e+01
   1.1900000e+02   1.0244955e+01
   1.2000000e+02   1.0245040e+01
   1.2100000e+02   1.0244862e+01
   1.2200000e+02   1.0244925e+01
   1.2300000e+02   1.0244880e+01
   1.2400000e+02   1.0244964e+01
   1.2500000e+02   1.0244920e+01
   1.2600000e+02   1.0244703e+01
   1.2700000e+02   1.0244642e+01
   1.2800000e+02   1.0244960e+01
   1.2900000e+02   1.0245050e+01
   1.3000000e+02   1.0244618e+01
   1.3100000e+02   1.0244657e+01
   1.3200000e+02   1.0244636e+01
   1.3300000e+02   1.0244422e+01
   1.3400000e+02   1.0244613e+01
   1.3500000e+02   1.0244520e+01
   1.3600000e+02   1.0244377e+01
   1.3700000e+02   1.0244533e+01
   1.3800000e+02   1.0244580e+01
   1.3900000e+02   1.0244676e+01
   1.4000000e+02   1.0244755e+01
   1.4100000e+02   1.0244596e+01
   1.4200000e+02   1.0244645e+01
   1.4300000e+02   1.0244754e+01
   1.4400000e+02   1.0244579e+01
   1.4500000e+02   1.0244620e+01
   1.4600000e+02   1.0244542e+01
   1.4700000e+02   1.0244600e+01
   1.4800000e+02   1.0244652e+01
   1.4900000e+02   1.0244804e+01
   1.5000000e+02   1.0244718e+01
   1.5100000e+02   1.0244488e+01
   1.5200000e+02   1.0244441e+01
   1.5300000e+02   1.0244368e+01
   1.5400000e+02   1.0244529e+01
   1.5500000e+02   1.0244553e+01
   1.5600000e+02   1.0244267e+01
   1.5700000e+02   1.0244504e+01
   1.5800000e+02   1.0244402e+01
   1.5900000e+02   1.0244543e+01
   1.6000000e+02   1.0244392e+01
   1.6100000e+02   1.0244484e+01
   1.6200000e+02   1.0244360e+01
   1.6300000e+02   1.0244395e+01
   1.6400000e+02   1.0244560e+01
   1.6500000e+02   1.0244564e+01
   1.6600000e+02   1.0243154e+01
   1.6700000e+02   1.0234823e+01
   1.6800000e+02   1.0216691e+01
   1.6900000e+02   1.0210903e+01
   1.7000000e+02   1.0219699e+01
   1.7100000e+02   1.0228850e+01
   1.7200000e+02   1.0234651e+01
   1.7300000e+02   1.0237146e+01
   1.7400000e+02   1.0238276e+01
   1.7500000e+02   1.0239428e+01
   1.7600000e+02   1.0240506e+01
   1.7700000e+02   1.0241299e+01
   1.7800000e+02   1.0236557e+01
   1.7900000e+02   1.0193538e+01
   1.8000000e+02   1.0164376e+01
   1.8100000e+02   1.0172417e+01
   1.8200000e+02   1.0178462e+01
   1.8300000e+02   1.0183802e+01
   1.8400000e+02   1.0190640e+01
   1.8500000e+02   1.0195539e+01
   1.8600000e+02   1.0199657e+01
   1.8700000e+02   1.0202608e+01
   1.8800000e+02   1.0205624e+01
   1.8900000e+02   1.0210214e+01
   1.9000000e+02   1.0217244e+01
   1.9100000e+02   1.0222663e+01
   1.9200000e+02   1.0226761e+01
   1.9300000e+02   1.0231861e+01
   1.9400000e+02   1.0235944e+01
   1.9500000e+02   1.0238314e+01
   1.9600000e+02   1.0239438e+01
   1.9700000e+02   1.0239879e+01
   1.9800000e+02   1.0240468e+01
   1.9900000e+02   1.0240690e+01
   2.0000000e+02   1.0241131e+01
   2.0100000e+02   1.0241451e+01
   2.0200000e+02   1.0241954e+01
   2.0300000e+02   1.0242468e+01
   2.0400000e+02   1.0242887e+01
   2.0500000e+02   1.0243182e+01
   2.0600000e+02   1.0243253e+01
   2.0700000e+02   1.0243457e+01
   2.0800000e+02   1.0243516e+01
   2.0900000e+02   1.0243737e+01
   2.1000000e+02   1.0243760e+01
   2.1100000e+02   1.0243588e+01
   2.1200000e+02   1.0243636e+01
   2.1300000e+02   1.0243622e+01
   2.1400000e+02   1.0243908e+01
   2.1500000e+02   1.0243764e+01
   2.1600000e+02   1.0243452e+01
   2.1700000e+02   1.0243999e+01
   2.1800000e+02   1.0243508e+01
   2.1900000e+02   1.0243432e+01
   2.2000000e+02   1.0243634e+01
   2.2100000e+02   1.0243353e+01
   2.2200000e+02   1.0243568e+01
   2.2300000e+02   1.0243520e+01
   2.2400000e+02   1.0243615e+01
   2.2500000e+02   1.0243773e+01
   2.2600000e+02   1.0243417e+01
   2.2700000e+02   1.0243628e+01
   2.2800000e+02   1.0243376e+01
   2.2900000e+02   1.0243891e+01
   2.3000000e+02   1.0243664e+01
   2.3100000e+02   1.0243887e+01
   2.3200000e+02   1.0243717e+01
   2.3300000e+02   1.0243698e+01
   2.3400000e+02   1.0243829e+01
   2.3500000e+02   1.0243671e+01
   2.3600000e+02   1.0243811e+01
   2.3700000e+02   1.0243784e+01
   2.3800000e+02   1.0243670e+01
   2.3900000e+02   1.0243669e+01
   2.4000000e+02   1.0243531e+01
   2.4100000e+02   1.0243435e+01
   2.4200000e+02   1.0243464e+01
   2.4300000e+02   1.0243322e+01
   2.4400000e+02   1.0243117e+01
   2.4500000e+02   1.0243289e+01
   2.4600000e+02   1.0242861e+01
   2.4700000e+02   1.0242553e+01
   2.4800000e+02   1.0242219e+01
   2.4900000e+02   1.0242276e+01
   2.5000000e+02   1.0242269e+01
   2.5100000e+02   1.0242359e+01
   2.5200000e+02   1.0242416e+01
   2.5300000e+02   1.0242495e+01
   2.5400000e+02   1.0242509e+01
   2.5500000e+02   1.0242561e+01
   2.5600000e+02   1.0242643e+01
   2.5700000e+02   1.0242768e+01
   2.5800000e+02   1.0242548e+01
   2.5900000e+02   1.0242616e+01
   2.6000000e+02   1.0242457e+01
   2.6100000e+02   1.0242401e+01
   2.6200000e+02   1.0242279e+01
   2.6300000e+02   1.0242200e+01
   2.6400000e+02   1.0242103e+01
   2.6500000e+02   1.0242218e+01
   2.6600000e+02   1.0242304e+01
   2.6700000e+02   1.0242568e+01
   2.6800000e+02   1.0242572e+01
   2.6900000e+02   1.0242353e+01
   2.7000000e+02   1.0242817e+01
   2.7100000e+02   1.0242955e+01
   2.7200000e+02   1.0243057e+01
   2.7300000e+02   1.0242953e+01
   2.7400000e+02   1.0243046e+01
   2.7500000e+02   1.0242981e+01
   2.7600000e+02   1.0243016e+01
   2.7700000e+02   1.0243073e+01
   2.7800000e+02   1.0243627e+01
   2.7900000e+02   1.0243233e+01
   2.8000000e+02   1.0243206e+01
   2.8100000e+02   1.0243278e+01
   2.8200000e+02   1.0243318e+01
   2.8300000e+02   1.0243188e+01
   2.8400000e+02   1.0243139e+01
   2.8500000e+02   1.0243244e+01
   2.8600000e+02   1.0243113e+01
   2.8700000e+02   1.0243134e+01
   2.8800000e+02   1.0243460e+01
   2.8900000e+02   1.0243254e+01
   2.9000000e+02   1.0243061e+01
   2.9100000e+02   1.0243235e+01
   2.9200000e+02   1.0243331e+01
   2.9300000e+02   1.0243332e+01
   2.9400000e+02   1.0243177e+01
   2.9500000e+02   1.0243437e+01
   2.9600000e+02   1.0243280e+01
   2.9700000e+02   1.0243307e+01
   2.9800000e+02   1.0243356e+01
   2.9900000e+02   1.0243519e+01
   3.0000000e+02   1.0243119e+01
   3.0100000e+02   1.0243008e+01
   3.0200000e+02   1.0242632e+01
   3.0300000e+02   1.0241811e+01
   3.0400000e+02   1.0241065e+01
   3.0500000e+02   1.0240105e+01
   3.0600000e+02   1.0239001e+01
   3.0700000e+02   1.0237552e+01
   3.0800000e+02   1.0235781e+01
   3.0900000e+02   1.0233644e+01
   3.1000000e+02   1.0231815e+01
   3.1100000e+02   1.0230253e+01
   3.1200000e+02   1.0229543e+01
   3.1300000e+02   1.0229050e+01
   3.1400000e+02   1.0228976e+01
   3.1500000e+02   1.0228105e+01
   3.1600000e+02   1.0226754e+01
   3.1700000e+02   1.0224648e+01
   3.1800000e+02   1.0221953e+01
   3.1900000e+02   1.0219176e+01
   3.2000000e+02   1.0216728e+01
   3.2100000e+02   1.0215079e+01
   3.2200000e+02   1.0214193e+01
   3.2300000e+02   1.0213943e+01
   3.2400000e+02   1.0214457e+01
   3.2500000e+02   1.0215636e+01
   3.2600000e+02   1.0217657e+01
   3.2700000e+02   1.0219749e+01
   3.2800000e+02   1.0222085e+01
   3.2900000e+02   1.0224412e+01
   3.3000000e+02   1.0226879e+01
   3.3100000e+02   1.0228649e+01
   3.3200000e+02   1.0230190e+01
   3.3300000e+02   1.0231462e+01
   3.3400000e+02   1.0231816e+01
   3.3500000e+02   1.0232067e+01
   3.3600000e+02   1.0232245e+01
   3.3700000e+02   1.0232234e+01
   3.3800000e+02   1.0232012e+01
   3.3900000e+02   1.0232266e+01
   3.4000000e+02   1.0232836e+01
   3.4100000e+02   1.0233735e+01
   3.4200000e+02   1.0234569e+01
   3.4300000e+02   1.0235163e+01
   3.4400000e+02   1.0236114e+01
   3.4500000e+02   1.0237145e+01
   3.4600000e+02   1.0237656e+01
   3.4700000e+02   1.0238337e+01
   3.4800000e+02   1.0238878e+01
   3.4900000e+02   1.0239215e+01
   3.5000000e+02   1.0239899e+01
   3.5100000e+02   1.0240235e+01
   3.5200000e+02   1.0240775e+01
   3.5300000e+02   1.0240999e+01
   3.5400000e+02   1.0241171e+01
   3.5500000e+02   1.0241455e+01
   3.5600000e+02   1.0241384e+01
   3.5700000e+02   1.0241211e+01
   3.5800000e+02   1.0241335e+01
   3.5900000e+02   1.0241044e+01
   3.6000000e+02   1.0240937e+01
   3.6100000e+02   1.0241222e+01
   3.6200000e+02   1.0241151e+01
   3.6300000e+02   1.0241242e+01
   3.6400000e+02   1.0241037e+01
   3.6500000e+02   1.0241243e+01
   3.6600000e+02   1.0241339e+01
   3.6700000e+02   1.0241582e+01
   3.6800000e+02   1.0241746e+01
   3.6900000e+02   1.0242101e+01
   3.7000000e+02   1.0242208e+01
   3.7100000e+02   1.0242309e+01
   3.7200000e+02   1.0242477e+01
   3.7300000e+02   1.0242517e+01
   3.7400000e+02   1.0242621e+01
   3.7500000e+02   1.0242496e+01
   3.7600000e+02   1.0242335e+01
   3.7700000e+02   1.0242724e+01
   3.7800000e+02   1.0242866e+01
   3.7900000e+02   1.0242609e+01
   3.8000000e+02   1.0242551e+01
   3.8100000e+02   1.0242448e+01
   3.8200000e+02   1.0242480e+01
   3.8300000e+02   1.0242289e+01
   3.8400000e+02   1.0242122e+01
   3.8500000e+02   1.0241687e+01
   3.8600000e+02   1.0241718e+01
   3.8700000e+02   1.0241425e+01
   3.8800000e+02   1.0241225e+01
   3.8900000e+02   1.0241528e+01
   3.9000000e+02   1.0241291e+01
   3.9100000e+02   1.0241225e+01
   3.9200000e+02   1.0240986e+01
   3.9300000e+02   1.0241277e+01
   3.9400000e+02   1.0241046e+01
   3.9500000e+02   1.0241537e+01
   3.9600000e+02   1.0241572e+01
   3.9700000e+02   1.0241802e+01
   3.9800000e+02   1.0241797e+01
   3.9900000e+02   1.0242128e+01
   4.0000000e+02   1.0241847e+01
   4.0100000e+02   1.0241914e+01
   4.0200000e+02   1.0241983e+01
   4.0300000e+02   1.0242330e+01
   4.0400000e+02   1.0242411e+01
   4.0500000e+02   1.0242256e+01
   4.0600000e+02   1.0242493e+01
   4.0700000e+02   1.0242291e+01
   4.0800000e+02   1.0242299e+01
   4.0900000e+02   1.0242561e+01
   4.1000000e+02   1.0242619e+01
   4.1100000e+02   1.0242579e+01
   4.1200000e+02   1.0242544e+01
   4.1300000e+02   1.0242519e+01
   4.1400000e+02   1.0242345e+01
   4.1500000e+02   1.0242470e+01
   4.1600000e+02   1.0242507e+01
   4.1700000e+02   1.0242176e+01
   4.1800000e+02   1.0242324e+01
   4.1900000e+02   1.0242094e+01
   4.2000000e+02   1.0242347e+01
   4.2100000e+02   1.0242385e+01
   4.2200000e+02   1.0242191e+01
   4.2300000e+02   1.0242132e+01
   4.2400000e+02   1.0242243e+01
   4.2500000e+02   1.0241928e+01
   4.2600000e+02   1.0242244e+01
   4.2700000e+02   1.0241893e+01
   4.2800000e+02   1.0242260e+01
   4.2900000e+02   1.0241975e+01
   4.3000000e+02   1.0242108e+01
   4.3100000e+02   1.0242057e+01
   4.3200000e+02   1.0241766e+01
   4.3300000e+02   1.0242103e+01
   4.3400000e+02   1.0241630e+01
   4.3500000e+02   1.0240852e+01
   4.3600000e+02   1.0239689e+01
   4.3700000e+02   1.0237647e+01
   4.3800000e+02   1.0234369e+01
   4.3900000e+02   1.0229087e+01
   4.4000000e+02   1.0221733e+01
   4.4100000e+02   1.0211213e+01
   4.4200000e+02   1.0197389e+01
   4.4300000e+02   1.0181338e+01
   4.4400000e+02   1.0163545e+01
   4.4500000e+02   1.0146005e+01
   4.4600000e+02   1.0130410e+01
   4.4700000e+02   1.0118053e+01
   4.4800000e+02   1.0110327e+01
   4.4900000e+02   1.0107336e+01
   4.5000000e+02   1.0109285e+01
   4.5100000e+02   1.0114997e+01
   4.5200000e+02   1.0123611e+01
   4.5300000e+02   1.0133813e+01
   4.5400000e+02   1.0144847e+01
   4.5500000e+02   1.0155627e+01
   4.5600000e+02   1.0166025e+01
   4.5700000e+02   1.0175419e+01
   4.5800000e+02   1.0184283e+01
   4.5900000e+02   1.0191619e+01
   4.6000000e+02   1.0198402e+01
   4.6100000e+02   1.0203725e+01
   4.6200000e+02   1.0208773e+01
   4.6300000e+02   1.0213232e+01
   4.6400000e+02   1.0216474e+01
   4.6500000e+02   1.0219444e+01
   4.6600000e+02   1.0222385e+01
   4.6700000e+02   1.0224333e+01
   4.6800000e+02   1.0226653e+01
   4.6900000e+02   1.0228018e+01
   4.7000000e+02   1.0229908e+01
   4.7100000e+02   1.0231410e+01
   4.7200000e+02   1.0232722e+01
   4.7300000e+02   1.0234220e+01
   4.7400000e+02   1.0235347e+01
   4.7500000e+02   1.0236819e+01
   4.7600000e+02   1.0237680e+01
   4.7700000e+02   1.0238459e+01
   4.7800000e+02   1.0238983e+01
   4.7900000e+02   1.0239765e+01
   4.8000000e+02   1.0240274e+01
   4.8100000e+02   1.0240424e+01
   4.8200000e+02   1.0241000e+01
   4.8300000e+02   1.0241006e+01
   4.8400000e+02   1.0241263e+01
   4.8500000e+02   1.0241278e+01
   4.8600000e+02   1.0241480e+01
   4.8700000e+02   1.0241584e+01
   4.8800000e+02   1.0241466e+01
   4.8900000e+02   1.0241514e+01
   4.9000000e+02   1.0241532e+01
   4.9100000e+02   1.0241652e+01
   4.9200000e+02   1.0241598e+01
   4.9300000e+02   1.0241656e+01
   4.9400000e+02   1.0241300e+01
   4.9500000e+02   1.0241828e+01
   4.9600000e+02   1.0241666e+01
   4.9700000e+02   1.0241621e+01
   4.9800000e+02   1.0241386e+01
   4.9900000e+02   1.0241450e+01
   5.0000000e+02   1.0241517e+01
   5.0100000e+02   1.0241541e+01
   5.0200000e+02   1.0241566e+01
   5.0300000e+02   1.0241550e+01
   5.0400000e+02   1.0241445e+01
   5.0500000e+02   1.0241465e+01
   5.0600000e+02   1.0241462e+01
   5.0700000e+02   1.0241650e+01
   5.0800000e+02   1.0241617e+01
   5.0900000e+02   1.0241754e+01
   5.1000000e+02   1.0241302e+01
   5.1100000e+02   1.0241492e+01
   5.1200000e+02   1.0241510e+01
   5.1300000e+02   1.0241163e+01
   5.1400000e+02   1.0241390e+01
   5.1500000e+02   1.0241271e+01
   5.1600000e+02   1.0241071e+01
   5.1700000e+02   1.0241260e+01
   5.1800000e+02   1.0241463e+01
   5.1900000e+02   1.0241309e+01
   5.2000000e+02   1.0241371e+01
   5.2100000e+02   1.0241301e+01
   5.2200000e+02   1.0241201e+01
   5.2300000e+02   1.0241429e+01
   5.2400000e+02   1.0241076e+01
   5.2500000e+02   1.0241071e+01
   5.2600000e+02   1.0241456e+01
   5.2700000e+02   1.0241330e+01
   5.2800000e+02   1.0241406e+01
   5.2900000e+02   1.0241532e+01
   5.3000000e+02   1.0241170e+01
   5.3100000e+02   1.0241021e+01
   5.3200000e+02   1.0241056e+01
   5.3300000e+02   1.0241193e+01
   5.3400000e+02   1.0241206e+01
   5.3500000e+02   1.0240636e+01
   5.3600000e+02   1.0241314e+01
   5.3700000e+02   1.0241294e+01
   5.3800000e+02   1.0241111e+01
   5.3900000e+02   1.0240914e+01
   5.4000000e+02   1.0240844e+01
   5.4100000e+02   1.0241258e+01
   5.4200000e+02   1.0241378e+01
   5.4300000e+02   1.0241209e+01
   5.4400000e+02   1.0241243e+01
   5.4500000e+02   1.0241086e+01
   5.4600000e+02   1.0241376e+01
   5.4700000e+02   1.0241229e+01
   5.4800000e+02   1.0241187e+01
   5.4900000e+02   1.0241218e+01
   5.5000000e+02   1.0240979e+01
   5.5100000e+02   1.0241155e+01
   5.5200000e+02   1.0241192e+01
   5.5300000e+02   1.0240900e+01
   5.5400000e+02   1.0240881e+01
   5.5500000e+02   1.0240905e+01
   5.5600000e+02   1.0241065e+01
   5.5700000e+02   1.0241296e+01
   5.5800000e+02   1.0240880e+01
   5.5900000e+02   1.0240883e+01
   5.6000000e+02   1.0241020e+01
   5.6100000e+02   1.0241054e+01
   5.6200000e+02   1.0241116e+01
   5.6300000e+02   1.0241329e+01
   5.6400000e+02   1.0241089e+01
   5.6500000e+02   1.0241181e+01
   5.6600000e+02   1.0241345e+01
   5.6700000e+02   1.0241312e+01
   5.6800000e+02   1.0241437e+01
   5.6900000e+02   1.0241589e+01
   5.7000000e+02   1.0241396e+01
   5.7100000e+02   1.0241866e+01
   5.7200000e+02   1.0241379e+01
   5.7300000e+02   1.0241124e+01
   5.7400000e+02   1.0241848e+01
   5.7500000e+02   1.0241768e+01
   5.7600000e+02   1.0241535e+01
   5.7700000e+02   1.0240738e+01
   5.7800000e+02   1.0241293e+01
   5.7900000e+02   1.0241272e+01
   5.8000000e+02   1.0241335e+01
   5.8100000e+02   1.0241119e+01
   5.8200000e+02   1.0241262e+01
   5.8300000e+02   1.0240767e+01
   5.8400000e+02   1.0241040e+01
   5.8500000e+02   1.0241034e+01
   5.8600000e+02   1.0241056e+01
   5.8700000e+02   1.0241015e+01
   5.8800000e+02   1.0240945e+01
   5.8900000e+02   1.0240971e+01
   5.9000000e+02   1.0241187e+01
   5.9100000e+02   1.0240867e+01
   5.9200000e+02   1.0241070e+01
   5.9300000e+02   1.0240851e+01
   5.9400000e+02   1.0240894e+01
   5.9500000e+02   1.0240695e+01
   5.9600000e+02   1.0240881e+01
   5.9700000e+02   1.0240837e+01
   5.9800000e+02   1.0240621e+01
   5.9900000e+02   1.0240970e+01
   6.0000000e+02   1.0240970e+01
   6.0100000e+02   1.0240937e+01
   6.0200000e+02   1.0240845e+01
   6.0300000e+02   1.0240828e+01
   6.0400000e+02   1.0240868e+01
   6.0500000e+02   1.0240659e+01
   6.0600000e+02   1.0240609e+01
   6.0700000e+02   1.0240821e+01
   6.0800000e+02   1.0240727e+01
   6.0900000e+02   1.0240776e+01
   6.1000000e+02   1.0240720e+01
   6.1100000e+02   1.0240863e+01
   6.1200000e+02   1.0240827e+01
   6.1300000e+02   1.0240815e+01
   6.1400000e+02   1.0240707e+01
   6.1500000e+02   1.0240829e+01
   6.1600000e+02   1.0240583e+01
   6.1700000e+02   1.0240632e+01
   6.1800000e+02   1.0240669e+01
   6.1900000e+02   1.0240805e+01
   6.2000000e+02   1.0240897e+01
   6.2100000e+02   1.0240476e+01
   6.2200000e+02   1.0241042e+01
   6.2300000e+02   1.0240763e+01
   6.2400000e+02   1.0241113e+01
   6.2500000e+02   1.0240885e+01
   6.2600000e+02   1.0240893e+01
   6.2700000e+02   1.0240993e+01
   6.2800000e+02   1.0240890e+01
   6.2900000e+02   1.0240806e+01
   6.3000000e+02   1.0241007e+01
   6.3100000e+02   1.0240875e+01
   6.3200000e+02   1.0241017e+01
   6.3300000e+02   1.0240778e+01
   6.3400000e+02   1.0240834e+01
   6.3500000e+02   1.0240944e+01
   6.3600000e+02   1.0240789e+01
   6.3700000e+02   1.0240744e+01
   6.3800000e+02   1.0240792e+01
   6.3900000e+02   1.0240465e+01
   6.4000000e+02   1.0241046e+01
   6.4100000e+02   1.0240588e+01
   6.4200000e+02   1.0240894e+01
   6.4300000e+02   1.0240596e+01
   6.4400000e+02   1.0240707e+01
   6.4500000e+02   1.0241020e+01
   6.4600000e+02   1.0240474e+01
   6.4700000e+02   1.0240619e+01
   6.4800000e+02   1.0240342e+01
   6.4900000e+02   1.0240683e+01
   6.5000000e+02   1.0240152e+01
   6.5100000e+02   1.0240848e+01
   6.5200000e+02   1.0240408e+01
   6.5300000e+02   1.0240706e+01
   6.5400000e+02   1.0240645e+01
   6.5500000e+02   1.0240419e+01
   6.5600000e+02   1.0240637e+01
   6.5700000e+02   1.0240370e+01
   6.5800000e+02   1.0240233e+01
   6.5900000e+02   1.0240192e+01
   6.6000000e+02   1.0240354e+01
   6.6100000e+02   1.0240183e+01
   6.6200000e+02   1.0240160e+01
   6.6300000e+02   1.0239952e+01
   6.6400000e+02   1.0239776e+01
   6.6500000e+02   1.0240165e+01
   6.6600000e+02   1.0239589e+01
   6.6700000e+02   1.0239134e+01
   6.6800000e+02   1.0238787e+01
   6.6900000e+02   1.0238145e+01
   6.7000000e+02   1.0237174e+01
   6.7100000e+02   1.0236032e+01
   6.7200000e+02   1.0234634e+01
   6.7300000e+02   1.0232757e+01
   6.7400000e+02   1.0230346e+01
   6.7500000e+02   1.0227960e+01
   6.7600000e+02   1.0225327e+01
   6.7700000e+02   1.0222558e+01
   6.7800000e+02   1.0218798e+01
   6.7900000e+02   1.0216101e+01
   6.8000000e+02   1.0212748e+01
   6.8100000e+02   1.0210734e+01
   6.8200000e+02   1.0208060e+01
   6.8300000e+02   1.0206892e+01
   6.8400000e+02   1.0205337e+01
   6.8500000e+02   1.0205500e+01
   6.8600000e+02   1.0205208e+01
   6.8700000e+02   1.0206521e+01
   6.8800000e+02   1.0207181e+01
   6.8900000e+02   1.0209198e+01
   6.9000000e+02   1.0211139e+01
   6.9100000e+02   1.0213357e+01
   6.9200000e+02   1.0214971e+01
   6.9300000e+02   1.0217294e+01
   6.9400000e+02   1.0219937e+01
   6.9500000e+02   1.0221944e+01
   6.9600000e+02   1.0223882e+01
   6.9700000e+02   1.0225040e+01
   6.9800000e+02   1.0226921e+01
   6.9900000e+02   1.0228141e+01
   7.0000000e+02   1.0229458e+01
   7.0100000e+02   1.0230714e+01
   7.0200000e+02   1.0232098e+01
   7.0300000e+02   1.0233046e+01
   7.0400000e+02   1.0234047e+01
   7.0500000e+02   1.0234487e+01
   7.0600000e+02   1.0235743e+01
   7.0700000e+02   1.0235931e+01
   7.0800000e+02   1.0236388e+01
   7.0900000e+02   1.0236838e+01
   7.1000000e+02   1.0237394e+01
   7.1100000e+02   1.0237711e+01
   7.1200000e+02   1.0237868e+01
   7.1300000e+02   1.0238426e+01
   7.1400000e+02   1.0238537e+01
   7.1500000e+02   1.0238580e+01
   7.1600000e+02   1.0239139e+01
   7.1700000e+02   1.0239188e+01
   7.1800000e+02   1.0239595e+01
   7.1900000e+02   1.0239905e+01
   7.2000000e+02   1.0239458e+01
   7.2100000e+02   1.0239581e+01
   7.2200000e+02   1.0239806e+01
   7.2300000e+02   1.0239460e+01
   7.2400000e+02   1.0239414e+01
   7.2500000e+02   1.0239407e+01
   7.2600000e+02   1.0239905e+01
   7.2700000e+02   1.0239540e+01
   7.2800000e+02   1.0239336e+01
   7.2900000e+02   1.0239823e+01
   7.3000000e+02   1.0239481e+01
   7.3100000e+02   1.0240110e+01
   7.3200000e+02   1.0239622e+01
   7.3300000e+02   1.0239621e+01
   7.3400000e+02   1.0240068e+01
   7.3500000e+02   1.0240121e+01
   7.3600000e+02   1.0239699e+01
   7.3700000e+02   1.0239925e+01
   7.3800000e+02   1.0240082e+01
   7.3900000e+02   1.0239732e+01
   7.4000000e+02   1.0240067e+01
   7.4100000e+02   1.0239973e+01
   7.4200000e+02   1.0239791e+01
   7.4300000e+02   1.0240087e+01
   7.4400000e+02   1.0239776e+01
   7.4500000e+02   1.0240138e+01
   7.4600000e+02   1.0240054e+01
   7.4700000e+02   1.0240047e+01
   7.4800000e+02   1.0239965e+01
   7.4900000e+02   1.0239953e+01
   7.5000000e+02   1.0239709e+01
   7.5100000e+02   1.0239789e+01
   7.5200000e+02   1.0239870e+01
   7.5300000e+02   1.0239967e+01
   7.5400000e+02   1.0240055e+01
   7.5500000e+02   1.0239945e+01
   7.5600000e+02   1.0239549e+01
   7.5700000e+02   1.0239705e+01
   7.5800000e+02   1.0239757e+01
   7.5900000e+02   1.0239552e+01
   7.6000000e+02   1.0239601e+01
   7.6100000e+02   1.0239480e+01
   7.6200000e+02   1.0239877e+01
   7.6300000e+02   1.0239711e+01
   7.6400000e+02   1.0239252e+01
   7.6500000e+02   1.0239818e+01
   7.6600000e+02   1.0239669e+01
   7.6700000e+02   1.0239353e+01
   7.6800000e+02   1.0239710e+01
   7.6900000e+02   1.0239522e+01
   7.7000000e+02   1.0239791e+01
   7.7100000e+02   1.0239913e+01
   7.7200000e+02   1.0239856e+01
   7.7300000e+02   1.0239477e+01
   7.7400000e+02   1.0239306e+01
   7.7500000e+02   1.0239659e+01
   7.7600000e+02   1.0239938e+01
   7.7700000e+02   1.0239399e+01
   7.7800000e+02   1.0239749e+01
   7.7900000e+02   1.0239387e+01
   7.8000000e+02   1.0239887e+01
