   0.0000000e+00   1.0266699e+01
   1.0000000e+00   1.0262588e+01
   2.0000000e+00   1.0261478e+01
   3.0000000e+00   1.0261076e+01
   4.0000000e+00   1.0260504e+01
   5.0000000e+00   1.0259493e+01
   6.0000000e+00   1.0259158e+01
   7.0000000e+00   1.0258993e+01
   8.0000000e+00   1.0258773e+01
   9.0000000e+00   1.0258666e+01
   1.0000000e+01   1.0258483e+01
   1.1000000e+01   1.0258005e+01
   1.2000000e+01   1.0258233e+01
   1.3000000e+01   1.0258156e+01
   1.4000000e+01   1.0257908e+01
   1.5000000e+01   1.0258105e+01
   1.6000000e+01   1.0258064e+01
   1.7000000e+01   1.0257844e+01
   1.8000000e+01   1.0257870e+01
   1.9000000e+01   1.0257986e+01
   2.0000000e+01   1.0257795e+01
   2.1000000e+01   1.0257953e+01
   2.2000000e+01   1.0257817e+01
   2.3000000e+01   1.0257663e+01
   2.4000000e+01   1.0257716e+01
   2.5000000e+01   1.0257708e+01
   2.6000000e+01   1.0257429e+01
   2.7000000e+01   1.0257589e+01
   2.8000000e+01   1.0257644e+01
   2.9000000e+01   1.0257275e+01
   3.0000000e+01   1.0257354e+01
   3.1000000e+01   1.0257296e+01
   3.2000000e+01   1.0257500e+01
   3.3000000e+01   1.0257426e+01
   3.4000000e+01   1.0257390e+01
   3.5000000e+01   1.0257359e+01
   3.6000000e+01   1.0257411e+01
   3.7000000e+01   1.0257221e+01
   3.8000000e+01   1.0257362e+01
   3.9000000e+01   1.0257461e+01
   4.0000000e+01   1.0257079e+01
   4.1000000e+01   1.0257298e+01
   4.2000000e+01   1.0256749e+01
   4.3000000e+01   1.0256790e+01
   4.4000000e+01   1.0256771e+01
   4.5000000e+01   1.0256960e+01
   4.6000000e+01   1.0256675e+01
   4.7000000e+01   1.0256726e+01
   4.8000000e+01   1.0256836e+01
   4.9000000e+01   1.0256852e+01
   5.0000000e+01   1.0256924e+01
   5.1000000e+01   1.0256554e+01
   5.2000000e+01   1.0257057e+01
   5.3000000e+01   1.0256741e+01
   5.4000000e+01   1.0256880e+01
   5.5000000e+01   1.0256767e+01
   5.6000000e+01   1.0256775e+01
   5.7000000e+01   1.0256849e+01
   5.8000000e+01   1.0257048e+01
   5.9000000e+01   1.0256702e+01
   6.0000000e+01   1.0256579e+01
   6.1000000e+01   1.0256795e+01
   6.2000000e+01   1.0256615e+01
   6.3000000e+01   1.0256646e+01
   6.4000000e+01   1.0256693e+01
   6.5000000e+01   1.0256460e+01
   6.6000000e+01   1.0256429e+01
   6.7000000e+01   1.0256474e+01
   6.8000000e+01   1.0256465e+01
   6.9000000e+01   1.0256441e+01
   7.0000000e+01   1.0256383e+01
   7.1000000e+01   1.0256593e+01
   7.2000000e+01   1.0256484e+01
   7.3000000e+01   1.0256472e+01
   7.4000000e+01   1.0256508e+01
   7.5000000e+01   1.0256394e+01
   7.6000000e+01   1.0256637e+01
   7.7000000e+01   1.0256501e+01
   7.8000000e+01   1.0256316e+01
   7.9000000e+01   1.0256425e+01
   8.0000000e+01   1.0256268e+01
   8.1000000e+01   1.0256617e+01
   8.2000000e+01   1.0256489e+01
   8.3000000e+01   1.0256328e+01
   8.4000000e+01   1.0256458e+01
   8.5000000e+01   1.0256559e+01
   8.6000000e+01   1.0256237e+01
   8.7000000e+01   1.0256227e+01
   8.8000000e+01   1.0256074e+01
   8.9000000e+01   1.0256157e+01
   9.0000000e+01   1.0256051e+01
   9.1000000e+01   1.0256265e+01
   9.2000000e+01   1.0256218e+01
   9.3000000e+01   1.0256173e+01
   9.4000000e+01   1.0256310e+01
   9.5000000e+01   1.0256556e+01
   9.6000000e+01   1.0256116e+01
   9.7000000e+01   1.0256178e+01
   9.8000000e+01   1.0256350e+01
   9.9000000e+01   1.0255993e+01
   1.0000000e+02   1.0256293e+01
   1.0100000e+02   1.0256159e+01
   1.0200000e+02   1.0256087e+01
   1.0300000e+02   1.0256043e+01
   1.0400000e+02   1.0256212e+01
   1.0500000e+02   1.0256041e+01
   1.0600000e+02   1.0256256e+01
   1.0700000e+02   1.0256137e+01
   1.0800000e+02   1.0256114e+01
   1.0900000e+02   1.0255975e+01
   1.1000000e+02   1.0256016e+01
   1.1100000e+02   1.0256049e+01
   1.1200000e+02   1.0255919e+01
   1.1300000e+02   1.0256122e+01
   1.1400000e+02   1.0255928e+01
   1.1500000e+02   1.0256168e+01
   1.1600000e+02   1.0256202e+01
   1.1700000e+02   1.0256326e+01
   1.1800000e+02   1.0256061e+01
   1.1900000e+02   1.0256079e+01
   1.2000000e+02   1.0256246e+01
   1.2100000e+02   1.0256215e+01
   1.2200000e+02   1.0256206e+01
   1.2300000e+02   1.0256153e+01
   1.2400000e+02   1.0256163e+01
   1.2500000e+02   1.0256114e+01
   1.2600000e+02   1.0256156e+01
   1.2700000e+02   1.0255936e+01
   1.2800000e+02   1.0256041e+01
   1.2900000e+02   1.0255842e+01
   1.3000000e+02   1.0256168e+01
   1.3100000e+02   1.0255876e+01
   1.3200000e+02   1.0255996e+01
   1.3300000e+02   1.0255919e+01
   1.3400000e+02   1.0256044e+01
   1.3500000e+02   1.0255731e+01
   1.3600000e+02   1.0255727e+01
   1.3700000e+02   1.0255703e+01
   1.3800000e+02   1.0255793e+01
   1.3900000e+02   1.0255781e+01
   1.4000000e+02   1.0255711e+01
   1.4100000e+02   1.0255832e+01
   1.4200000e+02   1.0255517e+01
   1.4300000e+02   1.0255733e+01
   1.4400000e+02   1.0255785e+01
   1.4500000e+02   1.0255718e+01
   1.4600000e+02   1.0255879e+01
   1.4700000e+02   1.0255768e+01
   1.4800000e+02   1.0255893e+01
   1.4900000e+02   1.0255654e+01
   1.5000000e+02   1.0256032e+01
   1.5100000e+02   1.0255702e+01
   1.5200000e+02   1.0255989e+01
   1.5300000e+02   1.0255920e+01
   1.5400000e+02   1.0255930e+01
   1.5500000e+02   1.0255762e+01
   1.5600000e+02   1.0255855e+01
   1.5700000e+02   1.0255940e+01
   1.5800000e+02   1.0255866e+01
   1.5900000e+02   1.0255923e+01
   1.6000000e+02   1.0255747e+01
   1.6100000e+02   1.0255990e+01
   1.6200000e+02   1.0256028e+01
   1.6300000e+02   1.0255889e+01
   1.6400000e+02   1.0255896e+01
   1.6500000e+02   1.0255697e+01
   1.6600000e+02   1.0254971e+01
   1.6700000e+02   1.0248286e+01
   1.6800000e+02   1.0230352e+01
   1.6900000e+02   1.0222529e+01
   1.7000000e+02   1.0230545e+01
   1.7100000e+02   1.0240864e+01
   1.7200000e+02   1.0246684e+01
   1.7300000e+02   1.0248544e+01
   1.7400000e+02   1.0249478e+01
   1.7500000e+02   1.0249766e+01
   1.7600000e+02   1.0250997e+01
   1.7700000e+02   1.0251728e+01
   1.7800000e+02   1.0249254e+01
   1.7900000e+02   1.0215244e+01
   1.8000000e+02   1.0180115e+01
   1.8100000e+02   1.0184667e+01
   1.8200000e+02   1.0191425e+01
   1.8300000e+02   1.0195865e+01
   1.8400000e+02   1.0203195e+01
   1.8500000e+02   1.0208304e+01
   1.8600000e+02   1.0210976e+01
   1.8700000e+02   1.0213114e+01
   1.8800000e+02   1.0214851e+01
   1.8900000e+02   1.0218197e+01
   1.9000000e+02   1.0225145e+01
   1.9100000e+02   1.0231674e+01
   1.9200000e+02   1.0236821e+01
   1.9300000e+02   1.0242014e+01
   1.9400000e+02   1.0246290e+01
   1.9500000e+02   1.0248732e+01
   1.9600000e+02   1.0250311e+01
   1.9700000e+02   1.0251118e+01
   1.9800000e+02   1.0251800e+01
   1.9900000e+02   1.0252304e+01
   2.0000000e+02   1.0253043e+01
   2.0100000e+02   1.0253442e+01
   2.0200000e+02   1.0253727e+01
   2.0300000e+02   1.0254152e+01
   2.0400000e+02   1.0254436e+01
   2.0500000e+02   1.0254811e+01
   2.0600000e+02   1.0254645e+01
   2.0700000e+02   1.0254945e+01
   2.0800000e+02   1.0255150e+01
   2.0900000e+02   1.0255154e+01
   2.1000000e+02   1.0255255e+01
   2.1100000e+02   1.0255505e+01
   2.1200000e+02   1.0255475e+01
   2.1300000e+02   1.0255453e+01
   2.1400000e+02   1.0255820e+01
   2.1500000e+02   1.0255867e+01
   2.1600000e+02   1.0255667e+01
   2.1700000e+02   1.0255461e+01
   2.1800000e+02   1.0255783e+01
   2.1900000e+02   1.0255652e+01
   2.2000000e+02   1.0255700e+01
   2.2100000e+02   1.0255695e+01
   2.2200000e+02   1.0255827e+01
   2.2300000e+02   1.0255633e+01
   2.2400000e+02   1.0255682e+01
   2.2500000e+02   1.0255504e+01
   2.2600000e+02   1.0255662e+01
   2.2700000e+02   1.0255846e+01
   2.2800000e+02   1.0255774e+01
   2.2900000e+02   1.0255399e+01
   2.3000000e+02   1.0255544e+01
   2.3100000e+02   1.0255626e+01
   2.3200000e+02   1.0255868e+01
   2.3300000e+02   1.0255597e+01
   2.3400000e+02   1.0255747e+01
   2.3500000e+02   1.0255631e+01
   2.3600000e+02   1.0255373e+01
   2.3700000e+02   1.0255533e+01
   2.3800000e+02   1.0255209e+01
   2.3900000e+02   1.0255698e+01
   2.4000000e+02   1.0255682e+01
   2.4100000e+02   1.0255553e+01
   2.4200000e+02   1.0255819e+01
   2.4300000e+02   1.0255628e+01
   2.4400000e+02   1.0255735e+01
   2.4500000e+02   1.0255651e+01
   2.4600000e+02   1.0255712e+01
   2.4700000e+02   1.0255109e+01
   2.4800000e+02   1.0254873e+01
   2.4900000e+02   1.0254734e+01
   2.5000000e+02   1.0254704e+01
   2.5100000e+02   1.0254455e+01
   2.5200000e+02   1.0254478e+01
   2.5300000e+02   1.0254323e+01
   2.5400000e+02   1.0254458e+01
   2.5500000e+02   1.0254368e+01
   2.5600000e+02   1.0254289e+01
   2.5700000e+02   1.0254438e+01
   2.5800000e+02   1.0254062e+01
   2.5900000e+02   1.0253996e+01
   2.6000000e+02   1.0253856e+01
   2.6100000e+02   1.0254260e+01
   2.6200000e+02   1.0253703e+01
   2.6300000e+02   1.0253666e+01
   2.6400000e+02   1.0253457e+01
   2.6500000e+02   1.0253658e+01
   2.6600000e+02   1.0253684e+01
   2.6700000e+02   1.0253648e+01
   2.6800000e+02   1.0254119e+01
   2.6900000e+02   1.0254236e+01
   2.7000000e+02   1.0254222e+01
   2.7100000e+02   1.0254457e+01
   2.7200000e+02   1.0254249e+01
   2.7300000e+02   1.0254098e+01
   2.7400000e+02   1.0254623e+01
   2.7500000e+02   1.0254608e+01
   2.7600000e+02   1.0254647e+01
   2.7700000e+02   1.0254739e+01
   2.7800000e+02   1.0254665e+01
   2.7900000e+02   1.0254949e+01
   2.8000000e+02   1.0254823e+01
   2.8100000e+02   1.0254903e+01
   2.8200000e+02   1.0254747e+01
   2.8300000e+02   1.0254576e+01
   2.8400000e+02   1.0254725e+01
   2.8500000e+02   1.0254784e+01
   2.8600000e+02   1.0254893e+01
   2.8700000e+02   1.0254894e+01
   2.8800000e+02   1.0254852e+01
   2.8900000e+02   1.0254765e+01
   2.9000000e+02   1.0254915e+01
   2.9100000e+02   1.0254790e+01
   2.9200000e+02   1.0254828e+01
   2.9300000e+02   1.0255116e+01
   2.9400000e+02   1.0254766e+01
   2.9500000e+02   1.0254915e+01
   2.9600000e+02   1.0254771e+01
   2.9700000e+02   1.0254947e+01
   2.9800000e+02   1.0254992e+01
   2.9900000e+02   1.0255038e+01
   3.0000000e+02   1.0254660e+01
   3.0100000e+02   1.0254823e+01
   3.0200000e+02   1.0254409e+01
   3.0300000e+02   1.0254024e+01
   3.0400000e+02   1.0253346e+01
   3.0500000e+02   1.0252658e+01
   3.0600000e+02   1.0252023e+01
   3.0700000e+02   1.0250733e+01
   3.0800000e+02   1.0249126e+01
   3.0900000e+02   1.0247577e+01
   3.1000000e+02   1.0245793e+01
   3.1100000e+02   1.0244625e+01
   3.1200000e+02   1.0243701e+01
   3.1300000e+02   1.0243048e+01
   3.1400000e+02   1.0242925e+01
   3.1500000e+02   1.0242228e+01
   3.1600000e+02   1.0241058e+01
   3.1700000e+02   1.0239595e+01
   3.1800000e+02   1.0237294e+01
   3.1900000e+02   1.0234807e+01
   3.2000000e+02   1.0232690e+01
   3.2100000e+02   1.0230694e+01
   3.2200000e+02   1.0229457e+01
   3.2300000e+02   1.0228909e+01
   3.2400000e+02   1.0229450e+01
   3.2500000e+02   1.0230210e+01
   3.2600000e+02   1.0231314e+01
   3.2700000e+02   1.0232833e+01
   3.2800000e+02   1.0234976e+01
   3.2900000e+02   1.0237007e+01
   3.3000000e+02   1.0238463e+01
   3.3100000e+02   1.0240358e+01
   3.3200000e+02   1.0241750e+01
   3.3300000e+02   1.0242746e+01
   3.3400000e+02   1.0243722e+01
   3.3500000e+02   1.0244448e+01
   3.3600000e+02   1.0244402e+01
   3.3700000e+02   1.0244300e+01
   3.3800000e+02   1.0244311e+01
   3.3900000e+02   1.0244689e+01
   3.4000000e+02   1.0245095e+01
   3.4100000e+02   1.0245576e+01
   3.4200000e+02   1.0246506e+01
   3.4300000e+02   1.0247193e+01
   3.4400000e+02   1.0247892e+01
   3.4500000e+02   1.0249078e+01
   3.4600000e+02   1.0249591e+01
   3.4700000e+02   1.0250098e+01
   3.4800000e+02   1.0251003e+01
   3.4900000e+02   1.0251359e+01
   3.5000000e+02   1.0251762e+01
   3.5100000e+02   1.0252138e+01
   3.5200000e+02   1.0252506e+01
   3.5300000e+02   1.0252855e+01
   3.5400000e+02   1.0253097e+01
   3.5500000e+02   1.0253297e+01
   3.5600000e+02   1.0253254e+01
   3.5700000e+02   1.0253386e+01
   3.5800000e+02   1.0253252e+01
   3.5900000e+02   1.0253548e+01
   3.6000000e+02   1.0253263e+01
   3.6100000e+02   1.0253365e+01
   3.6200000e+02   1.0252852e+01
   3.6300000e+02   1.0253010e+01
   3.6400000e+02   1.0253173e+01
   3.6500000e+02   1.0253274e+01
   3.6600000e+02   1.0253509e+01
   3.6700000e+02   1.0253414e+01
   3.6800000e+02   1.0253623e+01
   3.6900000e+02   1.0253624e+01
   3.7000000e+02   1.0254156e+01
   3.7100000e+02   1.0253998e+01
   3.7200000e+02   1.0254477e+01
   3.7300000e+02   1.0254284e+01
   3.7400000e+02   1.0254371e+01
   3.7500000e+02   1.0254146e+01
   3.7600000e+02   1.0254630e+01
   3.7700000e+02   1.0254385e+01
   3.7800000e+02   1.0254374e+01
   3.7900000e+02   1.0254493e+01
   3.8000000e+02   1.0254299e+01
   3.8100000e+02   1.0254439e+01
   3.8200000e+02   1.0254225e+01
   3.8300000e+02   1.0254039e+01
   3.8400000e+02   1.0253940e+01
   3.8500000e+02   1.0253799e+01
   3.8600000e+02   1.0253673e+01
   3.8700000e+02   1.0253338e+01
   3.8800000e+02   1.0253312e+01
   3.8900000e+02   1.0253312e+01
   3.9000000e+02   1.0253097e+01
   3.9100000e+02   1.0252967e+01
   3.9200000e+02   1.0253036e+01
   3.9300000e+02   1.0253278e+01
   3.9400000e+02   1.0253309e+01
   3.9500000e+02   1.0253453e+01
   3.9600000e+02   1.0253582e+01
   3.9700000e+02   1.0253716e+01
   3.9800000e+02   1.0253698e+01
   3.9900000e+02   1.0254131e+01
   4.0000000e+02   1.0253733e+01
   4.0100000e+02   1.0253906e+01
   4.0200000e+02   1.0254110e+01
   4.0300000e+02   1.0254022e+01
   4.0400000e+02   1.0254315e+01
   4.0500000e+02   1.0254244e+01
   4.0600000e+02   1.0254474e+01
   4.0700000e+02   1.0254276e+01
   4.0800000e+02   1.0254534e+01
   4.0900000e+02   1.0254406e+01
   4.1000000e+02   1.0254572e+01
   4.1100000e+02   1.0254481e+01
   4.1200000e+02   1.0254668e+01
   4.1300000e+02   1.0254655e+01
   4.1400000e+02   1.0254711e+01
   4.1500000e+02   1.0254781e+01
   4.1600000e+02   1.0254598e+01
   4.1700000e+02   1.0254859e+01
   4.1800000e+02   1.0254557e+01
   4.1900000e+02   1.0254709e+01
   4.2000000e+02   1.0254622e+01
   4.2100000e+02   1.0254685e+01
   4.2200000e+02   1.0254418e+01
   4.2300000e+02   1.0254071e+01
   4.2400000e+02   1.0254304e+01
   4.2500000e+02   1.0254210e+01
   4.2600000e+02   1.0254134e+01
   4.2700000e+02   1.0254055e+01
   4.2800000e+02   1.0254237e+01
   4.2900000e+02   1.0254215e+01
   4.3000000e+02   1.0254002e+01
   4.3100000e+02   1.0254106e+01
   4.3200000e+02   1.0254309e+01
   4.3300000e+02   1.0254020e+01
   4.3400000e+02   1.0253925e+01
   4.3500000e+02   1.0253686e+01
   4.3600000e+02   1.0253213e+01
   4.3700000e+02   1.0252402e+01
   4.3800000e+02   1.0250918e+01
   4.3900000e+02   1.0248401e+01
   4.4000000e+02   1.0244580e+01
   4.4100000e+02   1.0238645e+01
   4.4200000e+02   1.0231178e+01
   4.4300000e+02   1.0221194e+01
   4.4400000e+02   1.0209220e+01
   4.4500000e+02   1.0196255e+01
   4.4600000e+02   1.0183164e+01
   4.4700000e+02   1.0171440e+01
   4.4800000e+02   1.0162353e+01
   4.4900000e+02   1.0156244e+01
   4.5000000e+02   1.0153981e+01
   4.5100000e+02   1.0154959e+01
   4.5200000e+02   1.0158716e+01
   4.5300000e+02   1.0165080e+01
   4.5400000e+02   1.0172202e+01
   4.5500000e+02   1.0179671e+01
   4.5600000e+02   1.0187343e+01
   4.5700000e+02   1.0194420e+01
   4.5800000e+02   1.0201050e+01
   4.5900000e+02   1.0207334e+01
   4.6000000e+02   1.0213078e+01
   4.6100000e+02   1.0218174e+01
   4.6200000e+02   1.0222701e+01
   4.6300000e+02   1.0226953e+01
   4.6400000e+02   1.0230291e+01
   4.6500000e+02   1.0233523e+01
   4.6600000e+02   1.0236299e+01
   4.6700000e+02   1.0238550e+01
   4.6800000e+02   1.0240432e+01
   4.6900000e+02   1.0242491e+01
   4.7000000e+02   1.0244250e+01
   4.7100000e+02   1.0245530e+01
   4.7200000e+02   1.0246721e+01
   4.7300000e+02   1.0247964e+01
   4.7400000e+02   1.0248697e+01
   4.7500000e+02   1.0249659e+01
   4.7600000e+02   1.0250589e+01
   4.7700000e+02   1.0251016e+01
   4.7800000e+02   1.0251377e+01
   4.7900000e+02   1.0251494e+01
   4.8000000e+02   1.0252162e+01
   4.8100000e+02   1.0252595e+01
   4.8200000e+02   1.0252784e+01
   4.8300000e+02   1.0253108e+01
   4.8400000e+02   1.0253163e+01
   4.8500000e+02   1.0253514e+01
   4.8600000e+02   1.0253396e+01
   4.8700000e+02   1.0253615e+01
   4.8800000e+02   1.0253631e+01
   4.8900000e+02   1.0253919e+01
   4.9000000e+02   1.0253520e+01
   4.9100000e+02   1.0253411e+01
   4.9200000e+02   1.0253721e+01
   4.9300000e+02   1.0253818e+01
   4.9400000e+02   1.0254000e+01
   4.9500000e+02   1.0253747e+01
   4.9600000e+02   1.0253917e+01
   4.9700000e+02   1.0253864e+01
   4.9800000e+02   1.0254067e+01
   4.9900000e+02   1.0254040e+01
   5.0000000e+02   1.0253969e+01
   5.0100000e+02   1.0254113e+01
   5.0200000e+02   1.0254037e+01
   5.0300000e+02   1.0254397e+01
   5.0400000e+02   1.0253867e+01
   5.0500000e+02   1.0254001e+01
   5.0600000e+02   1.0254215e+01
   5.0700000e+02   1.0254201e+01
   5.0800000e+02   1.0253967e+01
   5.0900000e+02   1.0254223e+01
   5.1000000e+02   1.0254093e+01
   5.1100000e+02   1.0254204e+01
   5.1200000e+02   1.0254209e+01
   5.1300000e+02   1.0254269e+01
   5.1400000e+02   1.0253954e+01
   5.1500000e+02   1.0254063e+01
   5.1600000e+02   1.0254143e+01
   5.1700000e+02   1.0254123e+01
   5.1800000e+02   1.0254496e+01
   5.1900000e+02   1.0254137e+01
   5.2000000e+02   1.0254077e+01
   5.2100000e+02   1.0254146e+01
   5.2200000e+02   1.0254494e+01
   5.2300000e+02   1.0254062e+01
   5.2400000e+02   1.0254142e+01
   5.2500000e+02   1.0254204e+01
   5.2600000e+02   1.0254063e+01
   5.2700000e+02   1.0254162e+01
   5.2800000e+02   1.0254372e+01
   5.2900000e+02   1.0254074e+01
   5.3000000e+02   1.0254125e+01
   5.3100000e+02   1.0254054e+01
   5.3200000e+02   1.0254088e+01
   5.3300000e+02   1.0254224e+01
   5.3400000e+02   1.0254112e+01
   5.3500000e+02   1.0254020e+01
   5.3600000e+02   1.0253875e+01
   5.3700000e+02   1.0254032e+01
   5.3800000e+02   1.0254257e+01
   5.3900000e+02   1.0253896e+01
   5.4000000e+02   1.0254026e+01
   5.4100000e+02   1.0254090e+01
   5.4200000e+02   1.0254181e+01
   5.4300000e+02   1.0254025e+01
   5.4400000e+02   1.0254113e+01
   5.4500000e+02   1.0253944e+01
   5.4600000e+02   1.0253942e+01
   5.4700000e+02   1.0253617e+01
   5.4800000e+02   1.0253757e+01
   5.4900000e+02   1.0253769e+01
   5.5000000e+02   1.0253891e+01
   5.5100000e+02   1.0253905e+01
   5.5200000e+02   1.0253654e+01
   5.5300000e+02   1.0253897e+01
   5.5400000e+02   1.0253802e+01
   5.5500000e+02   1.0253695e+01
   5.5600000e+02   1.0253895e+01
   5.5700000e+02   1.0253709e+01
   5.5800000e+02   1.0253895e+01
   5.5900000e+02   1.0253875e+01
   5.6000000e+02   1.0253858e+01
   5.6100000e+02   1.0254032e+01
   5.6200000e+02   1.0254000e+01
   5.6300000e+02   1.0253939e+01
   5.6400000e+02   1.0253950e+01
   5.6500000e+02   1.0253843e+01
   5.6600000e+02   1.0253874e+01
   5.6700000e+02   1.0253733e+01
   5.6800000e+02   1.0254024e+01
   5.6900000e+02   1.0253921e+01
   5.7000000e+02   1.0253957e+01
   5.7100000e+02   1.0253635e+01
   5.7200000e+02   1.0253721e+01
   5.7300000e+02   1.0254069e+01
   5.7400000e+02   1.0253762e+01
   5.7500000e+02   1.0253904e+01
   5.7600000e+02   1.0253595e+01
   5.7700000e+02   1.0253780e+01
   5.7800000e+02   1.0253662e+01
   5.7900000e+02   1.0253672e+01
   5.8000000e+02   1.0253510e+01
   5.8100000e+02   1.0253368e+01
   5.8200000e+02   1.0253608e+01
   5.8300000e+02   1.0253542e+01
   5.8400000e+02   1.0253664e+01
   5.8500000e+02   1.0253644e+01
   5.8600000e+02   1.0253373e+01
   5.8700000e+02   1.0253525e+01
   5.8800000e+02   1.0253472e+01
   5.8900000e+02   1.0253268e+01
   5.9000000e+02   1.0253631e+01
   5.9100000e+02   1.0253441e+01
   5.9200000e+02   1.0253738e+01
   5.9300000e+02   1.0253679e+01
   5.9400000e+02   1.0253726e+01
   5.9500000e+02   1.0253884e+01
   5.9600000e+02   1.0253432e+01
   5.9700000e+02   1.0253968e+01
   5.9800000e+02   1.0253808e+01
   5.9900000e+02   1.0253372e+01
   6.0000000e+02   1.0253562e+01
   6.0100000e+02   1.0253712e+01
   6.0200000e+02   1.0253827e+01
   6.0300000e+02   1.0253423e+01
   6.0400000e+02   1.0253491e+01
   6.0500000e+02   1.0253437e+01
   6.0600000e+02   1.0253415e+01
   6.0700000e+02   1.0253169e+01
   6.0800000e+02   1.0253547e+01
   6.0900000e+02   1.0253554e+01
   6.1000000e+02   1.0253330e+01
   6.1100000e+02   1.0253148e+01
   6.1200000e+02   1.0253232e+01
   6.1300000e+02   1.0253352e+01
   6.1400000e+02   1.0253255e+01
   6.1500000e+02   1.0253258e+01
   6.1600000e+02   1.0253776e+01
   6.1700000e+02   1.0253546e+01
   6.1800000e+02   1.0253316e+01
   6.1900000e+02   1.0253680e+01
   6.2000000e+02   1.0253557e+01
   6.2100000e+02   1.0253193e+01
   6.2200000e+02   1.0253584e+01
   6.2300000e+02   1.0253530e+01
   6.2400000e+02   1.0253109e+01
   6.2500000e+02   1.0253370e+01
   6.2600000e+02   1.0253617e+01
   6.2700000e+02   1.0253311e+01
   6.2800000e+02   1.0253517e+01
   6.2900000e+02   1.0253588e+01
   6.3000000e+02   1.0253260e+01
   6.3100000e+02   1.0253416e+01
   6.3200000e+02   1.0253696e+01
   6.3300000e+02   1.0253671e+01
   6.3400000e+02   1.0253351e+01
   6.3500000e+02   1.0253254e+01
   6.3600000e+02   1.0253611e+01
   6.3700000e+02   1.0253514e+01
   6.3800000e+02   1.0253562e+01
   6.3900000e+02   1.0253776e+01
   6.4000000e+02   1.0253730e+01
   6.4100000e+02   1.0253410e+01
   6.4200000e+02   1.0253385e+01
   6.4300000e+02   1.0253447e+01
   6.4400000e+02   1.0253487e+01
   6.4500000e+02   1.0253285e+01
   6.4600000e+02   1.0253483e+01
   6.4700000e+02   1.0253341e+01
   6.4800000e+02   1.0253571e+01
   6.4900000e+02   1.0253584e+01
   6.5000000e+02   1.0253452e+01
   6.5100000e+02   1.0253261e+01
   6.5200000e+02   1.0253626e+01
   6.5300000e+02   1.0253795e+01
   6.5400000e+02   1.0253594e+01
   6.5500000e+02   1.0253285e+01
   6.5600000e+02   1.0253423e+01
   6.5700000e+02   1.0253641e+01
   6.5800000e+02   1.0253550e+01
   6.5900000e+02   1.0253333e+01
   6.6000000e+02   1.0253453e+01
   6.6100000e+02   1.0253356e+01
   6.6200000e+02   1.0253378e+01
   6.6300000e+02   1.0253404e+01
   6.6400000e+02   1.0253418e+01
   6.6500000e+02   1.0253297e+01
   6.6600000e+02   1.0252938e+01
   6.6700000e+02   1.0253161e+01
   6.6800000e+02   1.0252757e+01
   6.6900000e+02   1.0252813e+01
   6.7000000e+02   1.0252288e+01
   6.7100000e+02   1.0251945e+01
   6.7200000e+02   1.0251326e+01
   6.7300000e+02   1.0250716e+01
   6.7400000e+02   1.0249812e+01
   6.7500000e+02   1.0248734e+01
   6.7600000e+02   1.0247528e+01
   6.7700000e+02   1.0246027e+01
   6.7800000e+02   1.0244494e+01
   6.7900000e+02   1.0242487e+01
   6.8000000e+02   1.0240699e+01
   6.8100000e+02   1.0238884e+01
   6.8200000e+02   1.0237206e+01
   6.8300000e+02   1.0235858e+01
   6.8400000e+02   1.0234617e+01
   6.8500000e+02   1.0233374e+01
   6.8600000e+02   1.0232802e+01
   6.8700000e+02   1.0232317e+01
   6.8800000e+02   1.0232231e+01
   6.8900000e+02   1.0232658e+01
   6.9000000e+02   1.0233214e+01
   6.9100000e+02   1.0234043e+01
   6.9200000e+02   1.0235022e+01
   6.9300000e+02   1.0236177e+01
   6.9400000e+02   1.0237475e+01
   6.9500000e+02   1.0239033e+01
   6.9600000e+02   1.0240158e+01
   6.9700000e+02   1.0241288e+01
   6.9800000e+02   1.0242741e+01
   6.9900000e+02   1.0243613e+01
   7.0000000e+02   1.0244687e+01
   7.0100000e+02   1.0245466e+01
   7.0200000e+02   1.0246213e+01
   7.0300000e+02   1.0247123e+01
   7.0400000e+02   1.0247948e+01
   7.0500000e+02   1.0248602e+01
   7.0600000e+02   1.0249166e+01
   7.0700000e+02   1.0249661e+01
   7.0800000e+02   1.0250152e+01
   7.0900000e+02   1.0250503e+01
   7.1000000e+02   1.0250719e+01
   7.1100000e+02   1.0251347e+01
   7.1200000e+02   1.0251404e+01
   7.1300000e+02   1.0251794e+01
   7.1400000e+02   1.0252067e+01
   7.1500000e+02   1.0251743e+01
   7.1600000e+02   1.0252142e+01
   7.1700000e+02   1.0252299e+01
   7.1800000e+02   1.0252423e+01
   7.1900000e+02   1.0252559e+01
   7.2000000e+02   1.0252889e+01
   7.2100000e+02   1.0252993e+01
   7.2200000e+02   1.0252976e+01
   7.2300000e+02   1.0252989e+01
   7.2400000e+02   1.0253076e+01
   7.2500000e+02   1.0253295e+01
   7.2600000e+02   1.0253219e+01
   7.2700000e+02   1.0253315e+01
   7.2800000e+02   1.0253275e+01
   7.2900000e+02   1.0252792e+01
   7.3000000e+02   1.0253088e+01
   7.3100000e+02   1.0253053e+01
   7.3200000e+02   1.0253020e+01
   7.3300000e+02   1.0253098e+01
   7.3400000e+02   1.0253228e+01
   7.3500000e+02   1.0253125e+01
   7.3600000e+02   1.0252960e+01
   7.3700000e+02   1.0253151e+01
   7.3800000e+02   1.0253030e+01
   7.3900000e+02   1.0252833e+01
   7.4000000e+02   1.0252825e+01
   7.4100000e+02   1.0252832e+01
   7.4200000e+02   1.0253097e+01
   7.4300000e+02   1.0252798e+01
   7.4400000e+02   1.0252734e+01
   7.4500000e+02   1.0252672e+01
   7.4600000e+02   1.0252738e+01
   7.4700000e+02   1.0252779e+01
   7.4800000e+02   1.0252490e+01
   7.4900000e+02   1.0252584e+01
   7.5000000e+02   1.0252788e+01
   7.5100000e+02   1.0252881e+01
   7.5200000e+02   1.0252938e+01
   7.5300000e+02   1.0252935e+01
   7.5400000e+02   1.0252960e+01
   7.5500000e+02   1.0253145e+01
   7.5600000e+02   1.0253198e+01
   7.5700000e+02   1.0253162e+01
   7.5800000e+02   1.0253281e+01
   7.5900000e+02   1.0252964e+01
   7.6000000e+02   1.0253509e+01
   7.6100000e+02   1.0253402e+01
   7.6200000e+02   1.0253125e+01
   7.6300000e+02   1.0253179e+01
   7.6400000e+02   1.0253357e+01
   7.6500000e+02   1.0252791e+01
   7.6600000e+02   1.0253336e+01
   7.6700000e+02   1.0253298e+01
   7.6800000e+02   1.0253091e+01
   7.6900000e+02   1.0252925e+01
   7.7000000e+02   1.0253148e+01
   7.7100000e+02   1.0253150e+01
   7.7200000e+02   1.0253022e+01
   7.7300000e+02   1.0253138e+01
   7.7400000e+02   1.0253028e+01
   7.7500000e+02   1.0253144e+01
   7.7600000e+02   1.0253203e+01
   7.7700000e+02   1.0253314e+01
   7.7800000e+02   1.0253277e+01
   7.7900000e+02   1.0252910e+01
   7.8000000e+02   1.0253006e+01
