   0.0000000e+00   1.0296831e+01
   1.0000000e+00   1.0292896e+01
   2.0000000e+00   1.0291472e+01
   3.0000000e+00   1.0291036e+01
   4.0000000e+00   1.0290466e+01
   5.0000000e+00   1.0290076e+01
   6.0000000e+00   1.0289758e+01
   7.0000000e+00   1.0289747e+01
   8.0000000e+00   1.0289466e+01
   9.0000000e+00   1.0289324e+01
   1.0000000e+01   1.0289192e+01
   1.1000000e+01   1.0288798e+01
   1.2000000e+01   1.0288666e+01
   1.3000000e+01   1.0288559e+01
   1.4000000e+01   1.0288344e+01
   1.5000000e+01   1.0288151e+01
   1.6000000e+01   1.0287769e+01
   1.7000000e+01   1.0287608e+01
   1.8000000e+01   1.0287597e+01
   1.9000000e+01   1.0287453e+01
   2.0000000e+01   1.0287417e+01
   2.1000000e+01   1.0287148e+01
   2.2000000e+01   1.0286969e+01
   2.3000000e+01   1.0286954e+01
   2.4000000e+01   1.0286747e+01
   2.5000000e+01   1.0286543e+01
   2.6000000e+01   1.0286472e+01
   2.7000000e+01   1.0286300e+01
   2.8000000e+01   1.0286101e+01
   2.9000000e+01   1.0286167e+01
   3.0000000e+01   1.0285925e+01
   3.1000000e+01   1.0286001e+01
   3.2000000e+01   1.0285828e+01
   3.3000000e+01   1.0285797e+01
   3.4000000e+01   1.0285866e+01
   3.5000000e+01   1.0285976e+01
   3.6000000e+01   1.0285681e+01
   3.7000000e+01   1.0285647e+01
   3.8000000e+01   1.0285360e+01
   3.9000000e+01   1.0285375e+01
   4.0000000e+01   1.0285153e+01
   4.1000000e+01   1.0285089e+01
   4.2000000e+01   1.0285045e+01
   4.3000000e+01   1.0285094e+01
   4.4000000e+01   1.0284839e+01
   4.5000000e+01   1.0284737e+01
   4.6000000e+01   1.0284724e+01
   4.7000000e+01   1.0284532e+01
   4.8000000e+01   1.0284458e+01
   4.9000000e+01   1.0284510e+01
   5.0000000e+01   1.0284413e+01
   5.1000000e+01   1.0284397e+01
   5.2000000e+01   1.0284148e+01
   5.3000000e+01   1.0284316e+01
   5.4000000e+01   1.0284244e+01
   5.5000000e+01   1.0284051e+01
   5.6000000e+01   1.0284226e+01
   5.7000000e+01   1.0283979e+01
   5.8000000e+01   1.0283735e+01
   5.9000000e+01   1.0283766e+01
   6.0000000e+01   1.0283657e+01
   6.1000000e+01   1.0283305e+01
   6.2000000e+01   1.0283399e+01
   6.3000000e+01   1.0283486e+01
   6.4000000e+01   1.0283274e+01
   6.5000000e+01   1.0283221e+01
   6.6000000e+01   1.0283367e+01
   6.7000000e+01   1.0283267e+01
   6.8000000e+01   1.0282991e+01
   6.9000000e+01   1.0283044e+01
   7.0000000e+01   1.0283035e+01
   7.1000000e+01   1.0282950e+01
   7.2000000e+01   1.0283006e+01
   7.3000000e+01   1.0282861e+01
   7.4000000e+01   1.0282820e+01
   7.5000000e+01   1.0282874e+01
   7.6000000e+01   1.0282663e+01
   7.7000000e+01   1.0282219e+01
   7.8000000e+01   1.0282246e+01
   7.9000000e+01   1.0282194e+01
   8.0000000e+01   1.0282340e+01
   8.1000000e+01   1.0281940e+01
   8.2000000e+01   1.0281720e+01
   8.3000000e+01   1.0281792e+01
   8.4000000e+01   1.0281847e+01
   8.5000000e+01   1.0281864e+01
   8.6000000e+01   1.0281739e+01
   8.7000000e+01   1.0281738e+01
   8.8000000e+01   1.0281571e+01
   8.9000000e+01   1.0281550e+01
   9.0000000e+01   1.0281593e+01
   9.1000000e+01   1.0281405e+01
   9.2000000e+01   1.0281557e+01
   9.3000000e+01   1.0281531e+01
   9.4000000e+01   1.0281411e+01
   9.5000000e+01   1.0281380e+01
   9.6000000e+01   1.0281275e+01
   9.7000000e+01   1.0281420e+01
   9.8000000e+01   1.0281191e+01
   9.9000000e+01   1.0281253e+01
   1.0000000e+02   1.0281150e+01
   1.0100000e+02   1.0281154e+01
   1.0200000e+02   1.0281122e+01
   1.0300000e+02   1.0281372e+01
   1.0400000e+02   1.0281147e+01
   1.0500000e+02   1.0281145e+01
   1.0600000e+02   1.0281216e+01
   1.0700000e+02   1.0280879e+01
   1.0800000e+02   1.0280891e+01
   1.0900000e+02   1.0280910e+01
   1.1000000e+02   1.0280814e+01
   1.1100000e+02   1.0280677e+01
   1.1200000e+02   1.0280642e+01
   1.1300000e+02   1.0280593e+01
   1.1400000e+02   1.0280622e+01
   1.1500000e+02   1.0280507e+01
   1.1600000e+02   1.0280558e+01
   1.1700000e+02   1.0280353e+01
   1.1800000e+02   1.0280273e+01
   1.1900000e+02   1.0280471e+01
   1.2000000e+02   1.0280267e+01
   1.2100000e+02   1.0280190e+01
   1.2200000e+02   1.0280225e+01
   1.2300000e+02   1.0280211e+01
   1.2400000e+02   1.0280245e+01
   1.2500000e+02   1.0280173e+01
   1.2600000e+02   1.0280372e+01
   1.2700000e+02   1.0280484e+01
   1.2800000e+02   1.0280314e+01
   1.2900000e+02   1.0280082e+01
   1.3000000e+02   1.0280248e+01
   1.3100000e+02   1.0280135e+01
   1.3200000e+02   1.0280128e+01
   1.3300000e+02   1.0280187e+01
   1.3400000e+02   1.0280012e+01
   1.3500000e+02   1.0279924e+01
   1.3600000e+02   1.0280101e+01
   1.3700000e+02   1.0279732e+01
   1.3800000e+02   1.0279778e+01
   1.3900000e+02   1.0279721e+01
   1.4000000e+02   1.0279975e+01
   1.4100000e+02   1.0279783e+01
   1.4200000e+02   1.0279738e+01
   1.4300000e+02   1.0279442e+01
   1.4400000e+02   1.0279692e+01
   1.4500000e+02   1.0279496e+01
   1.4600000e+02   1.0279606e+01
   1.4700000e+02   1.0279417e+01
   1.4800000e+02   1.0279194e+01
   1.4900000e+02   1.0279251e+01
   1.5000000e+02   1.0279287e+01
   1.5100000e+02   1.0279167e+01
   1.5200000e+02   1.0279226e+01
   1.5300000e+02   1.0279071e+01
   1.5400000e+02   1.0279005e+01
   1.5500000e+02   1.0278861e+01
   1.5600000e+02   1.0279267e+01
   1.5700000e+02   1.0278888e+01
   1.5800000e+02   1.0278533e+01
   1.5900000e+02   1.0278652e+01
   1.6000000e+02   1.0278720e+01
   1.6100000e+02   1.0278455e+01
   1.6200000e+02   1.0278766e+01
   1.6300000e+02   1.0278473e+01
   1.6400000e+02   1.0278821e+01
   1.6500000e+02   1.0278693e+01
   1.6600000e+02   1.0277696e+01
   1.6700000e+02   1.0271467e+01
   1.6800000e+02   1.0254139e+01
   1.6900000e+02   1.0247185e+01
   1.7000000e+02   1.0255564e+01
   1.7100000e+02   1.0265750e+01
   1.7200000e+02   1.0271244e+01
   1.7300000e+02   1.0273156e+01
   1.7400000e+02   1.0273531e+01
   1.7500000e+02   1.0273757e+01
   1.7600000e+02   1.0274342e+01
   1.7700000e+02   1.0274463e+01
   1.7800000e+02   1.0272322e+01
   1.7900000e+02   1.0241186e+01
   1.8000000e+02   1.0209603e+01
   1.8100000e+02   1.0215112e+01
   1.8200000e+02   1.0219491e+01
   1.8300000e+02   1.0224753e+01
   1.8400000e+02   1.0231703e+01
   1.8500000e+02   1.0236113e+01
   1.8600000e+02   1.0237677e+01
   1.8700000e+02   1.0237780e+01
   1.8800000e+02   1.0237402e+01
   1.8900000e+02   1.0239965e+01
   1.9000000e+02   1.0246178e+01
   1.9100000e+02   1.0252131e+01
   1.9200000e+02   1.0256891e+01
   1.9300000e+02   1.0261592e+01
   1.9400000e+02   1.0265697e+01
   1.9500000e+02   1.0267853e+01
   1.9600000e+02   1.0269766e+01
   1.9700000e+02   1.0270486e+01
   1.9800000e+02   1.0271311e+01
   1.9900000e+02   1.0272031e+01
   2.0000000e+02   1.0272654e+01
   2.0100000e+02   1.0273066e+01
   2.0200000e+02   1.0273380e+01
   2.0300000e+02   1.0273426e+01
   2.0400000e+02   1.0273792e+01
   2.0500000e+02   1.0274260e+01
   2.0600000e+02   1.0274865e+01
   2.0700000e+02   1.0275223e+01
   2.0800000e+02   1.0275552e+01
   2.0900000e+02   1.0276058e+01
   2.1000000e+02   1.0276033e+01
   2.1100000e+02   1.0276328e+01
   2.1200000e+02   1.0276496e+01
   2.1300000e+02   1.0276630e+01
   2.1400000e+02   1.0276966e+01
   2.1500000e+02   1.0277290e+01
   2.1600000e+02   1.0276948e+01
   2.1700000e+02   1.0276863e+01
   2.1800000e+02   1.0276852e+01
   2.1900000e+02   1.0277257e+01
   2.2000000e+02   1.0277124e+01
   2.2100000e+02   1.0277063e+01
   2.2200000e+02   1.0277165e+01
   2.2300000e+02   1.0277093e+01
   2.2400000e+02   1.0276854e+01
   2.2500000e+02   1.0276811e+01
   2.2600000e+02   1.0276707e+01
   2.2700000e+02   1.0276911e+01
   2.2800000e+02   1.0276564e+01
   2.2900000e+02   1.0276680e+01
   2.3000000e+02   1.0276355e+01
   2.3100000e+02   1.0276438e+01
   2.3200000e+02   1.0276655e+01
   2.3300000e+02   1.0276576e+01
   2.3400000e+02   1.0276772e+01
   2.3500000e+02   1.0276577e+01
   2.3600000e+02   1.0276617e+01
   2.3700000e+02   1.0276571e+01
   2.3800000e+02   1.0276488e+01
   2.3900000e+02   1.0276225e+01
   2.4000000e+02   1.0276546e+01
   2.4100000e+02   1.0276493e+01
   2.4200000e+02   1.0276425e+01
   2.4300000e+02   1.0276306e+01
   2.4400000e+02   1.0276175e+01
   2.4500000e+02   1.0275811e+01
   2.4600000e+02   1.0275592e+01
   2.4700000e+02   1.0274842e+01
   2.4800000e+02   1.0274677e+01
   2.4900000e+02   1.0274406e+01
   2.5000000e+02   1.0274271e+01
   2.5100000e+02   1.0274074e+01
   2.5200000e+02   1.0274165e+01
   2.5300000e+02   1.0274331e+01
   2.5400000e+02   1.0274138e+01
   2.5500000e+02   1.0274410e+01
   2.5600000e+02   1.0274332e+01
   2.5700000e+02   1.0273956e+01
   2.5800000e+02   1.0273949e+01
   2.5900000e+02   1.0273660e+01
   2.6000000e+02   1.0273519e+01
   2.6100000e+02   1.0273474e+01
   2.6200000e+02   1.0273294e+01
   2.6300000e+02   1.0273195e+01
   2.6400000e+02   1.0273053e+01
   2.6500000e+02   1.0273143e+01
   2.6600000e+02   1.0273436e+01
   2.6700000e+02   1.0273684e+01
   2.6800000e+02   1.0273770e+01
   2.6900000e+02   1.0273715e+01
   2.7000000e+02   1.0274061e+01
   2.7100000e+02   1.0274109e+01
   2.7200000e+02   1.0274010e+01
   2.7300000e+02   1.0274203e+01
   2.7400000e+02   1.0274313e+01
   2.7500000e+02   1.0274138e+01
   2.7600000e+02   1.0274210e+01
   2.7700000e+02   1.0274108e+01
   2.7800000e+02   1.0274202e+01
   2.7900000e+02   1.0274403e+01
   2.8000000e+02   1.0274557e+01
   2.8100000e+02   1.0274315e+01
   2.8200000e+02   1.0274278e+01
   2.8300000e+02   1.0274770e+01
   2.8400000e+02   1.0274546e+01
   2.8500000e+02   1.0274484e+01
   2.8600000e+02   1.0274840e+01
   2.8700000e+02   1.0274576e+01
   2.8800000e+02   1.0274668e+01
   2.8900000e+02   1.0274684e+01
   2.9000000e+02   1.0274407e+01
   2.9100000e+02   1.0274354e+01
   2.9200000e+02   1.0274437e+01
   2.9300000e+02   1.0274433e+01
   2.9400000e+02   1.0274315e+01
   2.9500000e+02   1.0274462e+01
   2.9600000e+02   1.0274418e+01
   2.9700000e+02   1.0274287e+01
   2.9800000e+02   1.0274436e+01
   2.9900000e+02   1.0274498e+01
   3.0000000e+02   1.0273931e+01
   3.0100000e+02   1.0273703e+01
   3.0200000e+02   1.0273503e+01
   3.0300000e+02   1.0272834e+01
   3.0400000e+02   1.0272173e+01
   3.0500000e+02   1.0270965e+01
   3.0600000e+02   1.0269587e+01
   3.0700000e+02   1.0267510e+01
   3.0800000e+02   1.0265088e+01
   3.0900000e+02   1.0262325e+01
   3.1000000e+02   1.0259768e+01
   3.1100000e+02   1.0257655e+01
   3.1200000e+02   1.0256131e+01
   3.1300000e+02   1.0255781e+01
   3.1400000e+02   1.0255606e+01
   3.1500000e+02   1.0255166e+01
   3.1600000e+02   1.0253368e+01
   3.1700000e+02   1.0251141e+01
   3.1800000e+02   1.0247079e+01
   3.1900000e+02   1.0243187e+01
   3.2000000e+02   1.0239363e+01
   3.2100000e+02   1.0236495e+01
   3.2200000e+02   1.0234750e+01
   3.2300000e+02   1.0234523e+01
   3.2400000e+02   1.0235071e+01
   3.2500000e+02   1.0236708e+01
   3.2600000e+02   1.0238654e+01
   3.2700000e+02   1.0241032e+01
   3.2800000e+02   1.0243879e+01
   3.2900000e+02   1.0246646e+01
   3.3000000e+02   1.0249478e+01
   3.3100000e+02   1.0251979e+01
   3.3200000e+02   1.0253421e+01
   3.3300000e+02   1.0254797e+01
   3.3400000e+02   1.0255119e+01
   3.3500000e+02   1.0254938e+01
   3.3600000e+02   1.0254851e+01
   3.3700000e+02   1.0254978e+01
   3.3800000e+02   1.0254384e+01
   3.3900000e+02   1.0254998e+01
   3.4000000e+02   1.0255516e+01
   3.4100000e+02   1.0256612e+01
   3.4200000e+02   1.0257749e+01
   3.4300000e+02   1.0259248e+01
   3.4400000e+02   1.0260779e+01
   3.4500000e+02   1.0262004e+01
   3.4600000e+02   1.0263278e+01
   3.4700000e+02   1.0263744e+01
   3.4800000e+02   1.0264706e+01
   3.4900000e+02   1.0265321e+01
   3.5000000e+02   1.0266263e+01
   3.5100000e+02   1.0267049e+01
   3.5200000e+02   1.0267477e+01
   3.5300000e+02   1.0268333e+01
   3.5400000e+02   1.0268758e+01
   3.5500000e+02   1.0268767e+01
   3.5600000e+02   1.0269184e+01
   3.5700000e+02   1.0269464e+01
   3.5800000e+02   1.0269849e+01
   3.5900000e+02   1.0269518e+01
   3.6000000e+02   1.0269557e+01
   3.6100000e+02   1.0269291e+01
   3.6200000e+02   1.0269435e+01
   3.6300000e+02   1.0269629e+01
   3.6400000e+02   1.0269869e+01
   3.6500000e+02   1.0269876e+01
   3.6600000e+02   1.0270224e+01
   3.6700000e+02   1.0270698e+01
   3.6800000e+02   1.0271302e+01
   3.6900000e+02   1.0271352e+01
   3.7000000e+02   1.0271388e+01
   3.7100000e+02   1.0271853e+01
   3.7200000e+02   1.0271875e+01
   3.7300000e+02   1.0272043e+01
   3.7400000e+02   1.0272021e+01
   3.7500000e+02   1.0272007e+01
   3.7600000e+02   1.0272269e+01
   3.7700000e+02   1.0272477e+01
   3.7800000e+02   1.0272533e+01
   3.7900000e+02   1.0272644e+01
   3.8000000e+02   1.0272355e+01
   3.8100000e+02   1.0272645e+01
   3.8200000e+02   1.0272191e+01
   3.8300000e+02   1.0272528e+01
   3.8400000e+02   1.0272003e+01
   3.8500000e+02   1.0272047e+01
   3.8600000e+02   1.0271654e+01
   3.8700000e+02   1.0271540e+01
   3.8800000e+02   1.0271176e+01
   3.8900000e+02   1.0270763e+01
   3.9000000e+02   1.0270906e+01
   3.9100000e+02   1.0270113e+01
   3.9200000e+02   1.0270440e+01
   3.9300000e+02   1.0270575e+01
   3.9400000e+02   1.0270476e+01
   3.9500000e+02   1.0270476e+01
   3.9600000e+02   1.0270806e+01
   3.9700000e+02   1.0271133e+01
   3.9800000e+02   1.0270909e+01
   3.9900000e+02   1.0271263e+01
   4.0000000e+02   1.0271332e+01
   4.0100000e+02   1.0271535e+01
   4.0200000e+02   1.0271648e+01
   4.0300000e+02   1.0271602e+01
   4.0400000e+02   1.0271657e+01
   4.0500000e+02   1.0271846e+01
   4.0600000e+02   1.0271915e+01
   4.0700000e+02   1.0271930e+01
   4.0800000e+02   1.0271989e+01
   4.0900000e+02   1.0271837e+01
   4.1000000e+02   1.0271677e+01
   4.1100000e+02   1.0272174e+01
   4.1200000e+02   1.0271966e+01
   4.1300000e+02   1.0271825e+01
   4.1400000e+02   1.0271949e+01
   4.1500000e+02   1.0271686e+01
   4.1600000e+02   1.0271899e+01
   4.1700000e+02   1.0271927e+01
   4.1800000e+02   1.0271895e+01
   4.1900000e+02   1.0272021e+01
   4.2000000e+02   1.0271822e+01
   4.2100000e+02   1.0271629e+01
   4.2200000e+02   1.0271632e+01
   4.2300000e+02   1.0271500e+01
   4.2400000e+02   1.0271801e+01
   4.2500000e+02   1.0271730e+01
   4.2600000e+02   1.0271636e+01
   4.2700000e+02   1.0271715e+01
   4.2800000e+02   1.0271456e+01
   4.2900000e+02   1.0271432e+01
   4.3000000e+02   1.0271417e+01
   4.3100000e+02   1.0271489e+01
   4.3200000e+02   1.0271531e+01
   4.3300000e+02   1.0271244e+01
   4.3400000e+02   1.0271234e+01
   4.3500000e+02   1.0270508e+01
   4.3600000e+02   1.0269811e+01
   4.3700000e+02   1.0268099e+01
   4.3800000e+02   1.0265270e+01
   4.3900000e+02   1.0260718e+01
   4.4000000e+02   1.0253920e+01
   4.4100000e+02   1.0243436e+01
   4.4200000e+02   1.0229834e+01
   4.4300000e+02   1.0212472e+01
   4.4400000e+02   1.0192331e+01
   4.4500000e+02   1.0171054e+01
   4.4600000e+02   1.0150715e+01
   4.4700000e+02   1.0133230e+01
   4.4800000e+02   1.0120714e+01
   4.4900000e+02   1.0113949e+01
   4.5000000e+02   1.0113494e+01
   4.5100000e+02   1.0118291e+01
   4.5200000e+02   1.0126491e+01
   4.5300000e+02   1.0137568e+01
   4.5400000e+02   1.0149436e+01
   4.5500000e+02   1.0160859e+01
   4.5600000e+02   1.0171680e+01
   4.5700000e+02   1.0181266e+01
   4.5800000e+02   1.0189956e+01
   4.5900000e+02   1.0197578e+01
   4.6000000e+02   1.0203979e+01
   4.6100000e+02   1.0209987e+01
   4.6200000e+02   1.0215174e+01
   4.6300000e+02   1.0220508e+01
   4.6400000e+02   1.0224855e+01
   4.6500000e+02   1.0228922e+01
   4.6600000e+02   1.0232464e+01
   4.6700000e+02   1.0235964e+01
   4.6800000e+02   1.0238773e+01
   4.6900000e+02   1.0241421e+01
   4.7000000e+02   1.0243722e+01
   4.7100000e+02   1.0245741e+01
   4.7200000e+02   1.0247725e+01
   4.7300000e+02   1.0249810e+01
   4.7400000e+02   1.0251633e+01
   4.7500000e+02   1.0253409e+01
   4.7600000e+02   1.0255118e+01
   4.7700000e+02   1.0257188e+01
   4.7800000e+02   1.0258796e+01
   4.7900000e+02   1.0260365e+01
   4.8000000e+02   1.0261928e+01
   4.8100000e+02   1.0263111e+01
   4.8200000e+02   1.0264820e+01
   4.8300000e+02   1.0265662e+01
   4.8400000e+02   1.0266631e+01
   4.8500000e+02   1.0267319e+01
   4.8600000e+02   1.0268083e+01
   4.8700000e+02   1.0268614e+01
   4.8800000e+02   1.0269113e+01
   4.8900000e+02   1.0269346e+01
   4.9000000e+02   1.0269585e+01
   4.9100000e+02   1.0269936e+01
   4.9200000e+02   1.0270169e+01
   4.9300000e+02   1.0270098e+01
   4.9400000e+02   1.0270533e+01
   4.9500000e+02   1.0270599e+01
   4.9600000e+02   1.0270634e+01
   4.9700000e+02   1.0270606e+01
   4.9800000e+02   1.0270734e+01
   4.9900000e+02   1.0270275e+01
   5.0000000e+02   1.0270339e+01
   5.0100000e+02   1.0270586e+01
   5.0200000e+02   1.0270606e+01
   5.0300000e+02   1.0270537e+01
   5.0400000e+02   1.0270401e+01
   5.0500000e+02   1.0270472e+01
   5.0600000e+02   1.0270300e+01
   5.0700000e+02   1.0270317e+01
   5.0800000e+02   1.0270019e+01
   5.0900000e+02   1.0270180e+01
   5.1000000e+02   1.0270309e+01
   5.1100000e+02   1.0269986e+01
   5.1200000e+02   1.0270091e+01
   5.1300000e+02   1.0270159e+01
   5.1400000e+02   1.0270415e+01
   5.1500000e+02   1.0270207e+01
   5.1600000e+02   1.0270010e+01
   5.1700000e+02   1.0270038e+01
   5.1800000e+02   1.0270309e+01
   5.1900000e+02   1.0270393e+01
   5.2000000e+02   1.0270226e+01
   5.2100000e+02   1.0270242e+01
   5.2200000e+02   1.0270241e+01
   5.2300000e+02   1.0270258e+01
   5.2400000e+02   1.0270135e+01
   5.2500000e+02   1.0270307e+01
   5.2600000e+02   1.0270074e+01
   5.2700000e+02   1.0270221e+01
   5.2800000e+02   1.0270240e+01
   5.2900000e+02   1.0270161e+01
   5.3000000e+02   1.0270064e+01
   5.3100000e+02   1.0270270e+01
   5.3200000e+02   1.0270069e+01
   5.3300000e+02   1.0270083e+01
   5.3400000e+02   1.0270008e+01
   5.3500000e+02   1.0269778e+01
   5.3600000e+02   1.0269977e+01
   5.3700000e+02   1.0269860e+01
   5.3800000e+02   1.0270040e+01
   5.3900000e+02   1.0269713e+01
   5.4000000e+02   1.0269849e+01
   5.4100000e+02   1.0269879e+01
   5.4200000e+02   1.0269787e+01
   5.4300000e+02   1.0269754e+01
   5.4400000e+02   1.0270073e+01
   5.4500000e+02   1.0270041e+01
   5.4600000e+02   1.0269674e+01
   5.4700000e+02   1.0269857e+01
   5.4800000e+02   1.0269938e+01
   5.4900000e+02   1.0269815e+01
   5.5000000e+02   1.0269937e+01
   5.5100000e+02   1.0270051e+01
   5.5200000e+02   1.0269694e+01
   5.5300000e+02   1.0269924e+01
   5.5400000e+02   1.0269834e+01
   5.5500000e+02   1.0270003e+01
   5.5600000e+02   1.0269911e+01
   5.5700000e+02   1.0269953e+01
   5.5800000e+02   1.0269994e+01
   5.5900000e+02   1.0269960e+01
   5.6000000e+02   1.0269863e+01
   5.6100000e+02   1.0269826e+01
   5.6200000e+02   1.0269953e+01
   5.6300000e+02   1.0269509e+01
   5.6400000e+02   1.0269490e+01
   5.6500000e+02   1.0269439e+01
   5.6600000e+02   1.0269492e+01
   5.6700000e+02   1.0269540e+01
   5.6800000e+02   1.0269554e+01
   5.6900000e+02   1.0269396e+01
   5.7000000e+02   1.0269500e+01
   5.7100000e+02   1.0269381e+01
   5.7200000e+02   1.0269439e+01
   5.7300000e+02   1.0269137e+01
   5.7400000e+02   1.0269229e+01
   5.7500000e+02   1.0269233e+01
   5.7600000e+02   1.0269323e+01
   5.7700000e+02   1.0269313e+01
   5.7800000e+02   1.0269193e+01
   5.7900000e+02   1.0269071e+01
   5.8000000e+02   1.0269307e+01
   5.8100000e+02   1.0269076e+01
   5.8200000e+02   1.0269018e+01
   5.8300000e+02   1.0269161e+01
   5.8400000e+02   1.0269336e+01
   5.8500000e+02   1.0269305e+01
   5.8600000e+02   1.0268998e+01
   5.8700000e+02   1.0269036e+01
   5.8800000e+02   1.0269079e+01
   5.8900000e+02   1.0268936e+01
   5.9000000e+02   1.0269018e+01
   5.9100000e+02   1.0269154e+01
   5.9200000e+02   1.0269365e+01
   5.9300000e+02   1.0269195e+01
   5.9400000e+02   1.0269076e+01
   5.9500000e+02   1.0269099e+01
   5.9600000e+02   1.0269045e+01
   5.9700000e+02   1.0269016e+01
   5.9800000e+02   1.0269078e+01
   5.9900000e+02   1.0269069e+01
   6.0000000e+02   1.0268915e+01
   6.0100000e+02   1.0269055e+01
   6.0200000e+02   1.0269186e+01
   6.0300000e+02   1.0268931e+01
   6.0400000e+02   1.0268741e+01
   6.0500000e+02   1.0269060e+01
   6.0600000e+02   1.0268829e+01
   6.0700000e+02   1.0268911e+01
   6.0800000e+02   1.0268793e+01
   6.0900000e+02   1.0268793e+01
   6.1000000e+02   1.0268893e+01
   6.1100000e+02   1.0268890e+01
   6.1200000e+02   1.0268661e+01
   6.1300000e+02   1.0268719e+01
   6.1400000e+02   1.0268841e+01
   6.1500000e+02   1.0268760e+01
   6.1600000e+02   1.0268529e+01
   6.1700000e+02   1.0268505e+01
   6.1800000e+02   1.0268866e+01
   6.1900000e+02   1.0268694e+01
   6.2000000e+02   1.0268707e+01
   6.2100000e+02   1.0268668e+01
   6.2200000e+02   1.0268727e+01
   6.2300000e+02   1.0268590e+01
   6.2400000e+02   1.0268683e+01
   6.2500000e+02   1.0268709e+01
   6.2600000e+02   1.0268771e+01
   6.2700000e+02   1.0268538e+01
   6.2800000e+02   1.0268687e+01
   6.2900000e+02   1.0268610e+01
   6.3000000e+02   1.0268379e+01
   6.3100000e+02   1.0268229e+01
   6.3200000e+02   1.0268664e+01
   6.3300000e+02   1.0268437e+01
   6.3400000e+02   1.0268527e+01
   6.3500000e+02   1.0268563e+01
   6.3600000e+02   1.0268318e+01
   6.3700000e+02   1.0268494e+01
   6.3800000e+02   1.0268246e+01
   6.3900000e+02   1.0268672e+01
   6.4000000e+02   1.0268530e+01
   6.4100000e+02   1.0268329e+01
   6.4200000e+02   1.0268338e+01
   6.4300000e+02   1.0268273e+01
   6.4400000e+02   1.0268267e+01
   6.4500000e+02   1.0268274e+01
   6.4600000e+02   1.0268250e+01
   6.4700000e+02   1.0268349e+01
   6.4800000e+02   1.0268108e+01
   6.4900000e+02   1.0268275e+01
   6.5000000e+02   1.0268270e+01
   6.5100000e+02   1.0268459e+01
   6.5200000e+02   1.0268434e+01
   6.5300000e+02   1.0268300e+01
   6.5400000e+02   1.0268312e+01
   6.5500000e+02   1.0268313e+01
   6.5600000e+02   1.0268449e+01
   6.5700000e+02   1.0268196e+01
   6.5800000e+02   1.0268153e+01
   6.5900000e+02   1.0268188e+01
   6.6000000e+02   1.0268124e+01
   6.6100000e+02   1.0268334e+01
   6.6200000e+02   1.0268265e+01
   6.6300000e+02   1.0268328e+01
   6.6400000e+02   1.0268161e+01
   6.6500000e+02   1.0268033e+01
   6.6600000e+02   1.0267900e+01
   6.6700000e+02   1.0267596e+01
   6.6800000e+02   1.0267581e+01
   6.6900000e+02   1.0267154e+01
   6.7000000e+02   1.0266634e+01
   6.7100000e+02   1.0265815e+01
   6.7200000e+02   1.0264463e+01
   6.7300000e+02   1.0263343e+01
   6.7400000e+02   1.0262009e+01
   6.7500000e+02   1.0260046e+01
   6.7600000e+02   1.0257739e+01
   6.7700000e+02   1.0255000e+01
   6.7800000e+02   1.0252482e+01
   6.7900000e+02   1.0249521e+01
   6.8000000e+02   1.0246258e+01
   6.8100000e+02   1.0243404e+01
   6.8200000e+02   1.0241071e+01
   6.8300000e+02   1.0238808e+01
   6.8400000e+02   1.0237075e+01
   6.8500000e+02   1.0235834e+01
   6.8600000e+02   1.0235223e+01
   6.8700000e+02   1.0234930e+01
   6.8800000e+02   1.0235231e+01
   6.8900000e+02   1.0236021e+01
   6.9000000e+02   1.0237295e+01
   6.9100000e+02   1.0238795e+01
   6.9200000e+02   1.0240607e+01
   6.9300000e+02   1.0242397e+01
   6.9400000e+02   1.0244048e+01
   6.9500000e+02   1.0245447e+01
   6.9600000e+02   1.0247482e+01
   6.9700000e+02   1.0248994e+01
   6.9800000e+02   1.0250433e+01
   6.9900000e+02   1.0251788e+01
   7.0000000e+02   1.0252941e+01
   7.0100000e+02   1.0254406e+01
   7.0200000e+02   1.0255574e+01
   7.0300000e+02   1.0256303e+01
   7.0400000e+02   1.0257513e+01
   7.0500000e+02   1.0258050e+01
   7.0600000e+02   1.0258938e+01
   7.0700000e+02   1.0259399e+01
   7.0800000e+02   1.0260122e+01
   7.0900000e+02   1.0260822e+01
   7.1000000e+02   1.0261409e+01
   7.1100000e+02   1.0262016e+01
   7.1200000e+02   1.0262446e+01
   7.1300000e+02   1.0262890e+01
   7.1400000e+02   1.0263201e+01
   7.1500000e+02   1.0263877e+01
   7.1600000e+02   1.0263987e+01
   7.1700000e+02   1.0264598e+01
   7.1800000e+02   1.0264882e+01
   7.1900000e+02   1.0265250e+01
   7.2000000e+02   1.0265386e+01
   7.2100000e+02   1.0265824e+01
   7.2200000e+02   1.0266023e+01
   7.2300000e+02   1.0266325e+01
   7.2400000e+02   1.0266284e+01
   7.2500000e+02   1.0266817e+01
   7.2600000e+02   1.0266605e+01
   7.2700000e+02   1.0266729e+01
   7.2800000e+02   1.0266760e+01
   7.2900000e+02   1.0266832e+01
   7.3000000e+02   1.0266756e+01
   7.3100000e+02   1.0266852e+01
   7.3200000e+02   1.0266632e+01
   7.3300000e+02   1.0267024e+01
   7.3400000e+02   1.0267057e+01
   7.3500000e+02   1.0266791e+01
   7.3600000e+02   1.0266937e+01
   7.3700000e+02   1.0266800e+01
   7.3800000e+02   1.0266983e+01
   7.3900000e+02   1.0267014e+01
   7.4000000e+02   1.0266799e+01
   7.4100000e+02   1.0266885e+01
   7.4200000e+02   1.0267096e+01
   7.4300000e+02   1.0266973e+01
   7.4400000e+02   1.0267400e+01
   7.4500000e+02   1.0266904e+01
   7.4600000e+02   1.0266956e+01
   7.4700000e+02   1.0267159e+01
   7.4800000e+02   1.0266721e+01
   7.4900000e+02   1.0266812e+01
   7.5000000e+02   1.0267075e+01
   7.5100000e+02   1.0267079e+01
   7.5200000e+02   1.0266993e+01
   7.5300000e+02   1.0266957e+01
   7.5400000e+02   1.0266924e+01
   7.5500000e+02   1.0267204e+01
   7.5600000e+02   1.0267048e+01
   7.5700000e+02   1.0266945e+01
   7.5800000e+02   1.0267018e+01
   7.5900000e+02   1.0266974e+01
   7.6000000e+02   1.0267220e+01
   7.6100000e+02   1.0267016e+01
   7.6200000e+02   1.0267040e+01
   7.6300000e+02   1.0266861e+01
   7.6400000e+02   1.0267110e+01
   7.6500000e+02   1.0266975e+01
   7.6600000e+02   1.0267006e+01
   7.6700000e+02   1.0267098e+01
   7.6800000e+02   1.0266858e+01
   7.6900000e+02   1.0267135e+01
   7.7000000e+02   1.0266942e+01
   7.7100000e+02   1.0267015e+01
   7.7200000e+02   1.0266947e+01
   7.7300000e+02   1.0266883e+01
   7.7400000e+02   1.0266715e+01
   7.7500000e+02   1.0266819e+01
   7.7600000e+02   1.0266831e+01
   7.7700000e+02   1.0266810e+01
   7.7800000e+02   1.0266651e+01
   7.7900000e+02   1.0266558e+01
   7.8000000e+02   1.0266811e+01
