   0.0000000e+00   1.0276558e+01
   1.0000000e+00   1.0272351e+01
   2.0000000e+00   1.0271194e+01
   3.0000000e+00   1.0270142e+01
   4.0000000e+00   1.0269918e+01
   5.0000000e+00   1.0269288e+01
   6.0000000e+00   1.0269128e+01
   7.0000000e+00   1.0268732e+01
   8.0000000e+00   1.0268785e+01
   9.0000000e+00   1.0268253e+01
   1.0000000e+01   1.0268198e+01
   1.1000000e+01   1.0268306e+01
   1.2000000e+01   1.0268275e+01
   1.3000000e+01   1.0268204e+01
   1.4000000e+01   1.0267693e+01
   1.5000000e+01   1.0267608e+01
   1.6000000e+01   1.0267879e+01
   1.7000000e+01   1.0267634e+01
   1.8000000e+01   1.0267766e+01
   1.9000000e+01   1.0267597e+01
   2.0000000e+01   1.0267608e+01
   2.1000000e+01   1.0267518e+01
   2.2000000e+01   1.0267529e+01
   2.3000000e+01   1.0267385e+01
   2.4000000e+01   1.0267341e+01
   2.5000000e+01   1.0267294e+01
   2.6000000e+01   1.0267613e+01
   2.7000000e+01   1.0267187e+01
   2.8000000e+01   1.0267418e+01
   2.9000000e+01   1.0267097e+01
   3.0000000e+01   1.0266999e+01
   3.1000000e+01   1.0267097e+01
   3.2000000e+01   1.0266846e+01
   3.3000000e+01   1.0266695e+01
   3.4000000e+01   1.0267005e+01
   3.5000000e+01   1.0266685e+01
   3.6000000e+01   1.0266910e+01
   3.7000000e+01   1.0267063e+01
   3.8000000e+01   1.0266763e+01
   3.9000000e+01   1.0266589e+01
   4.0000000e+01   1.0266632e+01
   4.1000000e+01   1.0266815e+01
   4.2000000e+01   1.0266707e+01
   4.3000000e+01   1.0266999e+01
   4.4000000e+01   1.0266908e+01
   4.5000000e+01   1.0266792e+01
   4.6000000e+01   1.0267003e+01
   4.7000000e+01   1.0266681e+01
   4.8000000e+01   1.0266527e+01
   4.9000000e+01   1.0266518e+01
   5.0000000e+01   1.0266665e+01
   5.1000000e+01   1.0266720e+01
   5.2000000e+01   1.0266811e+01
   5.3000000e+01   1.0266518e+01
   5.4000000e+01   1.0266314e+01
   5.5000000e+01   1.0266768e+01
   5.6000000e+01   1.0266795e+01
   5.7000000e+01   1.0266459e+01
   5.8000000e+01   1.0266584e+01
   5.9000000e+01   1.0266237e+01
   6.0000000e+01   1.0266412e+01
   6.1000000e+01   1.0266495e+01
   6.2000000e+01   1.0266405e+01
   6.3000000e+01   1.0266661e+01
   6.4000000e+01   1.0266487e+01
   6.5000000e+01   1.0266292e+01
   6.6000000e+01   1.0266588e+01
   6.7000000e+01   1.0266478e+01
   6.8000000e+01   1.0266071e+01
   6.9000000e+01   1.0266255e+01
   7.0000000e+01   1.0266086e+01
   7.1000000e+01   1.0266218e+01
   7.2000000e+01   1.0266414e+01
   7.3000000e+01   1.0266588e+01
   7.4000000e+01   1.0266737e+01
   7.5000000e+01   1.0266415e+01
   7.6000000e+01   1.0266692e+01
   7.7000000e+01   1.0266393e+01
   7.8000000e+01   1.0266623e+01
   7.9000000e+01   1.0266352e+01
   8.0000000e+01   1.0266378e+01
   8.1000000e+01   1.0266068e+01
   8.2000000e+01   1.0266602e+01
   8.3000000e+01   1.0266487e+01
   8.4000000e+01   1.0266327e+01
   8.5000000e+01   1.0266735e+01
   8.6000000e+01   1.0266189e+01
   8.7000000e+01   1.0266016e+01
   8.8000000e+01   1.0266289e+01
   8.9000000e+01   1.0266208e+01
   9.0000000e+01   1.0266417e+01
   9.1000000e+01   1.0266305e+01
   9.2000000e+01   1.0266256e+01
   9.3000000e+01   1.0266201e+01
   9.4000000e+01   1.0266114e+01
   9.5000000e+01   1.0266093e+01
   9.6000000e+01   1.0266331e+01
   9.7000000e+01   1.0266322e+01
   9.8000000e+01   1.0266099e+01
   9.9000000e+01   1.0266104e+01
   1.0000000e+02   1.0265939e+01
   1.0100000e+02   1.0266134e+01
   1.0200000e+02   1.0266028e+01
   1.0300000e+02   1.0265941e+01
   1.0400000e+02   1.0265882e+01
   1.0500000e+02   1.0265581e+01
   1.0600000e+02   1.0266064e+01
   1.0700000e+02   1.0265715e+01
   1.0800000e+02   1.0265982e+01
   1.0900000e+02   1.0265711e+01
   1.1000000e+02   1.0265752e+01
   1.1100000e+02   1.0265830e+01
   1.1200000e+02   1.0265629e+01
   1.1300000e+02   1.0265753e+01
   1.1400000e+02   1.0265760e+01
   1.1500000e+02   1.0265571e+01
   1.1600000e+02   1.0265727e+01
   1.1700000e+02   1.0265255e+01
   1.1800000e+02   1.0266049e+01
   1.1900000e+02   1.0265616e+01
   1.2000000e+02   1.0265379e+01
   1.2100000e+02   1.0265462e+01
   1.2200000e+02   1.0265431e+01
   1.2300000e+02   1.0265342e+01
   1.2400000e+02   1.0265337e+01
   1.2500000e+02   1.0265581e+01
   1.2600000e+02   1.0265244e+01
   1.2700000e+02   1.0265729e+01
   1.2800000e+02   1.0265201e+01
   1.2900000e+02   1.0265093e+01
   1.3000000e+02   1.0265154e+01
   1.3100000e+02   1.0265557e+01
   1.3200000e+02   1.0265843e+01
   1.3300000e+02   1.0265762e+01
   1.3400000e+02   1.0265729e+01
   1.3500000e+02   1.0265649e+01
   1.3600000e+02   1.0265610e+01
   1.3700000e+02   1.0265473e+01
   1.3800000e+02   1.0265452e+01
   1.3900000e+02   1.0265600e+01
   1.4000000e+02   1.0265539e+01
   1.4100000e+02   1.0265624e+01
   1.4200000e+02   1.0265431e+01
   1.4300000e+02   1.0265392e+01
   1.4400000e+02   1.0265502e+01
   1.4500000e+02   1.0265263e+01
   1.4600000e+02   1.0265582e+01
   1.4700000e+02   1.0265403e+01
   1.4800000e+02   1.0265306e+01
   1.4900000e+02   1.0265705e+01
   1.5000000e+02   1.0265273e+01
   1.5100000e+02   1.0265331e+01
   1.5200000e+02   1.0265547e+01
   1.5300000e+02   1.0265174e+01
   1.5400000e+02   1.0265108e+01
   1.5500000e+02   1.0265164e+01
   1.5600000e+02   1.0265148e+01
   1.5700000e+02   1.0265077e+01
   1.5800000e+02   1.0265097e+01
   1.5900000e+02   1.0265203e+01
   1.6000000e+02   1.0265193e+01
   1.6100000e+02   1.0265196e+01
   1.6200000e+02   1.0265302e+01
   1.6300000e+02   1.0265261e+01
   1.6400000e+02   1.0265426e+01
   1.6500000e+02   1.0265427e+01
   1.6600000e+02   1.0264370e+01
   1.6700000e+02   1.0257512e+01
   1.6800000e+02   1.0240575e+01
   1.6900000e+02   1.0233826e+01
   1.7000000e+02   1.0242552e+01
   1.7100000e+02   1.0252656e+01
   1.7200000e+02   1.0258018e+01
   1.7300000e+02   1.0259641e+01
   1.7400000e+02   1.0260221e+01
   1.7500000e+02   1.0260306e+01
   1.7600000e+02   1.0260557e+01
   1.7700000e+02   1.0260641e+01
   1.7800000e+02   1.0258656e+01
   1.7900000e+02   1.0227318e+01
   1.8000000e+02   1.0197167e+01
   1.8100000e+02   1.0202609e+01
   1.8200000e+02   1.0206889e+01
   1.8300000e+02   1.0212149e+01
   1.8400000e+02   1.0219214e+01
   1.8500000e+02   1.0223728e+01
   1.8600000e+02   1.0225662e+01
   1.8700000e+02   1.0225657e+01
   1.8800000e+02   1.0225085e+01
   1.8900000e+02   1.0227136e+01
   1.9000000e+02   1.0232943e+01
   1.9100000e+02   1.0238908e+01
   1.9200000e+02   1.0243145e+01
   1.9300000e+02   1.0247931e+01
   1.9400000e+02   1.0251884e+01
   1.9500000e+02   1.0254398e+01
   1.9600000e+02   1.0256106e+01
   1.9700000e+02   1.0257498e+01
   1.9800000e+02   1.0258364e+01
   1.9900000e+02   1.0259103e+01
   2.0000000e+02   1.0259618e+01
   2.0100000e+02   1.0260312e+01
   2.0200000e+02   1.0260888e+01
   2.0300000e+02   1.0261317e+01
   2.0400000e+02   1.0261677e+01
   2.0500000e+02   1.0261950e+01
   2.0600000e+02   1.0262224e+01
   2.0700000e+02   1.0262627e+01
   2.0800000e+02   1.0263112e+01
   2.0900000e+02   1.0263557e+01
   2.1000000e+02   1.0263793e+01
   2.1100000e+02   1.0263966e+01
   2.1200000e+02   1.0264225e+01
   2.1300000e+02   1.0264165e+01
   2.1400000e+02   1.0264598e+01
   2.1500000e+02   1.0264607e+01
   2.1600000e+02   1.0264542e+01
   2.1700000e+02   1.0264652e+01
   2.1800000e+02   1.0264667e+01
   2.1900000e+02   1.0264810e+01
   2.2000000e+02   1.0264944e+01
   2.2100000e+02   1.0264458e+01
   2.2200000e+02   1.0264595e+01
   2.2300000e+02   1.0264702e+01
   2.2400000e+02   1.0264348e+01
   2.2500000e+02   1.0264593e+01
   2.2600000e+02   1.0264510e+01
   2.2700000e+02   1.0264634e+01
   2.2800000e+02   1.0264215e+01
   2.2900000e+02   1.0264391e+01
   2.3000000e+02   1.0264251e+01
   2.3100000e+02   1.0264302e+01
   2.3200000e+02   1.0264492e+01
   2.3300000e+02   1.0264158e+01
   2.3400000e+02   1.0264210e+01
   2.3500000e+02   1.0264210e+01
   2.3600000e+02   1.0264164e+01
   2.3700000e+02   1.0264340e+01
   2.3800000e+02   1.0264174e+01
   2.3900000e+02   1.0264494e+01
   2.4000000e+02   1.0263923e+01
   2.4100000e+02   1.0263780e+01
   2.4200000e+02   1.0263712e+01
   2.4300000e+02   1.0263881e+01
   2.4400000e+02   1.0263924e+01
   2.4500000e+02   1.0263112e+01
   2.4600000e+02   1.0262314e+01
   2.4700000e+02   1.0261182e+01
   2.4800000e+02   1.0260722e+01
   2.4900000e+02   1.0260046e+01
   2.5000000e+02   1.0260034e+01
   2.5100000e+02   1.0260268e+01
   2.5200000e+02   1.0260241e+01
   2.5300000e+02   1.0260795e+01
   2.5400000e+02   1.0260802e+01
   2.5500000e+02   1.0260867e+01
   2.5600000e+02   1.0260729e+01
   2.5700000e+02   1.0260666e+01
   2.5800000e+02   1.0259959e+01
   2.5900000e+02   1.0259691e+01
   2.6000000e+02   1.0259535e+01
   2.6100000e+02   1.0259215e+01
   2.6200000e+02   1.0259389e+01
   2.6300000e+02   1.0258787e+01
   2.6400000e+02   1.0258998e+01
   2.6500000e+02   1.0259271e+01
   2.6600000e+02   1.0259486e+01
   2.6700000e+02   1.0259957e+01
   2.6800000e+02   1.0260373e+01
   2.6900000e+02   1.0260607e+01
   2.7000000e+02   1.0260808e+01
   2.7100000e+02   1.0261409e+01
   2.7200000e+02   1.0261198e+01
   2.7300000e+02   1.0260940e+01
   2.7400000e+02   1.0261065e+01
   2.7500000e+02   1.0261562e+01
   2.7600000e+02   1.0261253e+01
   2.7700000e+02   1.0261706e+01
   2.7800000e+02   1.0262103e+01
   2.7900000e+02   1.0261870e+01
   2.8000000e+02   1.0261920e+01
   2.8100000e+02   1.0261941e+01
   2.8200000e+02   1.0262262e+01
   2.8300000e+02   1.0262196e+01
   2.8400000e+02   1.0261926e+01
   2.8500000e+02   1.0262484e+01
   2.8600000e+02   1.0262269e+01
   2.8700000e+02   1.0262457e+01
   2.8800000e+02   1.0262244e+01
   2.8900000e+02   1.0262581e+01
   2.9000000e+02   1.0262572e+01
   2.9100000e+02   1.0262430e+01
   2.9200000e+02   1.0262360e+01
   2.9300000e+02   1.0262641e+01
   2.9400000e+02   1.0262702e+01
   2.9500000e+02   1.0262747e+01
   2.9600000e+02   1.0262875e+01
   2.9700000e+02   1.0262769e+01
   2.9800000e+02   1.0262786e+01
   2.9900000e+02   1.0262776e+01
   3.0000000e+02   1.0262370e+01
   3.0100000e+02   1.0262168e+01
   3.0200000e+02   1.0261822e+01
   3.0300000e+02   1.0261267e+01
   3.0400000e+02   1.0260480e+01
   3.0500000e+02   1.0259431e+01
   3.0600000e+02   1.0257861e+01
   3.0700000e+02   1.0255881e+01
   3.0800000e+02   1.0253428e+01
   3.0900000e+02   1.0250351e+01
   3.1000000e+02   1.0247772e+01
   3.1100000e+02   1.0245494e+01
   3.1200000e+02   1.0244214e+01
   3.1300000e+02   1.0243793e+01
   3.1400000e+02   1.0243585e+01
   3.1500000e+02   1.0243052e+01
   3.1600000e+02   1.0241257e+01
   3.1700000e+02   1.0238574e+01
   3.1800000e+02   1.0234596e+01
   3.1900000e+02   1.0230082e+01
   3.2000000e+02   1.0226117e+01
   3.2100000e+02   1.0223147e+01
   3.2200000e+02   1.0221505e+01
   3.2300000e+02   1.0220828e+01
   3.2400000e+02   1.0222124e+01
   3.2500000e+02   1.0223507e+01
   3.2600000e+02   1.0225757e+01
   3.2700000e+02   1.0228582e+01
   3.2800000e+02   1.0232021e+01
   3.2900000e+02   1.0234925e+01
   3.3000000e+02   1.0237620e+01
   3.3100000e+02   1.0240185e+01
   3.3200000e+02   1.0241568e+01
   3.3300000e+02   1.0242863e+01
   3.3400000e+02   1.0243090e+01
   3.3500000e+02   1.0243236e+01
   3.3600000e+02   1.0243353e+01
   3.3700000e+02   1.0243028e+01
   3.3800000e+02   1.0242653e+01
   3.3900000e+02   1.0242950e+01
   3.4000000e+02   1.0243814e+01
   3.4100000e+02   1.0245005e+01
   3.4200000e+02   1.0246753e+01
   3.4300000e+02   1.0248064e+01
   3.4400000e+02   1.0249734e+01
   3.4500000e+02   1.0251299e+01
   3.4600000e+02   1.0252232e+01
   3.4700000e+02   1.0253214e+01
   3.4800000e+02   1.0254478e+01
   3.4900000e+02   1.0254980e+01
   3.5000000e+02   1.0255647e+01
   3.5100000e+02   1.0256451e+01
   3.5200000e+02   1.0257066e+01
   3.5300000e+02   1.0257219e+01
   3.5400000e+02   1.0258004e+01
   3.5500000e+02   1.0258613e+01
   3.5600000e+02   1.0259085e+01
   3.5700000e+02   1.0258986e+01
   3.5800000e+02   1.0258961e+01
   3.5900000e+02   1.0259126e+01
   3.6000000e+02   1.0259347e+01
   3.6100000e+02   1.0259512e+01
   3.6200000e+02   1.0259302e+01
   3.6300000e+02   1.0259646e+01
   3.6400000e+02   1.0259906e+01
   3.6500000e+02   1.0259711e+01
   3.6600000e+02   1.0260491e+01
   3.6700000e+02   1.0260588e+01
   3.6800000e+02   1.0260661e+01
   3.6900000e+02   1.0261057e+01
   3.7000000e+02   1.0261510e+01
   3.7100000e+02   1.0261281e+01
   3.7200000e+02   1.0261772e+01
   3.7300000e+02   1.0261377e+01
   3.7400000e+02   1.0261803e+01
   3.7500000e+02   1.0261437e+01
   3.7600000e+02   1.0261860e+01
   3.7700000e+02   1.0262316e+01
   3.7800000e+02   1.0261760e+01
   3.7900000e+02   1.0261814e+01
   3.8000000e+02   1.0261975e+01
   3.8100000e+02   1.0262294e+01
   3.8200000e+02   1.0261722e+01
   3.8300000e+02   1.0262053e+01
   3.8400000e+02   1.0261646e+01
   3.8500000e+02   1.0261723e+01
   3.8600000e+02   1.0261331e+01
   3.8700000e+02   1.0261360e+01
   3.8800000e+02   1.0261006e+01
   3.8900000e+02   1.0260816e+01
   3.9000000e+02   1.0260425e+01
   3.9100000e+02   1.0260463e+01
   3.9200000e+02   1.0260775e+01
   3.9300000e+02   1.0260890e+01
   3.9400000e+02   1.0260663e+01
   3.9500000e+02   1.0261382e+01
   3.9600000e+02   1.0261450e+01
   3.9700000e+02   1.0261828e+01
   3.9800000e+02   1.0261637e+01
   3.9900000e+02   1.0261942e+01
   4.0000000e+02   1.0262130e+01
   4.0100000e+02   1.0262206e+01
   4.0200000e+02   1.0261774e+01
   4.0300000e+02   1.0262101e+01
   4.0400000e+02   1.0262087e+01
   4.0500000e+02   1.0262050e+01
   4.0600000e+02   1.0262586e+01
   4.0700000e+02   1.0262211e+01
   4.0800000e+02   1.0262428e+01
   4.0900000e+02   1.0262417e+01
   4.1000000e+02   1.0262519e+01
   4.1100000e+02   1.0262105e+01
   4.1200000e+02   1.0262658e+01
   4.1300000e+02   1.0262410e+01
   4.1400000e+02   1.0262564e+01
   4.1500000e+02   1.0262454e+01
   4.1600000e+02   1.0262569e+01
   4.1700000e+02   1.0262576e+01
   4.1800000e+02   1.0262574e+01
   4.1900000e+02   1.0262771e+01
   4.2000000e+02   1.0262327e+01
   4.2100000e+02   1.0262405e+01
   4.2200000e+02   1.0262454e+01
   4.2300000e+02   1.0262181e+01
   4.2400000e+02   1.0262655e+01
   4.2500000e+02   1.0262638e+01
   4.2600000e+02   1.0262396e+01
   4.2700000e+02   1.0262678e+01
   4.2800000e+02   1.0262577e+01
   4.2900000e+02   1.0262459e+01
   4.3000000e+02   1.0262570e+01
   4.3100000e+02   1.0262760e+01
   4.3200000e+02   1.0262253e+01
   4.3300000e+02   1.0262411e+01
   4.3400000e+02   1.0261774e+01
   4.3500000e+02   1.0261638e+01
   4.3600000e+02   1.0261377e+01
   4.3700000e+02   1.0260694e+01
   4.3800000e+02   1.0259498e+01
   4.3900000e+02   1.0257287e+01
   4.4000000e+02   1.0254436e+01
   4.4100000e+02   1.0250183e+01
   4.4200000e+02   1.0243918e+01
   4.4300000e+02   1.0236473e+01
   4.4400000e+02   1.0227655e+01
   4.4500000e+02   1.0217934e+01
   4.4600000e+02   1.0208567e+01
   4.4700000e+02   1.0200577e+01
   4.4800000e+02   1.0194665e+01
   4.4900000e+02   1.0190935e+01
   4.5000000e+02   1.0190595e+01
   4.5100000e+02   1.0192471e+01
   4.5200000e+02   1.0196060e+01
   4.5300000e+02   1.0201037e+01
   4.5400000e+02   1.0206974e+01
   4.5500000e+02   1.0211977e+01
   4.5600000e+02   1.0217159e+01
   4.5700000e+02   1.0221478e+01
   4.5800000e+02   1.0225048e+01
   4.5900000e+02   1.0228268e+01
   4.6000000e+02   1.0231235e+01
   4.6100000e+02   1.0233564e+01
   4.6200000e+02   1.0236036e+01
   4.6300000e+02   1.0237994e+01
   4.6400000e+02   1.0240282e+01
   4.6500000e+02   1.0241940e+01
   4.6600000e+02   1.0243449e+01
   4.6700000e+02   1.0245510e+01
   4.6800000e+02   1.0247092e+01
   4.6900000e+02   1.0248157e+01
   4.7000000e+02   1.0249425e+01
   4.7100000e+02   1.0250468e+01
   4.7200000e+02   1.0251414e+01
   4.7300000e+02   1.0252463e+01
   4.7400000e+02   1.0252880e+01
   4.7500000e+02   1.0253663e+01
   4.7600000e+02   1.0254597e+01
   4.7700000e+02   1.0255275e+01
   4.7800000e+02   1.0256256e+01
   4.7900000e+02   1.0257188e+01
   4.8000000e+02   1.0257608e+01
   4.8100000e+02   1.0258094e+01
   4.8200000e+02   1.0259317e+01
   4.8300000e+02   1.0259676e+01
   4.8400000e+02   1.0259749e+01
   4.8500000e+02   1.0260606e+01
   4.8600000e+02   1.0260457e+01
   4.8700000e+02   1.0260933e+01
   4.8800000e+02   1.0261238e+01
   4.8900000e+02   1.0260969e+01
   4.9000000e+02   1.0261190e+01
   4.9100000e+02   1.0261507e+01
   4.9200000e+02   1.0261858e+01
   4.9300000e+02   1.0261659e+01
   4.9400000e+02   1.0261656e+01
   4.9500000e+02   1.0261647e+01
   4.9600000e+02   1.0261785e+01
   4.9700000e+02   1.0261897e+01
   4.9800000e+02   1.0261624e+01
   4.9900000e+02   1.0261887e+01
   5.0000000e+02   1.0261899e+01
   5.0100000e+02   1.0261878e+01
   5.0200000e+02   1.0262162e+01
   5.0300000e+02   1.0262098e+01
   5.0400000e+02   1.0262243e+01
   5.0500000e+02   1.0262110e+01
   5.0600000e+02   1.0262027e+01
   5.0700000e+02   1.0261560e+01
   5.0800000e+02   1.0262123e+01
   5.0900000e+02   1.0261726e+01
   5.1000000e+02   1.0261801e+01
   5.1100000e+02   1.0261798e+01
   5.1200000e+02   1.0261544e+01
   5.1300000e+02   1.0261753e+01
   5.1400000e+02   1.0261527e+01
   5.1500000e+02   1.0261578e+01
   5.1600000e+02   1.0261895e+01
   5.1700000e+02   1.0262027e+01
   5.1800000e+02   1.0261398e+01
   5.1900000e+02   1.0261811e+01
   5.2000000e+02   1.0261618e+01
   5.2100000e+02   1.0261771e+01
   5.2200000e+02   1.0261751e+01
   5.2300000e+02   1.0261674e+01
   5.2400000e+02   1.0261803e+01
   5.2500000e+02   1.0261698e+01
   5.2600000e+02   1.0261734e+01
   5.2700000e+02   1.0261744e+01
   5.2800000e+02   1.0261684e+01
   5.2900000e+02   1.0261782e+01
   5.3000000e+02   1.0261781e+01
   5.3100000e+02   1.0261506e+01
   5.3200000e+02   1.0261833e+01
   5.3300000e+02   1.0261592e+01
   5.3400000e+02   1.0261785e+01
   5.3500000e+02   1.0261662e+01
   5.3600000e+02   1.0261691e+01
   5.3700000e+02   1.0261398e+01
   5.3800000e+02   1.0261340e+01
   5.3900000e+02   1.0261265e+01
   5.4000000e+02   1.0261423e+01
   5.4100000e+02   1.0261292e+01
   5.4200000e+02   1.0261255e+01
   5.4300000e+02   1.0261516e+01
   5.4400000e+02   1.0261221e+01
   5.4500000e+02   1.0261110e+01
   5.4600000e+02   1.0261067e+01
   5.4700000e+02   1.0261417e+01
   5.4800000e+02   1.0261282e+01
   5.4900000e+02   1.0261021e+01
   5.5000000e+02   1.0261277e+01
   5.5100000e+02   1.0261144e+01
   5.5200000e+02   1.0261374e+01
   5.5300000e+02   1.0261235e+01
   5.5400000e+02   1.0261388e+01
   5.5500000e+02   1.0261416e+01
   5.5600000e+02   1.0261316e+01
   5.5700000e+02   1.0261531e+01
   5.5800000e+02   1.0261258e+01
   5.5900000e+02   1.0261804e+01
   5.6000000e+02   1.0261550e+01
   5.6100000e+02   1.0261690e+01
   5.6200000e+02   1.0261562e+01
   5.6300000e+02   1.0261542e+01
   5.6400000e+02   1.0261489e+01
   5.6500000e+02   1.0261522e+01
   5.6600000e+02   1.0261656e+01
   5.6700000e+02   1.0261781e+01
   5.6800000e+02   1.0261319e+01
   5.6900000e+02   1.0261298e+01
   5.7000000e+02   1.0261359e+01
   5.7100000e+02   1.0260873e+01
   5.7200000e+02   1.0261507e+01
   5.7300000e+02   1.0260688e+01
   5.7400000e+02   1.0261307e+01
   5.7500000e+02   1.0260991e+01
   5.7600000e+02   1.0261279e+01
   5.7700000e+02   1.0260988e+01
   5.7800000e+02   1.0261218e+01
   5.7900000e+02   1.0260999e+01
   5.8000000e+02   1.0260857e+01
   5.8100000e+02   1.0261194e+01
   5.8200000e+02   1.0261393e+01
   5.8300000e+02   1.0261457e+01
   5.8400000e+02   1.0261253e+01
   5.8500000e+02   1.0260725e+01
   5.8600000e+02   1.0261110e+01
   5.8700000e+02   1.0261263e+01
   5.8800000e+02   1.0261543e+01
   5.8900000e+02   1.0261281e+01
   5.9000000e+02   1.0261411e+01
   5.9100000e+02   1.0261261e+01
   5.9200000e+02   1.0260949e+01
   5.9300000e+02   1.0261116e+01
   5.9400000e+02   1.0261259e+01
   5.9500000e+02   1.0261160e+01
   5.9600000e+02   1.0261314e+01
   5.9700000e+02   1.0260955e+01
   5.9800000e+02   1.0260851e+01
   5.9900000e+02   1.0261372e+01
   6.0000000e+02   1.0260951e+01
   6.0100000e+02   1.0261280e+01
   6.0200000e+02   1.0260974e+01
   6.0300000e+02   1.0260984e+01
   6.0400000e+02   1.0260972e+01
   6.0500000e+02   1.0261175e+01
   6.0600000e+02   1.0261465e+01
   6.0700000e+02   1.0261306e+01
   6.0800000e+02   1.0261235e+01
   6.0900000e+02   1.0261178e+01
   6.1000000e+02   1.0261217e+01
   6.1100000e+02   1.0261319e+01
   6.1200000e+02   1.0261131e+01
   6.1300000e+02   1.0261176e+01
   6.1400000e+02   1.0261049e+01
   6.1500000e+02   1.0261144e+01
   6.1600000e+02   1.0260769e+01
   6.1700000e+02   1.0261049e+01
   6.1800000e+02   1.0261150e+01
   6.1900000e+02   1.0260803e+01
   6.2000000e+02   1.0261068e+01
   6.2100000e+02   1.0261333e+01
   6.2200000e+02   1.0261057e+01
   6.2300000e+02   1.0261051e+01
   6.2400000e+02   1.0261160e+01
   6.2500000e+02   1.0261142e+01
   6.2600000e+02   1.0261061e+01
   6.2700000e+02   1.0261282e+01
   6.2800000e+02   1.0261018e+01
   6.2900000e+02   1.0260938e+01
   6.3000000e+02   1.0260969e+01
   6.3100000e+02   1.0260966e+01
   6.3200000e+02   1.0260897e+01
   6.3300000e+02   1.0261328e+01
   6.3400000e+02   1.0261036e+01
   6.3500000e+02   1.0260934e+01
   6.3600000e+02   1.0260844e+01
   6.3700000e+02   1.0261006e+01
   6.3800000e+02   1.0260828e+01
   6.3900000e+02   1.0260814e+01
   6.4000000e+02   1.0261100e+01
   6.4100000e+02   1.0261006e+01
   6.4200000e+02   1.0261081e+01
   6.4300000e+02   1.0260839e+01
   6.4400000e+02   1.0261075e+01
   6.4500000e+02   1.0261350e+01
   6.4600000e+02   1.0260672e+01
   6.4700000e+02   1.0260736e+01
   6.4800000e+02   1.0260730e+01
   6.4900000e+02   1.0260545e+01
   6.5000000e+02   1.0260563e+01
   6.5100000e+02   1.0260592e+01
   6.5200000e+02   1.0260600e+01
   6.5300000e+02   1.0260594e+01
   6.5400000e+02   1.0260822e+01
   6.5500000e+02   1.0260445e+01
   6.5600000e+02   1.0260704e+01
   6.5700000e+02   1.0260720e+01
   6.5800000e+02   1.0260694e+01
   6.5900000e+02   1.0260950e+01
   6.6000000e+02   1.0260725e+01
   6.6100000e+02   1.0261103e+01
   6.6200000e+02   1.0260609e+01
   6.6300000e+02   1.0260793e+01
   6.6400000e+02   1.0260539e+01
   6.6500000e+02   1.0260719e+01
   6.6600000e+02   1.0261049e+01
   6.6700000e+02   1.0260569e+01
   6.6800000e+02   1.0260481e+01
   6.6900000e+02   1.0260350e+01
   6.7000000e+02   1.0260271e+01
   6.7100000e+02   1.0260382e+01
   6.7200000e+02   1.0260108e+01
   6.7300000e+02   1.0259965e+01
   6.7400000e+02   1.0259604e+01
   6.7500000e+02   1.0259409e+01
   6.7600000e+02   1.0258875e+01
   6.7700000e+02   1.0258957e+01
   6.7800000e+02   1.0258351e+01
   6.7900000e+02   1.0257763e+01
   6.8000000e+02   1.0257312e+01
   6.8100000e+02   1.0256615e+01
   6.8200000e+02   1.0256549e+01
   6.8300000e+02   1.0256161e+01
   6.8400000e+02   1.0255314e+01
   6.8500000e+02   1.0255283e+01
   6.8600000e+02   1.0254975e+01
   6.8700000e+02   1.0254912e+01
   6.8800000e+02   1.0255171e+01
   6.8900000e+02   1.0255232e+01
   6.9000000e+02   1.0255453e+01
   6.9100000e+02   1.0255658e+01
   6.9200000e+02   1.0255939e+01
   6.9300000e+02   1.0256278e+01
   6.9400000e+02   1.0256500e+01
   6.9500000e+02   1.0256770e+01
   6.9600000e+02   1.0256972e+01
   6.9700000e+02   1.0257407e+01
   6.9800000e+02   1.0257624e+01
   6.9900000e+02   1.0257591e+01
   7.0000000e+02   1.0258304e+01
   7.0100000e+02   1.0258190e+01
   7.0200000e+02   1.0258595e+01
   7.0300000e+02   1.0258694e+01
   7.0400000e+02   1.0258747e+01
   7.0500000e+02   1.0259037e+01
   7.0600000e+02   1.0259101e+01
   7.0700000e+02   1.0259166e+01
   7.0800000e+02   1.0259134e+01
   7.0900000e+02   1.0259238e+01
   7.1000000e+02   1.0259392e+01
   7.1100000e+02   1.0259790e+01
   7.1200000e+02   1.0259238e+01
   7.1300000e+02   1.0259656e+01
   7.1400000e+02   1.0259260e+01
   7.1500000e+02   1.0259970e+01
   7.1600000e+02   1.0259534e+01
   7.1700000e+02   1.0259708e+01
   7.1800000e+02   1.0259858e+01
   7.1900000e+02   1.0259805e+01
   7.2000000e+02   1.0259740e+01
   7.2100000e+02   1.0259742e+01
   7.2200000e+02   1.0259941e+01
   7.2300000e+02   1.0259814e+01
   7.2400000e+02   1.0260206e+01
   7.2500000e+02   1.0260225e+01
   7.2600000e+02   1.0260029e+01
   7.2700000e+02   1.0260154e+01
   7.2800000e+02   1.0260082e+01
   7.2900000e+02   1.0259963e+01
   7.3000000e+02   1.0260222e+01
   7.3100000e+02   1.0260533e+01
   7.3200000e+02   1.0260392e+01
   7.3300000e+02   1.0260270e+01
   7.3400000e+02   1.0260645e+01
   7.3500000e+02   1.0260223e+01
   7.3600000e+02   1.0260520e+01
   7.3700000e+02   1.0260472e+01
   7.3800000e+02   1.0260468e+01
   7.3900000e+02   1.0260384e+01
   7.4000000e+02   1.0260362e+01
   7.4100000e+02   1.0260371e+01
   7.4200000e+02   1.0260406e+01
   7.4300000e+02   1.0260242e+01
   7.4400000e+02   1.0260342e+01
   7.4500000e+02   1.0260429e+01
   7.4600000e+02   1.0260660e+01
   7.4700000e+02   1.0260473e+01
   7.4800000e+02   1.0260227e+01
   7.4900000e+02   1.0260037e+01
   7.5000000e+02   1.0260193e+01
   7.5100000e+02   1.0260382e+01
   7.5200000e+02   1.0260265e+01
   7.5300000e+02   1.0260416e+01
   7.5400000e+02   1.0260302e+01
   7.5500000e+02   1.0260288e+01
   7.5600000e+02   1.0260399e+01
   7.5700000e+02   1.0260141e+01
   7.5800000e+02   1.0260100e+01
   7.5900000e+02   1.0259988e+01
   7.6000000e+02   1.0260068e+01
   7.6100000e+02   1.0259834e+01
   7.6200000e+02   1.0259822e+01
   7.6300000e+02   1.0260106e+01
   7.6400000e+02   1.0260437e+01
   7.6500000e+02   1.0260005e+01
   7.6600000e+02   1.0260130e+01
   7.6700000e+02   1.0259993e+01
   7.6800000e+02   1.0259948e+01
   7.6900000e+02   1.0259763e+01
   7.7000000e+02   1.0260108e+01
   7.7100000e+02   1.0260250e+01
   7.7200000e+02   1.0259845e+01
   7.7300000e+02   1.0259775e+01
   7.7400000e+02   1.0259826e+01
   7.7500000e+02   1.0259898e+01
   7.7600000e+02   1.0259901e+01
   7.7700000e+02   1.0259918e+01
   7.7800000e+02   1.0259937e+01
   7.7900000e+02   1.0260190e+01
   7.8000000e+02   1.0259745e+01
