   0.0000000e+00   1.0273836e+01
   1.0000000e+00   1.0269741e+01
   2.0000000e+00   1.0268709e+01
   3.0000000e+00   1.0268258e+01
   4.0000000e+00   1.0267791e+01
   5.0000000e+00   1.0267982e+01
   6.0000000e+00   1.0267752e+01
   7.0000000e+00   1.0267457e+01
   8.0000000e+00   1.0267331e+01
   9.0000000e+00   1.0267122e+01
   1.0000000e+01   1.0266831e+01
   1.1000000e+01   1.0266935e+01
   1.2000000e+01   1.0266663e+01
   1.3000000e+01   1.0266510e+01
   1.4000000e+01   1.0266361e+01
   1.5000000e+01   1.0266158e+01
   1.6000000e+01   1.0266193e+01
   1.7000000e+01   1.0266178e+01
   1.8000000e+01   1.0265940e+01
   1.9000000e+01   1.0265861e+01
   2.0000000e+01   1.0265999e+01
   2.1000000e+01   1.0265625e+01
   2.2000000e+01   1.0265812e+01
   2.3000000e+01   1.0265602e+01
   2.4000000e+01   1.0265614e+01
   2.5000000e+01   1.0265369e+01
   2.6000000e+01   1.0265546e+01
   2.7000000e+01   1.0265449e+01
   2.8000000e+01   1.0265549e+01
   2.9000000e+01   1.0265322e+01
   3.0000000e+01   1.0265205e+01
   3.1000000e+01   1.0265298e+01
   3.2000000e+01   1.0265350e+01
   3.3000000e+01   1.0265088e+01
   3.4000000e+01   1.0265191e+01
   3.5000000e+01   1.0265448e+01
   3.6000000e+01   1.0265403e+01
   3.7000000e+01   1.0265193e+01
   3.8000000e+01   1.0265133e+01
   3.9000000e+01   1.0265198e+01
   4.0000000e+01   1.0265002e+01
   4.1000000e+01   1.0265128e+01
   4.2000000e+01   1.0264951e+01
   4.3000000e+01   1.0265051e+01
   4.4000000e+01   1.0265070e+01
   4.5000000e+01   1.0265119e+01
   4.6000000e+01   1.0265074e+01
   4.7000000e+01   1.0265124e+01
   4.8000000e+01   1.0265057e+01
   4.9000000e+01   1.0265349e+01
   5.0000000e+01   1.0265236e+01
   5.1000000e+01   1.0265085e+01
   5.2000000e+01   1.0265234e+01
   5.3000000e+01   1.0264984e+01
   5.4000000e+01   1.0265407e+01
   5.5000000e+01   1.0265039e+01
   5.6000000e+01   1.0265162e+01
   5.7000000e+01   1.0264995e+01
   5.8000000e+01   1.0264978e+01
   5.9000000e+01   1.0265092e+01
   6.0000000e+01   1.0265061e+01
   6.1000000e+01   1.0265138e+01
   6.2000000e+01   1.0264973e+01
   6.3000000e+01   1.0264997e+01
   6.4000000e+01   1.0265037e+01
   6.5000000e+01   1.0264825e+01
   6.6000000e+01   1.0265022e+01
   6.7000000e+01   1.0264800e+01
   6.8000000e+01   1.0264899e+01
   6.9000000e+01   1.0264931e+01
   7.0000000e+01   1.0264974e+01
   7.1000000e+01   1.0264862e+01
   7.2000000e+01   1.0264614e+01
   7.3000000e+01   1.0264785e+01
   7.4000000e+01   1.0264674e+01
   7.5000000e+01   1.0264369e+01
   7.6000000e+01   1.0264355e+01
   7.7000000e+01   1.0264606e+01
   7.8000000e+01   1.0264584e+01
   7.9000000e+01   1.0264453e+01
   8.0000000e+01   1.0264201e+01
   8.1000000e+01   1.0264400e+01
   8.2000000e+01   1.0264336e+01
   8.3000000e+01   1.0264199e+01
   8.4000000e+01   1.0264293e+01
   8.5000000e+01   1.0264440e+01
   8.6000000e+01   1.0264332e+01
   8.7000000e+01   1.0264838e+01
   8.8000000e+01   1.0264477e+01
   8.9000000e+01   1.0264773e+01
   9.0000000e+01   1.0264651e+01
   9.1000000e+01   1.0264314e+01
   9.2000000e+01   1.0264697e+01
   9.3000000e+01   1.0264550e+01
   9.4000000e+01   1.0264456e+01
   9.5000000e+01   1.0264469e+01
   9.6000000e+01   1.0264667e+01
   9.7000000e+01   1.0264533e+01
   9.8000000e+01   1.0264534e+01
   9.9000000e+01   1.0264503e+01
   1.0000000e+02   1.0264572e+01
   1.0100000e+02   1.0264653e+01
   1.0200000e+02   1.0264472e+01
   1.0300000e+02   1.0264458e+01
   1.0400000e+02   1.0264599e+01
   1.0500000e+02   1.0264403e+01
   1.0600000e+02   1.0264495e+01
   1.0700000e+02   1.0264458e+01
   1.0800000e+02   1.0264435e+01
   1.0900000e+02   1.0264420e+01
   1.1000000e+02   1.0264486e+01
   1.1100000e+02   1.0264408e+01
   1.1200000e+02   1.0264252e+01
   1.1300000e+02   1.0264572e+01
   1.1400000e+02   1.0264147e+01
   1.1500000e+02   1.0264272e+01
   1.1600000e+02   1.0264136e+01
   1.1700000e+02   1.0264470e+01
   1.1800000e+02   1.0264271e+01
   1.1900000e+02   1.0264268e+01
   1.2000000e+02   1.0264280e+01
   1.2100000e+02   1.0264164e+01
   1.2200000e+02   1.0264221e+01
   1.2300000e+02   1.0264222e+01
   1.2400000e+02   1.0264336e+01
   1.2500000e+02   1.0264179e+01
   1.2600000e+02   1.0264051e+01
   1.2700000e+02   1.0264307e+01
   1.2800000e+02   1.0264121e+01
   1.2900000e+02   1.0264166e+01
   1.3000000e+02   1.0264395e+01
   1.3100000e+02   1.0264263e+01
   1.3200000e+02   1.0264087e+01
   1.3300000e+02   1.0264144e+01
   1.3400000e+02   1.0264038e+01
   1.3500000e+02   1.0263958e+01
   1.3600000e+02   1.0264348e+01
   1.3700000e+02   1.0263993e+01
   1.3800000e+02   1.0264171e+01
   1.3900000e+02   1.0264058e+01
   1.4000000e+02   1.0263897e+01
   1.4100000e+02   1.0264232e+01
   1.4200000e+02   1.0263895e+01
   1.4300000e+02   1.0264276e+01
   1.4400000e+02   1.0263911e+01
   1.4500000e+02   1.0264171e+01
   1.4600000e+02   1.0263983e+01
   1.4700000e+02   1.0264221e+01
   1.4800000e+02   1.0264144e+01
   1.4900000e+02   1.0264122e+01
   1.5000000e+02   1.0263899e+01
   1.5100000e+02   1.0264059e+01
   1.5200000e+02   1.0264179e+01
   1.5300000e+02   1.0263962e+01
   1.5400000e+02   1.0263811e+01
   1.5500000e+02   1.0264046e+01
   1.5600000e+02   1.0263981e+01
   1.5700000e+02   1.0263881e+01
   1.5800000e+02   1.0263816e+01
   1.5900000e+02   1.0264020e+01
   1.6000000e+02   1.0264015e+01
   1.6100000e+02   1.0263887e+01
   1.6200000e+02   1.0263795e+01
   1.6300000e+02   1.0263856e+01
   1.6400000e+02   1.0263976e+01
   1.6500000e+02   1.0263757e+01
   1.6600000e+02   1.0263340e+01
   1.6700000e+02   1.0257294e+01
   1.6800000e+02   1.0240231e+01
   1.6900000e+02   1.0230409e+01
   1.7000000e+02   1.0236678e+01
   1.7100000e+02   1.0246463e+01
   1.7200000e+02   1.0252820e+01
   1.7300000e+02   1.0255572e+01
   1.7400000e+02   1.0256764e+01
   1.7500000e+02   1.0258048e+01
   1.7600000e+02   1.0259317e+01
   1.7700000e+02   1.0259965e+01
   1.7800000e+02   1.0258308e+01
   1.7900000e+02   1.0228347e+01
   1.8000000e+02   1.0185946e+01
   1.8100000e+02   1.0188383e+01
   1.8200000e+02   1.0197279e+01
   1.8300000e+02   1.0201389e+01
   1.8400000e+02   1.0208526e+01
   1.8500000e+02   1.0213806e+01
   1.8600000e+02   1.0217252e+01
   1.8700000e+02   1.0219984e+01
   1.8800000e+02   1.0222358e+01
   1.8900000e+02   1.0227245e+01
   1.9000000e+02   1.0233941e+01
   1.9100000e+02   1.0240520e+01
   1.9200000e+02   1.0245396e+01
   1.9300000e+02   1.0250614e+01
   1.9400000e+02   1.0254819e+01
   1.9500000e+02   1.0257166e+01
   1.9600000e+02   1.0258418e+01
   1.9700000e+02   1.0258646e+01
   1.9800000e+02   1.0259141e+01
   1.9900000e+02   1.0259551e+01
   2.0000000e+02   1.0260376e+01
   2.0100000e+02   1.0260463e+01
   2.0200000e+02   1.0260796e+01
   2.0300000e+02   1.0261050e+01
   2.0400000e+02   1.0261740e+01
   2.0500000e+02   1.0262159e+01
   2.0600000e+02   1.0262410e+01
   2.0700000e+02   1.0263087e+01
   2.0800000e+02   1.0262873e+01
   2.0900000e+02   1.0262775e+01
   2.1000000e+02   1.0262814e+01
   2.1100000e+02   1.0263142e+01
   2.1200000e+02   1.0263070e+01
   2.1300000e+02   1.0263166e+01
   2.1400000e+02   1.0263134e+01
   2.1500000e+02   1.0263111e+01
   2.1600000e+02   1.0262815e+01
   2.1700000e+02   1.0262969e+01
   2.1800000e+02   1.0263076e+01
   2.1900000e+02   1.0263077e+01
   2.2000000e+02   1.0263005e+01
   2.2100000e+02   1.0262869e+01
   2.2200000e+02   1.0263254e+01
   2.2300000e+02   1.0262953e+01
   2.2400000e+02   1.0263010e+01
   2.2500000e+02   1.0262736e+01
   2.2600000e+02   1.0262756e+01
   2.2700000e+02   1.0262746e+01
   2.2800000e+02   1.0262520e+01
   2.2900000e+02   1.0262822e+01
   2.3000000e+02   1.0262687e+01
   2.3100000e+02   1.0262876e+01
   2.3200000e+02   1.0262818e+01
   2.3300000e+02   1.0262593e+01
   2.3400000e+02   1.0262952e+01
   2.3500000e+02   1.0262726e+01
   2.3600000e+02   1.0262686e+01
   2.3700000e+02   1.0262713e+01
   2.3800000e+02   1.0262840e+01
   2.3900000e+02   1.0262876e+01
   2.4000000e+02   1.0262622e+01
   2.4100000e+02   1.0262534e+01
   2.4200000e+02   1.0262874e+01
   2.4300000e+02   1.0262545e+01
   2.4400000e+02   1.0262380e+01
   2.4500000e+02   1.0261517e+01
   2.4600000e+02   1.0260998e+01
   2.4700000e+02   1.0259672e+01
   2.4800000e+02   1.0258770e+01
   2.4900000e+02   1.0257956e+01
   2.5000000e+02   1.0257590e+01
   2.5100000e+02   1.0257444e+01
   2.5200000e+02   1.0257878e+01
   2.5300000e+02   1.0257975e+01
   2.5400000e+02   1.0258126e+01
   2.5500000e+02   1.0258292e+01
   2.5600000e+02   1.0257924e+01
   2.5700000e+02   1.0257873e+01
   2.5800000e+02   1.0257409e+01
   2.5900000e+02   1.0256938e+01
   2.6000000e+02   1.0256983e+01
   2.6100000e+02   1.0256710e+01
   2.6200000e+02   1.0256324e+01
   2.6300000e+02   1.0256119e+01
   2.6400000e+02   1.0255925e+01
   2.6500000e+02   1.0256125e+01
   2.6600000e+02   1.0256525e+01
   2.6700000e+02   1.0256901e+01
   2.6800000e+02   1.0257451e+01
   2.6900000e+02   1.0257878e+01
   2.7000000e+02   1.0258548e+01
   2.7100000e+02   1.0258948e+01
   2.7200000e+02   1.0259260e+01
   2.7300000e+02   1.0259370e+01
   2.7400000e+02   1.0259442e+01
   2.7500000e+02   1.0259750e+01
   2.7600000e+02   1.0259660e+01
   2.7700000e+02   1.0259894e+01
   2.7800000e+02   1.0260561e+01
   2.7900000e+02   1.0260365e+01
   2.8000000e+02   1.0260606e+01
   2.8100000e+02   1.0260572e+01
   2.8200000e+02   1.0260870e+01
   2.8300000e+02   1.0261156e+01
   2.8400000e+02   1.0261099e+01
   2.8500000e+02   1.0261239e+01
   2.8600000e+02   1.0261041e+01
   2.8700000e+02   1.0261547e+01
   2.8800000e+02   1.0261449e+01
   2.8900000e+02   1.0261660e+01
   2.9000000e+02   1.0261428e+01
   2.9100000e+02   1.0261706e+01
   2.9200000e+02   1.0261821e+01
   2.9300000e+02   1.0261498e+01
   2.9400000e+02   1.0261674e+01
   2.9500000e+02   1.0261721e+01
   2.9600000e+02   1.0261898e+01
   2.9700000e+02   1.0261657e+01
   2.9800000e+02   1.0261689e+01
   2.9900000e+02   1.0261595e+01
   3.0000000e+02   1.0261429e+01
   3.0100000e+02   1.0260957e+01
   3.0200000e+02   1.0260824e+01
   3.0300000e+02   1.0259872e+01
   3.0400000e+02   1.0258348e+01
   3.0500000e+02   1.0257137e+01
   3.0600000e+02   1.0254531e+01
   3.0700000e+02   1.0251844e+01
   3.0800000e+02   1.0248154e+01
   3.0900000e+02   1.0244412e+01
   3.1000000e+02   1.0240096e+01
   3.1100000e+02   1.0236575e+01
   3.1200000e+02   1.0233908e+01
   3.1300000e+02   1.0232612e+01
   3.1400000e+02   1.0231772e+01
   3.1500000e+02   1.0230710e+01
   3.1600000e+02   1.0228619e+01
   3.1700000e+02   1.0224939e+01
   3.1800000e+02   1.0219806e+01
   3.1900000e+02   1.0214184e+01
   3.2000000e+02   1.0208596e+01
   3.2100000e+02   1.0204208e+01
   3.2200000e+02   1.0201325e+01
   3.2300000e+02   1.0200089e+01
   3.2400000e+02   1.0200652e+01
   3.2500000e+02   1.0202356e+01
   3.2600000e+02   1.0205015e+01
   3.2700000e+02   1.0209092e+01
   3.2800000e+02   1.0213558e+01
   3.2900000e+02   1.0218607e+01
   3.3000000e+02   1.0223276e+01
   3.3100000e+02   1.0227768e+01
   3.3200000e+02   1.0231874e+01
   3.3300000e+02   1.0234660e+01
   3.3400000e+02   1.0237028e+01
   3.3500000e+02   1.0238090e+01
   3.3600000e+02   1.0238323e+01
   3.3700000e+02   1.0238495e+01
   3.3800000e+02   1.0238275e+01
   3.3900000e+02   1.0238258e+01
   3.4000000e+02   1.0238433e+01
   3.4100000e+02   1.0239657e+01
   3.4200000e+02   1.0241377e+01
   3.4300000e+02   1.0243713e+01
   3.4400000e+02   1.0245483e+01
   3.4500000e+02   1.0247784e+01
   3.4600000e+02   1.0249123e+01
   3.4700000e+02   1.0251146e+01
   3.4800000e+02   1.0252642e+01
   3.4900000e+02   1.0254071e+01
   3.5000000e+02   1.0255060e+01
   3.5100000e+02   1.0256099e+01
   3.5200000e+02   1.0256491e+01
   3.5300000e+02   1.0257487e+01
   3.5400000e+02   1.0258437e+01
   3.5500000e+02   1.0258315e+01
   3.5600000e+02   1.0258406e+01
   3.5700000e+02   1.0258526e+01
   3.5800000e+02   1.0258710e+01
   3.5900000e+02   1.0258298e+01
   3.6000000e+02   1.0258101e+01
   3.6100000e+02   1.0258012e+01
   3.6200000e+02   1.0257461e+01
   3.6300000e+02   1.0257698e+01
   3.6400000e+02   1.0257543e+01
   3.6500000e+02   1.0258016e+01
   3.6600000e+02   1.0258330e+01
   3.6700000e+02   1.0258690e+01
   3.6800000e+02   1.0259006e+01
   3.6900000e+02   1.0259641e+01
   3.7000000e+02   1.0259788e+01
   3.7100000e+02   1.0260035e+01
   3.7200000e+02   1.0260224e+01
   3.7300000e+02   1.0260508e+01
   3.7400000e+02   1.0260452e+01
   3.7500000e+02   1.0260523e+01
   3.7600000e+02   1.0261155e+01
   3.7700000e+02   1.0261025e+01
   3.7800000e+02   1.0261418e+01
   3.7900000e+02   1.0261268e+01
   3.8000000e+02   1.0261355e+01
   3.8100000e+02   1.0260926e+01
   3.8200000e+02   1.0261043e+01
   3.8300000e+02   1.0260986e+01
   3.8400000e+02   1.0260545e+01
   3.8500000e+02   1.0260304e+01
   3.8600000e+02   1.0260299e+01
   3.8700000e+02   1.0259692e+01
   3.8800000e+02   1.0258960e+01
   3.8900000e+02   1.0258910e+01
   3.9000000e+02   1.0258416e+01
   3.9100000e+02   1.0258759e+01
   3.9200000e+02   1.0258428e+01
   3.9300000e+02   1.0258342e+01
   3.9400000e+02   1.0258516e+01
   3.9500000e+02   1.0258755e+01
   3.9600000e+02   1.0259105e+01
   3.9700000e+02   1.0258996e+01
   3.9800000e+02   1.0259564e+01
   3.9900000e+02   1.0259901e+01
   4.0000000e+02   1.0260308e+01
   4.0100000e+02   1.0260509e+01
   4.0200000e+02   1.0260233e+01
   4.0300000e+02   1.0260319e+01
   4.0400000e+02   1.0260835e+01
   4.0500000e+02   1.0260775e+01
   4.0600000e+02   1.0260728e+01
   4.0700000e+02   1.0261116e+01
   4.0800000e+02   1.0261292e+01
   4.0900000e+02   1.0261321e+01
   4.1000000e+02   1.0261141e+01
   4.1100000e+02   1.0261391e+01
   4.1200000e+02   1.0261545e+01
   4.1300000e+02   1.0261612e+01
   4.1400000e+02   1.0261301e+01
   4.1500000e+02   1.0261677e+01
   4.1600000e+02   1.0261518e+01
   4.1700000e+02   1.0261347e+01
   4.1800000e+02   1.0261511e+01
   4.1900000e+02   1.0261558e+01
   4.2000000e+02   1.0261348e+01
   4.2100000e+02   1.0261353e+01
   4.2200000e+02   1.0261492e+01
   4.2300000e+02   1.0261542e+01
   4.2400000e+02   1.0261464e+01
   4.2500000e+02   1.0261527e+01
   4.2600000e+02   1.0261408e+01
   4.2700000e+02   1.0261682e+01
   4.2800000e+02   1.0261378e+01
   4.2900000e+02   1.0261548e+01
   4.3000000e+02   1.0261393e+01
   4.3100000e+02   1.0261129e+01
   4.3200000e+02   1.0261370e+01
   4.3300000e+02   1.0261152e+01
   4.3400000e+02   1.0261017e+01
   4.3500000e+02   1.0260925e+01
   4.3600000e+02   1.0260331e+01
   4.3700000e+02   1.0259154e+01
   4.3800000e+02   1.0257415e+01
   4.3900000e+02   1.0255085e+01
   4.4000000e+02   1.0250786e+01
   4.4100000e+02   1.0244008e+01
   4.4200000e+02   1.0234684e+01
   4.4300000e+02   1.0223260e+01
   4.4400000e+02   1.0209201e+01
   4.4500000e+02   1.0193083e+01
   4.4600000e+02   1.0177374e+01
   4.4700000e+02   1.0162638e+01
   4.4800000e+02   1.0151051e+01
   4.4900000e+02   1.0142559e+01
   4.5000000e+02   1.0139221e+01
   4.5100000e+02   1.0139619e+01
   4.5200000e+02   1.0144012e+01
   4.5300000e+02   1.0150871e+01
   4.5400000e+02   1.0159730e+01
   4.5500000e+02   1.0169651e+01
   4.5600000e+02   1.0179636e+01
   4.5700000e+02   1.0188834e+01
   4.5800000e+02   1.0197809e+01
   4.5900000e+02   1.0205819e+01
   4.6000000e+02   1.0213223e+01
   4.6100000e+02   1.0219473e+01
   4.6200000e+02   1.0225009e+01
   4.6300000e+02   1.0229774e+01
   4.6400000e+02   1.0233871e+01
   4.6500000e+02   1.0237352e+01
   4.6600000e+02   1.0240247e+01
   4.6700000e+02   1.0242798e+01
   4.6800000e+02   1.0244716e+01
   4.6900000e+02   1.0246552e+01
   4.7000000e+02   1.0248582e+01
   4.7100000e+02   1.0250206e+01
   4.7200000e+02   1.0251841e+01
   4.7300000e+02   1.0253072e+01
   4.7400000e+02   1.0254209e+01
   4.7500000e+02   1.0255499e+01
   4.7600000e+02   1.0256754e+01
   4.7700000e+02   1.0257419e+01
   4.7800000e+02   1.0258406e+01
   4.7900000e+02   1.0259217e+01
   4.8000000e+02   1.0259343e+01
   4.8100000e+02   1.0259820e+01
   4.8200000e+02   1.0260128e+01
   4.8300000e+02   1.0260320e+01
   4.8400000e+02   1.0260630e+01
   4.8500000e+02   1.0260601e+01
   4.8600000e+02   1.0260913e+01
   4.8700000e+02   1.0260798e+01
   4.8800000e+02   1.0260529e+01
   4.8900000e+02   1.0261088e+01
   4.9000000e+02   1.0261160e+01
   4.9100000e+02   1.0260674e+01
   4.9200000e+02   1.0260958e+01
   4.9300000e+02   1.0261309e+01
   4.9400000e+02   1.0261232e+01
   4.9500000e+02   1.0261028e+01
   4.9600000e+02   1.0260967e+01
   4.9700000e+02   1.0261368e+01
   4.9800000e+02   1.0261243e+01
   4.9900000e+02   1.0260966e+01
   5.0000000e+02   1.0261014e+01
   5.0100000e+02   1.0261075e+01
   5.0200000e+02   1.0261222e+01
   5.0300000e+02   1.0261199e+01
   5.0400000e+02   1.0260997e+01
   5.0500000e+02   1.0261069e+01
   5.0600000e+02   1.0260917e+01
   5.0700000e+02   1.0260970e+01
   5.0800000e+02   1.0260867e+01
   5.0900000e+02   1.0261065e+01
   5.1000000e+02   1.0261000e+01
   5.1100000e+02   1.0260866e+01
   5.1200000e+02   1.0261156e+01
   5.1300000e+02   1.0261031e+01
   5.1400000e+02   1.0260940e+01
   5.1500000e+02   1.0260941e+01
   5.1600000e+02   1.0261166e+01
   5.1700000e+02   1.0260917e+01
   5.1800000e+02   1.0260869e+01
   5.1900000e+02   1.0261340e+01
   5.2000000e+02   1.0261043e+01
   5.2100000e+02   1.0261187e+01
   5.2200000e+02   1.0261223e+01
   5.2300000e+02   1.0260957e+01
   5.2400000e+02   1.0260830e+01
   5.2500000e+02   1.0260940e+01
   5.2600000e+02   1.0261216e+01
   5.2700000e+02   1.0261363e+01
   5.2800000e+02   1.0260895e+01
   5.2900000e+02   1.0261017e+01
   5.3000000e+02   1.0261160e+01
   5.3100000e+02   1.0260846e+01
   5.3200000e+02   1.0261036e+01
   5.3300000e+02   1.0260782e+01
   5.3400000e+02   1.0261227e+01
   5.3500000e+02   1.0260758e+01
   5.3600000e+02   1.0261041e+01
   5.3700000e+02   1.0261282e+01
   5.3800000e+02   1.0260874e+01
   5.3900000e+02   1.0260958e+01
   5.4000000e+02   1.0260950e+01
   5.4100000e+02   1.0260916e+01
   5.4200000e+02   1.0261134e+01
   5.4300000e+02   1.0260793e+01
   5.4400000e+02   1.0261168e+01
   5.4500000e+02   1.0261021e+01
   5.4600000e+02   1.0261080e+01
   5.4700000e+02   1.0260966e+01
   5.4800000e+02   1.0261163e+01
   5.4900000e+02   1.0261324e+01
   5.5000000e+02   1.0260962e+01
   5.5100000e+02   1.0260913e+01
   5.5200000e+02   1.0261267e+01
   5.5300000e+02   1.0260857e+01
   5.5400000e+02   1.0260718e+01
   5.5500000e+02   1.0260665e+01
   5.5600000e+02   1.0260574e+01
   5.5700000e+02   1.0260861e+01
   5.5800000e+02   1.0261014e+01
   5.5900000e+02   1.0260708e+01
   5.6000000e+02   1.0260618e+01
   5.6100000e+02   1.0260725e+01
   5.6200000e+02   1.0260579e+01
   5.6300000e+02   1.0260824e+01
   5.6400000e+02   1.0260802e+01
   5.6500000e+02   1.0260790e+01
   5.6600000e+02   1.0260800e+01
   5.6700000e+02   1.0260894e+01
   5.6800000e+02   1.0260750e+01
   5.6900000e+02   1.0261223e+01
   5.7000000e+02   1.0260987e+01
   5.7100000e+02   1.0260984e+01
   5.7200000e+02   1.0260817e+01
   5.7300000e+02   1.0261009e+01
   5.7400000e+02   1.0261083e+01
   5.7500000e+02   1.0261007e+01
   5.7600000e+02   1.0260939e+01
   5.7700000e+02   1.0260975e+01
   5.7800000e+02   1.0260743e+01
   5.7900000e+02   1.0261000e+01
   5.8000000e+02   1.0260922e+01
   5.8100000e+02   1.0261004e+01
   5.8200000e+02   1.0261072e+01
   5.8300000e+02   1.0260675e+01
   5.8400000e+02   1.0260818e+01
   5.8500000e+02   1.0260781e+01
   5.8600000e+02   1.0260972e+01
   5.8700000e+02   1.0260918e+01
   5.8800000e+02   1.0260844e+01
   5.8900000e+02   1.0261032e+01
   5.9000000e+02   1.0260983e+01
   5.9100000e+02   1.0260830e+01
   5.9200000e+02   1.0260912e+01
   5.9300000e+02   1.0260927e+01
   5.9400000e+02   1.0260862e+01
   5.9500000e+02   1.0260908e+01
   5.9600000e+02   1.0260579e+01
   5.9700000e+02   1.0260775e+01
   5.9800000e+02   1.0260885e+01
   5.9900000e+02   1.0260875e+01
   6.0000000e+02   1.0260991e+01
   6.0100000e+02   1.0260802e+01
   6.0200000e+02   1.0260592e+01
   6.0300000e+02   1.0260806e+01
   6.0400000e+02   1.0260455e+01
   6.0500000e+02   1.0260523e+01
   6.0600000e+02   1.0260568e+01
   6.0700000e+02   1.0260567e+01
   6.0800000e+02   1.0260416e+01
   6.0900000e+02   1.0260704e+01
   6.1000000e+02   1.0260682e+01
   6.1100000e+02   1.0260483e+01
   6.1200000e+02   1.0260627e+01
   6.1300000e+02   1.0260483e+01
   6.1400000e+02   1.0260464e+01
   6.1500000e+02   1.0260195e+01
   6.1600000e+02   1.0260768e+01
   6.1700000e+02   1.0260376e+01
   6.1800000e+02   1.0260518e+01
   6.1900000e+02   1.0260712e+01
   6.2000000e+02   1.0260442e+01
   6.2100000e+02   1.0260768e+01
   6.2200000e+02   1.0260676e+01
   6.2300000e+02   1.0260607e+01
   6.2400000e+02   1.0260368e+01
   6.2500000e+02   1.0260704e+01
   6.2600000e+02   1.0260692e+01
   6.2700000e+02   1.0260794e+01
   6.2800000e+02   1.0260562e+01
   6.2900000e+02   1.0260438e+01
   6.3000000e+02   1.0261012e+01
   6.3100000e+02   1.0260671e+01
   6.3200000e+02   1.0260628e+01
   6.3300000e+02   1.0260692e+01
   6.3400000e+02   1.0260581e+01
   6.3500000e+02   1.0260600e+01
   6.3600000e+02   1.0260597e+01
   6.3700000e+02   1.0260687e+01
   6.3800000e+02   1.0260602e+01
   6.3900000e+02   1.0260400e+01
   6.4000000e+02   1.0260484e+01
   6.4100000e+02   1.0260432e+01
   6.4200000e+02   1.0260428e+01
   6.4300000e+02   1.0260842e+01
   6.4400000e+02   1.0260455e+01
   6.4500000e+02   1.0260485e+01
   6.4600000e+02   1.0260367e+01
   6.4700000e+02   1.0260343e+01
   6.4800000e+02   1.0260318e+01
   6.4900000e+02   1.0260430e+01
   6.5000000e+02   1.0260570e+01
   6.5100000e+02   1.0260070e+01
   6.5200000e+02   1.0260266e+01
   6.5300000e+02   1.0260129e+01
   6.5400000e+02   1.0260341e+01
   6.5500000e+02   1.0260311e+01
   6.5600000e+02   1.0260182e+01
   6.5700000e+02   1.0260323e+01
   6.5800000e+02   1.0260345e+01
   6.5900000e+02   1.0260302e+01
   6.6000000e+02   1.0260375e+01
   6.6100000e+02   1.0260207e+01
   6.6200000e+02   1.0259666e+01
   6.6300000e+02   1.0260012e+01
   6.6400000e+02   1.0259994e+01
   6.6500000e+02   1.0260241e+01
   6.6600000e+02   1.0260193e+01
   6.6700000e+02   1.0259954e+01
   6.6800000e+02   1.0260146e+01
   6.6900000e+02   1.0259942e+01
   6.7000000e+02   1.0259718e+01
   6.7100000e+02   1.0259473e+01
   6.7200000e+02   1.0259201e+01
   6.7300000e+02   1.0259270e+01
   6.7400000e+02   1.0258766e+01
   6.7500000e+02   1.0258124e+01
   6.7600000e+02   1.0257849e+01
   6.7700000e+02   1.0256798e+01
   6.7800000e+02   1.0256125e+01
   6.7900000e+02   1.0255456e+01
   6.8000000e+02   1.0254499e+01
   6.8100000e+02   1.0253800e+01
   6.8200000e+02   1.0253029e+01
   6.8300000e+02   1.0251563e+01
   6.8400000e+02   1.0251341e+01
   6.8500000e+02   1.0250551e+01
   6.8600000e+02   1.0250040e+01
   6.8700000e+02   1.0250035e+01
   6.8800000e+02   1.0249678e+01
   6.8900000e+02   1.0249799e+01
   6.9000000e+02   1.0250406e+01
   6.9100000e+02   1.0250514e+01
   6.9200000e+02   1.0251245e+01
   6.9300000e+02   1.0251912e+01
   6.9400000e+02   1.0252471e+01
   6.9500000e+02   1.0253062e+01
   6.9600000e+02   1.0253925e+01
   6.9700000e+02   1.0254569e+01
   6.9800000e+02   1.0254730e+01
   6.9900000e+02   1.0255546e+01
   7.0000000e+02   1.0255943e+01
   7.0100000e+02   1.0256323e+01
   7.0200000e+02   1.0256883e+01
   7.0300000e+02   1.0257359e+01
   7.0400000e+02   1.0257746e+01
   7.0500000e+02   1.0258120e+01
   7.0600000e+02   1.0258212e+01
   7.0700000e+02   1.0258405e+01
   7.0800000e+02   1.0258752e+01
   7.0900000e+02   1.0258665e+01
   7.1000000e+02   1.0259014e+01
   7.1100000e+02   1.0259181e+01
   7.1200000e+02   1.0259067e+01
   7.1300000e+02   1.0259308e+01
   7.1400000e+02   1.0259279e+01
   7.1500000e+02   1.0259334e+01
   7.1600000e+02   1.0259516e+01
   7.1700000e+02   1.0259642e+01
   7.1800000e+02   1.0259815e+01
   7.1900000e+02   1.0259823e+01
   7.2000000e+02   1.0259601e+01
   7.2100000e+02   1.0259827e+01
   7.2200000e+02   1.0259901e+01
   7.2300000e+02   1.0259808e+01
   7.2400000e+02   1.0259607e+01
   7.2500000e+02   1.0259680e+01
   7.2600000e+02   1.0259720e+01
   7.2700000e+02   1.0259985e+01
   7.2800000e+02   1.0259799e+01
   7.2900000e+02   1.0259786e+01
   7.3000000e+02   1.0260066e+01
   7.3100000e+02   1.0259782e+01
   7.3200000e+02   1.0260189e+01
   7.3300000e+02   1.0260051e+01
   7.3400000e+02   1.0259910e+01
   7.3500000e+02   1.0259772e+01
   7.3600000e+02   1.0260068e+01
   7.3700000e+02   1.0259893e+01
   7.3800000e+02   1.0259723e+01
   7.3900000e+02   1.0259753e+01
   7.4000000e+02   1.0259708e+01
   7.4100000e+02   1.0259534e+01
   7.4200000e+02   1.0259669e+01
   7.4300000e+02   1.0259544e+01
   7.4400000e+02   1.0259784e+01
   7.4500000e+02   1.0259765e+01
   7.4600000e+02   1.0259782e+01
   7.4700000e+02   1.0260129e+01
   7.4800000e+02   1.0259796e+01
   7.4900000e+02   1.0259906e+01
   7.5000000e+02   1.0259763e+01
   7.5100000e+02   1.0260134e+01
   7.5200000e+02   1.0260080e+01
   7.5300000e+02   1.0260079e+01
   7.5400000e+02   1.0260153e+01
   7.5500000e+02   1.0259813e+01
   7.5600000e+02   1.0259959e+01
   7.5700000e+02   1.0259840e+01
   7.5800000e+02   1.0259702e+01
   7.5900000e+02   1.0259965e+01
   7.6000000e+02   1.0259787e+01
   7.6100000e+02   1.0259875e+01
   7.6200000e+02   1.0259742e+01
   7.6300000e+02   1.0259938e+01
   7.6400000e+02   1.0260014e+01
   7.6500000e+02   1.0259852e+01
   7.6600000e+02   1.0259889e+01
   7.6700000e+02   1.0260020e+01
   7.6800000e+02   1.0259854e+01
   7.6900000e+02   1.0259874e+01
   7.7000000e+02   1.0259928e+01
   7.7100000e+02   1.0259932e+01
   7.7200000e+02   1.0259692e+01
   7.7300000e+02   1.0259914e+01
   7.7400000e+02   1.0259997e+01
   7.7500000e+02   1.0260020e+01
   7.7600000e+02   1.0259917e+01
   7.7700000e+02   1.0259606e+01
   7.7800000e+02   1.0259849e+01
   7.7900000e+02   1.0259792e+01
   7.8000000e+02   1.0259478e+01
