   0.0000000e+00   1.0276684e+01
   1.0000000e+00   1.0272560e+01
   2.0000000e+00   1.0271340e+01
   3.0000000e+00   1.0270625e+01
   4.0000000e+00   1.0270577e+01
   5.0000000e+00   1.0270232e+01
   6.0000000e+00   1.0269524e+01
   7.0000000e+00   1.0269199e+01
   8.0000000e+00   1.0269027e+01
   9.0000000e+00   1.0268908e+01
   1.0000000e+01   1.0268772e+01
   1.1000000e+01   1.0268840e+01
   1.2000000e+01   1.0268372e+01
   1.3000000e+01   1.0268315e+01
   1.4000000e+01   1.0267996e+01
   1.5000000e+01   1.0268270e+01
   1.6000000e+01   1.0267721e+01
   1.7000000e+01   1.0267618e+01
   1.8000000e+01   1.0267676e+01
   1.9000000e+01   1.0267446e+01
   2.0000000e+01   1.0267271e+01
   2.1000000e+01   1.0267650e+01
   2.2000000e+01   1.0267636e+01
   2.3000000e+01   1.0267617e+01
   2.4000000e+01   1.0267234e+01
   2.5000000e+01   1.0267320e+01
   2.6000000e+01   1.0267162e+01
   2.7000000e+01   1.0267064e+01
   2.8000000e+01   1.0267212e+01
   2.9000000e+01   1.0267445e+01
   3.0000000e+01   1.0266920e+01
   3.1000000e+01   1.0267321e+01
   3.2000000e+01   1.0266861e+01
   3.3000000e+01   1.0266427e+01
   3.4000000e+01   1.0266972e+01
   3.5000000e+01   1.0266331e+01
   3.6000000e+01   1.0266493e+01
   3.7000000e+01   1.0266582e+01
   3.8000000e+01   1.0266476e+01
   3.9000000e+01   1.0266456e+01
   4.0000000e+01   1.0266367e+01
   4.1000000e+01   1.0266426e+01
   4.2000000e+01   1.0266430e+01
   4.3000000e+01   1.0266013e+01
   4.4000000e+01   1.0266088e+01
   4.5000000e+01   1.0266068e+01
   4.6000000e+01   1.0266187e+01
   4.7000000e+01   1.0266131e+01
   4.8000000e+01   1.0265991e+01
   4.9000000e+01   1.0266200e+01
   5.0000000e+01   1.0266068e+01
   5.1000000e+01   1.0266019e+01
   5.2000000e+01   1.0265899e+01
   5.3000000e+01   1.0266154e+01
   5.4000000e+01   1.0266092e+01
   5.5000000e+01   1.0265966e+01
   5.6000000e+01   1.0265924e+01
   5.7000000e+01   1.0265998e+01
   5.8000000e+01   1.0265971e+01
   5.9000000e+01   1.0266085e+01
   6.0000000e+01   1.0265957e+01
   6.1000000e+01   1.0265796e+01
   6.2000000e+01   1.0266184e+01
   6.3000000e+01   1.0265731e+01
   6.4000000e+01   1.0265812e+01
   6.5000000e+01   1.0265604e+01
   6.6000000e+01   1.0265489e+01
   6.7000000e+01   1.0265418e+01
   6.8000000e+01   1.0265088e+01
   6.9000000e+01   1.0265278e+01
   7.0000000e+01   1.0265816e+01
   7.1000000e+01   1.0265412e+01
   7.2000000e+01   1.0265104e+01
   7.3000000e+01   1.0264958e+01
   7.4000000e+01   1.0265380e+01
   7.5000000e+01   1.0265318e+01
   7.6000000e+01   1.0265127e+01
   7.7000000e+01   1.0265480e+01
   7.8000000e+01   1.0265212e+01
   7.9000000e+01   1.0265291e+01
   8.0000000e+01   1.0265267e+01
   8.1000000e+01   1.0265367e+01
   8.2000000e+01   1.0265313e+01
   8.3000000e+01   1.0265348e+01
   8.4000000e+01   1.0265516e+01
   8.5000000e+01   1.0265452e+01
   8.6000000e+01   1.0265465e+01
   8.7000000e+01   1.0265492e+01
   8.8000000e+01   1.0265277e+01
   8.9000000e+01   1.0265008e+01
   9.0000000e+01   1.0265212e+01
   9.1000000e+01   1.0265135e+01
   9.2000000e+01   1.0264838e+01
   9.3000000e+01   1.0264921e+01
   9.4000000e+01   1.0265002e+01
   9.5000000e+01   1.0265039e+01
   9.6000000e+01   1.0264580e+01
   9.7000000e+01   1.0264924e+01
   9.8000000e+01   1.0264824e+01
   9.9000000e+01   1.0264671e+01
   1.0000000e+02   1.0264702e+01
   1.0100000e+02   1.0264643e+01
   1.0200000e+02   1.0264685e+01
   1.0300000e+02   1.0264651e+01
   1.0400000e+02   1.0264885e+01
   1.0500000e+02   1.0264687e+01
   1.0600000e+02   1.0264817e+01
   1.0700000e+02   1.0264585e+01
   1.0800000e+02   1.0264564e+01
   1.0900000e+02   1.0264359e+01
   1.1000000e+02   1.0264661e+01
   1.1100000e+02   1.0264498e+01
   1.1200000e+02   1.0264377e+01
   1.1300000e+02   1.0264226e+01
   1.1400000e+02   1.0264280e+01
   1.1500000e+02   1.0264237e+01
   1.1600000e+02   1.0264193e+01
   1.1700000e+02   1.0264113e+01
   1.1800000e+02   1.0264289e+01
   1.1900000e+02   1.0264295e+01
   1.2000000e+02   1.0263747e+01
   1.2100000e+02   1.0263913e+01
   1.2200000e+02   1.0263981e+01
   1.2300000e+02   1.0264423e+01
   1.2400000e+02   1.0263875e+01
   1.2500000e+02   1.0263620e+01
   1.2600000e+02   1.0264300e+01
   1.2700000e+02   1.0263992e+01
   1.2800000e+02   1.0264000e+01
   1.2900000e+02   1.0263790e+01
   1.3000000e+02   1.0263839e+01
   1.3100000e+02   1.0263834e+01
   1.3200000e+02   1.0263906e+01
   1.3300000e+02   1.0263993e+01
   1.3400000e+02   1.0263881e+01
   1.3500000e+02   1.0263781e+01
   1.3600000e+02   1.0263820e+01
   1.3700000e+02   1.0263894e+01
   1.3800000e+02   1.0263891e+01
   1.3900000e+02   1.0263918e+01
   1.4000000e+02   1.0263972e+01
   1.4100000e+02   1.0263763e+01
   1.4200000e+02   1.0264016e+01
   1.4300000e+02   1.0264185e+01
   1.4400000e+02   1.0263846e+01
   1.4500000e+02   1.0264044e+01
   1.4600000e+02   1.0263803e+01
   1.4700000e+02   1.0264063e+01
   1.4800000e+02   1.0263905e+01
   1.4900000e+02   1.0263723e+01
   1.5000000e+02   1.0263957e+01
   1.5100000e+02   1.0263845e+01
   1.5200000e+02   1.0263782e+01
   1.5300000e+02   1.0263827e+01
   1.5400000e+02   1.0263705e+01
   1.5500000e+02   1.0263735e+01
   1.5600000e+02   1.0263779e+01
   1.5700000e+02   1.0263848e+01
   1.5800000e+02   1.0263974e+01
   1.5900000e+02   1.0263730e+01
   1.6000000e+02   1.0263729e+01
   1.6100000e+02   1.0263640e+01
   1.6200000e+02   1.0263516e+01
   1.6300000e+02   1.0263533e+01
   1.6400000e+02   1.0263707e+01
   1.6500000e+02   1.0263403e+01
   1.6600000e+02   1.0262610e+01
   1.6700000e+02   1.0255811e+01
   1.6800000e+02   1.0234231e+01
   1.6900000e+02   1.0219463e+01
   1.7000000e+02   1.0227958e+01
   1.7100000e+02   1.0241828e+01
   1.7200000e+02   1.0252221e+01
   1.7300000e+02   1.0257102e+01
   1.7400000e+02   1.0259342e+01
   1.7500000e+02   1.0260544e+01
   1.7600000e+02   1.0261436e+01
   1.7700000e+02   1.0261765e+01
   1.7800000e+02   1.0256968e+01
   1.7900000e+02   1.0206638e+01
   1.8000000e+02   1.0174852e+01
   1.8100000e+02   1.0189631e+01
   1.8200000e+02   1.0198507e+01
   1.8300000e+02   1.0205501e+01
   1.8400000e+02   1.0213126e+01
   1.8500000e+02   1.0218304e+01
   1.8600000e+02   1.0223235e+01
   1.8700000e+02   1.0227043e+01
   1.8800000e+02   1.0229292e+01
   1.8900000e+02   1.0230446e+01
   1.9000000e+02   1.0232130e+01
   1.9100000e+02   1.0235892e+01
   1.9200000e+02   1.0240720e+01
   1.9300000e+02   1.0246722e+01
   1.9400000e+02   1.0251399e+01
   1.9500000e+02   1.0255810e+01
   1.9600000e+02   1.0259513e+01
   1.9700000e+02   1.0260873e+01
   1.9800000e+02   1.0261418e+01
   1.9900000e+02   1.0261589e+01
   2.0000000e+02   1.0261726e+01
   2.0100000e+02   1.0261772e+01
   2.0200000e+02   1.0261954e+01
   2.0300000e+02   1.0261926e+01
   2.0400000e+02   1.0262075e+01
   2.0500000e+02   1.0262031e+01
   2.0600000e+02   1.0262404e+01
   2.0700000e+02   1.0262400e+01
   2.0800000e+02   1.0262453e+01
   2.0900000e+02   1.0262367e+01
   2.1000000e+02   1.0262282e+01
   2.1100000e+02   1.0262599e+01
   2.1200000e+02   1.0262478e+01
   2.1300000e+02   1.0262397e+01
   2.1400000e+02   1.0262671e+01
   2.1500000e+02   1.0262403e+01
   2.1600000e+02   1.0262514e+01
   2.1700000e+02   1.0262419e+01
   2.1800000e+02   1.0262529e+01
   2.1900000e+02   1.0262099e+01
   2.2000000e+02   1.0262475e+01
   2.2100000e+02   1.0262189e+01
   2.2200000e+02   1.0262370e+01
   2.2300000e+02   1.0262444e+01
   2.2400000e+02   1.0262591e+01
   2.2500000e+02   1.0262201e+01
   2.2600000e+02   1.0262379e+01
   2.2700000e+02   1.0262043e+01
   2.2800000e+02   1.0262416e+01
   2.2900000e+02   1.0262378e+01
   2.3000000e+02   1.0262186e+01
   2.3100000e+02   1.0262119e+01
   2.3200000e+02   1.0262273e+01
   2.3300000e+02   1.0262286e+01
   2.3400000e+02   1.0262335e+01
   2.3500000e+02   1.0262434e+01
   2.3600000e+02   1.0262184e+01
   2.3700000e+02   1.0262269e+01
   2.3800000e+02   1.0262068e+01
   2.3900000e+02   1.0261869e+01
   2.4000000e+02   1.0262031e+01
   2.4100000e+02   1.0262049e+01
   2.4200000e+02   1.0261707e+01
   2.4300000e+02   1.0261626e+01
   2.4400000e+02   1.0261496e+01
   2.4500000e+02   1.0260565e+01
   2.4600000e+02   1.0260206e+01
   2.4700000e+02   1.0259276e+01
   2.4800000e+02   1.0258905e+01
   2.4900000e+02   1.0258330e+01
   2.5000000e+02   1.0257832e+01
   2.5100000e+02   1.0257630e+01
   2.5200000e+02   1.0257963e+01
   2.5300000e+02   1.0258153e+01
   2.5400000e+02   1.0258580e+01
   2.5500000e+02   1.0258773e+01
   2.5600000e+02   1.0258877e+01
   2.5700000e+02   1.0258624e+01
   2.5800000e+02   1.0258530e+01
   2.5900000e+02   1.0258772e+01
   2.6000000e+02   1.0258383e+01
   2.6100000e+02   1.0258092e+01
   2.6200000e+02   1.0257867e+01
   2.6300000e+02   1.0257714e+01
   2.6400000e+02   1.0257655e+01
   2.6500000e+02   1.0257752e+01
   2.6600000e+02   1.0257936e+01
   2.6700000e+02   1.0258086e+01
   2.6800000e+02   1.0258427e+01
   2.6900000e+02   1.0258716e+01
   2.7000000e+02   1.0259369e+01
   2.7100000e+02   1.0259588e+01
   2.7200000e+02   1.0259955e+01
   2.7300000e+02   1.0260212e+01
   2.7400000e+02   1.0260458e+01
   2.7500000e+02   1.0260332e+01
   2.7600000e+02   1.0260291e+01
   2.7700000e+02   1.0260414e+01
   2.7800000e+02   1.0260263e+01
   2.7900000e+02   1.0260584e+01
   2.8000000e+02   1.0260546e+01
   2.8100000e+02   1.0260560e+01
   2.8200000e+02   1.0260799e+01
   2.8300000e+02   1.0260472e+01
   2.8400000e+02   1.0260848e+01
   2.8500000e+02   1.0260815e+01
   2.8600000e+02   1.0260572e+01
   2.8700000e+02   1.0260534e+01
   2.8800000e+02   1.0260967e+01
   2.8900000e+02   1.0260757e+01
   2.9000000e+02   1.0260874e+01
   2.9100000e+02   1.0260759e+01
   2.9200000e+02   1.0260842e+01
   2.9300000e+02   1.0261146e+01
   2.9400000e+02   1.0260953e+01
   2.9500000e+02   1.0261092e+01
   2.9600000e+02   1.0261085e+01
   2.9700000e+02   1.0260652e+01
   2.9800000e+02   1.0260995e+01
   2.9900000e+02   1.0261218e+01
   3.0000000e+02   1.0260412e+01
   3.0100000e+02   1.0260215e+01
   3.0200000e+02   1.0259426e+01
   3.0300000e+02   1.0259193e+01
   3.0400000e+02   1.0258267e+01
   3.0500000e+02   1.0256832e+01
   3.0600000e+02   1.0255088e+01
   3.0700000e+02   1.0252520e+01
   3.0800000e+02   1.0250204e+01
   3.0900000e+02   1.0246541e+01
   3.1000000e+02   1.0243412e+01
   3.1100000e+02   1.0240859e+01
   3.1200000e+02   1.0238497e+01
   3.1300000e+02   1.0237236e+01
   3.1400000e+02   1.0236511e+01
   3.1500000e+02   1.0235875e+01
   3.1600000e+02   1.0234204e+01
   3.1700000e+02   1.0231971e+01
   3.1800000e+02   1.0228749e+01
   3.1900000e+02   1.0224785e+01
   3.2000000e+02   1.0220791e+01
   3.2100000e+02   1.0217437e+01
   3.2200000e+02   1.0214864e+01
   3.2300000e+02   1.0213635e+01
   3.2400000e+02   1.0214241e+01
   3.2500000e+02   1.0215582e+01
   3.2600000e+02   1.0218432e+01
   3.2700000e+02   1.0222283e+01
   3.2800000e+02   1.0227045e+01
   3.2900000e+02   1.0232169e+01
   3.3000000e+02   1.0236596e+01
   3.3100000e+02   1.0241027e+01
   3.3200000e+02   1.0244622e+01
   3.3300000e+02   1.0247420e+01
   3.3400000e+02   1.0249231e+01
   3.3500000e+02   1.0249846e+01
   3.3600000e+02   1.0249717e+01
   3.3700000e+02   1.0249303e+01
   3.3800000e+02   1.0248585e+01
   3.3900000e+02   1.0248089e+01
   3.4000000e+02   1.0247594e+01
   3.4100000e+02   1.0247800e+01
   3.4200000e+02   1.0248486e+01
   3.4300000e+02   1.0249505e+01
   3.4400000e+02   1.0251195e+01
   3.4500000e+02   1.0253056e+01
   3.4600000e+02   1.0254141e+01
   3.4700000e+02   1.0255414e+01
   3.4800000e+02   1.0256975e+01
   3.4900000e+02   1.0257415e+01
   3.5000000e+02   1.0258410e+01
   3.5100000e+02   1.0258958e+01
   3.5200000e+02   1.0259101e+01
   3.5300000e+02   1.0259065e+01
   3.5400000e+02   1.0259516e+01
   3.5500000e+02   1.0259556e+01
   3.5600000e+02   1.0259725e+01
   3.5700000e+02   1.0259075e+01
   3.5800000e+02   1.0259497e+01
   3.5900000e+02   1.0259075e+01
   3.6000000e+02   1.0258567e+01
   3.6100000e+02   1.0258287e+01
   3.6200000e+02   1.0257989e+01
   3.6300000e+02   1.0258126e+01
   3.6400000e+02   1.0257766e+01
   3.6500000e+02   1.0257856e+01
   3.6600000e+02   1.0258465e+01
   3.6700000e+02   1.0258276e+01
   3.6800000e+02   1.0258664e+01
   3.6900000e+02   1.0258658e+01
   3.7000000e+02   1.0259423e+01
   3.7100000e+02   1.0259579e+01
   3.7200000e+02   1.0259889e+01
   3.7300000e+02   1.0259970e+01
   3.7400000e+02   1.0260024e+01
   3.7500000e+02   1.0260016e+01
   3.7600000e+02   1.0260121e+01
   3.7700000e+02   1.0260222e+01
   3.7800000e+02   1.0260421e+01
   3.7900000e+02   1.0260298e+01
   3.8000000e+02   1.0260422e+01
   3.8100000e+02   1.0260384e+01
   3.8200000e+02   1.0260288e+01
   3.8300000e+02   1.0260082e+01
   3.8400000e+02   1.0259883e+01
   3.8500000e+02   1.0259641e+01
   3.8600000e+02   1.0259648e+01
   3.8700000e+02   1.0259049e+01
   3.8800000e+02   1.0258747e+01
   3.8900000e+02   1.0258603e+01
   3.9000000e+02   1.0258363e+01
   3.9100000e+02   1.0258025e+01
   3.9200000e+02   1.0257820e+01
   3.9300000e+02   1.0258067e+01
   3.9400000e+02   1.0258535e+01
   3.9500000e+02   1.0258409e+01
   3.9600000e+02   1.0258804e+01
   3.9700000e+02   1.0258756e+01
   3.9800000e+02   1.0259141e+01
   3.9900000e+02   1.0259400e+01
   4.0000000e+02   1.0259484e+01
   4.0100000e+02   1.0259718e+01
   4.0200000e+02   1.0259677e+01
   4.0300000e+02   1.0259981e+01
   4.0400000e+02   1.0259823e+01
   4.0500000e+02   1.0260267e+01
   4.0600000e+02   1.0260077e+01
   4.0700000e+02   1.0260210e+01
   4.0800000e+02   1.0260105e+01
   4.0900000e+02   1.0260134e+01
   4.1000000e+02   1.0260283e+01
   4.1100000e+02   1.0260142e+01
   4.1200000e+02   1.0260610e+01
   4.1300000e+02   1.0260192e+01
   4.1400000e+02   1.0260173e+01
   4.1500000e+02   1.0260222e+01
   4.1600000e+02   1.0260226e+01
   4.1700000e+02   1.0260206e+01
   4.1800000e+02   1.0260211e+01
   4.1900000e+02   1.0260099e+01
   4.2000000e+02   1.0260108e+01
   4.2100000e+02   1.0260243e+01
   4.2200000e+02   1.0260012e+01
   4.2300000e+02   1.0260153e+01
   4.2400000e+02   1.0260321e+01
   4.2500000e+02   1.0260238e+01
   4.2600000e+02   1.0259833e+01
   4.2700000e+02   1.0259973e+01
   4.2800000e+02   1.0260042e+01
   4.2900000e+02   1.0260036e+01
   4.3000000e+02   1.0259932e+01
   4.3100000e+02   1.0259835e+01
   4.3200000e+02   1.0260255e+01
   4.3300000e+02   1.0260164e+01
   4.3400000e+02   1.0259902e+01
   4.3500000e+02   1.0259778e+01
   4.3600000e+02   1.0259086e+01
   4.3700000e+02   1.0258333e+01
   4.3800000e+02   1.0256828e+01
   4.3900000e+02   1.0254486e+01
   4.4000000e+02   1.0250685e+01
   4.4100000e+02   1.0245599e+01
   4.4200000e+02   1.0238365e+01
   4.4300000e+02   1.0229103e+01
   4.4400000e+02   1.0217484e+01
   4.4500000e+02   1.0204635e+01
   4.4600000e+02   1.0192037e+01
   4.4700000e+02   1.0180401e+01
   4.4800000e+02   1.0170713e+01
   4.4900000e+02   1.0163959e+01
   4.5000000e+02   1.0161095e+01
   4.5100000e+02   1.0162254e+01
   4.5200000e+02   1.0166845e+01
   4.5300000e+02   1.0174251e+01
   4.5400000e+02   1.0183540e+01
   4.5500000e+02   1.0193668e+01
   4.5600000e+02   1.0204368e+01
   4.5700000e+02   1.0214286e+01
   4.5800000e+02   1.0223472e+01
   4.5900000e+02   1.0231381e+01
   4.6000000e+02   1.0237481e+01
   4.6100000e+02   1.0242643e+01
   4.6200000e+02   1.0246577e+01
   4.6300000e+02   1.0249684e+01
   4.6400000e+02   1.0251675e+01
   4.6500000e+02   1.0253887e+01
   4.6600000e+02   1.0254577e+01
   4.6700000e+02   1.0255785e+01
   4.6800000e+02   1.0256360e+01
   4.6900000e+02   1.0257092e+01
   4.7000000e+02   1.0257369e+01
   4.7100000e+02   1.0257475e+01
   4.7200000e+02   1.0257856e+01
   4.7300000e+02   1.0258308e+01
   4.7400000e+02   1.0258421e+01
   4.7500000e+02   1.0258414e+01
   4.7600000e+02   1.0258641e+01
   4.7700000e+02   1.0258923e+01
   4.7800000e+02   1.0259183e+01
   4.7900000e+02   1.0259052e+01
   4.8000000e+02   1.0259200e+01
   4.8100000e+02   1.0258919e+01
   4.8200000e+02   1.0259349e+01
   4.8300000e+02   1.0259430e+01
   4.8400000e+02   1.0259360e+01
   4.8500000e+02   1.0259455e+01
   4.8600000e+02   1.0259439e+01
   4.8700000e+02   1.0259235e+01
   4.8800000e+02   1.0259396e+01
   4.8900000e+02   1.0258974e+01
   4.9000000e+02   1.0259589e+01
   4.9100000e+02   1.0259567e+01
   4.9200000e+02   1.0259082e+01
   4.9300000e+02   1.0259597e+01
   4.9400000e+02   1.0259277e+01
   4.9500000e+02   1.0259248e+01
   4.9600000e+02   1.0258996e+01
   4.9700000e+02   1.0258822e+01
   4.9800000e+02   1.0259246e+01
   4.9900000e+02   1.0259156e+01
   5.0000000e+02   1.0259117e+01
   5.0100000e+02   1.0259268e+01
   5.0200000e+02   1.0258697e+01
   5.0300000e+02   1.0258850e+01
   5.0400000e+02   1.0259117e+01
   5.0500000e+02   1.0259294e+01
   5.0600000e+02   1.0258989e+01
   5.0700000e+02   1.0259086e+01
   5.0800000e+02   1.0259009e+01
   5.0900000e+02   1.0259123e+01
   5.1000000e+02   1.0259183e+01
   5.1100000e+02   1.0259125e+01
   5.1200000e+02   1.0259322e+01
   5.1300000e+02   1.0259085e+01
   5.1400000e+02   1.0258839e+01
   5.1500000e+02   1.0259086e+01
   5.1600000e+02   1.0259330e+01
   5.1700000e+02   1.0259197e+01
   5.1800000e+02   1.0259033e+01
   5.1900000e+02   1.0258987e+01
   5.2000000e+02   1.0259215e+01
   5.2100000e+02   1.0258909e+01
   5.2200000e+02   1.0259195e+01
   5.2300000e+02   1.0258399e+01
   5.2400000e+02   1.0258617e+01
   5.2500000e+02   1.0258669e+01
   5.2600000e+02   1.0258479e+01
   5.2700000e+02   1.0258657e+01
   5.2800000e+02   1.0258698e+01
   5.2900000e+02   1.0259147e+01
   5.3000000e+02   1.0259485e+01
   5.3100000e+02   1.0259164e+01
   5.3200000e+02   1.0259221e+01
   5.3300000e+02   1.0258921e+01
   5.3400000e+02   1.0259265e+01
   5.3500000e+02   1.0259089e+01
   5.3600000e+02   1.0258923e+01
   5.3700000e+02   1.0259099e+01
   5.3800000e+02   1.0259152e+01
   5.3900000e+02   1.0259122e+01
   5.4000000e+02   1.0259031e+01
   5.4100000e+02   1.0258729e+01
   5.4200000e+02   1.0258781e+01
   5.4300000e+02   1.0259046e+01
   5.4400000e+02   1.0259003e+01
   5.4500000e+02   1.0258899e+01
   5.4600000e+02   1.0258613e+01
   5.4700000e+02   1.0258399e+01
   5.4800000e+02   1.0258253e+01
   5.4900000e+02   1.0258414e+01
   5.5000000e+02   1.0258801e+01
   5.5100000e+02   1.0258852e+01
   5.5200000e+02   1.0258771e+01
   5.5300000e+02   1.0258356e+01
   5.5400000e+02   1.0258532e+01
   5.5500000e+02   1.0258329e+01
   5.5600000e+02   1.0258613e+01
   5.5700000e+02   1.0258685e+01
   5.5800000e+02   1.0258273e+01
   5.5900000e+02   1.0258576e+01
   5.6000000e+02   1.0258605e+01
   5.6100000e+02   1.0258930e+01
   5.6200000e+02   1.0258385e+01
   5.6300000e+02   1.0258477e+01
   5.6400000e+02   1.0258592e+01
   5.6500000e+02   1.0259118e+01
   5.6600000e+02   1.0258954e+01
   5.6700000e+02   1.0258957e+01
   5.6800000e+02   1.0258700e+01
   5.6900000e+02   1.0258947e+01
   5.7000000e+02   1.0258855e+01
   5.7100000e+02   1.0258845e+01
   5.7200000e+02   1.0259015e+01
   5.7300000e+02   1.0258762e+01
   5.7400000e+02   1.0258570e+01
   5.7500000e+02   1.0259001e+01
   5.7600000e+02   1.0258742e+01
   5.7700000e+02   1.0258834e+01
   5.7800000e+02   1.0258717e+01
   5.7900000e+02   1.0258576e+01
   5.8000000e+02   1.0258658e+01
   5.8100000e+02   1.0258578e+01
   5.8200000e+02   1.0258454e+01
   5.8300000e+02   1.0258495e+01
   5.8400000e+02   1.0258608e+01
   5.8500000e+02   1.0258523e+01
   5.8600000e+02   1.0258608e+01
   5.8700000e+02   1.0258392e+01
   5.8800000e+02   1.0258579e+01
   5.8900000e+02   1.0258421e+01
   5.9000000e+02   1.0258314e+01
   5.9100000e+02   1.0258398e+01
   5.9200000e+02   1.0258249e+01
   5.9300000e+02   1.0258028e+01
   5.9400000e+02   1.0258004e+01
   5.9500000e+02   1.0258536e+01
   5.9600000e+02   1.0258700e+01
   5.9700000e+02   1.0258390e+01
   5.9800000e+02   1.0258424e+01
   5.9900000e+02   1.0258402e+01
   6.0000000e+02   1.0258590e+01
   6.0100000e+02   1.0258245e+01
   6.0200000e+02   1.0258177e+01
   6.0300000e+02   1.0258245e+01
   6.0400000e+02   1.0258214e+01
   6.0500000e+02   1.0258459e+01
   6.0600000e+02   1.0258272e+01
   6.0700000e+02   1.0258392e+01
   6.0800000e+02   1.0258261e+01
   6.0900000e+02   1.0258584e+01
   6.1000000e+02   1.0258637e+01
   6.1100000e+02   1.0258313e+01
   6.1200000e+02   1.0258328e+01
   6.1300000e+02   1.0258309e+01
   6.1400000e+02   1.0258507e+01
   6.1500000e+02   1.0258180e+01
   6.1600000e+02   1.0258025e+01
   6.1700000e+02   1.0258362e+01
   6.1800000e+02   1.0258093e+01
   6.1900000e+02   1.0258269e+01
   6.2000000e+02   1.0258136e+01
   6.2100000e+02   1.0258011e+01
   6.2200000e+02   1.0257908e+01
   6.2300000e+02   1.0258073e+01
   6.2400000e+02   1.0257977e+01
   6.2500000e+02   1.0257806e+01
   6.2600000e+02   1.0258121e+01
   6.2700000e+02   1.0257858e+01
   6.2800000e+02   1.0257833e+01
   6.2900000e+02   1.0258041e+01
   6.3000000e+02   1.0257960e+01
   6.3100000e+02   1.0257857e+01
   6.3200000e+02   1.0258023e+01
   6.3300000e+02   1.0258044e+01
   6.3400000e+02   1.0258024e+01
   6.3500000e+02   1.0257686e+01
   6.3600000e+02   1.0258102e+01
   6.3700000e+02   1.0258019e+01
   6.3800000e+02   1.0257906e+01
   6.3900000e+02   1.0258297e+01
   6.4000000e+02   1.0257934e+01
   6.4100000e+02   1.0258075e+01
   6.4200000e+02   1.0258305e+01
   6.4300000e+02   1.0258102e+01
   6.4400000e+02   1.0258290e+01
   6.4500000e+02   1.0258265e+01
   6.4600000e+02   1.0258077e+01
   6.4700000e+02   1.0258245e+01
   6.4800000e+02   1.0258109e+01
   6.4900000e+02   1.0258010e+01
   6.5000000e+02   1.0258034e+01
   6.5100000e+02   1.0257961e+01
   6.5200000e+02   1.0258099e+01
   6.5300000e+02   1.0257887e+01
   6.5400000e+02   1.0258130e+01
   6.5500000e+02   1.0257982e+01
   6.5600000e+02   1.0257967e+01
   6.5700000e+02   1.0257988e+01
   6.5800000e+02   1.0257752e+01
   6.5900000e+02   1.0258005e+01
   6.6000000e+02   1.0257813e+01
   6.6100000e+02   1.0257795e+01
   6.6200000e+02   1.0257872e+01
   6.6300000e+02   1.0257600e+01
   6.6400000e+02   1.0257840e+01
   6.6500000e+02   1.0257861e+01
   6.6600000e+02   1.0257524e+01
   6.6700000e+02   1.0257794e+01
   6.6800000e+02   1.0257510e+01
   6.6900000e+02   1.0257572e+01
   6.7000000e+02   1.0257365e+01
   6.7100000e+02   1.0257405e+01
   6.7200000e+02   1.0257079e+01
   6.7300000e+02   1.0256898e+01
   6.7400000e+02   1.0256582e+01
   6.7500000e+02   1.0255953e+01
   6.7600000e+02   1.0256057e+01
   6.7700000e+02   1.0255057e+01
   6.7800000e+02   1.0254547e+01
   6.7900000e+02   1.0254381e+01
   6.8000000e+02   1.0253474e+01
   6.8100000e+02   1.0252745e+01
   6.8200000e+02   1.0251846e+01
   6.8300000e+02   1.0251480e+01
   6.8400000e+02   1.0250830e+01
   6.8500000e+02   1.0250681e+01
   6.8600000e+02   1.0250390e+01
   6.8700000e+02   1.0250265e+01
   6.8800000e+02   1.0250423e+01
   6.8900000e+02   1.0250750e+01
   6.9000000e+02   1.0251004e+01
   6.9100000e+02   1.0251261e+01
   6.9200000e+02   1.0251771e+01
   6.9300000e+02   1.0252333e+01
   6.9400000e+02   1.0252924e+01
   6.9500000e+02   1.0253494e+01
   6.9600000e+02   1.0253698e+01
   6.9700000e+02   1.0254279e+01
   6.9800000e+02   1.0254990e+01
   6.9900000e+02   1.0255331e+01
   7.0000000e+02   1.0255771e+01
   7.0100000e+02   1.0255995e+01
   7.0200000e+02   1.0256282e+01
   7.0300000e+02   1.0256593e+01
   7.0400000e+02   1.0256967e+01
   7.0500000e+02   1.0256732e+01
   7.0600000e+02   1.0256765e+01
   7.0700000e+02   1.0257018e+01
   7.0800000e+02   1.0257184e+01
   7.0900000e+02   1.0257168e+01
   7.1000000e+02   1.0257557e+01
   7.1100000e+02   1.0257390e+01
   7.1200000e+02   1.0256991e+01
   7.1300000e+02   1.0257438e+01
   7.1400000e+02   1.0257155e+01
   7.1500000e+02   1.0257315e+01
   7.1600000e+02   1.0257248e+01
   7.1700000e+02   1.0257306e+01
   7.1800000e+02   1.0257458e+01
   7.1900000e+02   1.0257532e+01
   7.2000000e+02   1.0257421e+01
   7.2100000e+02   1.0257361e+01
   7.2200000e+02   1.0257054e+01
   7.2300000e+02   1.0257119e+01
   7.2400000e+02   1.0257048e+01
   7.2500000e+02   1.0257036e+01
   7.2600000e+02   1.0257015e+01
   7.2700000e+02   1.0257070e+01
   7.2800000e+02   1.0257144e+01
   7.2900000e+02   1.0257066e+01
   7.3000000e+02   1.0257169e+01
   7.3100000e+02   1.0257432e+01
   7.3200000e+02   1.0257091e+01
   7.3300000e+02   1.0257491e+01
   7.3400000e+02   1.0257372e+01
   7.3500000e+02   1.0257132e+01
   7.3600000e+02   1.0257398e+01
   7.3700000e+02   1.0257344e+01
   7.3800000e+02   1.0257224e+01
   7.3900000e+02   1.0257342e+01
   7.4000000e+02   1.0257652e+01
   7.4100000e+02   1.0257028e+01
   7.4200000e+02   1.0257462e+01
   7.4300000e+02   1.0257335e+01
   7.4400000e+02   1.0257208e+01
   7.4500000e+02   1.0257241e+01
   7.4600000e+02   1.0257222e+01
   7.4700000e+02   1.0257297e+01
   7.4800000e+02   1.0257176e+01
   7.4900000e+02   1.0257330e+01
   7.5000000e+02   1.0257348e+01
   7.5100000e+02   1.0257297e+01
   7.5200000e+02   1.0257359e+01
   7.5300000e+02   1.0257169e+01
   7.5400000e+02   1.0257369e+01
   7.5500000e+02   1.0257388e+01
   7.5600000e+02   1.0257052e+01
   7.5700000e+02   1.0257104e+01
   7.5800000e+02   1.0257137e+01
   7.5900000e+02   1.0256926e+01
   7.6000000e+02   1.0257389e+01
   7.6100000e+02   1.0257029e+01
   7.6200000e+02   1.0257167e+01
   7.6300000e+02   1.0257214e+01
   7.6400000e+02   1.0257047e+01
   7.6500000e+02   1.0257086e+01
   7.6600000e+02   1.0257145e+01
   7.6700000e+02   1.0257148e+01
   7.6800000e+02   1.0257090e+01
   7.6900000e+02   1.0257119e+01
   7.7000000e+02   1.0256922e+01
   7.7100000e+02   1.0256946e+01
   7.7200000e+02   1.0257197e+01
   7.7300000e+02   1.0257262e+01
   7.7400000e+02   1.0257066e+01
   7.7500000e+02   1.0256740e+01
   7.7600000e+02   1.0257066e+01
   7.7700000e+02   1.0257110e+01
   7.7800000e+02   1.0256865e+01
   7.7900000e+02   1.0256756e+01
   7.8000000e+02   1.0257072e+01
